sim	exp	nam	typ	gro	ind	idx	snp	run	true_lat	true_lon	pred_lat	pred_lon	diff_space	true_tim	pred_tim	diff_time
europe	34	loss	gt	0	41517	44	1344	2.40968371629715	35.8414074795135	57.5975768739416	24.311634	-15.938612	7030.658	5468.0	6159.768	-691.76806640625
europe	34	loss	gt	0	37861	118	1344	2.40968371629715	3.39797248970252	47.6666244743717	29.437527	-20.425049	7705.579	9250.0	7767.843	1482.1572265625
europe	34	loss	gt	0	5791	511	1344	2.40968371629715	51.2378383782838	29.9269557257894	143.04102	-146.39865	1614.0896	43807.0	45036.24	-1229.23828125
europe	34	loss	gt	1	10238	212	1344	2.405094091097514	57.7028001632235	40.4796735690085	122.074715	-122.96111	978.6668	38132.0	38080.375	51.625
europe	34	loss	gt	1	6002	414	1344	2.405094091097514	52.1199928476129	32.505825223989	143.05821	-146.48329	1689.601	43543.0	44984.965	-1441.96484375
europe	34	loss	gt	1	24096	812	1344	2.405094091097514	35.1358329463194	55.8107399249241	79.28336	-75.98938	6932.641	22740.0	24001.19	-1261.189453125
europe	34	loss	gt	2	35501	114	1344	2.4009148796399433	38.1263306403452	38.0222815780417	50.239998	-40.709915	6120.829	11513.0	14755.598	-3242.59765625
europe	34	loss	gt	2	32167	506	1344	2.4009148796399433	34.4866881035754	39.6266680318994	78.55734	-73.60475	6741.6577	14869.0	23931.383	-9062.3828125
europe	34	loss	gt	2	45376	843	1344	2.4009148796399433	-2.54539501818286	39.0347939040604	23.57168	-11.4119625	6179.669	771.0	6054.9834	-5283.9833984375
europe	34	loss	gt	3	32783	63	1344	2.411738713582357	23.5268834814022	47.9716303305564	43.764538	-37.186058	7851.4106	14253.0	12479.193	1773.806640625
europe	34	loss	gt	3	27031	787	1344	2.411738713582357	34.1380915796521	38.1917168596371	66.53142	-62.062016	6990.2495	19931.0	19834.965	96.03515625
europe	34	loss	gt	3	14167	946	1344	2.411738713582357	59.0806298327452	41.1733359052756	112.42667	-112.27287	1606.9945	33376.0	34638.57	-1262.5703125
europe	34	loss	gt	4	38456	257	1344	2.4089871923128765	35.4420214621576	38.5987428412494	35.20019	-27.993038	5917.804	8681.0	9662.399	-981.3994140625
europe	34	loss	gt	4	9174	326	1344	2.4089871923128765	56.8615219497753	41.8499460399477	122.06429	-122.752846	928.0986	39467.0	38250.734	1216.265625
europe	34	loss	gt	4	38068	1456	1344	2.4089871923128765	12.1069691204493	48.4693675860482	20.304981	-11.870666	6474.5054	9031.0	4792.4653	4238.53466796875
europe	34	loss	gt	5	42576	353	1344	2.4043174266815184	18.3710671340034	44.4680168446108	24.063568	-11.205238	5769.91	4162.0	5857.525	-1695.52490234375
europe	34	loss	gt	5	11736	667	1344	2.4043174266815184	64.3181039884999	39.6359597497797	116.663765	-116.8499	1151.7374	36279.0	36335.75	-56.75
europe	34	loss	gt	5	27061	754	1344	2.4043174266815184	53.07852135555	57.0931123841306	58.17594	-51.055435	6060.8447	19899.0	17092.305	2806.6953125
europe	34	loss	gt	6	14248	219	1344	2.4129456679026284	61.9388608792826	39.0935802129445	102.25706	-100.56723	2246.8826	33287.0	31744.39	1542.609375
europe	34	loss	gt	6	8328	234	1344	2.4129456679026284	57.5518963903799	38.4952504696221	127.64229	-129.31017	967.1434	40522.0	40269.77	252.23046875
europe	34	loss	gt	6	29420	362	1344	2.4129456679026284	51.3870324676535	54.6894321288411	62.660286	-55.402027	5942.4243	17563.0	18512.523	-949.5234375
europe	34	loss	gt	7	13698	541	1344	2.4010022401809694	56.7472923618419	39.7878993465107	101.64442	-101.25364	2797.8823	33902.0	31485.688	2416.3125
europe	34	loss	gt	7	4442	1338	1344	2.4010022401809694	42.3177685565776	30.0023654354624	142.64693	-145.874	654.5708	45493.0	44913.65	579.3515625
europe	34	loss	gt	7	2240	1394	1344	2.4010022401809694	38.8152264154067	29.3103256455832	153.92604	-158.36896	1587.9341	48221.0	48626.88	-405.87890625
europe	34	loss	gt	8	4572	784	1344	2.4052342613538107	44.2145705091229	32.2107071188628	140.03468	-142.34294	651.80286	45352.0	43805.023	1546.9765625
europe	34	loss	gt	8	43789	951	1344	2.4052342613538107	15.9972365866472	50.4703016185216	10.763098	-0.6514592	5547.885	2856.0	1736.39	1119.6099853515625
europe	34	loss	gt	8	17718	1438	1344	2.4052342613538107	61.4908655562683	41.2676107985385	99.36129	-97.232864	2480.054	28917.0	30534.072	-1617.072265625
europe	34	loss	gt	9	39916	149	1344	2.4030940771102904	49.2496085737833	53.7005236094667	24.8242	-12.096328	6213.4863	7236.0	6373.347	862.65283203125
europe	34	loss	gt	9	45071	743	1344	2.4030940771102904	23.5974050959309	47.4761251101504	18.988087	-6.497959	5583.793	1351.0	4369.2417	-3018.24169921875
europe	34	loss	gt	9	44800	1265	1344	2.4030940771102904	22.615858010325	42.7127682634756	13.279954	-1.5490022	4777.7197	1743.0	2400.438	-657.43798828125
europe	34	loss	gt	10	18843	704	1344	2.407976174354553	42.4091434519272	58.8884548521039	86.07057	-80.82307	5630.512	27913.0	26194.42	1718.580078125
europe	34	loss	gt	10	7197	1035	1344	2.407976174354553	51.6718074463212	34.0842242550324	130.74242	-130.85933	1096.8158	41997.0	41096.957	900.04296875
europe	34	loss	gt	10	8335	1152	1344	2.407976174354553	58.5785073388961	35.1410545835864	132.01347	-132.31691	1438.0265	40506.0	41521.105	-1015.10546875
europe	34	loss	gt	11	6958	112	1344	1.4030242164929707	55.1215619693074	31.2006759405829	133.07251	-135.58934	1293.5924	42321.0	41672.965	648.03515625
europe	34	loss	gt	11	14593	711	1344	1.4030242164929707	61.8679915925219	37.5253955694613	105.587234	-105.25726	2016.5432	32864.0	32682.443	181.556640625
europe	34	loss	gt	11	20253	1321	1344	1.4030242164929707	61.7434576079314	39.8841100646229	85.28158	-82.862076	3451.7505	26471.0	26063.564	407.435546875
europe	34	loss	gt	12	5391	499	1344	2.400240886211395	50.1656911909317	31.8066945939006	133.53773	-132.80544	1207.4604	44307.0	41857.656	2449.34375
europe	34	loss	gt	12	25368	539	1344	2.400240886211395	58.3583282706988	56.9964098763196	83.96093	-79.71115	4030.7705	21578.0	25441.525	-3863.525390625
europe	34	loss	gt	12	40527	651	1344	2.400240886211395	40.2136627225098	51.7582150933054	30.945103	-11.345741	5679.478	6603.0	7738.284	-1135.2841796875
europe	34	loss	gt	13	4495	717	1344	2.4089710195859273	46.4261353683186	27.2392454851372	147.55925	-151.34906	1559.7478	45418.0	47096.74	-1678.73828125
europe	34	loss	gt	13	16689	894	1344	2.4089710195859273	61.8864364009685	40.9007328923811	95.3291	-92.702065	2748.3794	30214.0	29487.691	726.30859375
europe	34	loss	gt	13	32860	1336	1344	2.4089710195859273	23.9408972014245	47.6541625833349	46.092697	-34.56546	7536.785	14156.0	13167.221	988.779296875
europe	34	loss	gt	14	33987	546	1344	2.403155628840129	31.2937899710193	38.9495468339423	47.753418	-30.320278	6003.8774	13013.0	13792.6	-779.599609375
europe	34	loss	gt	14	3138	820	1344	2.403155628840129	43.5342202655114	30.098955670498	153.07637	-159.12279	2024.9003	47155.0	48982.336	-1827.3359375
europe	34	loss	gt	14	15570	920	1344	2.403155628840129	61.0805604499696	40.4608842388757	109.35919	-107.85723	1756.7637	31541.0	34166.242	-2625.2421875
europe	34	loss	gt	15	4175	1053	1344	2.408058981100718	46.5954393441919	26.8596151584228	145.68027	-149.34975	1401.7145	45817.0	45672.375	144.625
europe	34	loss	gt	15	8103	1062	1344	2.408058981100718	58.0659533933643	38.2773182241327	127.89397	-129.21791	1032.8325	40836.0	39858.258	977.7421875
europe	34	loss	gt	15	17612	1186	1344	2.408058981100718	58.4891940565177	39.6497563666324	99.943054	-99.07503	2760.9106	29060.0	30723.26	-1663.259765625
europe	34	loss	gt	16	27841	341	1344	1.4011931935946147	43.2247583169473	60.9228437170131	58.751553	-55.694084	7273.0366	19145.0	17765.02	1379.98046875
europe	34	loss	gt	16	31987	958	1344	1.4011931935946147	35.1865034448227	40.0883709184305	56.89642	-53.100426	6977.454	15052.0	17136.123	-2084.123046875
europe	34	loss	gt	16	29740	1285	1344	1.4011931935946147	35.5889805175688	41.1287267632951	54.150795	-50.284973	6962.4536	17273.0	16234.886	1038.1142578125
europe	34	loss	gt	17	42954	120	1344	2.4080181161562604	24.7008968320247	53.039752654526	17.887661	-2.2507443	5741.6104	3686.0	3821.8691	-135.869140625
europe	34	loss	gt	17	29313	668	1344	2.4080181161562604	0.323681116947311	48.1542102534225	63.944054	-53.89249	10559.955	17640.0	19191.758	-1551.7578125
europe	34	loss	gt	17	44631	1124	1344	2.4080181161562604	24.7149514246735	42.6813117344114	11.5467825	3.3638566	4385.9487	1941.0	1604.6355	336.364501953125
europe	34	loss	gt	18	15797	223	1344	2.4028444051742555	57.0801751338074	42.7599316478913	104.24242	-102.290565	2512.7832	31299.0	32105.762	-806.76171875
europe	34	loss	gt	18	43230	413	1344	2.4028444051742555	23.3973173471527	42.5414680085358	14.169507	-1.9324179	4773.6724	3434.0	3061.1018	372.898193359375
europe	34	loss	gt	18	7965	1122	1344	2.4028444051742555	54.8227926963746	37.9301503809517	130.05606	-130.46916	954.2716	40980.0	40517.508	462.4921875
europe	34	loss	gt	19	3284	355	1344	2.40011971394221	44.0601571404228	29.0049520909327	147.20982	-150.70245	1253.4175	46984.0	46090.125	893.875
europe	34	loss	gt	19	12451	371	1344	2.40011971394221	62.1440912718244	37.3966377810528	115.18338	-115.11758	1384.7953	35308.0	35674.25	-366.25
europe	34	loss	gt	19	8261	1433	1344	2.40011971394221	56.1487061259151	37.4853315166887	133.25267	-134.73831	1174.4073	40612.0	41518.0	-906.0
europe	34	loss	gt	20	38966	201	1344	2.400287381807963	58.2178121381502	59.862226177942	29.923433	-19.441334	6606.9927	8189.0	7764.367	424.6328125
europe	34	loss	gt	20	5532	1157	1344	2.400287381807963	51.9520905503001	32.0652887834136	148.81065	-152.17078	2334.4602	44149.0	46768.617	-2619.6171875
europe	34	loss	gt	20	42029	1289	1344	2.400287381807963	36.9190893583756	55.5651798123675	16.366558	-5.782739	6395.4165	4827.0	3353.6904	1473.3095703125
europe	34	loss	gt	21	26787	286	1344	1.4004692633946736	4.0544720597662	44.9185514762032	72.83262	-68.43552	10320.86	20166.0	21988.902	-1822.90234375
europe	34	loss	gt	21	9787	869	1344	1.4004692633946736	62.2438100780812	37.8942457031233	117.60598	-116.67233	1305.4021	38653.0	36491.875	2161.125
europe	34	loss	gt	21	14701	1342	1344	1.4004692633946736	57.6388944887385	40.7737875513231	104.822525	-103.82543	2428.976	32714.0	32351.803	362.197265625
europe	34	loss	gt	22	12398	2	1344	1.4082487066586813	62.8855568099032	37.8928083391232	109.08963	-109.2025	1658.812	35375.0	33794.49	1580.51171875
europe	34	loss	gt	22	35497	1061	1344	1.4082487066586813	26.2906066511456	43.5444757661429	45.85614	-39.24981	7412.4272	11497.0	13231.763	-1734.7626953125
europe	34	loss	gt	22	32946	1177	1344	1.4082487066586813	22.8988279321058	45.8658245912951	51.955254	-45.619144	8121.5728	14082.0	15290.693	-1208.693359375
europe	34	loss	gt	23	3707	867	1344	2.3975249330202737	39.7349427362737	29.7370682161472	145.60222	-148.9413	604.9235	46398.0	46258.73	139.26953125
europe	34	loss	gt	23	22809	985	1344	2.3975249330202737	33.6051930211286	37.0000413994579	72.59977	-67.704834	6926.905	24011.0	21986.158	2024.841796875
europe	34	loss	gt	23	7259	1170	1344	2.3975249330202737	51.2123813616227	35.0489457941201	137.58766	-139.70125	1056.2565	41934.0	43585.23	-1651.23046875
europe	34	loss	gt	24	23581	393	1344	1.4044233043988545	40.3240019625088	36.5073861563494	92.45291	-90.1616	5364.1255	23274.0	28054.102	-4780.1015625
europe	34	loss	gt	24	29842	889	1344	1.4044233043988545	40.3324160059173	57.442602365508	63.073925	-58.196293	7191.9785	17163.0	18515.275	-1352.275390625
europe	34	loss	gt	24	824	1044	1344	1.4044233043988545	33.9582496587757	28.7439940654516	154.27673	-158.4024	1145.3412	49980.0	48123.754	1856.24609375
europe	34	loss	gt	25	812	640	1344	2.4032503525416056	35.8971269110075	29.3189300742952	157.49162	-161.31728	1808.8757	49998.0	49243.188	754.8125
europe	34	loss	gt	25	12889	849	1344	2.4032503525416056	59.3701250853255	42.1953612313936	113.96661	-113.62411	1425.0951	34816.0	35095.387	-279.38671875
europe	34	loss	gt	25	24204	1380	1344	2.4032503525416056	33.1046526007912	38.1094846530522	64.332054	-57.741383	6996.016	22674.0	18962.143	3711.857421875
europe	34	loss	gt	26	35567	131	1344	1.4082868138949076	55.7055368223132	55.5550858296316	34.045082	-26.187866	6451.954	11430.0	9662.7295	1767.2705078125
europe	34	loss	gt	26	44359	1330	1344	1.4082868138949076	4.57441028411522	50.134759592963	13.521785	-4.546074	6073.7334	2215.0	2793.4253	-578.42529296875
europe	34	loss	gt	26	26945	1345	1344	1.4082868138949076	3.87883557505204	49.306586734097	79.51389	-77.380684	10274.998	20019.0	24313.307	-4294.306640625
europe	34	loss	gt	27	25450	642	1344	2.39993523756663	36.9360585183485	38.6545559850178	67.77978	-61.62505	6654.3486	21501.0	20132.02	1368.98046875
europe	34	loss	gt	27	1730	755	1344	2.39993523756663	38.2598695319389	30.7931930225153	153.93356	-160.22166	1703.9631	48884.0	48772.73	111.26953125
europe	34	loss	gt	27	43229	1043	1344	2.39993523756663	25.2306748204435	49.5288157834728	13.660326	2.820136	5036.964	3417.0	1977.463	1439.5369873046875
europe	34	loss	gt	28	3687	168	1344	2.4028885920842487	42.8890106540521	30.5634476661995	141.70901	-143.60374	709.5562	46416.0	44457.44	1958.55859375
europe	34	loss	gt	28	45170	316	1344	2.4028885920842487	10.4197343270622	46.2128342163623	16.49293	-6.325763	5706.8613	1182.0	3777.556	-2595.555908203125
europe	34	loss	gt	28	9086	1364	1344	2.4028885920842487	62.7728414102351	40.094181123295	126.16112	-126.57302	1257.2543	39580.0	39391.008	188.9921875
europe	34	loss	gt	29	37825	40	1344	1.40295596520106	28.3558878359928	57.3192390131375	22.395962	-13.429234	7039.3003	9283.0	5752.2974	3530.70263671875
europe	34	loss	gt	29	41902	189	1344	1.40295596520106	20.8211675627391	49.4961974305701	16.02238	-6.616903	5915.6875	5019.0	3592.8198	1426.18017578125
europe	34	loss	gt	29	1965	720	1344	1.40295596520106	36.2047911628619	30.2951785697669	153.48503	-158.67639	1372.0449	48550.0	49085.527	-535.52734375
europe	34	loss	gt	30	18213	140	1344	2.4003836035728456	60.2287062548792	37.2867753730074	85.58542	-82.18584	3575.194	28352.0	26335.988	2016.01171875
europe	34	loss	gt	30	9618	873	1344	2.4003836035728456	59.5760491858753	39.9732798710599	121.908844	-122.53272	1017.07733	38883.0	38553.934	329.06640625
europe	34	loss	gt	30	40474	960	1344	2.4003836035728456	38.8102154156313	52.5549817901685	23.511318	-8.959099	5980.5996	6656.0	5584.501	1071.4990234375
europe	34	loss	gt	31	20027	305	1344	2.4087066411972047	63.532082628515	38.844216559936	87.427986	-81.58655	3097.0742	26704.0	26903.521	-199.521484375
europe	34	loss	gt	31	9910	622	1344	2.4087066411972047	60.4794293095517	43.4080165045691	123.86848	-121.92118	980.9647	38486.0	39258.72	-772.71875
europe	34	loss	gt	31	11540	699	1344	2.4087066411972047	57.9476441163655	41.0189855448563	109.08996	-104.97954	2125.9058	36569.0	34236.27	2332.73046875
europe	34	loss	gt	32	28970	228	1344	2.4030786474545796	29.7525621613549	38.0415465042751	42.800312	-30.928782	6176.25	18011.0	12086.689	5924.310546875
europe	34	loss	gt	32	40958	937	1344	2.4030786474545796	4.51986010200089	43.963852002117	25.44822	-11.592449	6350.6123	6140.0	6338.44	-198.43994140625
europe	34	loss	gt	32	20510	1160	1344	2.4030786474545796	35.7954262629384	61.0708590216556	79.985214	-76.805504	6880.442	26200.0	24439.777	1760.22265625
europe	34	loss	gt	33	3608	46	1344	2.408776108423869	41.4352911257506	31.6671216170332	150.62871	-154.50658	1452.4408	46534.0	47734.277	-1200.27734375
europe	34	loss	gt	33	4760	381	1344	2.408776108423869	45.8584430539363	29.4696542375928	148.61069	-152.34317	1616.4618	45092.0	47068.527	-1976.52734375
europe	34	loss	gt	33	5048	898	1344	2.408776108423869	47.4571626360757	32.9384695766704	138.62122	-141.05594	826.6879	44737.0	43743.703	993.296875
europe	34	loss	gt	34	32623	636	1344	2.402848815917969	16.2926963368971	51.0661269732994	49.423428	-36.736958	8482.997	14406.0	14169.379	236.62109375
europe	34	loss	gt	34	17094	990	1344	2.402848815917969	58.3465891949218	39.7660708145085	99.03812	-95.304794	2887.5789	29716.0	30265.967	-549.966796875
europe	34	loss	gt	34	17766	1075	1344	2.402848815917969	60.5115555335946	38.537185296817	98.1803	-94.32443	2735.2974	28871.0	29986.701	-1115.701171875
europe	34	loss	gt	35	6968	135	1344	2.40470871925354	49.7441161920597	34.1280961161117			0.0	42300.0		
europe	34	loss	gt	35	29023	657	1344	2.40470871925354	34.8404714207673	39.407321742185			0.0	17961.0		
europe	34	loss	gt	35	39943	1378	1344	2.40470871925354	11.340270986062	51.8682472942717			0.0	7195.0		
europe	34	loss	gt	36	22716	543	1344	2.400273350874583	31.960318000661	37.9177821018626	66.910934	-60.834614	7131.128	24109.0	19900.225	4208.775390625
europe	34	loss	gt	36	29699	1182	1344	2.400273350874583	12.475087199989	52.7772160194142	48.645126	-33.413624	8692.128	17276.0	13597.005	3678.9951171875
europe	34	loss	gt	36	20827	1238	1344	2.400273350874583	58.7719653396085	40.1881492226444	85.400696	-83.51995	3777.7957	25857.0	26054.246	-197.24609375
europe	34	loss	gt	37	41417	97	1344	1.408869238694509	32.2982975635039	38.5371889848687	24.143677	-12.20554	5007.8193	5594.0	6281.038	-687.0380859375
europe	34	loss	gt	37	23518	467	1344	1.408869238694509	15.7701519661394	48.624414145636	69.00408	-64.96536	9268.479	23309.0	20851.225	2457.775390625
europe	34	loss	gt	37	23084	1280	1344	1.408869238694509	53.5244892534217	56.7111684374824	75.348305	-72.03027	5209.9214	23771.0	22940.773	830.2265625
europe	34	loss	gt	38	16160	674	1344	2.403360605239868	59.6442086716036	42.4701371923765	100.76071	-100.01725	2523.5098	30835.0	31282.303	-447.302734375
europe	34	loss	gt	38	32284	709	1344	2.403360605239868	37.5614480062224	38.0436179398776	54.514545	-48.224464	6476.1943	14745.0	16154.427	-1409.4267578125
europe	34	loss	gt	38	17770	803	1344	2.403360605239868	61.140059143674	40.6609897936912	100.19196	-99.28345	2443.3823	28861.0	31097.176	-2236.17578125
europe	34	loss	gt	39	34293	281	1344	2.409616839885712	57.4046444968106	57.8447346218322	47.38797	-40.05861	6144.3506	12692.0	13678.995	-986.9951171875
europe	34	loss	gt	39	37214	1063	1344	2.409616839885712	46.8443091755263	54.3725498299168	36.44371	-27.434938	6584.8945	9841.0	10078.033	-237.033203125
europe	34	loss	gt	39	5363	1268	1344	2.409616839885712	49.4770866273395	31.9580869320177	146.25734	-149.44987	1753.4193	44339.0	45972.895	-1633.89453125
europe	34	loss	gt	40	41228	41	1344	2.403255108992259	37.4670919315262	55.2381350436215	25.843872	-16.790825	6777.3745	5799.0	6668.663	-869.6630859375
europe	34	loss	gt	40	24243	211	1344	2.403255108992259	29.0503960385467	38.3938590509022	82.54854	-79.063354	7181.294	22639.0	25003.42	-2364.419921875
europe	34	loss	gt	40	40421	1002	1344	2.403255108992259	20.9296532534105	45.0957485715603	37.084583	-29.135891	7260.903	6730.0	10302.404	-3572.404296875
europe	34	loss	gt	41	1308	549	1344	1.3977277755737305	33.3898606552031	29.9239460377425	152.29778	-156.50891	882.4624	49408.0	48286.594	1121.40625
europe	34	loss	gt	41	37460	929	1344	1.3977277755737305	0.10996956724538	41.9786536818092	60.033398	-53.46804	10299.112	9628.0	17997.256	-8369.255859375
europe	34	loss	gt	41	3674	1099	1344	1.3977277755737305	40.5863647192968	30.6542097909327	147.27187	-150.91315	884.85754	46450.0	46621.13	-171.12890625
europe	34	loss	gt	42	13669	27	1344	1.4095796624819437	60.8453688842901	42.3983953918645	105.17137	-103.98711	2042.5399	33938.0	32469.002	1468.998046875
europe	34	loss	gt	42	33578	260	1344	1.4095796624819437	34.108865796616	59.9400082439797	45.307377	-37.84698	7934.032	13414.0	13042.261	371.7392578125
europe	34	loss	gt	42	3951	481	1344	1.4095796624819437	43.4202792282665	27.2496862051241	145.23517	-148.03702	1044.4049	46075.0	45507.535	567.46484375
europe	34	loss	gt	43	38669	83	1344	2.4002065300941466	37.9264784152636	36.1473903457824	41.962875	-31.365715	5621.618	8469.0	11831.935	-3362.9345703125
europe	34	loss	gt	43	1246	719	1344	2.4002065300941466	30.6226688989019	29.3284450437507	156.20137	-163.57382	1482.836	49490.0	49830.8	-340.80078125
europe	34	loss	gt	43	7383	1206	1344	2.4002065300941466	55.7816330774376	37.2005455744135	132.89658	-135.6328	1083.964	41781.0	41922.168	-141.16796875
europe	34	loss	gt	44	37071	143	1344	1.4049623211224873	54.33591031685	55.6748113597961	33.042137	-22.45552	6346.6143	9974.0	9250.608	723.3916015625
europe	34	loss	gt	44	13835	832	1344	1.4049623211224873	59.8284993772756	37.7561374652921	106.25538	-106.59202	2136.792	33769.0	32931.11	837.890625
europe	34	loss	gt	44	4463	1015	1344	1.4049623211224873	46.6530395433573	29.980627536301	146.45436	-151.78539	1465.0925	45468.0	46064.723	-596.72265625
europe	34	loss	gt	45	2846	698	1344	1.4003041664759317	39.4998442513729	30.0678762072653	148.99417	-152.62677	975.51984	47489.0	47118.297	370.703125
europe	34	loss	gt	45	42266	1211	1344	1.4003041664759317	33.7914171683136	53.2524696165944	18.215813	-8.246571	6293.123	4541.0	4279.897	261.10302734375
europe	34	loss	gt	45	34317	1316	1344	1.4003041664759317	38.7254320209636	36.0731608118679	59.745712	-52.684666	6305.661	12680.0	17923.102	-5243.1015625
europe	34	loss	gt	46	17283	459	1344	2.4089223941167197	56.6437490515101	37.9000863101754	91.28661	-88.889694	3624.968	29437.0	28182.879	1254.12109375
europe	34	loss	gt	46	32315	730	1344	2.4089223941167197	30.3895301941145	38.5525167918675	56.133125	-48.31311	7059.9365	14709.0	16801.37	-2092.369140625
europe	34	loss	gt	46	36899	1079	1344	2.4089223941167197	1.5966681352435	45.7839163408973	44.669167	-34.292194	9099.116	10108.0	13136.047	-3028.046875
europe	34	loss	gt	47	35324	37	1344	2.404904131094615	33.7105589131166	39.8186013649101	74.963646	-70.0578	6943.407	11674.0	22421.023	-10747.0234375
europe	34	loss	gt	47	19576	1133	1344	2.404904131094615	61.9545606978955	42.4012977809682	87.46834	-84.09453	3293.0918	27146.0	26488.094	657.90625
europe	34	loss	gt	47	28864	1183	1344	2.404904131094615	37.994168154985	40.5866472774199	67.784676	-62.08353	6638.3057	18137.0	20082.783	-1945.783203125
europe	34	loss	gt	48	33719	360	1344	1.4084172368049621	35.513591789614	39.4813897269994	47.697937	-41.908257	6585.6245	13282.0	13649.033	-367.033203125
europe	34	loss	gt	48	27525	1242	1344	1.4084172368049621	15.3766789234186	46.2562571899274	89.46016	-86.31403	8338.383	19417.0	26844.568	-7427.568359375
europe	34	loss	gt	48	26171	1349	1344	1.4084172368049621	33.4621716003017	39.4914797441092	52.34942	-46.861633	6897.6704	20837.0	15117.072	5719.927734375
europe	34	loss	gt	49	31128	462	1344	2.4056560516357424	16.9080645459211	43.5243138590634	52.33086	-46.296185	8515.589	15898.0	15669.171	228.8291015625
europe	34	loss	gt	49	7358	610	1344	2.4056560516357424	58.1745964614186	35.879052304637	131.97893	-133.71577	1322.3015	41814.0	41711.105	102.89453125
europe	34	loss	gt	49	28749	1295	1344	2.4056560516357424	48.22271082944	56.5873214092718	59.655666	-54.635414	6510.59	18260.0	17987.465	272.53515625
europe	34	loss	gt	50	2265	700	1344	2.4035880168279014	37.1076366417861	29.8096906741168	153.39867	-156.12608	1295.0359	48195.0	47718.938	476.0625
europe	34	loss	gt	50	2420	831	1344	2.4035880168279014	39.194221488985	29.7217558257891	156.61983	-159.62888	1967.3651	48007.0	48758.055	-751.0546875
europe	34	loss	gt	50	5719	1237	1344	2.4035880168279014	50.8618111448785	31.9503818505106	140.82655	-142.46364	1370.836	43914.0	43662.008	251.9921875
europe	34	loss	gt	51	3156	289	1344	1.4072757919629415	38.3844422267715	31.0456631856041	151.2284	-154.23247	1174.8547	47147.0	47190.934	-43.93359375
europe	34	loss	gt	51	44297	813	1344	1.4072757919629415	21.0351107436926	49.7228502767608	-40.178665	50.173508	6806.8223	2297.0	-13524.637	15821.63671875
europe	34	loss	gt	51	16658	840	1344	1.4072757919629415	58.4709747142494	41.9048767716217	102.08501	-100.98038	2552.8435	30249.0	31356.75	-1107.75
europe	34	loss	gt	52	42758	707	1344	2.403054976463318	3.86788440615629	44.9050407413113	18.079582	-2.7103977	5412.7056	3914.0	3770.747	143.2529296875
europe	34	loss	gt	52	2183	1118	1344	2.403054976463318	36.6072875780568	27.060506161638	149.20294	-155.19907	678.9765	48270.0	48051.29	218.7109375
europe	34	loss	gt	52	10812	1128	1344	2.403054976463318	63.2924921219095	37.6449655842233	118.396614	-118.4197	1237.8306	37409.0	37560.06	-151.05859375
europe	34	loss	gt	53	27445	484	1344	2.4092188914616903	17.9732424450043	48.8190543544055	60.108948	-51.912136	8859.277	19503.0	17859.332	1643.66796875
europe	34	loss	gt	53	37455	644	1344	2.4092188914616903	32.995493031091	57.0368710966394	30.996994	-17.414291	6867.367	9649.0	8396.12	1252.8798828125
europe	34	loss	gt	53	29354	1073	1344	2.4092188914616903	13.5562568280747	49.5981084834829	56.73324	-47.571194	9180.584	17611.0	16797.115	813.884765625
europe	34	loss	gt	54	16789	1116	1344	2.403420424461365	62.9250837664835	38.6547028635066	98.514435	-97.65122	2409.6309	30085.0	30717.852	-632.8515625
europe	34	loss	gt	54	2944	1352	1344	2.403420424461365	42.0354568331213	28.0235125682626	145.39406	-148.66478	874.98834	47391.0	46243.523	1147.4765625
europe	34	loss	gt	54	2537	1453	1344	2.403420424461365	38.2251913385464	27.2965339316751	150.97917	-155.14977	1048.126	47847.0	48134.402	-287.40234375
europe	34	loss	gt	55	20319	19	1344	2.408593511581421	58.9323482314784	40.1841913506379	87.76094	-84.68019	3602.1018	26407.0	26954.916	-547.916015625
europe	34	loss	gt	55	24286	463	1344	2.408593511581421	3.57544779882376	47.6694497998946	73.58981	-68.58323	10421.298	22587.0	22238.83	348.169921875
europe	34	loss	gt	55	8939	961	1344	2.408593511581421	59.7652983907721	39.1808497551777	127.152145	-128.46732	1079.4222	39783.0	39990.12	-207.12109375
europe	34	loss	gt	56	43939	197	1344	2.4036736528078717	24.0917232816806	46.4626033733088	14.462368	-1.7909842	5151.5166	2678.0	2902.5916	-224.591552734375
europe	34	loss	gt	56	20504	429	1344	2.4036736528078717	58.7426170584084	40.4214331829931	87.9532	-86.45816	3616.3677	26194.0	27148.164	-954.1640625
europe	34	loss	gt	56	5437	1215	1344	2.4036736528078717	52.6142398574082	30.8334357621735	144.07349	-148.36829	1856.6473	44261.0	45733.9	-1472.8984375
europe	34	loss	gt	57	614	116	1344	2.404251297314962	29.7464217427556	30.6592303443916	158.57141	-166.7867	1975.6423	50245.0	50975.406	-730.40625
europe	34	loss	gt	57	14342	290	1344	2.404251297314962	60.3984569383438	37.7722030658983	106.79771	-103.88736	2135.4873	33164.0	33309.57	-145.5703125
europe	34	loss	gt	57	24242	1036	1344	2.404251297314962	51.1127010762339	57.9936462771047	72.888626	-65.86669	5574.5215	22632.0	21967.51	664.490234375
europe	34	loss	gt	58	30914	369	1344	2.404356062412262	48.8098256773811	54.0538447626591	48.847878	-38.474117	6316.258	16118.0	14248.61	1869.3896484375
europe	34	loss	gt	58	8126	526	1344	2.404356062412262	54.3072594716743	38.5850481629365	132.70064	-134.6299	912.5958	40824.0	41743.98	-919.98046875
europe	34	loss	gt	58	9862	561	1344	2.404356062412262	59.9023024487892	41.9767691903289	124.51066	-125.18137	904.94806	38557.0	39051.812	-494.8125
europe	34	loss	gt	59	35560	111	1344	2.4019164721171062	38.9490912407123	38.3382164606435	43.855835	-34.51853	5901.0776	11448.0	12248.58	-800.580078125
europe	34	loss	gt	59	12272	1191	1344	2.4019164721171062	61.4930289799497	40.793486383194	116.725525	-116.00881	1205.0967	35530.0	36051.805	-521.8046875
europe	34	loss	gt	59	4284	1329	1344	2.4019164721171062	44.0947854286361	32.677828351082	146.84018	-149.42177	1229.392	45682.0	45890.85	-208.8515625
europe	34	loss	gt	60	7808	268	1344	2.4069250424702964	54.7884771199743	36.8920244663837	129.602	-130.90437	956.12744	41189.0	40547.758	641.2421875
europe	34	loss	gt	60	38454	824	1344	2.4069250424702964	9.90151374449749	48.8393262942235	37.208443	-23.91757	7820.6675	8666.0	10495.113	-1829.11328125
europe	34	loss	gt	60	16212	1361	1344	2.4069250424702964	64.317222076522	39.287974106335	100.88943	-99.67444	2088.767	30782.0	31040.387	-258.38671875
europe	34	loss	gt	61	42742	221	1344	2.4030832688013715	33.7485035291215	54.5522599718956	19.574806	-6.3690214	6167.624	3939.0	4823.179	-884.17919921875
europe	34	loss	gt	61	3470	1222	1344	2.4030832688013715	42.1441509481027	28.8393673687414	151.80821	-154.46661	1579.912	46718.0	47497.832	-779.83203125
europe	34	loss	gt	61	27882	1471	1344	2.4030832688013715	36.0195497460217	38.3262201204768	73.43656	-69.86292	6732.702	19129.0	21820.209	-2691.208984375
europe	34	loss	gt	62	6149	85	1344	4.405031987031301	48.1939244715332	33.5239613128816	134.19983	-135.68124	859.9797	43348.0	42066.156	1281.84375
europe	34	loss	gt	62	19696	313	1344	4.405031987031301	38.0893971120982	60.4237639400631	89.550026	-88.194664	5814.9517	27030.0	27411.129	-381.12890625
europe	34	loss	gt	62	21680	714	1344	4.405031987031301	35.406279978665	38.6956275131793	88.49545	-87.44264	6170.2056	25103.0	27061.137	-1958.13671875
europe	34	loss	gt	63	36763	48	1344	2.3977486371994017	39.4062672356537	59.4062482058229	29.790615	-18.625793	7002.0264	10229.0	7639.2153	2589.78466796875
europe	34	loss	gt	63	28780	471	1344	2.3977486371994017	6.34077903618231	45.9736373080727	62.98847	-56.742634	10013.708	18218.0	18771.453	-553.453125
europe	34	loss	gt	63	5563	768	1344	2.3977486371994017	47.4966355590317	32.1814457867461	134.63147	-136.97514	863.2102	44098.0	42607.816	1490.18359375
europe	34	loss	gt	64	39148	191	1344	2.4015477379163106	56.8776406880613	56.3858279534795	28.83633	-17.391071	6390.93	8025.0	7594.973	430.02685546875
europe	34	loss	gt	64	22806	819	1344	2.4015477379163106	51.6102829937124	56.3147808499144	73.90049	-69.60988	5482.514	24008.0	22027.613	1980.38671875
europe	34	loss	gt	64	18206	880	1344	2.4015477379163106	60.7615887149824	38.583742198595	86.461296	-83.34677	3473.9302	28369.0	26081.691	2287.30859375
europe	34	loss	gt	65	16550	697	1344	2.3975156863530476	58.5093698927776	41.929790045762	95.546005	-94.38423	3082.2	30376.0	29333.191	1042.80859375
europe	34	loss	gt	65	25770	1180	1344	2.3975156863530476	-0.89922859532587	48.1653612870039	78.15162	-75.31703	10829.247	21179.0	23695.158	-2516.158203125
europe	34	loss	gt	65	14394	1477	1344	2.3975156863530476	62.870853667753	39.1246928584518	108.968704	-108.66333	1639.7665	33091.0	33726.453	-635.453125
europe	34	loss	gt	66	16256	302	1344	3.4019126534461974	61.617101855413	42.2377966483683	100.30497	-95.545944	2422.4653	30739.0	30989.12	-250.119140625
europe	34	loss	gt	66	7104	857	1344	3.4019126534461974	58.6235681740933	34.3986196843035	128.93869	-128.64708	1366.6646	42128.0	40579.574	1548.42578125
europe	34	loss	gt	66	30818	1278	1344	3.4019126534461974	23.8887100180359	47.4006052665605	53.682144	-43.28993	7933.875	16207.0	15494.724	712.2763671875
europe	34	loss	gt	67	9318	154	1344	1.4030399759610495	57.9124112413997	39.419047351088	122.60043	-122.373795	1081.3438	39289.0	38216.31	1072.69140625
europe	34	loss	gt	67	20056	1020	1344	1.4030399759610495	30.6564661125161	57.0848491249935	80.14036	-77.4706	7392.645	26681.0	24422.129	2258.87109375
europe	34	loss	gt	67	29620	1283	1344	1.4030399759610495	18.8174867758209	51.3831200594489	63.035854	-58.33165	9095.254	17370.0	18855.127	-1485.126953125
europe	34	loss	gt	68	36698	595	1344	3.401591392358144	27.3657043934015	38.2588977663363	41.17322	-31.711952	6436.8804	10310.0	11704.575	-1394.5751953125
europe	34	loss	gt	68	41524	814	1344	3.401591392358144	19.5118291268948	46.9737142372247	24.488811	-11.665889	6027.574	5482.0	6172.95	-690.9501953125
europe	34	loss	gt	68	32071	876	1344	3.401591392358144	35.3107180080906	38.9708103501024	51.347637	-41.64811	6415.014	14954.0	15089.6045	-135.6044921875
europe	34	loss	gt	69	16308	246	1344	1.4006386160850526	63.0052883930909	37.9553487952806	98.248795	-97.0363	2434.5527	30669.0	30030.855	638.14453125
europe	34	loss	gt	69	20697	339	1344	1.4006386160850526	60.761223711425	36.9167535081999	87.114525	-84.89381	3430.218	25994.0	26433.232	-439.232421875
europe	34	loss	gt	69	15341	924	1344	1.4006386160850526	59.104244053058	40.1574256577991	99.714294	-98.61541	2708.8518	31828.0	30506.19	1321.810546875
europe	34	loss	gt	70	43540	196	1344	2.400268038113912	25.2288650413003	51.874253397936	14.2097025	-2.5321703	5787.22	3122.0	2820.7544	301.24560546875
europe	34	loss	gt	70	6759	878	1344	2.400268038113912	51.0215659212981	33.3775683144714	134.39835	-135.69684	1006.2972	42567.0	42049.69	517.30859375
europe	34	loss	gt	70	26533	1117	1344	2.400268038113912	44.6681899749903	55.0714090750925	75.38161	-70.932556	6106.7383	20434.0	22732.537	-2298.537109375
europe	34	loss	gt	71	32626	721	1344	2.405499895413717	19.6555315982325	44.0336656251732	57.171696	-48.763527	8346.789	14400.0	16981.898	-2581.8984375
europe	34	loss	gt	71	44414	818	1344	2.405499895413717	19.0355156249929	49.6692567821895	12.104359	0.67132187	5288.4766	2158.0	1747.9791	410.0208740234375
europe	34	loss	gt	71	13235	1077	1344	2.405499895413717	63.4614580507288	37.6341050396161	110.50885	-110.587555	1538.0354	34430.0	34608.953	-178.953125
europe	34	loss	gt	72	41358	327	1344	2.4006172974904376	9.70563284599875	52.2791013254469	21.34039	-11.947125	6958.228	5646.0	5293.627	352.373046875
europe	34	loss	gt	72	560	1086	1344	2.4006172974904376	32.0121060792082	30.4653969291557	157.99847	-163.28955	1756.6108	50309.0	50359.082	-50.08203125
europe	34	loss	gt	72	43630	1208	1344	2.4006172974904376	23.8519628047214	51.5199878839635	13.5240345	-3.4393253	5866.8857	3030.0	2562.0833	467.916748046875
europe	34	loss	gt	73	41996	729	1344	2.4096553444862367	28.9783301065986	48.893595412461	19.725271	-8.277682	5828.2266	4885.0	4606.4277	278.572265625
europe	34	loss	gt	73	15771	1048	1344	2.4096553444862367	59.3049000291879	40.0967399840994	104.49582	-104.1624	2287.4758	31325.0	32091.799	-766.798828125
europe	34	loss	gt	73	2342	1051	1344	2.4096553444862367	38.6937400161132	26.5062192443276	150.9182	-154.31062	1071.4545	48097.0	47093.695	1003.3046875
europe	34	loss	gt	74	16661	496	1344	2.4033010403315225	56.2378442029786	41.712121451075	98.56841	-96.49155	3101.8396	30245.0	30786.883	-541.8828125
europe	34	loss	gt	74	10516	759	1344	2.4033010403315225	61.6694741662679	38.5653111442788	119.31426	-119.82123	1158.362	37801.0	37724.35	76.6484375
europe	34	loss	gt	74	31533	903	1344	2.4033010403315225	30.3084802007884	38.9935514917485	55.59854	-48.909657	7145.747	15502.0	16360.967	-858.966796875
europe	34	loss	gt	75	16816	25	1344	2.410020701090495	56.9744200363919	38.6144334889621	95.395164	-90.83613	3319.8994	30054.0	29474.4	579.599609375
europe	34	loss	gt	75	6285	426	1344	2.410020701090495	49.7282499073238	32.3068493467227	139.54303	-140.83636	1161.8126	43170.0	44279.06	-1109.05859375
europe	34	loss	gt	75	23123	769	1344	2.410020701090495	38.4938188624319	39.0135420974688	75.59812	-69.54416	6366.3574	23750.0	22841.0	909.0
europe	34	loss	gt	76	22454	715	1344	1.402941068013509	31.9188277621715	40.905748809388	84.938354	-82.2059	6776.063	24350.0	26295.33	-1945.330078125
europe	34	loss	gt	76	20055	998	1344	1.402941068013509	45.0878001365271	54.9037414213589	85.984726	-83.14928	5332.6313	26682.0	26653.824	28.17578125
europe	34	loss	gt	76	1418	1405	1344	1.402941068013509	35.7176946200374	30.8688700136358	155.15979	-160.4003	1620.4481	49297.0	49804.277	-507.27734375
europe	34	loss	gt	77	28121	157	1344	2.404788438479106	33.0538043500846	56.0990220956335	59.584194	-52.311646	7822.0786	18887.0	17773.992	1113.0078125
europe	34	loss	gt	77	18908	271	1344	2.404788438479106	29.8537729156525	59.601579912272	95.63795	-92.6602	6137.337	27852.0	29742.27	-1890.26953125
europe	34	loss	gt	77	28115	1031	1344	2.404788438479106	34.8332272140819	57.7636595115783	58.24218	-49.407547	7674.097	18890.0	17344.545	1545.455078125
europe	34	loss	gt	78	7879	420	1344	2.400265101591746	54.989622842949	38.3424496773879	124.184845	-125.14526	1044.0767	41099.0	39130.47	1968.53125
europe	34	loss	gt	78	24241	604	1344	2.400265101591746	23.5763127772687	46.7494810222036	75.99836	-73.570366	8225.097	22624.0	23179.97	-555.970703125
europe	34	loss	gt	78	127	1252	1344	2.400265101591746	31.8114429721999	30.6116344145386	160.8321	-167.09	2259.8708	50886.0	51269.938	-383.9375
europe	34	loss	gt	79	17890	76	1344	2.4047459165255227	57.9543262703576	42.8991943212781	89.710785	-87.3266	3584.16	28724.0	27793.94	930.060546875
europe	34	loss	gt	79	19948	250	1344	2.4047459165255227	38.2101449141647	38.3389329869541	97.95536	-95.20946	5177.8994	26784.0	30645.469	-3861.46875
europe	34	loss	gt	79	34854	440	1344	2.4047459165255227	49.2303236596422	58.0415409400303	41.64896	-29.139917	6468.991	12154.0	12198.923	-44.9228515625
europe	34	loss	gt	80	4218	59	1344	2.4033668200174967	44.5203052817378	29.4660985788241	145.36201	-146.7687	1144.9165	45756.0	46005.15	-249.1484375
europe	34	loss	gt	80	25403	964	1344	2.4033668200174967	33.2666291494735	57.1904272955622	71.66474	-67.214195	7578.6797	21546.0	21624.824	-78.82421875
europe	34	loss	gt	80	1690	1386	1344	2.4033668200174967	38.9286349421461	29.2180377210672	159.69072	-163.26085	2390.563	48937.0	50738.746	-1801.74609375
europe	34	loss	gt	81	7192	205	1344	2.4001821160316466	53.4127477583585	33.4056395863909	134.76193	-135.22533	1223.9365	42010.0	42145.402	-135.40234375
europe	34	loss	gt	81	11404	613	1344	2.4001821160316466	60.618646923642	42.2704758052198	124.77059	-124.16314	997.30054	36728.0	38875.242	-2147.2421875
europe	34	loss	gt	81	36901	1279	1344	2.4001821160316466	7.75187684714359	46.367607734186	39.067307	-29.336918	8232.86	10107.0	11059.237	-952.2373046875
europe	34	loss	gt	82	30252	91	1344	2.405122188727061	32.1948022092947	40.8263666787524	57.94478	-46.775352	6887.663	16820.0	16973.074	-153.07421875
europe	34	loss	gt	82	22694	966	1344	2.405122188727061	39.0856074857051	37.2834854446089	85.182884	-80.94481	5928.2915	24123.0	26069.887	-1946.88671875
europe	34	loss	gt	82	512	1059	1344	2.405122188727061	29.7424515522716	30.0639392541449	160.14891	-169.65451	2269.013	50367.0	51167.742	-800.7421875
europe	34	loss	gt	83	6000	416	1344	2.400645963350932	52.5600337595578	30.6340413108501			0.0	43549.0		
europe	34	loss	gt	83	8832	518	1344	2.400645963350932	60.4091788144674	39.7511555580933			0.0	39953.0		
europe	34	loss	gt	83	20511	1462	1344	2.400645963350932	50.8834785974971	60.0886627400448			0.0	26200.0		
europe	34	loss	gt	84	22489	529	1344	2.404856816927592	25.016772639471	50.6867858864473	81.854866	-79.01149	7820.2866	24302.0	24806.73	-504.73046875
europe	34	loss	gt	84	15003	646	1344	2.404856816927592	61.0404819667293	39.3939958588496	107.41453	-106.50903	1921.6224	32279.0	33129.582	-850.58203125
europe	34	loss	gt	84	25758	1484	1344	2.404856816927592	21.1491621836816	41.5424652299799	58.30735	-52.962334	8275.609	21194.0	17132.62	4061.380859375
europe	34	loss	gt	85	12783	122	1344	2.403498880068461	58.3956863241714	39.3050186958958	109.38079	-106.95031	2062.9905	34926.0	33243.25	1682.75
europe	34	loss	gt	85	22451	436	1344	2.403498880068461	31.1680337800479	38.4404125939192	69.70051	-63.38388	7213.887	24354.0	20405.672	3948.328125
europe	34	loss	gt	85	16594	575	1344	2.403498880068461	60.5245188575479	38.6426771015072	101.40126	-98.40448	2490.2104	30320.0	30679.71	-359.7109375
europe	34	loss	gt	86	8133	444	1344	2.4036197622617084	59.3937609301873	39.5714978119557	132.12634	-133.70798	1353.7982	40813.0	41235.492	-422.4921875
europe	34	loss	gt	86	14420	1388	1344	2.4036197622617084	57.6779642146306	40.0284882042109	108.061295	-106.845535	2175.8987	33056.0	33362.812	-306.8125
europe	34	loss	gt	86	45121	1402	1344	2.4036197622617084	10.953148408517	51.0025341418908	23.880526	-14.328982	7022.3247	1267.0	6022.439	-4755.43896484375
europe	34	loss	gt	87	2108	909	1344	2.4015897591908772	36.681966328076	28.0719310110859	150.61006	-154.6173	848.5807	48361.0	47449.695	911.3046875
europe	34	loss	gt	87	19135	1317	1344	2.4015897591908772	38.7181880478641	59.0925290137479	85.7359	-81.42767	6073.5835	27606.0	26038.982	1567.017578125
europe	34	loss	gt	87	37700	1480	1344	2.4015897591908772	48.8904269910975	59.609401995274	32.06917	-21.10651	6745.5386	9404.0	8801.877	602.123046875
europe	34	loss	gt	88	11433	695	1344	2.4004787604014077	62.9053089784978	38.0373707035056	117.68411	-117.34575	1253.2407	36700.0	36429.777	270.22265625
europe	34	loss	gt	88	17690	911	1344	2.4004787604014077	59.5279368634159	40.8599786693553	91.226135	-88.63989	3303.1306	28961.0	27753.387	1207.61328125
europe	34	loss	gt	88	11183	916	1344	2.4004787604014077	60.3264655814706	38.0852247681693	120.54141	-120.67552	1183.4186	36972.0	37352.89	-380.890625
europe	34	loss	gt	89	11776	830	1344	2.405282473564148	59.918581622629	39.3369979991895	116.61223	-115.506996	1372.8817	36212.0	36408.957	-196.95703125
europe	34	loss	gt	89	20507	1209	1344	2.405282473564148	52.3691640246555	57.1546620881454	89.23994	-86.58584	4252.757	26201.0	27298.68	-1097.6796875
europe	34	loss	gt	89	38240	1374	1344	2.405282473564148	35.8595302891731	37.1695770665751	63.962704	-59.013485	6759.41	8896.0	18951.896	-10055.896484375
europe	34	loss	gt	90	1367	11	1344	2.4004605611165366	36.3479143846692	31.6366235888778	152.84145	-155.91104	1245.3217	49348.0	48427.68	920.3203125
europe	34	loss	gt	90	10512	738	1344	2.4004605611165366	62.9467993229409	38.9208975768011	125.37771	-124.61293	1318.4092	37805.0	39305.984	-1500.984375
europe	34	loss	gt	90	37768	770	1344	2.4004605611165366	30.3543638544334	58.7913725264386	32.942776	-18.09443	7111.186	9330.0	8778.919	551.0810546875
europe	34	loss	gt	91	41744	591	1344	2.4021359006563823	17.3562232868628	48.9447584933681	15.940183	0.77582884	5120.6216	5223.0	3067.722	2155.278076171875
europe	34	loss	gt	91	37828	1253	1344	2.4021359006563823	27.6452755755861	38.8489713758556	46.62546	-31.237137	6339.303	9288.0	13140.498	-3852.498046875
europe	34	loss	gt	91	22123	1362	1344	2.4021359006563823	32.4196898216134	37.9711113229943	87.412506	-82.05506	6549.6226	24682.0	26512.746	-1830.74609375
europe	34	loss	gt	92	3053	107	1344	2.3976839979489646	42.5602581446502	32.2378142156357	151.55952	-156.45718	1753.9253	47248.0	47667.094	-419.09375
europe	34	loss	gt	92	8560	1234	1344	2.3976839979489646	59.4090493324524	39.4394684825426	130.35959	-132.3399	1206.7568	40259.0	40700.258	-441.2578125
europe	34	loss	gt	92	26437	1464	1344	2.3976839979489646	45.8724242260313	57.1448846660861	70.27188	-65.49683	6305.76	20529.0	21051.637	-522.63671875
europe	34	loss	gt	93	28992	379	1344	2.401649498939514	17.6763830960745	45.1951364285902	81.36373	-75.71821	8550.599	17977.0	24758.822	-6781.822265625
europe	34	loss	gt	93	11975	1201	1344	2.401649498939514	61.8667845133972	42.1814564883432	120.49017	-119.85431	1008.77344	35932.0	37882.18	-1950.1796875
europe	34	loss	gt	93	35997	1297	1344	2.401649498939514	45.8259336194753	57.0473578534791	52.634464	-41.60443	6624.374	10986.0	15098.201	-4112.201171875
europe	34	loss	gt	94	5230	419	1344	2.4001031438509624	47.4612169783369	27.7807968375251	135.40726	-136.48776	1253.2872	44514.0	42322.79	2191.2109375
europe	34	loss	gt	94	225	649	1344	2.4001031438509624	30.5476467932425	28.5267824490908	155.20747	-161.1492	1147.0135	50751.0	49332.574	1418.42578125
europe	34	loss	gt	94	37916	1143	1344	2.4001031438509624	6.66015295749808	45.4602733760151	23.898895	-10.729433	6279.821	9188.0	5608.291	3579.708984375
europe	34	loss	gt	95	810	454	1344	2.4017800807952883	32.6542692398227	29.7522443454417	164.53174	-169.89474	2752.5789	50003.0	51936.246	-1933.24609375
europe	34	loss	gt	95	25022	531	1344	2.4017800807952883	38.5175540744211	56.3236504406875	77.665535	-73.384026	6659.921	21906.0	23443.66	-1537.66015625
europe	34	loss	gt	95	39292	1334	1344	2.4017800807952883	10.7677844147459	45.5361206019841	19.674307	-6.3477936	5633.4004	7858.0	4405.77	3452.22998046875
europe	34	loss	gt	96	43356	73	1344	2.4002379775047302	24.784820895427	49.7002452505462	12.330612	0.9949503	5288.1763	3296.0	1921.8398	1374.16015625
europe	34	loss	gt	96	15410	292	1344	2.4002379775047302	60.7340740284351	41.4789564125037	112.75001	-111.40065	1490.5995	31762.0	35113.508	-3351.5078125
europe	34	loss	gt	96	16850	1144	1344	2.4002379775047302	57.1700775504198	42.0745217919429	101.5596	-99.15025	2755.2239	30003.0	31415.945	-1412.9453125
europe	34	loss	gt	97	42241	26	1344	2.401697051525116	35.7339465218012	49.7445034257679	28.175474	-15.197159	6074.808	4568.0	6988.938	-2420.93798828125
europe	34	loss	gt	97	31133	548	1344	2.401697051525116	23.1737091077761	47.3610419768415	56.579353	-49.772564	8295.037	15895.0	16572.393	-677.392578125
europe	34	loss	gt	97	3246	577	1344	2.401697051525116	39.9219834964681	31.0281062279508	148.50885	-151.50424	964.8253	47040.0	46806.9	233.1015625
europe	34	loss	gt	98	31417	789	1344	2.403457037607829	23.8355168569244	52.6173647771166	49.74691	-37.635517	8027.5137	15609.0	14349.355	1259.64453125
europe	34	loss	gt	98	36619	1096	1344	2.403457037607829	38.3590478912773	37.0115641318485	63.952316	-53.70445	6272.4707	10397.0	19006.098	-8609.09765625
europe	34	loss	gt	98	9886	1269	1344	2.403457037607829	62.0240565693831	37.1972046056811	123.19762	-122.47447	1281.0309	38523.0	38436.805	86.1953125
europe	34	loss	gt	99	847	522	1344	3.3980209628740945	35.7992463606865	30.7250505920953	153.21683	-159.22537	1376.4132	49973.0	49095.492	877.5078125
europe	34	loss	gt	99	3712	871	1344	3.3980209628740945	44.8057522096418	29.2300512566937	152.37996	-158.96709	2044.9084	46379.0	48858.25	-2479.25
europe	34	loss	gt	99	16189	976	1344	3.3980209628740945	57.2668655119111	37.8884174950526	101.196495	-98.76802	2850.8162	30817.0	31444.816	-627.81640625
europe	34	loss	gt	100	42267	256	1344	1.4103941599527994	19.1243234233227	47.6532811994778	22.701246	-15.095148	6482.0947	4541.0	5822.6387	-1281.638671875
europe	34	loss	gt	100	26139	336	1344	1.4103941599527994	51.1257216583623	56.9195665266487	58.801907	-54.75326	6328.729	20857.0	17584.95	3272.05078125
europe	34	loss	gt	100	36001	1466	1344	1.4103941599527994	29.6778798923553	38.1692818585218	28.415974	-21.319689	5717.919	11000.0	7683.781	3316.21923828125
europe	34	loss	gt	101	8835	152	1344	2.400780200958252	57.0413921195276	39.2073103187383	130.21576	-131.59897	1009.337	39944.0	40562.406	-618.40625
europe	34	loss	gt	101	5144	485	1344	2.400780200958252	47.7660898588527	31.7626912882374	142.10678	-144.66008	1135.5778	44629.0	44421.65	207.3515625
europe	34	loss	gt	101	35320	1444	1344	2.400780200958252	32.7414590051537	39.8284472052204	49.299442	-42.390213	6786.634	11687.0	14329.533	-2642.533203125
europe	34	loss	gt	102	43141	716	1344	2.401530909538269	28.2909283788017	51.5006493748399	14.915689	-5.697025	6042.503	3506.0	3193.7146	312.285400390625
europe	34	loss	gt	102	31503	975	1344	2.401530909538269	33.937472889505	37.9904307615999	45.745945	-38.113422	6381.458	15533.0	13978.205	1554.794921875
europe	34	loss	gt	102	3473	1083	1344	2.401530909538269	44.2598149510227	29.5901029586681	145.66844	-149.98813	1104.565	46707.0	46442.766	264.234375
europe	34	loss	gt	103	34824	13	1344	2.3974838654200235	37.9594332794779	57.5468004911097	47.42565	-38.521576	7409.583	12189.0	13608.297	-1419.296875
europe	34	loss	gt	103	1417	569	1344	2.3974838654200235	36.3182878462154	28.7492469043981	153.93095	-158.77962	1344.8435	49298.0	49205.188	92.8125
europe	34	loss	gt	103	1101	838	1344	2.3974838654200235	33.7198717967022	27.8804900873735	156.28235	-162.80319	1521.9805	49650.0	50260.41	-610.41015625
europe	34	loss	gt	104	27597	494	1344	2.4020896553993225	33.04000754034	38.088729277741	55.596878	-48.709553	6844.6465	19367.0	16331.7	3035.2998046875
europe	34	loss	gt	104	42932	508	1344	2.4020896553993225	31.5099806361096	52.3414196750842	18.908062	-8.568681	6209.236	3718.0	4378.094	-660.09423828125
europe	34	loss	gt	104	39936	969	1344	2.4020896553993225	29.231358642355	38.0537702823739	21.574865	-11.124628	4977.0903	7223.0	5205.519	2017.48095703125
europe	34	loss	gt	105	31136	745	1344	2.4019249359766643	35.6305283245333	37.3259714214122	41.729927	-26.82045	5480.4404	15919.0	11531.028	4387.9716796875
europe	34	loss	gt	105	34233	977	1344	2.4019249359766643	38.032672072631	37.5392104911016	36.912975	-22.69053	5219.7544	12763.0	10041.275	2721.724609375
europe	34	loss	gt	105	15001	1135	1344	2.4019249359766643	57.769916181776	39.0929251858889	102.028564	-101.31205	2677.459	32299.0	31460.652	838.34765625
europe	34	loss	gt	106	16388	129	1344	3.4028347531954446	64.296532651424	40.8330405182383	92.17242	-86.9753	2716.268	30575.0	28237.053	2337.947265625
europe	34	loss	gt	106	1751	195	1344	3.4028347531954446	38.6059060136573	29.1822975153263	147.99484	-155.28308	838.1022	48854.0	47939.484	914.515625
europe	34	loss	gt	106	15264	486	1344	3.4028347531954446	59.274239536787	40.5133073405936	107.03539	-103.53508	2159.9858	31926.0	33340.56	-1414.55859375
europe	34	loss	gt	107	30227	263	1344	2.4002330541610717	39.121546871438	38.0504115788893	61.065407	-56.154305	6488.5513	16844.0	18286.504	-1442.50390625
europe	34	loss	gt	107	42453	264	1344	2.4002330541610717	31.6993938443859	55.4762284792311	27.827976	-15.009811	6696.4434	4287.0	6986.894	-2699.89404296875
europe	34	loss	gt	107	23965	1198	1344	2.4002330541610717	46.2489473498495	60.5517953126814	76.267815	-73.54744	6007.0396	22878.0	23327.922	-449.921875
europe	34	loss	gt	108	12643	408	1344	2.409221069018046	61.2387205677095	38.7947261332047	57.575237	49.776127	741.6251	35088.0	36179.73	-1091.73046875
europe	34	loss	gt	108	37922	1127	1344	2.409221069018046	32.8679660958375	39.5697685749431	18.261795	17.134426	2764.7146	9194.0	8505.183	688.8173828125
europe	34	loss	gt	108	35376	1333	1344	2.409221069018046	37.3157331439322	55.9524847809484	18.894917	18.158138	4195.3286	11610.0	8859.345	2750.6552734375
europe	34	loss	gt	109	44716	243	1344	1.4035703897476197	24.4457857171946	50.4822636946185	13.606205	-3.114067	5726.998	1853.0	2746.2375	-893.237548828125
europe	34	loss	gt	109	31220	1055	1344	1.4035703897476197	33.0026949397106	41.4502036330186	79.4128	-76.76759	6943.921	15833.0	23901.982	-8068.982421875
europe	34	loss	gt	109	31591	1286	1344	1.4035703897476197	12.8958570583953	47.4738546197526	49.578598	-43.876507	9015.971	15422.0	14273.101	1148.8994140625
europe	34	loss	gt	110	41308	491	1344	1.4001511375109355	11.8080837353307	50.4978884604691			0.0	5715.0		
europe	34	loss	gt	110	4548	659	1344	1.4001511375109355	46.2433209351514	27.9058466823793			0.0	45366.0		
europe	34	loss	gt	110	22936	1434	1344	1.4001511375109355	38.6892360782767	37.1668379195596			0.0	23924.0		
europe	34	loss	gt	111	40714	162	1344	2.401615103085836	34.6601574999714	56.5257588024865	27.26794	-4.298279	5771.489	6407.0	6215.001	191.9990234375
europe	34	loss	gt	111	21558	179	1344	2.401615103085836	52.7047691731729	57.7227153439491	80.434944	-72.44835	4890.966	25199.0	24491.404	707.595703125
europe	34	loss	gt	111	16876	1130	1344	2.401615103085836	57.8971624785825	40.7423446055978	94.82628	-89.26426	3248.0046	29970.0	29425.125	544.875
europe	34	loss	gt	112	24360	312	1344	2.403393530845642	43.7906727127245	56.9851443169939	77.08033	-73.244064	6141.4233	22531.0	23216.893	-685.892578125
europe	34	loss	gt	112	31852	826	1344	2.403393530845642	38.7907922571627	56.3065392720727	58.956604	-51.399574	7284.5747	15166.0	17229.527	-2063.52734375
europe	34	loss	gt	112	33380	1383	1344	2.403393530845642	47.1480525846977	55.4360396398311	38.699944	-28.25132	6547.8887	13627.0	10635.009	2991.9912109375
europe	34	loss	gt	113	41252	394	1344	3.4089883009592694	24.7540348448744	46.5136947289439	22.0831	-1.7923756	4912.716	5784.0	4969.006	814.994140625
europe	34	loss	gt	113	9459	443	1344	3.4089883009592694	60.1136250742213	40.1887532576587	118.90099	-117.68066	1206.9	39119.0	37315.344	1803.65625
europe	34	loss	gt	113	8674	1081	1344	3.4089883009592694	56.5130652173524	39.2061950310064	122.08117	-121.08914	1192.3011	40130.0	38394.617	1735.3828125
europe	34	loss	gt	114	33920	380	1344	2.3977195660273236	37.0839276666244	41.0259161642257	55.08672	-42.737915	6342.5396	13074.0	15790.378	-2716.3779296875
europe	34	loss	gt	114	24593	587	1344	2.3977195660273236	33.8225382564305	38.7029898987751	83.85504	-81.32871	6605.8975	22342.0	25401.85	-3059.849609375
europe	34	loss	gt	114	20314	1376	1344	2.3977195660273236	39.4004476119718	38.4805370416248	90.91458	-87.85537	5566.594	26425.0	27667.393	-1242.392578125
europe	34	loss	gt	115	38864	828	1344	2.4019503434499105	15.5193579690486	48.3731316916738	29.00662	-20.131088	7115.3564	8278.0	7567.157	710.8427734375
europe	34	loss	gt	115	25102	1027	1344	2.4019503434499105	39.8550597449342	56.47939043015	68.6323	-63.036797	6969.434	21815.0	20566.145	1248.85546875
europe	34	loss	gt	115	14681	1273	1344	2.4019503434499105	58.727140525748	40.4688664101466	106.43484	-104.07898	2228.8965	32742.0	32877.625	-135.625
europe	34	loss	gt	116	42690	163	1344	2.401730231444041	24.7026840630167	54.1252955676325	15.834667	-2.168199	5915.3096	4003.0	3405.709	597.291015625
europe	34	loss	gt	116	39143	364	1344	2.401730231444041	9.3462699295239	47.8375217367038	29.197796	-14.181936	6793.551	8022.0	7952.3574	69.642578125
europe	34	loss	gt	116	8699	1115	1344	2.401730231444041	57.3840244711092	40.6526010853535	127.159035	-127.82036	888.49	40088.0	39805.77	282.23046875
europe	34	loss	gt	117	30417	87	1344	2.4050562063852947	29.3770203646086	45.0358215233213	45.65335	-38.904594	7280.3716	16617.0	12924.394	3692.6064453125
europe	34	loss	gt	117	44476	809	1344	2.4050562063852947	18.7422554187584	45.8125252893807	20.305569	-11.836565	6012.7393	2122.0	4764.885	-2642.884765625
europe	34	loss	gt	117	45072	1167	1344	2.4050562063852947	12.9999175925651	47.5675365321174	24.040825	-16.286942	6790.564	1348.0	6008.2026	-4660.20263671875
europe	34	loss	gt	118	9429	403	1344	2.4021726926167806	63.3475161637113	41.4713307969592	125.23237	-126.42708	1174.4073	39147.0	39031.55	115.44921875
europe	34	loss	gt	118	30536	835	1344	2.4021726926167806	56.2119564597394	59.5426038513175	64.07284	-60.598137	5703.361	16518.0	19299.59	-2781.58984375
europe	34	loss	gt	118	42714	1021	1344	2.4021726926167806	25.102123293392	53.3871838634981	16.266293	-6.154239	6224.617	3973.0	3504.0745	468.925537109375
europe	34	loss	gt	119	34320	285	1344	3.4004339297612507	39.9744973693995	40.0639567538534	43.029163	-31.847206	5809.0957	12670.0	11992.241	677.7587890625
europe	34	loss	gt	119	25682	301	1344	3.4004339297612507	37.0670502494414	37.4934710602877	69.73	-63.507534	6578.0903	21275.0	20900.467	374.533203125
europe	34	loss	gt	119	18180	890	1344	3.4004339297612507	63.8489868341205	38.1020173902855	83.86356	-79.19643	3273.398	28385.0	25566.664	2818.3359375
europe	34	loss	gt	120	36894	629	1344	2.4019846359888715	52.5208537648999	53.8810697434398	44.414547	-33.29127	6090.4565	10115.0	12336.129	-2221.12890625
europe	34	loss	gt	120	5072	884	1344	2.4019846359888715	45.7475457204122	32.4923838408764	147.27937	-151.61353	1490.5216	44722.0	46285.15	-1563.1484375
europe	34	loss	gt	120	25175	991	1344	2.4019846359888715	51.2865561628088	61.5144856529782	87.35818	-83.861435	4549.049	21755.0	26499.43	-4744.4296875
europe	34	loss	gt	121	17020	123	1344	2.4037983894348143	58.171253907989	39.4991720762071	101.84507	-101.080666	2643.2214	29796.0	31316.77	-1520.76953125
europe	34	loss	gt	121	19285	350	1344	2.4037983894348143	29.3498705456281	37.6382603423772	80.76354	-77.801994	7220.158	27472.0	24498.207	2973.79296875
europe	34	loss	gt	121	41576	396	1344	2.4037983894348143	34.7827176288561	57.052785415099	13.4301815	-4.1056547	6539.5156	5407.0	2709.6191	2697.380859375
europe	34	loss	gt	122	22499	273	1344	2.404430917898814	48.8529097650658	58.3748311488417	76.4132	-71.889694	5648.571	24305.0	22849.506	1455.494140625
europe	34	loss	gt	122	21838	356	1344	2.404430917898814	52.2001361333504	58.0443273160943	80.84132	-76.67169	4964.5776	24962.0	24294.46	667.5390625
europe	34	loss	gt	122	21861	827	1344	2.404430917898814	5.48428185487459	47.7004248853952	87.22069	-83.75592	9602.681	24930.0	26373.57	-1443.5703125
europe	34	loss	gt	123	17717	354	1344	2.402012308438619	61.8981047788781	37.2780899220388	93.53826	-91.23974	2894.8499	28919.0	28870.771	48.228515625
europe	34	loss	gt	123	10485	614	1344	2.402012308438619	58.9737305425043	37.3725873685338	119.28321	-118.82671	1335.9037	37836.0	37277.76	558.23828125
europe	34	loss	gt	123	25267	765	1344	2.402012308438619	-3.00960735726831	39.9038801515773	84.461426	-80.053085	10648.187	21662.0	25839.168	-4177.16796875
europe	34	loss	gt	124	34817	469	1344	2.408796179294586	32.2603446530807	37.1776558808871	38.782787	-28.64459	5873.324	12205.0	10730.342	1474.658203125
europe	34	loss	gt	124	19749	847	1344	2.408796179294586	58.029851522833	39.888751950728	88.15505	-82.43887	3668.2861	26974.0	26798.88	175.119140625
europe	34	loss	gt	124	26504	1149	1344	2.408796179294586	31.0910037782341	37.5107808163722	90.03735	-84.4852	6548.182	20476.0	27408.898	-6932.8984375
europe	34	loss	gt	125	32311	776	1344	2.403680408000946	37.3177208614853	39.789569748552	83.115715	-77.663124	6236.7197	14722.0	25313.936	-10591.935546875
europe	34	loss	gt	125	21685	1172	1344	2.403680408000946	58.9405949701546	41.0260614041852	86.87178	-82.090065	3654.1511	25080.0	26549.48	-1469.48046875
europe	34	loss	gt	125	14902	1430	1344	2.403680408000946	59.3261729639183	40.3156602167375	107.98512	-105.28902	2062.8528	32442.0	33536.676	-1094.67578125
europe	34	loss	gt	126	13239	1040	1344	2.4096781969070435	62.1372296796364	37.104416222493			0.0	34419.0		
europe	34	loss	gt	126	11513	1231	1344	2.4096781969070435	60.047891764757	39.6484676649016			0.0	36620.0		
europe	34	loss	gt	126	28359	1435	1344	2.4096781969070435	36.7318859958481	39.7486860549229			0.0	18648.0		
europe	34	loss	gt	127	1640	14	1344	2.4035902420679727	37.0170520184976	31.5389456296633	155.26984	-160.57973	1786.7095	48988.0	49326.47	-338.46875
europe	34	loss	gt	127	25838	280	1344	2.4035902420679727	12.273021363033	47.9892053772228	70.14432	-65.81713	9586.961	21134.0	20883.053	250.947265625
europe	34	loss	gt	127	20659	1046	1344	2.4035902420679727	44.9098203609958	56.8989095962453	83.07277	-80.38838	5598.817	26040.0	25141.764	898.236328125
europe	34	loss	gt	128	32042	346	1344	2.4056352257728575	16.6646319663103	44.5283594739701	59.0386	-47.27357	8526.285	14987.0	17256.865	-2269.865234375
europe	34	loss	gt	128	45133	1325	1344	2.4056352257728575	26.9928696309051	46.3135284255275	9.928851	2.777004	4936.364	1243.0	1581.9122	-338.9122314453125
europe	34	loss	gt	128	14525	1375	1344	2.4056352257728575	63.2556587715076	37.8258206393792	104.26812	-103.01936	1992.7537	32938.0	32258.432	679.568359375
europe	34	loss	gt	129	39881	64	1344	2.4036267598470054	22.7099028050012	44.2725527069547	18.984781	-5.564385	5171.9863	7275.0	4410.9453	2864.0546875
europe	34	loss	gt	129	27137	220	1344	2.4036267598470054	38.2358356239186	54.1475892905058	72.50783	-66.86223	6900.018	19814.0	21842.115	-2028.115234375
europe	34	loss	gt	129	27318	358	1344	2.4036267598470054	18.8730278233427	47.6464045965592	69.604706	-63.823257	8838.29	19618.0	20891.57	-1273.5703125
europe	34	loss	gt	130	11020	384	1344	2.409554962317149	59.4102360100745	40.6650406539415	117.20242	-115.00634	1351.1714	37136.0	36876.223	259.77734375
europe	34	loss	gt	130	8204	848	1344	2.409554962317149	59.8450870316209	36.4906372229623	127.24819	-126.66034	1298.7365	40687.0	40276.79	410.2109375
europe	34	loss	gt	130	7084	953	1344	2.409554962317149	56.0624160456094	33.8838786264146	127.8834	-128.45029	1228.6096	42152.0	40497.21	1654.7890625
europe	34	loss	gt	131	24599	136	1344	2.403729955355326	47.6877292459437	59.1601072871458	73.638145	-66.1622	5908.616	22336.0	21804.016	531.984375
europe	34	loss	gt	131	38159	240	1344	2.403729955355326	25.3476355246645	49.0167603271428	50.750626	-37.963627	7650.0503	8945.0	14475.213	-5530.212890625
europe	34	loss	gt	131	39434	1347	1344	2.403729955355326	41.6327088090063	59.5618126387518	26.786861	-10.936943	6507.584	7724.0	6676.611	1047.38916015625
europe	34	loss	gt	132	41440	188	1344	2.4034332235654197	5.66332198369767	45.0457597004421	28.332874	-13.671926	6659.5176	5562.0	7028.368	-1466.3681640625
europe	34	loss	gt	132	3401	925	1344	2.4034332235654197	43.4650170977982	31.9436419165717	154.44336	-158.21237	2193.9539	46816.0	48346.95	-1530.94921875
europe	34	loss	gt	132	2140	1404	1344	2.4034332235654197	36.8279781779783	28.9331369699381	157.7051	-161.87987	1921.6818	48329.0	49439.344	-1110.34375
europe	34	loss	gt	133	15445	550	1344	2.4111979802449546	58.4680162724836	40.957066197902	105.98222	-103.915436	2270.3745	31717.0	32860.426	-1143.42578125
europe	34	loss	gt	133	22928	801	1344	2.4111979802449546	19.3299038939984	42.9327739642917	77.10955	-72.500824	8514.192	23915.0	23417.072	497.927734375
europe	34	loss	gt	133	13545	1139	1344	2.4111979802449546	58.5061929272667	37.7007679585915	112.117386	-110.63252	1867.2799	34078.0	34870.887	-792.88671875
europe	34	loss	gt	134	34412	60	1344	2.4043566505114238	39.324185213038	57.1978936617769	39.578384	-33.657455	7421.489	12574.0	11268.121	1305.87890625
europe	34	loss	gt	134	11079	816	1344	2.4043566505114238	59.1961651568321	39.2920038831471	115.20671	-115.46959	1444.3114	37092.0	35630.465	1461.53515625
europe	34	loss	gt	134	7405	1212	1344	2.4043566505114238	56.0322638122453	35.6413536435301	137.38847	-139.52635	1531.9257	41750.0	42783.527	-1033.52734375
europe	34	loss	gt	135	38691	523	1344	2.410280231634776	21.1174395025409	48.9216319389869	34.144283	-19.21374	6746.9224	8426.0	9271.835	-845.8349609375
europe	34	loss	gt	135	31681	544	1344	2.410280231634776	44.0715134552406	54.1834794585663	55.635384	-43.468903	6522.4272	15340.0	16192.078	-852.078125
europe	34	loss	gt	135	40799	1428	1344	2.410280231634776	27.8122527860695	50.4402047252413	39.759544	-24.685062	6868.9644	6295.0	11036.077	-4741.0771484375
europe	34	loss	gt	136	45435	475	1344	1.4035114169120788	21.9083058537132	45.8165352775558	7.73662	1.5645406	4989.13	608.0	1024.1746	-416.174560546875
europe	34	loss	gt	136	35933	938	1344	1.4035114169120788	44.5332814168748	61.8063773070573	30.64207	-23.380623	7323.7363	11048.0	8444.28	2603.7197265625
europe	34	loss	gt	136	15145	1328	1344	1.4035114169120788	55.6256164257603	41.7455451929192	106.54293	-105.84506	2450.745	32072.0	33055.984	-983.984375
europe	34	loss	gt	137	38498	279	1344	3.4115758379300436	29.2117780528196	39.7277808947791	31.375992	-24.380257	6069.5005	8658.0	8675.518	-17.517578125
europe	34	loss	gt	137	28450	1080	1344	3.4115758379300436	33.4104784219077	40.2473204561806	81.51706	-78.667145	6780.98	18563.0	24729.816	-6166.81640625
europe	34	loss	gt	137	8039	1239	1344	3.4115758379300436	56.9106321268507	38.6222454703537	123.70571	-124.38603	1039.5725	40905.0	38258.19	2646.80859375
europe	34	loss	gt	138	7858	224	1344	2.4048994263013204	58.6988960983175	40.1808201490914	125.83201	-126.88202	939.16425	41132.0	39426.33	1705.671875
europe	34	loss	gt	138	22894	227	1344	2.4048994263013204	-3.01206779561896	37.2295935801137	93.14526	-91.02393	10125.688	23935.0	28642.941	-4707.94140625
europe	34	loss	gt	138	31952	1270	1344	2.4048994263013204	43.9500269009791	59.5726290631109	51.774563	-41.925705	6987.9087	15078.0	15008.84	69.16015625
europe	34	loss	gt	139	41103	277	1344	2.4058881322542827	41.780232565325	54.2252145328393	20.572079	-6.886049	6132.6	5970.0	5049.6914	920.30859375
europe	34	loss	gt	139	10363	365	1344	2.4058881322542827	61.2860567671242	40.6190218732308	127.710785	-128.83308	1185.7192	38000.0	39861.727	-1861.7265625
europe	34	loss	gt	139	41523	1041	1344	2.4058881322542827	23.4929116047862	49.4301157030907	18.228937	-4.5958486	5612.771	5479.0	4365.7393	1113.2607421875
europe	34	loss	gt	140	6833	126	1344	2.401462968190511	52.3275165958723	33.3482238896629	139.68666	-141.91516	1383.7894	42466.0	44137.812	-1671.8125
europe	34	loss	gt	140	10118	690	1344	2.401462968190511	61.8290726467159	39.8387473219431	123.40027	-123.66386	1099.7203	38267.0	38724.38	-457.37890625
europe	34	loss	gt	140	34202	1312	1344	2.401462968190511	29.4321678326805	58.1671838949776	46.29737	-29.65839	7537.395	12792.0	13046.524	-254.5244140625
europe	34	loss	gt	141	13476	442	1344	2.40859432220459	63.0284106830631	38.0800077108351	110.91169	-110.78426	1535.6248	34152.0	34299.66	-147.66015625
europe	34	loss	gt	141	36699	988	1344	2.40859432220459	4.90301761307018	50.5780997294424	29.410555	-21.910759	8045.4644	10294.0	7902.311	2391.68896484375
europe	34	loss	gt	141	21973	1114	1344	2.40859432220459	36.8056233437101	38.326034232015	82.748695	-80.0416	6325.536	24832.0	25175.701	-343.701171875
europe	34	loss	gt	142	33509	98	1344	2.405524528026581	36.4093350605688	56.7645615518985	45.56456	-38.502785	7578.5215	13472.0	13117.755	354.2451171875
europe	34	loss	gt	142	18210	329	1344	2.405524528026581	62.8687239306053	39.4603583925588	86.80409	-84.24988	3226.6226	28354.0	26255.664	2098.3359375
europe	34	loss	gt	142	3780	879	1344	2.405524528026581	42.1951073915049	29.9648585174651	149.47034	-153.71196	1337.8916	46307.0	46622.016	-315.015625
europe	34	loss	gt	143	11156	335	1344	2.405625820159912	58.7933653592836	38.1207343220138	111.03921	-110.039604	1890.2714	37002.0	35078.812	1923.1875
europe	34	loss	gt	143	42555	593	1344	2.405625820159912	16.9256852806476	53.314152918187	16.530968	-0.06897783	5666.395	4191.0	3408.7493	782.250732421875
europe	34	loss	gt	143	26880	995	1344	2.405625820159912	1.22283960785271	46.9316844846967	73.70572	-69.062775	10661.452	20070.0	22537.852	-2467.8515625
europe	34	loss	gt	144	28781	293	1344	2.4059990604718524	4.10723203588124	47.2599863080999	63.211815	-56.91539	10301.675	18212.0	18626.682	-414.681640625
europe	34	loss	gt	144	17366	1010	1344	2.4059990604718524	57.849148886923	42.5603627935218	99.118774	-97.23801	2868.17	29336.0	30406.357	-1070.357421875
europe	34	loss	gt	144	1691	1023	1344	2.4059990604718524	32.7434539554463	30.2381791712779	159.01706	-167.55316	2190.9238	48929.0	50278.32	-1349.3203125
europe	34	loss	gt	145	35539	94	1344	2.4077638745307923	37.534571244591	40.1198916515281	37.905632	-27.626654	5817.7734	11475.0	10936.9375	538.0625
europe	34	loss	gt	145	26501	850	1344	2.4077638745307923	27.8738552131943	38.7375665597591	61.007347	-55.04386	7519.47	20484.0	18029.117	2454.8828125
europe	34	loss	gt	146	16575	359	1344	2.411222676436106	60.8868990588292	40.0937077662939	102.77081	-100.31598	2311.0115	30343.0	31713.771	-1370.771484375
europe	34	loss	gt	146	6729	438	1344	2.411222676436106	49.7908298669372	34.8546588054135	137.2492	-138.06091	952.6391	42610.0	42942.355	-332.35546875
europe	34	loss	gt	146	21522	859	1344	2.411222676436106	54.5085922013865	57.2400581030546	82.28933	-77.93277	4589.171	25231.0	25047.639	183.361328125
europe	34	loss	gt	147	17661	66	1344	2.407088339328766	56.6339347991741	41.7370794004122	99.17992	-96.91785	3011.477	28991.0	30460.24	-1469.240234375
europe	34	loss	gt	147	38394	534	1344	2.407088339328766	28.6304594854688	37.680338547377	29.420057	-16.056494	5177.3	8750.0	7511.27	1238.72998046875
europe	34	loss	gt	147	40472	1371	1344	2.407088339328766	35.6010467822661	50.2743927309073	28.890055	-14.710636	6047.7827	6659.0	7353.7007	-694.70068359375
europe	34	loss	gt	148	15983	173	1344	2.4157039284706117	62.4180740471628	40.3345706014771	98.789825	-96.96938	2433.3755	31082.0	30559.236	522.763671875
europe	34	loss	gt	148	37355	1057	1344	2.4157039284706117	32.832613018423	40.7615058176402	23.847761	-13.393721	5336.345	9743.0	6053.1973	3689.802734375
europe	34	loss	gt	148	43446	1155	1344	2.4157039284706117	25.9054927209075	45.3589646855665	11.93595	-1.3887749	5126.1978	3230.0	2095.9666	1134.033447265625
europe	34	loss	gt	149	45375	74	1344	2.4069403489430745	21.598471361526	43.97108699993	9.651997	1.4484539	4725.772	772.0	1380.4915	-608.491455078125
europe	34	loss	gt	149	15915	151	1344	2.4069403489430745	59.3069361560849	39.2473733392294	101.47972	-100.01163	2570.8728	31182.0	31328.174	-146.173828125
europe	34	loss	gt	149	13311	1260	1344	2.4069403489430745	56.8270916787538	41.2321179994376	112.63199	-111.89171	1799.3518	34337.0	34941.746	-604.74609375
europe	34	loss	gt	150	43194	77	1344	2.4126267472902936	25.5557370855677	48.6053276985609	20.817692	-8.243319	5791.8643	3463.0	4907.818	-1444.81787109375
europe	34	loss	gt	150	32832	78	1344	2.4126267472902936	24.8995352132847	48.1993834424793	43.312244	-32.881374	7447.223	14194.0	12296.626	1897.3740234375
europe	34	loss	gt	150	28249	1313	1344	2.4126267472902936	32.7649030066147	56.159177070352	57.13612	-49.370293	7848.6655	18764.0	16867.357	1896.642578125
europe	34	loss	gt	151	7545	854	1344	2.406348439057668	56.3078206356851	37.261691177706	136.53273	-139.02426	1451.8442	41549.0	42964.523	-1415.5234375
europe	34	loss	gt	151	13364	994	1344	2.406348439057668	61.6563299266632	39.7557306847815	114.41858	-114.44096	1336.241	34274.0	35667.242	-1393.2421875
europe	34	loss	gt	151	662	1148	1344	2.406348439057668	31.4255014545364	27.2482540535701	153.89803	-158.48422	813.73865	50169.0	48666.547	1502.453125
europe	34	loss	gt	152	39294	320	1344	2.4130226413408917	36.2669084513797	36.0387990755195	21.523758	-12.750474	4966.9326	7884.0	5293.4004	2590.599609375
europe	34	loss	gt	152	42223	963	1344	2.4130226413408917	36.4372207373313	53.3505022604425	23.4765	-14.919866	6599.319	4593.0	5941.1445	-1348.14453125
europe	34	loss	gt	152	1966	1105	1344	2.4130226413408917	38.3177228207161	32.4063163490027	150.28433	-154.80344	1163.7522	48549.0	47440.156	1108.84375
europe	34	loss	gt	153	39048	448	1344	2.4068936030069987	41.9103769608567	56.125429836423	23.54982	-16.057037	6849.5596	8120.0	6125.539	1994.4609375
europe	34	loss	gt	153	16154	856	1344	2.4068936030069987	59.3564117759157	42.7224979339758	103.04236	-103.17503	2338.2227	30850.0	32085.43	-1235.4296875
europe	34	loss	gt	153	36594	885	1344	2.4068936030069987	34.1901837027177	37.1124268866459	49.553505	-44.52911	6630.0474	10432.0	14618.468	-4186.4677734375
europe	34	loss	gt	154	42669	547	1344	2.4144034504890444	6.54313912383471	47.7275377326661	20.709906	-6.0539594	5991.931	4038.0	4790.854	-752.85400390625
europe	34	loss	gt	154	34661	806	1344	2.4144034504890444	17.414942885102	45.8871413905391	58.855667	-48.941776	8629.545	12330.0	17590.455	-5260.455078125
europe	34	loss	gt	154	4846	989	1344	2.4144034504890444	46.4881626169771	30.194267068512	139.94994	-142.41829	932.00134	44984.0	44359.35	624.6484375
europe	34	loss	gt	155	20948	55	1344	2.4062945445378623	61.0452502026229	41.247497380909	87.14984	-83.64469	3409.9712	25750.0	26675.518	-925.517578125
europe	34	loss	gt	155	2632	579	1344	2.4062945445378623	36.1171512270578	30.5095523127043	148.3544	-151.38039	526.8935	47737.0	46713.117	1023.8828125
europe	34	loss	gt	155	19930	1000	1344	2.4062945445378623	58.6965425167801	42.0992245069716	90.01651	-86.812195	3479.6316	26804.0	27612.723	-808.72265625
europe	34	loss	gt	156	7059	641	1344	1.4061622579892477	54.994972398733	33.7536917636554	136.64844	-138.17233	1419.3119	42198.0	42001.434	196.56640625
europe	34	loss	gt	156	31687	723	1344	1.4061622579892477	24.2497935355566	48.2806196046203	56.075356	-50.900375	8334.4	15327.0	16369.156	-1042.15625
europe	34	loss	gt	156	11571	1125	1344	1.4061622579892477	60.6484192834436	42.5253993632515	121.22832	-121.442635	920.5326	36527.0	37091.105	-564.10546875
europe	34	loss	gt	157	31990	39	1344	1.3992474555969239	31.7764999414903	37.0935610273014	57.7779	-52.71518	7055.051	15051.0	17429.084	-2378.083984375
europe	34	loss	gt	157	5233	190	1344	1.3992474555969239	51.0563139082162	32.7423576490274	137.03549	-139.64922	1067.5406	44494.0	43429.723	1064.27734375
europe	34	loss	gt	157	15266	576	1344	1.3992474555969239	56.9657711014203	39.8791722696806	101.95466	-101.306335	2752.0146	31919.0	31853.21	65.7890625
europe	34	loss	gt	158	3713	653	1344	2.4056422392527264	41.0333292626671	27.8456173082805	144.5079	-146.55885	785.9407	46376.0	44912.04	1463.9609375
europe	34	loss	gt	158	10373	1229	1344	2.4056422392527264	58.4547185638735	37.9600726675478	122.92403	-123.03313	1133.7749	37977.0	37951.855	25.14453125
europe	34	loss	gt	158	43843	1436	1344	2.4056422392527264	20.0081182311982	44.4642927367197	16.031303	-6.6720715	5405.376	2798.0	3628.4883	-830.48828125
europe	34	loss	gt	159	27128	664	1344	2.407938309510549	30.8350475716694	37.1438354244306	64.25351	-58.577614	7214.4434	19825.0	19114.295	710.705078125
europe	34	loss	gt	159	4575	1161	1344	2.407938309510549	48.6810376510369	30.7102838103088	137.82166	-139.38704	1056.689	45339.0	43245.855	2093.14453125
europe	34	loss	gt	159	13958	1389	1344	2.407938309510549	63.2368051174839	39.8877263615298	106.74754	-105.12444	1778.0087	33596.0	33025.145	570.85546875
europe	34	loss	gt	160	27092	181	1344	2.401373291015625	13.279498056327	48.6147719617215	78.082436	-71.69781	9219.924	19857.0	23770.885	-3913.884765625
europe	34	loss	gt	160	30881	406	1344	2.401373291015625	35.5586041588105	38.6768635103388	51.696434	-41.093056	6328.472	16148.0	15344.808	803.1923828125
europe	34	loss	gt	160	2553	796	1344	2.401373291015625	35.4662122597621	30.950359701343	150.20146	-155.15273	850.3574	47840.0	47619.445	220.5546875
europe	34	loss	gt	161	22492	142	1344	2.4146114667256673	58.1130418103818	58.5084095824631	87.463104	-83.36121	3771.1582	24309.0	26957.352	-2648.3515625
europe	34	loss	gt	161	44327	392	1344	2.4146114667256673	21.0444906934616	43.4516609053944	12.401133	2.0639572	4497.642	2261.0	1717.0035	543.9964599609375
europe	34	loss	gt	161	41214	1478	1344	2.4146114667256673	15.2131672520337	50.0232486144787	25.77115	-9.461383	6256.542	5825.0	6063.8467	-238.8466796875
europe	34	loss	gt	162	40119	592	1344	2.398784534136454	28.4879130881388	39.4271351182437	29.049593	-20.416435	5766.5103	7042.0	7717.681	-675.68115234375
europe	34	loss	gt	162	4644	652	1344	2.398784534136454	46.0611702950947	30.7628379456362	141.78548	-144.47287	956.40686	45254.0	44511.105	742.89453125
europe	34	loss	gt	162	39411	982	1344	2.398784534136454	18.5671534585249	48.217221763526	39.51648	-31.976036	7884.075	7749.0	11133.282	-3384.2822265625
europe	34	loss	gt	163	757	563	1344	2.4070359746615093	30.7754270728005	30.6471272103514	158.06187	-161.96915	1593.4421	50063.0	49249.066	813.93359375
europe	34	loss	gt	163	41470	1142	1344	2.4070359746615093	37.1542945728673	40.5454081356031	11.207832	-2.190844	5141.8154	5531.0	1991.1161	3539.8839111328125
europe	34	loss	gt	163	45222	1216	1344	2.4070359746615093	25.4752692332846	51.736295690497	18.918968	-11.193195	6462.939	1084.0	4272.4316	-3188.431640625
europe	34	loss	gt	164	31027	50	1344	2.40334757566452	40.654809711974	38.5596711926523	65.00774	-59.699333	6339.5166	16013.0	19493.252	-3480.251953125
europe	34	loss	gt	164	13089	935	1344	2.40334757566452	62.5283503166919	41.1291299401891	116.73824	-116.4591	1132.5408	34608.0	36254.348	-1646.34765625
europe	34	loss	gt	164	10507	1460	1344	2.40334757566452	64.0019468154059	40.0674629753703	129.25044	-130.21286	1580.4426	37816.0	40307.645	-2491.64453125
europe	34	loss	gt	165	41313	144	1344	2.40219167470932	4.80797535025713	49.2673216487665	29.671825	-22.691422	8001.8813	5712.0	7866.6646	-2154.66455078125
europe	34	loss	gt	165	20539	886	1344	2.40219167470932	46.4053968087398	59.4993332181671	80.32292	-77.18103	5668.6284	26178.0	24511.172	1666.828125
europe	34	loss	gt	165	15055	907	1344	2.40219167470932	62.4028714369929	40.2103860171529	102.470474	-101.15593	2152.6323	32203.0	31730.934	472.06640625
europe	34	loss	gt	166	14272	127	1344	2.398375662167867	61.8856509411336	38.6600325100636	105.10132	-103.622375	2050.2473	33245.0	32478.44	766.560546875
europe	34	loss	gt	166	45213	881	1344	2.398375662167867	9.09269698519931	48.111734678735	4.625527	4.858355	4797.9263	1111.0	-160.87764	1271.8776397705078
europe	34	loss	gt	166	35263	945	1344	2.398375662167867	19.6657023178323	47.1973300625315	38.44938	-30.414043	7610.1304	11735.0	10754.916	980.083984375
europe	34	loss	gt	167	22359	192	1344	3.410145922501882	42.5840605965465	60.0374123068403	75.29446	-68.61825	6390.259	24433.0	22463.527	1969.47265625
europe	34	loss	gt	167	34414	570	1344	3.410145922501882	33.1088803381016	37.349615078195	54.2508	-42.542015	6454.686	12592.0	15521.166	-2929.166015625
europe	34	loss	gt	167	12144	1049	1344	3.410145922501882	63.2071605465268	41.39359804092	115.71369	-113.113365	1251.085	35705.0	36291.98	-586.98046875
europe	34	loss	gt	168	19665	892	1344	1.4035903771718343	60.8720035188695	37.3545823484321	96.5268	-96.52824	2781.1003	27058.0	29610.193	-2552.193359375
europe	34	loss	gt	168	11940	897	1344	1.4035903771718343	62.0952978896213	42.5594658006239	116.43805	-118.045906	994.2145	35961.0	36057.32	-96.3203125
europe	34	loss	gt	168	36567	1169	1344	1.4035903771718343	36.1164318722046	61.8178483016446	30.191101	-19.216215	7349.3403	10438.0	8054.9785	2383.021484375
europe	34	loss	gt	169	15914	390	1344	2.4039480368296307	56.8191714729376	40.8432472231931	97.530266	-95.73275	3128.7288	31190.0	30395.824	794.17578125
europe	34	loss	gt	169	25640	634	1344	2.4039480368296307	43.4078826553694	60.5387094102209	62.901833	-57.83628	7001.7446	21322.0	18973.566	2348.43359375
europe	34	loss	gt	169	16714	1468	1344	2.4039480368296307	62.8044918380455	38.9420999539146	99.9143	-98.391525	2327.0818	30175.0	31189.713	-1014.712890625
europe	34	loss	gt	170	42784	0	1344	2.4104887723922728	30.5757413717946	53.605454360429	12.361058	-1.8890619	6024.025	3867.0	2406.951	1460.049072265625
europe	34	loss	gt	170	26883	343	1344	2.4104887723922728	42.1041608790044	58.5091373689058	74.23813	-70.84788	6542.4473	20080.0	22412.389	-2332.388671875
europe	34	loss	gt	170	16824	845	1344	2.4104887723922728	60.7617543494149	40.673952082659	93.63669	-92.269455	2989.05	30033.0	28711.96	1321.0390625
europe	34	loss	gt	171	13832	433	1344	3.4015143712361655	63.0728218484587	38.9683294245531	105.86047	-105.279015	1851.2239	33774.0	32571.209	1202.791015625
europe	34	loss	gt	171	13625	798	1344	3.4015143712361655	55.2724158938497	39.9769156195283	112.54703	-112.516106	1965.3661	33999.0	34728.89	-729.890625
europe	34	loss	gt	171	26228	1113	1344	3.4015143712361655	34.1629281184942	40.6155647501478	72.18629	-68.53573	7022.496	20779.0	21715.115	-936.115234375
europe	34	loss	gt	172	26104	405	1344	2.4094284653663633	13.2940033039108	45.712868944195	63.772346	-57.00067	9294.931	20875.0	18936.693	1938.306640625
europe	34	loss	gt	172	35562	410	1344	2.4094284653663633	32.1750205572851	37.9767035694312	38.759842	-21.448	5337.497	11444.0	10626.966	817.0341796875
europe	34	loss	gt	172	25903	478	1344	2.4094284653663633	58.3748875359266	57.5739147778461	61.058197	-53.69721	5473.489	21066.0	18030.361	3035.638671875
europe	34	loss	gt	173	40497	823	1344	1.400670595963796	31.8575362851525	53.7799289354838	24.648563	-14.470963	6626.1953	6626.0	6128.453	497.546875
europe	34	loss	gt	173	36795	1082	1344	1.400670595963796	37.869088964092	53.8793459495037	30.02501	-20.111008	6703.5386	10212.0	7850.6924	2361.3076171875
europe	34	loss	gt	173	44121	1449	1344	1.400670595963796	16.8906543926279	53.2052033201914	10.400388	-0.11638069	5790.587	2464.0	1584.031	879.968994140625
europe	34	loss	gt	174	6194	377	1344	3.4103723247845967	51.7061618445837	30.9944740657641	132.12259	-133.5861	1183.0936	43295.0	41831.34	1463.66015625
europe	34	loss	gt	174	21523	480	1344	3.4103723247845967	59.8753022123124	40.521159883505	86.305435	-82.99375	3591.3694	25226.0	26639.879	-1413.87890625
europe	34	loss	gt	174	27254	1176	1344	3.4103723247845967	22.2267896488306	49.2454394192187	50.6267	-41.937492	8197.544	19690.0	14850.723	4839.27734375
europe	34	loss	gt	175	17182	887	1344	2.403887951374054	63.4318248005469	40.6419466400989	95.03091	-92.851456	2598.7864	29601.0	29029.125	571.875
europe	34	loss	gt	175	30628	1101	1344	2.403887951374054	19.9999146702859	42.5722911864245	42.172173	-33.52613	7407.027	16406.0	12269.96	4136.0400390625
europe	34	loss	gt	175	20502	1163	1344	2.403887951374054	34.2300775456642	40.1295789065805	91.24986	-88.49332	6115.2236	26212.0	27851.293	-1639.29296875
europe	34	loss	gt	176	45421	75	1344	2.4053526560465497	24.4122074309691	45.4209638593931	9.265278	3.274455	4767.1123	647.0	933.5641	-286.5640869140625
europe	34	loss	gt	176	14765	164	1344	2.4053526560465497	60.5397473844716	42.0173981855466	107.657	-106.33211	1882.385	32632.0	33623.492	-991.4921875
europe	34	loss	gt	176	4822	317	1344	2.4053526560465497	47.3937570850007	33.0908647036868	138.96579	-141.35303	833.8415	45011.0	44055.188	955.8125
europe	34	loss	gt	177	18696	428	1344	2.4139786084493	59.573754541568	41.7851858594318			0.0	27992.0		
europe	34	loss	gt	177	19780	567	1344	2.4139786084493	63.0590638681136	37.874708850906			0.0	26938.0		
europe	34	loss	gt	177	740	1353	1344	2.4139786084493	34.0547844550215	28.3765750637495			0.0	50088.0		
europe	34	loss	gt	178	7475	401	1344	2.4058563629786174	55.0014380737887	33.558636663864			0.0	41651.0		
europe	34	loss	gt	178	16822	643	1344	2.4058563629786174	60.0189140307335	42.0094046227588			0.0	30035.0		
europe	34	loss	gt	178	3405	1461	1344	2.4058563629786174	43.4968773047329	31.48616267721			0.0	46801.0		
europe	34	loss	gt	179	8161	1	1344	2.4119257887204486	58.2851504133887	37.3355221812401	136.62352	-138.51302	1682.416	40760.0	43106.344	-2346.34375
europe	34	loss	gt	179	33840	81	1344	2.4119257887204486	7.18802290457899	45.0622865262629	41.40994	-31.143536	8330.62	13148.0	11778.178	1369.822265625
europe	34	loss	gt	179	9545	248	1344	2.4119257887204486	62.9626838585148	37.3743516396984	126.71826	-127.804886	1377.472	39001.0	39849.61	-848.609375
europe	34	loss	gt	180	44914	553	1344	2.4013641675313315	-1.69797350046527	43.4870136963918	13.708186	-4.852318	5595.505	1567.0	2778.927	-1211.927001953125
europe	34	loss	gt	180	35200	555	1344	2.4013641675313315	28.976316622087	38.3631881911043	35.08393	-27.79079	6160.0503	11812.0	9761.484	2050.515625
europe	34	loss	gt	180	17737	1123	1344	2.4013641675313315	61.1548410181021	37.6906565651635	88.44683	-86.83777	3308.124	28914.0	27701.188	1212.8125
europe	34	loss	gt	181	24993	89	1344	2.4091143091519673	-4.40613192465563	42.0905433590082	73.19766	-67.88707	11108.936	21936.0	22318.154	-382.154296875
europe	34	loss	gt	181	37029	235	1344	2.4091143091519673	21.4294386735337	41.0923782893246	36.24845	-27.871748	6777.8706	9999.0	10175.2	-176.2001953125
europe	34	loss	gt	181	26280	1058	1344	2.4091143091519673	33.7595735290507	38.6906925690582	62.6791	-56.54507	6970.133	20721.0	18860.504	1860.49609375
europe	34	loss	gt	182	31033	29	1344	1.4049039403597514	48.5840576058792	58.1755922832443	50.66581	-44.78883	6774.421	15996.0	14790.282	1205.7177734375
europe	34	loss	gt	182	2211	218	1344	1.4049039403597514	40.9532003045595	30.8271981900136	152.24048	-155.17873	1566.1831	48238.0	47773.184	464.81640625
europe	34	loss	gt	182	45212	1366	1344	1.4049039403597514	14.7522265813415	45.0712086480875	10.930443	-2.8632088	5204.9854	1113.0	2013.3647	-900.36474609375
europe	34	loss	gt	183	12701	1306	1344	2.410451924800873	56.7532834803045	41.4275291577571	116.135025	-115.62622	1478.3802	35010.0	36596.758	-1586.7578125
europe	34	loss	gt	183	28941	1451	1344	2.410451924800873	3.59381872665867	49.1696012211861	63.348755	-55.34168	10365.474	18027.0	19237.615	-1210.615234375
europe	34	loss	gt	183	17266	1493	1344	2.410451924800873	58.0714640047758	39.3395024009256	102.31431	-100.859825	2632.5461	29457.0	31928.334	-2471.333984375
europe	34	loss	gt	184	20592	274	1344	2.4012678543726604	34.3148374670825	54.9236298001832	84.71681	-82.096504	6629.64	26113.0	25636.824	476.17578125
europe	34	loss	gt	184	43414	586	1344	2.4012678543726604	27.1982220115312	52.5920855481778	16.052446	-2.8976474	5822.5522	3249.0	3570.8718	-321.871826171875
europe	34	loss	gt	184	42271	1007	1344	2.4012678543726604	35.5392483357796	57.4499557379712	21.71324	-7.5680413	6416.1875	4531.0	5396.013	-865.01318359375
europe	34	loss	gt	185	28164	213	1344	2.4067294875780743	39.3629225603072	61.1367871818932			0.0	18852.0		
europe	34	loss	gt	185	34665	407	1344	2.4067294875780743	38.2506382735253	39.8182639708879			0.0	12344.0		
europe	34	loss	gt	185	31981	1185	1344	2.4067294875780743	34.1043784907203	58.1761898570745			0.0	15046.0		
europe	34	loss	gt	186	39491	54	1344	2.4040896773338316	27.5982562115173	37.8982926757366	27.478394	-5.4196515	4248.3022	7658.0	6920.3105	737.689453125
europe	34	loss	gt	186	16192	621	1344	2.4040896773338316	60.6989902670106	41.8148063393039	98.767746	-94.02234	2639.7273	30812.0	30649.268	162.732421875
europe	34	loss	gt	186	13977	1071	1344	2.4040896773338316	63.6404435551483	40.4927592044979	106.76271	-105.46838	1713.1508	33590.0	33238.816	351.18359375
europe	34	loss	gt	187	40282	291	1344	2.4055848399798077	39.1123631194603	38.7114538388479	43.895004	-34.68342	5930.2803	6882.0	12671.195	-5789.1953125
europe	34	loss	gt	187	27450	601	1344	2.4055848399798077	37.4883240740428	37.9568069242113	57.557117	-50.7195	6497.8145	19513.0	17056.295	2456.705078125
europe	34	loss	gt	187	11795	1165	1344	2.4055848399798077	55.2829584966413	40.9056618460683	123.55417	-124.415726	923.1702	36199.0	38469.53	-2270.53125
europe	34	loss	gt	188	21148	42	1344	2.4037885149319966	39.0041408761055	39.4789314523057	82.68911	-79.35866	6092.4614	25578.0	25438.549	139.451171875
europe	34	loss	gt	188	879	232	1344	2.4037885149319966	30.7888060344485	29.461786006543	156.2098	-161.6734	1346.434	49926.0	49789.8	136.19921875
europe	34	loss	gt	188	36732	904	1344	2.4037885149319966	53.4183808556011	58.4179889948536	39.92491	-29.751774	6449.0405	10260.0	11103.517	-843.5166015625
europe	34	loss	gt	189	9216	864	1344	2.4017933011054993	58.2362875940656	39.8108098643162	123.2833	-123.53178	1007.366	39400.0	38561.254	838.74609375
europe	34	loss	gt	189	19304	1018	1344	2.4017933011054993	57.0716807419964	41.4443610492389	89.05485	-86.546585	3726.968	27428.0	27372.988	55.01171875
europe	34	loss	gt	189	31711	1277	1344	2.4017933011054993	40.826686557346	38.5658576528322	68.73819	-65.2065	6343.3574	15313.0	20785.693	-5472.693359375
europe	34	loss	gt	190	12058	283	1344	2.4094842672348022	58.342926105727	39.9310888990195	111.80661	-109.87255	1835.1036	35839.0	34875.758	963.2421875
europe	34	loss	gt	190	8036	363	1344	2.4094842672348022	57.7001713114432	36.1813972947105	121.49444	-119.8463	1403.8253	40909.0	38093.55	2815.44921875
europe	34	loss	gt	190	45194	1220	1344	2.4094842672348022	23.6822676753375	52.0646671226942	30.45348	-14.938366	6583.046	1135.0	8267.751	-7132.7509765625
europe	34	loss	gt	191	39596	568	1344	2.4036986033121743	34.8319494397667	41.2398710321346	41.158028	-31.245329	6206.102	7566.0	11643.23	-4077.23046875
europe	34	loss	gt	191	82	1064	1344	2.4036986033121743	34.3505503496327	31.2196883823516	160.01558	-165.71053	2307.8706	50941.0	50781.1	159.8984375
europe	34	loss	gt	191	34660	1070	1344	2.4036986033121743	37.9887255938278	39.6080174060643	39.829445	-29.337965	5814.35	12350.0	11235.96	1114.0400390625
europe	34	loss	gt	192	26436	102	1344	3.403637953599294	53.1676587766249	58.6339152661211	74.60376	-71.10096	5330.4927	20531.0	22401.184	-1870.18359375
europe	34	loss	gt	192	35472	540	1344	3.403637953599294	27.3353617988876	38.1445077645009	35.6284	-25.982504	6045.4185	11542.0	9978.144	1563.8564453125
europe	34	loss	gt	192	30258	589	1344	3.403637953599294	38.8778990181847	36.234486950712	54.80804	-47.15066	6185.0786	16818.0	16161.866	656.1337890625
europe	34	loss	gt	193	33452	47	1344	2.399238073825836	36.1373264105501	35.8984581334306	39.99923	-27.66819	5461.9966	13553.0	11097.871	2455.12890625
europe	34	loss	gt	193	20597	61	1344	2.399238073825836	60.3947800792774	39.1190504756941	83.39379	-80.492256	3705.2627	26101.0	25833.777	267.22265625
europe	34	loss	gt	193	42386	917	1344	2.399238073825836	12.5448011197309	47.1940554992364	26.72331	-13.918958	6532.0854	4400.0	6617.689	-2217.68896484375
europe	34	loss	gt	194	28669	525	1344	3.4106551011403403	55.229601632786	53.705212476366	65.9388	-57.695614	5370.743	18346.0	19466.326	-1120.326171875
europe	34	loss	gt	194	16900	949	1344	3.4106551011403403	59.0106487684159	42.3557388218522	100.50995	-97.569824	2649.7927	29948.0	31176.158	-1228.158203125
europe	34	loss	gt	194	9714	1276	1344	3.4106551011403403	63.8980442252859	40.692829502533	127.73702	-127.589516	1460.4639	38770.0	40287.098	-1517.09765625
europe	34	loss	gt	195	556	52	1344	2.4041390140851338	31.2321855425901	29.4304509513911	157.60907	-161.08253	1431.9752	50324.0	50045.824	278.17578125
europe	34	loss	gt	195	44835	1290	1344	2.4041390140851338	23.146539533713	50.9927645895674	9.125647	1.5824277	5474.048	1679.0	1183.9548	495.045166015625
europe	34	loss	gt	195	22453	1308	1344	2.4041390140851338	37.4449155903754	37.9005559501422	88.585365	-85.67639	5931.87	24353.0	27326.268	-2973.267578125
europe	34	loss	gt	196	4947	133	1344	3.401354757944743	46.0408924823327	31.6672860958789	142.70264	-145.28894	1004.3712	44869.0	45007.707	-138.70703125
europe	34	loss	gt	196	4462	472	1344	3.401354757944743	43.9210528129717	28.8977237929689	146.97862	-150.25159	1214.2346	45469.0	46443.723	-974.72265625
europe	34	loss	gt	196	9667	928	1344	3.401354757944743	61.686927207425	41.526692587458	120.9615	-120.68733	1017.6671	38826.0	37806.426	1019.57421875
europe	34	loss	gt	197	14519	573	1344	2.4016589244206745	57.6901578233017	41.2786383471522	104.515114	-103.4443	2439.924	32962.0	32426.379	535.62109375
europe	34	loss	gt	197	17592	703	1344	2.4016589244206745	56.7116023392319	39.2130882767337	92.744354	-90.503174	3513.4575	29074.0	28514.41	559.58984375
europe	34	loss	gt	197	38991	1293	1344	2.4016589244206745	58.1429932740103	59.2705148759607	44.933384	-29.360786	5837.262	8174.0	12477.156	-4303.15625
europe	34	loss	gt	198	10674	110	1344	3.4042202631632485	61.1614747768148	39.5717103118537			0.0	37590.0		
europe	34	loss	gt	198	15888	1100	1344	3.4042202631632485	63.5405049639875	39.6453966011067			0.0	31215.0		
europe	34	loss	gt	198	6732	1168	1344	3.4042202631632485	53.4577631920256	34.113456442868			0.0	42598.0		
europe	34	loss	gt	199	6147	999	1344	2.405694929758708	49.853083857359	33.5420982090327	139.76793	-142.5372	1112.8551	43352.0	43732.37	-380.37109375
europe	34	loss	gt	199	7895	1162	1344	2.405694929758708	60.115203299472	35.9201305577435	140.49973	-143.3491	2292.8423	41083.0	43970.13	-2887.12890625
europe	34	loss	gt	199	7957	1292	1344	2.405694929758708	55.1846608797319	38.6617937878971	126.030396	-127.342026	910.5158	41004.0	39265.902	1738.09765625
europe	34	loss	gt	200	11950	8	1344	2.4004581809043883	59.6498465939826	38.7230626139012	114.58014	-115.80299	1441.8485	35937.0	36280.387	-343.38671875
europe	34	loss	gt	200	10235	645	1344	2.4004581809043883	58.8990656166834	38.4988968269542	120.04759	-121.96401	1107.1023	38143.0	38120.535	22.46484375
europe	34	loss	gt	200	9262	1490	1344	2.4004581809043883	60.5081633794321	37.8160283278491	125.38156	-128.04454	1064.056	39344.0	39916.137	-572.13671875
europe	34	loss	gt	201	35228	322	1344	2.4055213888486224	30.5051906947228	38.3395566723547	49.292236	-33.75603	6239.539	11784.0	14668.737	-2884.7373046875
europe	34	loss	gt	201	11604	528	1344	2.4055213888486224	58.5235181269203	41.2672015907782	116.203545	-117.74505	1261.124	36471.0	36844.918	-373.91796875
europe	34	loss	gt	201	42955	955	1344	2.4055213888486224	10.5381467807338	53.581863956666	9.8360405	3.2178125	5506.459	3701.0	1339.3135	2361.6865234375
europe	34	loss	gt	202	9026	84	1344	2.4030901829401654	57.6153776992761	42.3468903969066	124.24285	-125.14634	789.98236	39682.0	38609.74	1072.26171875
europe	34	loss	gt	202	16025	842	1344	2.4030901829401654	62.5666765553205	39.6329281366042	96.09204	-94.510445	2620.6162	31035.0	29481.693	1553.306640625
europe	34	loss	gt	202	42048	1467	1344	2.4030901829401654	42.8311957397087	54.9727254244871	18.521168	-8.186613	6449.2646	4798.0	4095.0066	702.993408203125
