sim	exp	nam	typ	cro	sta	end	gro	ind	idx	snp	run	true_lat	true_lon	pred_lat	pred_lon	diff_space	true_tim	pred_tim	diff_time
AADR	2	general	gt	2	120000000	130000000	0	I13840	26	4168	4.4269274234771725	40.671111	20.984722	49.02230453491211	15.505128860473633	1023.4998	6102.0	3700.2548828125	2401.7451171875
AADR	2	general	gt	2	120000000	130000000	0	I15969	827	4168	4.4269274234771725	18.451	-69.686	167.2950439453125	95.91898345947266	1667.9858	995.0	2608.405029296875	-1613.405029296875
AADR	2	general	gt	2	120000000	130000000	0	DA13_noUDG.SG	2131	4168	4.4269274234771725	49.060646	75.5032	51.64398193359375	79.34918975830078	396.09265	2568.0	3378.232666015625	-810.232666015625
AADR	2	general	gt	2	120000000	130000000	1	s19_X20_1_noUDG.SG	1189	4168	3.4184208075205484	59.4308	24.9089	33.428836822509766	61.11196517944336	3917.5305	2787.0	2770.424072265625	16.575927734375
AADR	2	general	gt	2	120000000	130000000	1	CR-01_noUDG.SG	4163	4168	3.4184208075205484	34.003611	-119.726389	33.74665451049805	-84.00426483154297	3280.9639	1017.0	2668.798095703125	-1651.798095703125
AADR	2	general	gt	2	120000000	130000000	1	R11833.SG	4740	4168	3.4184208075205484	40.5938	8.2045	50.51332092285156	74.87922668457031	5126.3086	1639.0	4120.60888671875	-2481.60888671875
AADR	2	general	gt	2	120000000	130000000	2	MA974_noUDG.SG	1217	4168	3.4209400335947673	59.45	28.08	54.5172119140625	19.922195434570312	737.3172	5586.0	3632.240234375	1953.759765625
AADR	2	general	gt	2	120000000	130000000	2	I12410	3547	4168	3.4209400335947673	41.3616	1.6694	44.94335174560547	14.582454681396484	1119.1224	2375.0	2757.705078125	-382.705078125
AADR	2	general	gt	2	120000000	130000000	2	I1369	4239	4168	3.4209400335947673	-17.786	168.37	47.533817291259766	23.072528839111328	15447.8545	2885.0	4976.47509765625	-2091.47509765625
AADR	2	general	gt	2	120000000	130000000	3	MIB075	606	4168	4.414283088843027	49.992004	15.776861	38.43284225463867	17.492801666259766	1292.4807	3866.0	2749.17724609375	1116.82275390625
AADR	2	general	gt	2	120000000	130000000	3	PN13.SG	1808	4168	4.414283088843027	53.04866	-9.140049	50.46379470825195	9.28328800201416	1296.347	5572.0	2423.35009765625	3148.64990234375
AADR	2	general	gt	2	120000000	130000000	3	C1639	4399	4168	4.414283088843027	43.83	82.72	50.24187088012695	3.955487012863159	5728.528	3491.0	3007.457275390625	483.542724609375
AADR	2	general	gt	2	120000000	130000000	4	I24259	1582	4168	4.419531738758087	13.519983	144.806559	21.41320037841797	137.71090698242188	1155.6573	708.0	1862.331298828125	-1154.331298828125
AADR	2	general	gt	2	120000000	130000000	4	I4262	2202	4168	4.419531738758087	48.78176667	76.45303333	42.32384490966797	34.77913284301758	3280.0703	3743.0	3169.6357421875	573.3642578125
AADR	2	general	gt	2	120000000	130000000	4	C3315	4354	4168	4.419531738758087	43.8	82.51	43.57749938964844	79.62295532226562	233.43652	2038.0	2230.88671875	-192.88671875
AADR	2	general	gt	2	120000000	130000000	5	gun012_noUDG.SG	261	4168	2.414742040634155	28.268611	-16.605556	50.43267059326172	7.717451572418213	3202.3633	1324.0	3742.737548828125	-2418.737548828125
AADR	2	general	gt	2	120000000	130000000	5	VLI011	521	4168	2.414742040634155	50.365945	14.446606	53.58721160888672	18.92525291442871	471.40805	4718.0	4087.55859375	630.44140625
AADR	2	general	gt	2	120000000	130000000	5	C783	4395	4168	2.414742040634155	43.6	82.62	57.291168212890625	50.88959884643555	2675.7139	939.0	4566.66943359375	-3627.66943359375
AADR	2	general	gt	2	120000000	130000000	6	FNO007	2967	4168	3.425429403781891	52.048428	106.766261	47.33356475830078	19.769315719604492	5894.632	7742.0	6402.9150390625	1339.0849609375
AADR	2	general	gt	2	120000000	130000000	6	EHU001	3480	4168	3.425429403781891	42.419214	-3.484745	51.731529235839844	8.430474281311035	1369.9628	4121.0	3423.019287109375	697.980712890625
AADR	2	general	gt	2	120000000	130000000	6	CCH289_noUDG.SG	3924	4168	3.425429403781891	37.6661	32.8257	46.80801010131836	20.349613189697266	1441.7357	8661.0	5750.26318359375	2910.73681640625
AADR	2	general	gt	2	120000000	130000000	7	I14813	125	4168	5.426617296536763	40.783	43.95	46.014625549316406	17.259056091308594	2221.878	3945.0	4000.101806640625	-55.101806640625
AADR	2	general	gt	2	120000000	130000000	7	XJS1309_M4_noUDG	314	4168	5.426617296536763	36.5	117.0	45.574642181396484	93.17821502685547	2226.6177	7827.0	3124.23291015625	4702.76708984375
AADR	2	general	gt	2	120000000	130000000	7	VK506_noUDG.SG	1199	4168	5.426617296536763	58.17	22.25	48.171730041503906	25.947010040283203	1138.302	1237.0	3833.23193359375	-2596.23193359375
AADR	2	general	gt	2	120000000	130000000	8	I13726	1111	4168	3.4165539542833963	51.357334	-2.988282	48.787235260009766	17.130125045776367	1459.0632	2133.0	2208.377197265625	-75.377197265625
AADR	2	general	gt	2	120000000	130000000	8	scy300_noUDG.SG	2463	4168	3.4165539542833963	46.6684	29.8001	43.36044692993164	7.001100063323975	1822.7042	2250.0	2459.84521484375	-209.84521484375
AADR	2	general	gt	2	120000000	130000000	8	Ash128_noUDG.SG	3901	4168	3.4165539542833963	38.3482	34.2303	44.1802978515625	22.48461151123047	1174.7886	10018.0	5148.05859375	4869.94140625
AADR	2	general	gt	2	120000000	130000000	9	DA112_noUDG.SG	686	4168	3.4242120385169983	50.5099972	14.05	41.56977081298828	68.8446044921875	4242.4346	2507.0	2760.017333984375	-253.017333984375
AADR	2	general	gt	2	120000000	130000000	9	I13896	1160	4168	3.4242120385169983	51.861211	-1.883011	55.707340240478516	9.312437057495117	849.36017	5486.0	3955.7939453125	1530.2060546875
AADR	2	general	gt	2	120000000	130000000	9	Chaudardes1_noUDG	1233	4168	3.4242120385169983	49.24	3.46	44.91320037841797	28.863340377807617	1972.6987	8218.0	7482.95849609375	735.04150390625
AADR	2	general	gt	2	120000000	130000000	10	VPR001	737	4168	3.422314981619517	50.155159	14.318068	45.93952941894531	16.320964813232422	491.78412	4756.0	3738.826416015625	1017.173583984375
AADR	2	general	gt	2	120000000	130000000	10	I8550	770	4168	3.422314981619517	18.44	-69.64	19.587535858154297	-69.78913879394531	128.55971	1272.0	1532.5086669921875	-260.5086669921875
AADR	2	general	gt	2	120000000	130000000	10	SCH016	1393	4168	3.422314981619517	49.39	8.57	48.73349380493164	18.63235855102539	736.21295	7091.0	4946.318359375	2144.681640625
AADR	2	general	gt	2	120000000	130000000	11	GBVPO.SG	1273	4168	4.423128573099772	43.14915	3.060582	44.409278869628906	18.7517032623291	1265.5402	3598.0	4171.833984375	-573.833984375
AADR	2	general	gt	2	120000000	130000000	11	JpKo13.SG	2101	4168	4.423128573099772	35.72088	139.96344	27.57769203186035	136.4913787841797	963.0745	3917.0	3152.342041015625	764.657958984375
AADR	2	general	gt	2	120000000	130000000	11	I8999	2698	4168	4.423128573099772	34.75146111	72.40193611	35.16602325439453	70.9061508178711	143.89493	2813.0	2430.33837890625	382.66162109375
AADR	2	general	gt	2	120000000	130000000	12	OTTM_154_noUDG	1496	4168	3.423322339852651	48.22519	10.84977	50.164833068847656	18.15778160095215	572.85077	3709.0	4858.634765625	-1149.634765625
AADR	2	general	gt	2	120000000	130000000	12	I3788	2210	4168	3.423322339852651	42.68943333	73.11748333	50.4915771484375	19.499046325683594	4094.5002	3536.0	4850.89501953125	-1314.89501953125
AADR	2	general	gt	2	120000000	130000000	12	TAF010_noUDG	2632	4168	3.423322339852651	34.807812	-2.410889	47.338993072509766	18.600460052490234	2233.3857	14649.0	6524.5380859375	8124.4619140625
AADR	2	general	gt	2	120000000	130000000	13	IAG001	2536	4168	3.41803662776947	46.12105	91.571833	47.035301208496094	13.133188247680664	5729.5474	4466.0	4119.30517578125	346.69482421875
AADR	2	general	gt	2	120000000	130000000	13	I12906	2663	4168	3.41803662776947	51.557	3.598	40.12500762939453	32.504486083984375	2550.5425	2210.0	2645.07080078125	-435.07080078125
AADR	2	general	gt	2	120000000	130000000	13	I6252	3636	4168	3.41803662776947	21.070453	30.664028	31.814979553222656	24.769207000732422	1330.4224	1155.0	1760.8641357421875	-605.8641357421875
AADR	2	general	gt	2	120000000	130000000	14	IO2	186	4168	5.422838366031646	-17.9634243	-67.1522097	156.6911163330078	99.72061920166016	4805.6157	985.0	2840.859130859375	-1855.859130859375
AADR	2	general	gt	2	120000000	130000000	14	I14327	930	4168	5.422838366031646	54.12647222	-0.287966667	49.74506759643555	18.478607177734375	1370.6534	2081.0	3709.406005859375	-1628.406005859375
AADR	2	general	gt	2	120000000	130000000	14	C3622	4480	4168	5.422838366031646	37.07	80.19	46.73311233520508	91.80027770996094	1438.3771	1789.0	3413.362548828125	-1624.362548828125
AADR	2	general	gt	2	120000000	130000000	15	I12783	944	4168	3.4147783478101092	51.697969	-1.692092	44.573726654052734	13.139891624450684	1351.9711	2599.0	3539.1533203125	-940.1533203125
AADR	2	general	gt	2	120000000	130000000	15	I16819	1566	4168	3.4147783478101092	13.519983	144.806559	45.18197250366211	32.228275299072266	10628.376	2518.0	3733.62255859375	-1215.62255859375
AADR	2	general	gt	2	120000000	130000000	15	I3262	2714	4168	3.4147783478101092	34.74319444	72.31421667	40.12833786010742	78.9671859741211	838.3118	2844.0	3086.167724609375	-242.167724609375
AADR	2	general	gt	2	120000000	130000000	16	MX258	1520	4168	3.4251049041748045	47.767097	8.872239	43.22417068481445	46.927364349365234	2977.8438	3917.0	3396.65283203125	520.34716796875
AADR	2	general	gt	2	120000000	130000000	16	I2514	1739	4168	3.4251049041748045	36.15444444	54.38361111	40.73399353027344	70.84663391113281	1518.6525	4347.0	2358.57275390625	1988.42724609375
AADR	2	general	gt	2	120000000	130000000	16	C1679.SG	4429	4168	3.4251049041748045	42.45	81.5	51.00676345825195	87.46818542480469	1053.7699	2250.0	3011.018310546875	-761.018310546875
AADR	2	general	gt	2	120000000	130000000	17	ANI153	246	4168	4.42310851017634	43.2131	27.8644	42.38827133178711	23.112886428833008	398.29816	6434.0	5602.779296875	831.220703125
AADR	2	general	gt	2	120000000	130000000	17	Burkhardtshohle_noUDG	1357	4168	4.42310851017634	48.32	9.35	52.655364990234375	33.60178756713867	1772.6647	14620.0	5166.07373046875	9453.92626953125
AADR	2	general	gt	2	120000000	130000000	17	BK-1653_noUDG	4286	4168	4.42310851017634	42.948	24.4302	109.99694061279297	133.03257751464844	4885.54	34948.0	15126.83984375	19821.16015625
AADR	2	general	gt	2	120000000	130000000	18	N17_noUDG.SG	2795	4168	4.4151105483373	52.66	18.88	44.67963790893555	33.07887649536133	1364.8677	3850.0	2744.912109375	1105.087890625
AADR	2	general	gt	2	120000000	130000000	18	BIY003	3153	4168	4.4151105483373	54.99	73.37	46.22926712036133	1.4316887855529785	4936.8154	2230.0	3350.769775390625	-1120.769775390625
AADR	2	general	gt	2	120000000	130000000	18	C1699	4293	4168	4.4151105483373	48.06	86.42	44.567955017089844	25.887081146240234	4544.2617	4200.0	5307.029296875	-1107.029296875
AADR	2	general	gt	2	120000000	130000000	19	irk061_noUDG.SG	3072	4168	4.425575502713522	53.9695	105.8412	55.84808349609375	102.1445083618164	315.32022	4341.0	4439.36181640625	-98.36181640625
AADR	2	general	gt	2	120000000	130000000	19	RA44	3789	4168	4.425575502713522	47.262067	7.659835	48.00518035888672	1.6135735511779785	460.39764	4828.0	5526.58251953125	-698.58251953125
AADR	2	general	gt	2	120000000	130000000	19	KPM-23.SG	4780	4168	4.425575502713522	46.74644	19.44128	41.88658142089844	48.14153289794922	2332.3914	1228.0	2632.8447265625	-1404.8447265625
AADR	2	general	gt	2	120000000	130000000	20	TU874_SX8	3747	4168	4.421812701225281	47.2266239	8.8184374	47.95319747924805	20.147043228149414	852.62604	4573.0	3517.293212890625	1055.706787109375
AADR	2	general	gt	2	120000000	130000000	20	C1673	4347	4168	4.421812701225281	43.08	81.52	42.564632415771484	75.10770416259766	525.97	2229.0	2449.3349609375	-220.3349609375
AADR	2	general	gt	2	120000000	130000000	20	C387_noUDG	4470	4168	4.421812701225281	36.97	79.94	37.58930206298828	63.302825927734375	1471.6854	1651.0	2533.642822265625	-882.642822265625
AADR	2	general	gt	2	120000000	130000000	21	XN180	1407	4168	4.4242084940274555	48.78	9.18	87.65785217285156	64.91472625732422	4441.113	7068.0	3159.31494140625	3908.68505859375
AADR	2	general	gt	2	120000000	130000000	21	I0172	1513	4168	4.4242084940274555	51.42	11.68	42.23917007446289	8.192956924438477	1054.4458	5155.0	3172.313720703125	1982.686279296875
AADR	2	general	gt	2	120000000	130000000	21	TOP004	4605	4168	4.4242084940274555	-2.28	121.78	38.07893371582031	105.44245147705078	4791.747	386.0	4852.67626953125	-4466.67626953125
AADR	2	general	gt	2	120000000	130000000	22	MJ-40_noUDG.SG	2997	4168	4.431373115380605	52.532722	58.490389	48.759727478027344	7.7164835929870605	3529.6792	2254.0	5080.71728515625	-2826.71728515625
AADR	2	general	gt	2	120000000	130000000	22	I2636	3327	4168	4.431373115380605	59.35	-2.873	42.0086784362793	12.39385986328125	2196.0574	5397.0	3380.533203125	2016.466796875
AADR	2	general	gt	2	120000000	130000000	22	R10341.SG	4652	4168	4.431373115380605	42.2542	11.7576	48.271690368652344	18.709867477416992	861.67993	2054.0	2902.13525390625	-848.13525390625
AADR	2	general	gt	2	120000000	130000000	23	I3348	1720	4168	3.4187716603279115	30.24720461	79.73739624	43.962284088134766	27.36531639099121	4800.4097	126.0	4224.7451171875	-4098.7451171875
AADR	2	general	gt	2	120000000	130000000	23	I1853	3102	4168	3.4187716603279115	53.87313333	91.46046667	59.50523376464844	-1.451368808746338	5236.6924	3484.0	5424.30029296875	-1940.30029296875
AADR	2	general	gt	2	120000000	130000000	23	Ash131_noUDG.SG	3898	4168	3.4187716603279115	38.3482	34.2303	58.96819305419922	38.413978576660156	2312.2495	9888.0	5815.55029296875	4072.44970703125
AADR	2	general	gt	2	120000000	130000000	24	I1657	74	4168	3.4297831416130067	40.39075	43.89106667	37.110694885253906	41.598350524902344	415.35602	5123.0	4206.23681640625	916.76318359375
AADR	2	general	gt	2	120000000	130000000	24	I18498_noUDG	1571	4168	3.4297831416130067	13.519983	144.806559	54.43878173828125	9.608231544494629	11362.248	2742.0	3110.970947265625	-368.970947265625
AADR	2	general	gt	2	120000000	130000000	24	bab001.SG	3418	4168	3.4297831416130067	-29.533333	31.216667	18.971590042114258	12.556451797485352	5752.6416	2037.0	5900.75927734375	-3863.75927734375
AADR	2	general	gt	2	120000000	130000000	25	I4280_noUDG	1787	4168	3.413542918364207	37.005	45.459	45.618431091308594	71.8976821899414	2392.6865	2737.0	3203.63134765625	-466.63134765625
AADR	2	general	gt	2	120000000	130000000	25	I4247	3471	4168	3.413542918364207	40.426	-3.535	48.046512603759766	13.156702995300293	1571.698	4302.0	3070.9921875	1231.0078125
AADR	2	general	gt	2	120000000	130000000	25	LAV012	3630	4168	3.413542918364207	14.091	-60.926	45.32072830200195	20.799699783325195	8257.415	602.0	4535.81298828125	-3933.81298828125
AADR	2	general	gt	2	120000000	130000000	26	I2029	1422	4168	3.4204551339149476	51.89583333	11.04666667	48.6986198425293	76.23184967041016	4486.8926	7100.0	2972.300048828125	4127.699951171875
AADR	2	general	gt	2	120000000	130000000	26	KBO001	2160	4168	3.4204551339149476	50.18	76.91	38.18977737426758	145.15838623046875	5403.4287	2297.0	4751.5068359375	-2454.5068359375
AADR	2	general	gt	2	120000000	130000000	26	I0581_d	3485	4168	3.4204551339149476	42.33333333	-3.5	47.27848815917969	27.259523391723633	2471.0037	4746.0	6044.88525390625	-1298.88525390625
AADR	2	general	gt	2	120000000	130000000	27	I5502	925	4168	3.4207942485809326	53.916717	-0.666972	52.303443908691406	33.08041763305664	2238.2715	2054.0	2943.00146484375	-889.00146484375
AADR	2	general	gt	2	120000000	130000000	27	irk022_noUDG.SG	2927	4168	3.4207942485809326	52.9943	103.4209	57.0803108215332	110.13179779052734	623.3693	4251.0	5475.6982421875	-1224.6982421875
AADR	2	general	gt	2	120000000	130000000	27	CBT005	3915	4168	3.4207942485809326	40.019745	34.586129	33.0753288269043	46.28984451293945	1297.853	5415.0	2455.978759765625	2959.021240234375
AADR	2	general	gt	2	120000000	130000000	28	DA35_noUDG.SG	114	4168	3.4148890217145285	40.52027778	44.93083333	49.216468811035156	84.76757049560547	3242.719	3259.0	3543.698486328125	-284.698486328125
AADR	2	general	gt	2	120000000	130000000	28	I14809	1113	4168	3.4148890217145285	51.75	-0.99	47.16552734375	5.437014579772949	689.15533	2199.0	3460.9140625	-1261.9140625
AADR	2	general	gt	2	120000000	130000000	28	R11543.SG	4712	4168	3.4148890217145285	40.6885	43.8493	51.3682861328125	24.768251419067383	1882.3695	1468.0	4108.20751953125	-2640.20751953125
AADR	2	general	gt	2	120000000	130000000	29	I19328	112	4168	4.421915888786316	40.416667	45.2	46.28609085083008	14.494909286499023	2549.4502	2809.0	1787.10009765625	1021.89990234375
AADR	2	general	gt	2	120000000	130000000	29	I7968	790	4168	4.421915888786316	19.24	-69.2	158.8104248046875	104.46443176269531	695.65125	1015.0	1789.0380859375	-774.0380859375
AADR	2	general	gt	2	120000000	130000000	29	I14096	995	4168	4.421915888786316	54.3955	-1.614	51.925567626953125	2.5086045265197754	388.4305	1973.0	3002.301025390625	-1029.301025390625
AADR	2	general	gt	2	120000000	130000000	30	KYZ001	2243	4168	3.415421501795451	50.42	75.91	50.1096076965332	56.669639587402344	1364.2238	2475.0	3355.251708984375	-880.251708984375
AADR	2	general	gt	2	120000000	130000000	30	Mezmaiskaya2_noUDG.SG	2448	4168	3.415421501795451	44.166667	40.0	81.82563781738281	175.36148071289062	5770.5303	43449.0	21639.400390625	21809.599609375
AADR	2	general	gt	2	120000000	130000000	30	C3341	4364	4168	3.415421501795451	43.8	82.51	55.395938873291016	85.29085540771484	1304.6199	4671.0	3505.253173828125	1165.746826171875
AADR	2	general	gt	2	120000000	130000000	31	I18801_d	229	4168	3.424693588415782	42.514	26.571056	53.36757278442383	15.465245246887207	1459.4841	4775.0	6403.99267578125	-1628.99267578125
AADR	2	general	gt	2	120000000	130000000	31	Syltholm1.SG	4287	4168	3.424693588415782	54.623	11.458	45.72108840942383	15.128904342651367	1023.4265	5746.0	5337.31982421875	408.68017578125
AADR	2	general	gt	2	120000000	130000000	31	R3662.SG	4777	4168	3.424693588415782	45.467293	13.506565	51.020652770996094	4.152894496917725	926.65906	1360.0	2789.955810546875	-1429.955810546875
