sim	exp	nam	typ	cro	sta	end	gro	ind	idx	snp	run	true_lat	true_lon	pred_lat	pred_lon	diff_space	true_tim	pred_tim	diff_time
AADR	2	general	gt	2	110000000	120000000	0	I13840	26	3438	4.473219712575276	40.671111	20.984722	39.72092819213867	5.912951469421387	1282.8931	6102.0	2684.064697265625	3417.935302734375
AADR	2	general	gt	2	110000000	120000000	0	I15969	827	3438	4.473219712575276	18.451	-69.686	24.467683792114258	-74.55729675292969	837.474	995.0	1414.117431640625	-419.117431640625
AADR	2	general	gt	2	110000000	120000000	0	DA13_noUDG.SG	2131	3438	4.473219712575276	49.060646	75.5032	61.988121032714844	34.04884338378906	2908.972	2568.0	4896.9716796875	-2328.9716796875
AADR	2	general	gt	2	110000000	120000000	1	s19_X20_1_noUDG.SG	1189	3438	4.460382882754008	59.4308	24.9089	49.82966613769531	44.053436279296875	1619.9114	2787.0	3995.321044921875	-1208.321044921875
AADR	2	general	gt	2	110000000	120000000	1	CR-01_noUDG.SG	4163	3438	4.460382882754008	34.003611	-119.726389	7.510491371154785	-62.663818359375	6523.7183	1017.0	611.4492797851562	405.55072021484375
AADR	2	general	gt	2	110000000	120000000	1	R11833.SG	4740	3438	4.460382882754008	40.5938	8.2045	41.78812026977539	9.964303970336914	198.28474	1639.0	2962.310302734375	-1323.310302734375
AADR	2	general	gt	2	110000000	120000000	2	MA974_noUDG.SG	1217	3438	3.445819063981374	59.45	28.08	52.72508239746094	88.0091552734375	3659.38	5586.0	3980.94677734375	1605.05322265625
AADR	2	general	gt	2	110000000	120000000	2	I12410	3547	3438	3.445819063981374	41.3616	1.6694	46.67312240600586	16.933252334594727	1352.8674	2375.0	2922.937744140625	-547.937744140625
AADR	2	general	gt	2	110000000	120000000	2	I1369	4239	3438	3.445819063981374	-17.786	168.37	46.97439956665039	45.40863037109375	13924.47	2885.0	3502.870361328125	-617.870361328125
AADR	2	general	gt	2	110000000	120000000	3	MIB075	606	3438	4.422796010971069	49.992004	15.776861	49.42104721069336	30.90034294128418	1087.5212	3866.0	4691.35546875	-825.35546875
AADR	2	general	gt	2	110000000	120000000	3	PN13.SG	1808	3438	4.422796010971069	53.04866	-9.140049	47.23846435546875	25.472543716430664	2522.6648	5572.0	2998.232666015625	2573.767333984375
AADR	2	general	gt	2	110000000	120000000	3	C1639	4399	3438	4.422796010971069	43.83	82.72	48.6438102722168	20.590354919433594	4674.984	3491.0	3997.285400390625	-506.285400390625
AADR	2	general	gt	2	110000000	120000000	4	I24259	1582	3438	3.434007124106089	13.519983	144.806559	35.31441879272461	131.1641082763672	2782.4338	708.0	3842.584716796875	-3134.584716796875
AADR	2	general	gt	2	110000000	120000000	4	I4262	2202	3438	3.434007124106089	48.78176667	76.45303333	52.92338943481445	12.362850189208984	4371.214	3743.0	3670.1806640625	72.8193359375
AADR	2	general	gt	2	110000000	120000000	4	C3315	4354	3438	3.434007124106089	43.8	82.51	49.093841552734375	45.499420166015625	2865.9956	2038.0	4522.59765625	-2484.59765625
AADR	2	general	gt	2	110000000	120000000	5	gun012_noUDG.SG	261	3438	3.429152778784434	28.268611	-16.605556	56.73440170288086	35.081459045410156	5107.49	1324.0	5415.51416015625	-4091.51416015625
AADR	2	general	gt	2	110000000	120000000	5	VLI011	521	3438	3.429152778784434	50.365945	14.446606	43.4595947265625	52.03980255126953	2922.721	4718.0	3432.4755859375	1285.5244140625
AADR	2	general	gt	2	110000000	120000000	5	C783	4395	3438	3.429152778784434	43.6	82.62	38.47491455078125	71.43658447265625	1096.1031	939.0	2781.0244140625	-1842.0244140625
AADR	2	general	gt	2	110000000	120000000	6	FNO007	2967	3438	3.4374875903129576	52.048428	106.766261	15.483214378356934	127.62869262695312	4464.8384	7742.0	2470.939453125	5271.060546875
AADR	2	general	gt	2	110000000	120000000	6	EHU001	3480	3438	3.4374875903129576	42.419214	-3.484745	43.254215240478516	12.429834365844727	1298.9987	4121.0	3399.970458984375	721.029541015625
AADR	2	general	gt	2	110000000	120000000	6	CCH289_noUDG.SG	3924	3438	3.4374875903129576	37.6661	32.8257	54.19522476196289	19.065507888793945	2115.3308	8661.0	4884.7587890625	3776.2412109375
AADR	2	general	gt	2	110000000	120000000	7	I14813	125	3438	3.433681619167328	40.783	43.95	54.15290069580078	-5.609313011169434	3914.5173	3945.0	3947.499267578125	-2.499267578125
AADR	2	general	gt	2	110000000	120000000	7	XJS1309_M4_noUDG	314	3438	3.433681619167328	36.5	117.0	40.74877166748047	31.663301467895508	7120.684	7827.0	3953.869384765625	3873.130615234375
AADR	2	general	gt	2	110000000	120000000	7	VK506_noUDG.SG	1199	3438	3.433681619167328	58.17	22.25	47.38520050048828	14.886482238769531	1295.6532	1237.0	3653.4658203125	-2416.4658203125
AADR	2	general	gt	2	110000000	120000000	8	I13726	1111	3438	3.4257373174031573	51.357334	-2.988282	46.607486724853516	-3.441481828689575	529.1905	2133.0	3830.154541015625	-1697.154541015625
AADR	2	general	gt	2	110000000	120000000	8	scy300_noUDG.SG	2463	3438	3.4257373174031573	46.6684	29.8001	55.88749694824219	8.348791122436523	1798.3755	2250.0	6175.8251953125	-3925.8251953125
AADR	2	general	gt	2	110000000	120000000	8	Ash128_noUDG.SG	3901	3438	3.4257373174031573	38.3482	34.2303	51.13924026489258	19.694791793823242	1820.8837	10018.0	3957.94873046875	6060.05126953125
AADR	2	general	gt	2	110000000	120000000	9	DA112_noUDG.SG	686	3438	3.4319869756698607	50.5099972	14.05	48.7374153137207	44.471961975097656	2184.7463	2507.0	3926.792724609375	-1419.792724609375
AADR	2	general	gt	2	110000000	120000000	9	I13896	1160	3438	3.4319869756698607	51.861211	-1.883011	48.411651611328125	15.59368896484375	1299.6346	5486.0	4706.95458984375	779.04541015625
AADR	2	general	gt	2	110000000	120000000	9	Chaudardes1_noUDG	1233	3438	3.4319869756698607	49.24	3.46	54.31005859375	16.377016067504883	1050.0355	8218.0	5187.34228515625	3030.65771484375
AADR	2	general	gt	2	110000000	120000000	10	VPR001	737	3438	3.426335108280182	50.155159	14.318068	47.68126678466797	9.924688339233398	422.6351	4756.0	3728.76953125	1027.23046875
AADR	2	general	gt	2	110000000	120000000	10	I8550	770	3438	3.426335108280182	18.44	-69.64	18.39775848388672	-66.82848358154297	296.64526	1272.0	1069.712890625	202.287109375
AADR	2	general	gt	2	110000000	120000000	10	SCH016	1393	3438	3.426335108280182	49.39	8.57	50.94697189331055	72.65055084228516	4420.5127	7091.0	4177.556640625	2913.443359375
AADR	2	general	gt	2	110000000	120000000	11	GBVPO.SG	1273	3438	3.437192106246948	43.14915	3.060582	38.5229377746582	5.611528396606445	557.30676	3598.0	3241.052734375	356.947265625
AADR	2	general	gt	2	110000000	120000000	11	JpKo13.SG	2101	3438	3.437192106246948	35.72088	139.96344	37.49116516113281	133.80592346191406	583.677	3917.0	3481.5478515625	435.4521484375
AADR	2	general	gt	2	110000000	120000000	11	I8999	2698	3438	3.437192106246948	34.75146111	72.40193611	43.20830154418945	25.34153175354004	4118.5503	2813.0	3213.892822265625	-400.892822265625
AADR	2	general	gt	2	110000000	120000000	12	OTTM_154_noUDG	1496	3438	4.438256120681762	48.22519	10.84977	41.58827209472656	45.1434326171875	2774.282	3709.0	3369.436279296875	339.563720703125
AADR	2	general	gt	2	110000000	120000000	12	I3788	2210	3438	4.438256120681762	42.68943333	73.11748333	42.32391357421875	33.02252960205078	3255.5718	3536.0	3419.0947265625	116.9052734375
AADR	2	general	gt	2	110000000	120000000	12	TAF010_noUDG	2632	3438	4.438256120681762	34.807812	-2.410889	48.79783248901367	57.71548080444336	5077.497	14649.0	11536.0595703125	3112.9404296875
AADR	2	general	gt	2	110000000	120000000	13	IAG001	2536	3438	4.435756285985311	46.12105	91.571833	49.74258804321289	112.52601623535156	1606.3889	4466.0	3536.386474609375	929.613525390625
AADR	2	general	gt	2	110000000	120000000	13	I12906	2663	3438	4.435756285985311	51.557	3.598	44.674503326416016	9.790475845336914	892.0191	2210.0	5128.091796875	-2918.091796875
AADR	2	general	gt	2	110000000	120000000	13	I6252	3636	3438	4.435756285985311	21.070453	30.664028	47.64261245727539	14.865927696228027	3276.7825	1155.0	2719.103515625	-1564.103515625
AADR	2	general	gt	2	110000000	120000000	14	IO2	186	3438	4.434796305497487	-17.9634243	-67.1522097	15.675607681274414	-71.41653442382812	3769.5508	985.0	1284.46337890625	-299.46337890625
AADR	2	general	gt	2	110000000	120000000	14	I14327	930	3438	4.434796305497487	54.12647222	-0.287966667	39.226810455322266	29.308420181274414	2767.151	2081.0	2086.835205078125	-5.835205078125
AADR	2	general	gt	2	110000000	120000000	14	C3622	4480	3438	4.434796305497487	37.07	80.19	45.69778823852539	81.09163665771484	962.2923	1789.0	3729.618896484375	-1940.618896484375
AADR	2	general	gt	2	110000000	120000000	15	I12783	944	3438	4.427324863274892	51.697969	-1.692092	46.585933685302734	17.306127548217773	1488.8229	2599.0	4117.576171875	-1518.576171875
AADR	2	general	gt	2	110000000	120000000	15	I16819	1566	3438	4.427324863274892	13.519983	144.806559	38.037471771240234	45.73339080810547	9859.138	2518.0	4826.92578125	-2308.92578125
AADR	2	general	gt	2	110000000	120000000	15	I3262	2714	3438	4.427324863274892	34.74319444	72.31421667	34.71803665161133	82.0174789428711	886.3868	2844.0	2171.427978515625	672.572021484375
AADR	2	general	gt	2	110000000	120000000	16	MX258	1520	3438	4.435087235768636	47.767097	8.872239	52.334991455078125	10.798626899719238	526.1685	3917.0	4361.1337890625	-444.1337890625
AADR	2	general	gt	2	110000000	120000000	16	I2514	1739	3438	4.435087235768636	36.15444444	54.38361111	27.605655670166016	49.26376724243164	1065.9854	4347.0	1693.5081787109375	2653.4918212890625
AADR	2	general	gt	2	110000000	120000000	16	C1679.SG	4429	3438	4.435087235768636	42.45	81.5	46.2818489074707	56.27020263671875	2041.0918	2250.0	3235.099853515625	-985.099853515625
AADR	2	general	gt	2	110000000	120000000	17	ANI153	246	3438	3.434940993785858	43.2131	27.8644	34.98112487792969	18.79180908203125	1202.9928	6434.0	2925.784423828125	3508.215576171875
AADR	2	general	gt	2	110000000	120000000	17	Burkhardtshohle_noUDG	1357	3438	3.434940993785858	48.32	9.35	28.490135192871094	54.235252380371094	4404.9307	14620.0	3066.061767578125	11553.938232421875
AADR	2	general	gt	2	110000000	120000000	17	BK-1653_noUDG	4286	3438	3.434940993785858	42.948	24.4302	106.90166473388672	112.4301986694336	5545.6797	34948.0	14488.94140625	20459.05859375
AADR	2	general	gt	2	110000000	120000000	18	N17_noUDG.SG	2795	3438	3.4246739864349367	52.66	18.88	57.4078483581543	26.27817726135254	707.01154	3850.0	4859.80908203125	-1009.80908203125
AADR	2	general	gt	2	110000000	120000000	18	BIY003	3153	3438	3.4246739864349367	54.99	73.37	44.41730499267578	17.498733520507812	4066.1877	2230.0	3397.392822265625	-1167.392822265625
AADR	2	general	gt	2	110000000	120000000	18	C1699	4293	3438	3.4246739864349367	48.06	86.42	43.961219787597656	83.19573974609375	519.23254	4200.0	3036.469482421875	1163.530517578125
AADR	2	general	gt	2	110000000	120000000	19	irk061_noUDG.SG	3072	3438	3.43611520131429	53.9695	105.8412	48.05827713012695	106.54710388183594	659.14136	4341.0	4319.21142578125	21.78857421875
AADR	2	general	gt	2	110000000	120000000	19	RA44	3789	3438	3.43611520131429	47.262067	7.659835	36.006324768066406	52.29464340209961	3855.1946	4828.0	3824.384765625	1003.615234375
AADR	2	general	gt	2	110000000	120000000	19	KPM-23.SG	4780	3438	3.43611520131429	46.74644	19.44128	45.851890563964844	15.801098823547363	296.7813	1228.0	2952.162109375	-1724.162109375
AADR	2	general	gt	2	110000000	120000000	20	TU874_SX8	3747	3438	3.427063016096751	47.2266239	8.8184374	48.23486328125	22.28722381591797	1012.2445	4573.0	6636.890625	-2063.890625
AADR	2	general	gt	2	110000000	120000000	20	C1673	4347	3438	3.427063016096751	43.08	81.52	51.73789978027344	30.19603729248047	3894.05	2229.0	3807.783447265625	-1578.783447265625
AADR	2	general	gt	2	110000000	120000000	20	C387_noUDG	4470	3438	3.427063016096751	36.97	79.94	39.69776153564453	69.46385192871094	962.07935	1651.0	2835.112548828125	-1184.112548828125
AADR	2	general	gt	2	110000000	120000000	21	XN180	1407	3438	3.4336840828259785	48.78	9.18	46.57398223876953	24.617921829223633	1179.361	7068.0	4455.845703125	2612.154296875
AADR	2	general	gt	2	110000000	120000000	21	I0172	1513	3438	3.4336840828259785	51.42	11.68	41.45185852050781	9.66716194152832	1118.9712	5155.0	3805.769775390625	1349.230224609375
AADR	2	general	gt	2	110000000	120000000	21	TOP004	4605	3438	3.4336840828259785	-2.28	121.78	55.575775146484375	115.70845031738281	6457.082	386.0	4989.7333984375	-4603.7333984375
AADR	2	general	gt	2	110000000	120000000	22	MJ-40_noUDG.SG	2997	3438	3.4344213962554933	52.532722	58.490389	46.2934684753418	6.809483528137207	3719.411	2254.0	3611.66943359375	-1357.66943359375
AADR	2	general	gt	2	110000000	120000000	22	I2636	3327	3438	3.4344213962554933	59.35	-2.873	37.39299392700195	33.25966262817383	3540.0215	5397.0	5284.47509765625	112.52490234375
AADR	2	general	gt	2	110000000	120000000	22	R10341.SG	4652	3438	3.4344213962554933	42.2542	11.7576	41.70320129394531	12.635222434997559	94.95521	2054.0	3133.92724609375	-1079.92724609375
AADR	2	general	gt	2	110000000	120000000	23	I3348	1720	3438	3.422196598847707	30.24720461	79.73739624	48.565486907958984	33.59496307373047	4370.901	126.0	3622.451416015625	-3496.451416015625
AADR	2	general	gt	2	110000000	120000000	23	I1853	3102	3438	3.422196598847707	53.87313333	91.46046667	55.07889938354492	-0.7983922958374023	5508.1094	3484.0	5906.080078125	-2422.080078125
AADR	2	general	gt	2	110000000	120000000	23	Ash131_noUDG.SG	3898	3438	3.422196598847707	38.3482	34.2303	49.40232467651367	34.56666946411133	1229.4546	9888.0	5223.38037109375	4664.61962890625
AADR	2	general	gt	2	110000000	120000000	24	I1657	74	3438	3.5566760698954263	40.39075	43.89106667	54.893150329589844	14.244695663452148	2711.3972	5123.0	4763.08740234375	359.91259765625
AADR	2	general	gt	2	110000000	120000000	24	I18498_noUDG	1571	3438	3.5566760698954263	13.519983	144.806559	51.20750045776367	18.519939422607422	11149.523	2742.0	4629.197265625	-1887.197265625
AADR	2	general	gt	2	110000000	120000000	24	bab001.SG	3418	3438	3.5566760698954263	-29.533333	31.216667	43.35757064819336	28.316370010375977	8110.4985	2037.0	3904.3955078125	-1867.3955078125
AADR	2	general	gt	2	110000000	120000000	25	I4280_noUDG	1787	3438	4.4196518937746685	37.005	45.459	41.25593948364258	33.94832992553711	1098.4147	2737.0	5289.0869140625	-2552.0869140625
AADR	2	general	gt	2	110000000	120000000	25	I4247	3471	3438	4.4196518937746685	40.426	-3.535	41.8919677734375	6.9720869064331055	893.9961	4302.0	2467.6875	1834.3125
AADR	2	general	gt	2	110000000	120000000	25	LAV012	3630	3438	4.4196518937746685	14.091	-60.926	46.124717712402344	52.97282791137695	10625.466	602.0	3112.0078125	-2510.0078125
AADR	2	general	gt	2	110000000	120000000	26	I2029	1422	3438	3.4309961636861166	51.89583333	11.04666667	40.64874267578125	20.145851135253906	1430.3508	7100.0	4013.1591796875	3086.8408203125
AADR	2	general	gt	2	110000000	120000000	26	KBO001	2160	3438	3.4309961636861166	50.18	76.91	38.74550247192383	112.06949615478516	3029.9104	2297.0	3607.542236328125	-1310.542236328125
AADR	2	general	gt	2	110000000	120000000	26	I0581_d	3485	3438	3.4309961636861166	42.33333333	-3.5	44.40366744995117	26.636465072631836	2433.045	4746.0	4460.7685546875	285.2314453125
AADR	2	general	gt	2	110000000	120000000	27	I5502	925	3438	3.432102040449778	53.916717	-0.666972	54.43708419799805	4.606220245361328	347.94028	2054.0	4359.9228515625	-2305.9228515625
AADR	2	general	gt	2	110000000	120000000	27	irk022_noUDG.SG	2927	3438	3.432102040449778	52.9943	103.4209	51.96628952026367	107.17979431152344	279.0006	4251.0	4840.1611328125	-589.1611328125
AADR	2	general	gt	2	110000000	120000000	27	CBT005	3915	3438	3.432102040449778	40.019745	34.586129	58.456825256347656	14.222102165222168	2506.0002	5415.0	4433.427734375	981.572265625
AADR	2	general	gt	2	110000000	120000000	28	DA35_noUDG.SG	114	3438	3.4184279918670653	40.52027778	44.93083333	54.84950256347656	30.532236099243164	1915.4751	3259.0	3310.77001953125	-51.77001953125
AADR	2	general	gt	2	110000000	120000000	28	I14809	1113	3438	3.4184279918670653	51.75	-0.99	47.00410461425781	13.517403602600098	1172.5997	2199.0	4235.59765625	-2036.59765625
AADR	2	general	gt	2	110000000	120000000	28	R11543.SG	4712	3438	3.4184279918670653	40.6885	43.8493	46.37358856201172	40.849613189697266	676.69214	1468.0	2749.171630859375	-1281.171630859375
AADR	2	general	gt	2	110000000	120000000	29	I19328	112	3438	3.4266796112060547	40.416667	45.2	47.567012786865234	14.778974533081055	2541.2031	2809.0	3558.63330078125	-749.63330078125
AADR	2	general	gt	2	110000000	120000000	29	I7968	790	3438	3.4266796112060547	19.24	-69.2	14.270421981811523	-72.20592498779297	638.5205	1015.0	1428.2427978515625	-413.2427978515625
AADR	2	general	gt	2	110000000	120000000	29	I14096	995	3438	3.4266796112060547	54.3955	-1.614	48.04015350341797	7.170111656188965	933.3181	1973.0	3772.923583984375	-1799.923583984375
AADR	2	general	gt	2	110000000	120000000	30	KYZ001	2243	3438	3.419537583986918	50.42	75.91	54.73249816894531	72.7801742553711	523.9663	2475.0	4689.4697265625	-2214.4697265625
AADR	2	general	gt	2	110000000	120000000	30	Mezmaiskaya2_noUDG.SG	2448	3438	3.419537583986918	44.166667	40.0	190.5465087890625	293.240234375	9524.017	43449.0	44348.359375	-899.359375
AADR	2	general	gt	2	110000000	120000000	30	C3341	4364	3438	3.419537583986918	43.8	82.51	56.31240463256836	91.20260620117188	1520.6372	4671.0	6365.974609375	-1694.974609375
AADR	2	general	gt	2	110000000	120000000	31	I18801_d	229	3438	4.430475223064422	42.514	26.571056	43.118892669677734	78.66621398925781	4179.275	4775.0	3193.045166015625	1581.954833984375
AADR	2	general	gt	2	110000000	120000000	31	Syltholm1.SG	4287	3438	4.430475223064422	54.623	11.458	48.457035064697266	26.148555755615234	1221.9343	5746.0	5984.328125	-238.328125
AADR	2	general	gt	2	110000000	120000000	31	R3662.SG	4777	3438	4.430475223064422	45.467293	13.506565	49.44197082519531	18.494796752929688	579.3872	1360.0	3248.704833984375	-1888.704833984375
AADR	2	general	gt	2	110000000	120000000	32	I2928	1747	3438	3.4300915877024334	36.15444444	54.38361111	41.852840423583984	3.359081745147705	4389.21	4625.0	4313.92822265625	311.07177734375
AADR	2	general	gt	2	110000000	120000000	32	I4438	2373	3438	3.4300915877024334	56.2833	25.1333	57.362709045410156	17.100980758666992	502.95074	7248.0	5316.3935546875	1931.6064453125
AADR	2	general	gt	2	110000000	120000000	32	R3665.SG	4751	3438	3.4300915877024334	43.524984	16.252825	50.225982666015625	-2.8916544914245605	1628.3752	1780.0	2546.067626953125	-766.067626953125
