sim	exp	nam	typ	gro	ind	idx	snp	run	true_lat	true_lon	pred_lat	pred_lon	diff_space	true_tim	pred_tim	diff_time
AADR	2	window	gt	0	KNE003	554	3784	2.4253599445025125	50.119278	14.267059	53.21634	22.607882	669.8176	3971.0	3318.8938	652.106201171875
AADR	2	window	gt	0	I15978	834	3784	2.4253599445025125	18.451	-69.686	52.329395	0.27890003	7040.0493	959.0	2985.1294	-2026.12939453125
AADR	2	window	gt	0	I10266	1872	3784	2.4253599445025125	32.58472222	35.01694444	36.83691	23.05305	1190.2584	3462.0	2339.1875	1122.8125
AADR	2	window	gt	1	I13710	1011	3784	2.4203037937482197	51.3603	1.3405	52.584454	17.864347	1137.5012	3252.0	76.33499	3175.665008544922
AADR	2	window	gt	1	I20071	2468	3784	2.4203037937482197	46.963223	28.708454	46.922115	16.372528	935.5389	2749.0	68.81907	2680.1809310913086
AADR	2	window	gt	1	TU905_SX18	3757	3784	2.4203037937482197	47.45	9.292	48.13408	14.300265	381.7144	2032.0	68.621605	1963.3783950805664
AADR	2	window	gt	2	NE20_noUDG	307	3784	2.4248211781183877	45.4	127.03	49.578556	12.573687	7705.113	33592.0	47.58296	33544.417041778564
AADR	2	window	gt	2	C794	4296	3784	2.4248211781183877	48.06	86.42	53.249012	18.299566	4652.2397	4498.0	55.285492	4442.714508056641
AADR	2	window	gt	2	C818	4448	3784	2.4248211781183877	38.27	85.33	47.724064	13.84112	5698.466	2190.0	47.193768	2142.8062324523926
AADR	2	window	gt	3	I8809	2290	3784	2.4174249450365703	0.458	36.709	48.65254	17.316582	5672.541	2967.0	58.375156	2908.624843597412
AADR	2	window	gt	3	STB002	3181	3784	2.4174249450365703	53.15	106.05	56.26529	25.105688	4905.873	6587.0	72.28577	6514.7142333984375
AADR	2	window	gt	3	ASZK-1.SG	4782	3784	2.4174249450365703	47.63244	17.48333	45.76308	17.144274	209.46465	1525.0	55.59227	1469.407730102539
AADR	2	window	gt	4	I7971	845	3784	3.425001060962677	19.8	-70.69	5.227324	20.575962	9942.81	624.0	959.3411	-335.34112548828125
AADR	2	window	gt	4	OBN007	1303	3784	3.425001060962677	48.46	7.48	39.055767	31.092783	2152.915	6377.0	3382.8352	2994.164794921875
AADR	2	window	gt	4	I1674	1737	3784	3.425001060962677	34.5	47.96	45.814884	98.377556	4386.784	5831.0	4170.1865	1660.8134765625
AADR	2	window	gt	5	pcw041_noUDG.SG	2827	3784	3.4193902293841045	49.916111	22.860833	52.009716	13.960213	664.8563	4400.0	741.0734	3658.9265747070312
AADR	2	window	gt	5	CMO001	3604	3784	3.4193902293841045	38.184703	-1.886158	52.20896	14.402108	2005.543	3729.0	744.521	2984.47900390625
AADR	2	window	gt	5	R10344.SG	4654	3784	3.4193902293841045	42.2542	11.7576	45.10414	67.79555	4426.5186	2592.0	908.67804	1683.3219604492188
AADR	2	window	gt	6	VK554_noUDG.SG	1201	3784	3.426829759279887	58.17	22.25	53.846622	10.606833	867.1112	1120.0	728.74286	391.25714111328125
AADR	2	window	gt	6	Steigen_noUDG.SG	2668	3784	3.426829759279887	67.81	14.681	47.968796	12.950063	2208.4058	5857.0	666.8989	5190.10107421875
AADR	2	window	gt	6	I1722	2974	3784	3.426829759279887	44.25056667	40.21921667	46.99392	9.104678	2422.662	6408.0	631.82605	5776.1739501953125
AADR	2	window	gt	7	PDA005	656	3784	5.424605266253153	50.151931	14.493838	43.84708	20.701843	843.8151	4164.0	1970.4534	2193.546630859375
AADR	2	window	gt	7	LOT001	3606	3784	5.424605266253153	37.674387	-1.697	47.329094	44.434116	3869.6084	3849.0	2373.1697	1475.830322265625
AADR	2	window	gt	7	SZLA-646.SG	4814	3784	5.424605266253153	48.22528	20.45386	48.728035	23.984783	266.18762	1597.0	2232.7605	-635.760498046875
AADR	2	window	gt	8	s19_X08_1_noUDG.SG	1182	3784	2.4156495491663614	59.505	25.5281	52.39088	13.420834	1089.5231	2819.0	72.93557	2746.0644302368164
AADR	2	window	gt	8	I4131	1607	3784	2.4156495491663614	47.59916	19.05456	49.179905	16.075014	281.56592	4305.0	70.745415	4234.254585266113
AADR	2	window	gt	8	HYR002	2273	3784	2.4156495491663614	-0.27549	36.103	48.9448	15.603088	5815.225	2270.0	70.85089	2199.1491088867188
AADR	2	window	gt	9	BLS002	722	3784	3.4229017655054728	50.351064	13.852118	48.222878	21.060219	573.5433	4692.0	5265.129	-573.12890625
AADR	2	window	gt	9	KK1_noUDG.SG	1334	3784	3.4229017655054728	42.28	43.28	49.63987	19.031767	2033.5623	9678.0	5064.7056	4613.29443359375
AADR	2	window	gt	9	I15942	2010	3784	3.4229017655054728	40.626667	8.323056	43.7574	10.921904	408.63922	4297.0	3472.0085	824.991455078125
AADR	2	window	gt	10	I7576	986	3784	2.4193713625272113	52.122402	-0.511365	49.80997	34.706924	2455.1326	3039.0	103.65299	2935.347007751465
AADR	2	window	gt	10	R64.SG	1930	3784	2.4193713625272113	41.6877312	13.0864953	48.339848	16.360369	782.9761	840.0	83.80099	756.1990127563477
AADR	2	window	gt	10	I0124	3151	3784	2.4193713625272113	53.680623	50.675349	52.184486	15.684605	2327.2825	7544.0	88.411736	7455.588264465332
AADR	2	window	gt	11	I19338	102	3784	2.4277588526407876	40.416667	45.2	48.003464	6.8064327	3138.531	3066.0	61.952923	3004.047077178955
AADR	2	window	gt	11	I5232	3388	3784	2.4277588526407876	44.595879	22.010568	49.284977	16.146246	685.19727	7901.0	72.016655	7828.983345031738
AADR	2	window	gt	11	TU910_SX22	3745	3784	2.4277588526407876	47.45	9.292	47.04958	13.102888	291.0387	4949.0	66.85715	4882.142852783203
AADR	2	window	gt	12	s19_X11_1_noUDG.SG	1184	3784	2.4275781591733296	59.3992	27.0142	62.826855	55.49942	1562.7229	2906.0	144.76968	2761.2303161621094
AADR	2	window	gt	12	MX189	3749	3784	2.4275781591733296	47.255	8.2158	45.070427	39.825165	2429.6738	4058.0	104.19996	3953.8000411987305
AADR	2	window	gt	12	C1667	4345	3784	2.4275781591733296	43.08	81.52	55.725945	48.321316	2745.0605	2204.0	127.20064	2076.799362182617
AADR	2	window	gt	13	MA974_noUDG.SG	1217	3784	7.414670244852702	59.45	28.08	37.527397	82.07826	4492.329	5586.0	3010.3538	2575.646240234375
AADR	2	window	gt	13	I2069	2900	3784	7.414670244852702	50.9126	84.81438333	48.901524	9.554968	5152.784	5061.0	2875.2708	2185.729248046875
AADR	2	window	gt	13	I7416	4208	3784	7.414670244852702	37.41666667	66.83333333	46.5442	36.886913	2655.1628	3824.0	3131.0034	692.99658203125
AADR	2	window	gt	14	I15743	396	3784	2.417929267883301	43.530795	16.260044	48.73398	13.469003	617.1352	1029.0	73.856094	955.1439056396484
AADR	2	window	gt	14	TRM006	518	3784	2.417929267883301	50.637938	13.992275	46.926395	43.112732	2158.496	4644.0	100.65844	4543.3415603637695
AADR	2	window	gt	14	ETM012	3805	3784	2.417929267883301	35.798	36.798	46.50912	30.595	1298.2847	4470.0	87.6191	4382.380897521973
AADR	2	window	gt	15	I11483	1794	3784	4.418064792950948	30.649857	61.400311	27.487572	-21.048626	7827.212	4942.0	1953.046	2988.9539794921875
AADR	2	window	gt	15	mur004_noUDG.SG	3203	3784	4.418064792950948	52.583	56.847	44.06771	48.254025	1138.4962	3755.0	4061.8496	-306.849609375
AADR	2	window	gt	15	I8534	4035	3784	4.418064792950948	37.1907	61.0343	40.12502	86.85329	2257.3882	4862.0	3773.3423	1088.65771484375
AADR	2	window	gt	16	I22060	932	3784	2.426970970630646	54.09468889	-0.281613889	46.441837	13.984313	1319.4385	2074.0	64.81008	2009.1899185180664
AADR	2	window	gt	16	OTTM_141A_noUDG	1500	3784	2.426970970630646	48.22519	10.84977	45.82384	13.39617	329.43353	3515.0	63.525864	3451.474136352539
AADR	2	window	gt	16	I6257	3648	3784	2.426970970630646	21.070453	30.664028	44.064934	12.264819	3068.117	1127.0	60.606277	1066.3937225341797
AADR	2	window	gt	17	I2366	1650	3784	2.4245731592178346	47.62094	19.04494	48.6899	18.349705	129.56725	5118.0	65.62637	5052.373626708984
AADR	2	window	gt	17	RISE505_noUDG.SG	2926	3784	2.4245731592178346	53.456	85.447	45.617672	17.427055	4793.4463	3628.0	62.145233	3565.854766845703
AADR	2	window	gt	17	I14767	3948	3784	2.4245731592178346	38.98	43.75	50.650047	18.254326	2374.785	3256.0	67.24364	3188.756362915039
AADR	2	window	gt	18	I1701_enhanced	10	3784	5.414398984114329	31.988	35.976	46.436157	28.56615	1726.8076	9600.0	3925.1184	5674.881591796875
AADR	2	window	gt	18	I1951	1763	3784	5.414398984114329	34.45	48.116	41.051105	11.392448	3285.5112	9848.0	3248.737	6599.262939453125
AADR	2	window	gt	18	atp016_noUDG.SG	3489	3784	5.414398984114329	42.35267	-3.51832	47.124832	65.7677	5316.512	4971.0	4110.998	860.001953125
AADR	2	window	gt	19	KAR001_noUDG.SG	3256	3784	2.4196168263753255	60.467835	38.90061537	49.605747	11.311078	2107.9583	8321.0	89.14565	8231.854347229004
AADR	2	window	gt	19	C3359	4418	3784	2.4196168263753255	43.54	83.28	46.26824	8.116834	5697.4863	2028.0	80.251724	1947.748275756836
AADR	2	window	gt	19	UZZ074_noUDG	4524	3784	2.4196168263753255	38.11	12.7866	54.06201	23.564438	1953.7557	7217.0	107.7039	7109.296096801758
AADR	2	window	gt	20	I8218	2676	3784	4.414109679063161	34.80489444	72.31816944	52.754696	34.06804	3599.0193	1949.0	4066.2957	-2117.295654296875
AADR	2	window	gt	20	I16814	3396	3784	4.414109679063161	45.888056	20.166667	46.917625	24.21709	330.95834	2903.0	3559.4502	-656.4501953125
AADR	2	window	gt	20	NAG039	4510	3784	4.414109679063161	24.8908	125.2793	35.670853	40.46212	7986.0303	143.0	2973.6045	-2830.6044921875
AADR	2	window	gt	21	NE36_noUDG	296	3784	3.42305299838384	46.06	125.72	48.097717	8.902056	7886.1743	10673.0	2938.54	7734.4599609375
AADR	2	window	gt	21	I1593	1353	3784	3.42305299838384	51.358333	7.551111	38.607975	1.2236278	1501.1742	5527.0	2204.2454	3322.754638671875
AADR	2	window	gt	21	I3352	1703	3784	3.42305299838384	30.24720461	79.73739624	38.411934	31.37102	4481.081	1166.0	2652.2947	-1486.294677734375
AADR	2	window	gt	22	MIB030	641	3784	2.423387392361959	49.992004	15.776861	51.93937	21.092434	430.4879	3932.0	64.46606	3867.5339431762695
AADR	2	window	gt	22	I2871	1695	3784	2.423387392361959	30.24720461	79.73739624	47.753536	16.854435	5602.582	1099.0	56.221256	1042.7787437438965
AADR	2	window	gt	22	DA201_noUDG.SG	2257	3784	2.423387392361959	43.06861111	68.24888889	45.6598	22.872356	3570.215	2069.0	60.86198	2008.1380195617676
AADR	2	window	gt	23	I2565	862	3784	2.4153553009033204	51.168023	-1.7725402	44.79842	7.546646	989.86035	4237.0	57.56606	4179.433940887451
AADR	2	window	gt	23	I1499	1679	3784	2.4153553009033204	48.52	21.168	53.69602	32.557217	979.6994	7077.0	92.942154	6984.057846069336
AADR	2	window	gt	23	CHK002	2322	3784	2.4153553009033204	42.49	78.38	49.374187	10.433962	5130.172	2522.0	66.39894	2455.601058959961
AADR	2	window	gt	24	UNTA89_FK231	1441	3784	3.421935419241587	48.31707	10.88882	42.79821	23.0052	1123.3784	4704.0	4072.046	631.9541015625
AADR	2	window	gt	24	PN05.SG	1810	3784	3.421935419241587	53.04866	-9.140049	53.60079	61.41393	4487.805	5729.0	4806.963	922.037109375
AADR	2	window	gt	24	PCA001	2854	3784	3.421935419241587	18.094	-65.789	46.998222	15.0381975	7861.7046	1367.0	4069.1377	-2702.1376953125
AADR	2	window	gt	25	I16538	680	3784	4.417289221286774	50.400094	13.42304	-20.025492	-53.906483	10217.984	3975.0	-830.0889	4805.088928222656
AADR	2	window	gt	25	I16601	1115	3784	4.417289221286774	51.168023	-1.7725402	48.921986	8.186901	753.0359	2082.0	1265.8735	816.12646484375
AADR	2	window	gt	25	CBV95.SG	1264	3784	4.417289221286774	49.36232	3.46272	44.0205	34.722004	2438.02	4447.0	1326.2305	3120.76953125
AADR	2	window	gt	26	MIB009	571	3784	2.4247395157814027	49.992004	15.776861	50.75153	30.443676	1041.8774	3773.0	92.63441	3680.365592956543
AADR	2	window	gt	26	I16592	1072	3784	2.4247395157814027	51.313891	-2.885217	49.21527	9.236971	891.5255	2231.0	72.11979	2158.880210876465
AADR	2	window	gt	26	NEO241_noUDG.SG	3001	3784	2.4247395157814027	66.0	-170.1	51.25809	15.141027	6968.9526	1949.0	79.764496	1869.2355041503906
AADR	2	window	gt	27	I11152	1107	3784	2.4222184896469114	52.346588	0.031827553	47.732574	13.277762	1073.8677	2179.0	47.627316	2131.3726844787598
AADR	2	window	gt	27	I4322	2206	3784	2.4222184896469114	46.94785	79.98808333	47.580578	13.320983	4869.6494	3484.0	47.56406	3436.4359397888184
AADR	2	window	gt	27	ans008_noUDG.SG	3661	3784	2.4222184896469114	57.509	18.14	48.054222	12.637552	1113.6608	5154.0	47.27456	5106.725440979004
AADR	2	window	gt	28	I11459_enhanced	1796	3784	7.417457747459411	30.649857	61.400311	42.75551	77.91829	1988.3351	4699.0	1383.3262	3315.673828125
AADR	2	window	gt	28	NIK004_noUDG.SG	3258	3784	7.417457747459411	57.52926373	39.66994055	41.817657	21.375336	2172.653	4552.0	1013.16205	3538.8379516601562
AADR	2	window	gt	28	GaofengNL23	4625	3784	7.417457747459411	25.11	107.7	44.801197	12.859558	8431.855	227.0	1022.547	-795.5469970703125
AADR	2	window	gt	29	I21277	1133	3784	3.4217968185742698	51.74585	-1.416236	42.72176	33.686886	2801.1528	2225.0	4025.629	-1800.62890625
AADR	2	window	gt	29	OTTM_156_noUDG	1497	3784	3.4217968185742698	48.22519	10.84977	43.84888	59.032036	3689.139	3448.0	4063.9941	-615.994140625
AADR	2	window	gt	29	SN-54_noUDG.SG	4147	3784	3.4217968185742698	33.264278	-119.539	51.911446	-2.9184508	8720.907	4409.0	4081.27	327.72998046875
AADR	2	window	gt	30	I14922	144	3784	4.416754865646363	26.53	-76.96	26.376299	24.725208	9777.533	1003.0	2104.6458	-1101.645751953125
AADR	2	window	gt	30	OBKR_93	1482	3784	4.416754865646363	48.26656	10.87857	52.796864	-3.4219413	1126.6682	3933.0	3422.7625	510.237548828125
AADR	2	window	gt	30	I7026	2519	3784	4.416754865646363	49.96	92.05	25.779884	-82.06415	11573.129	2222.0	532.43585	1689.5641479492188
AADR	2	window	gt	31	I15962	823	3784	2.423353906472524	18.451	-69.686	51.861637	5.002365	7360.5493	517.0	79.4571	437.5429000854492
AADR	2	window	gt	31	I20628	1129	3784	2.423353906472524	53.235833	-1.736944	51.580486	2.6848912	351.82504	2131.0	76.750694	2054.2493057250977
AADR	2	window	gt	31	I5374	1150	3784	2.423353906472524	51.279	-2.743324	49.36875	0.96796215	338.3586	4480.0	71.83578	4408.164222717285
AADR	2	window	gt	32	I4183	1665	3784	2.4227931261062623	46.025398	18.325056	46.072273	23.660255	411.69598	6743.0	81.76489	6661.235107421875
AADR	2	window	gt	32	VET005	2067	3784	2.4227931261062623	42.920709	10.971394	51.429943	9.391166	953.63086	2226.0	74.76007	2151.2399291992188
AADR	2	window	gt	32	I3494	3507	3784	2.4227931261062623	38.8494	-0.87138	47.01247	10.920354	1318.4872	3781.0	71.06403	3709.935966491699
AADR	2	window	gt	33	I30476	2452	3784	6.4169482032457985	6.844504	158.335674	55.71714	22.123915	11983.926	514.0	2777.8276	-2263.82763671875
AADR	2	window	gt	33	IKI012	3960	3784	6.4169482032457985	41.6136944	35.8711361	47.824337	22.69145	1246.899	5218.0	2207.8113	3010.188720703125
AADR	2	window	gt	33	C1358	4374	3784	6.4169482032457985	43.79	82.64	52.8845	93.0356	1267.3778	2181.0	3322.542	-1141.5419921875
AADR	2	window	gt	34	I13752	936	3784	3.4177006403605144	53.919396	-0.766635	59.524635	-9.219745	807.7376	2121.0	3788.6362	-1667.63623046875
AADR	2	window	gt	34	I7579	1034	3784	3.4177006403605144	52.122402	-0.511365	43.617374	17.276463	1622.3267	3349.0	3157.2495	191.75048828125
AADR	2	window	gt	34	I1788	4046	3784	3.4177006403605144	38.21228	62.03443	44.515472	35.572163	2305.1523	3947.0	3439.0764	507.923583984375
AADR	2	window	gt	35	BNL009	546	3784	2.4125107089678446	50.174207	14.646467	46.138405	11.668874	500.06897	3975.0	57.274025	3917.725975036621
AADR	2	window	gt	35	MX258	1520	3784	2.4125107089678446	47.767097	8.872239	46.754597	8.574382	114.80657	3917.0	55.12401	3861.875991821289
AADR	2	window	gt	35	C833.SG	4438	3784	2.4125107089678446	38.27	85.33	53.412838	28.434069	4576.5234	2148.0	79.407036	2068.5929641723633
AADR	2	window	gt	36	I5729	383	3784	3.4201863527297975	46.255979	16.692342	56.99154	-5.4382434	1923.9628	2920.0	4023.4932	-1103.4931640625
AADR	2	window	gt	36	I5436	2889	3784	3.4201863527297975	44.626111	22.605833	38.702686	82.57517	4912.0796	9025.0	3090.0896	5934.910400390625
AADR	2	window	gt	36	ALA017	3855	3784	3.4201863527297975	36.23778	36.38472	52.11412	22.953918	2057.4153	3478.0	4063.996	-585.99609375
AADR	2	window	gt	37	I14553	878	3784	2.4229685425758363	50.815565	-0.091565	52.372192	10.845639	774.27356	3807.0	56.01629	3750.983711242676
AADR	2	window	gt	37	PN06.SG	1853	3784	2.4229685425758363	53.04866	-9.140049	52.802944	26.660603	2374.8699	5459.0	70.05627	5388.943733215332
AADR	2	window	gt	37	C3642	4479	3784	2.4229685425758363	37.07	80.19	46.02001	19.975088	4986.79	1789.0	57.731	1731.26900100708
AADR	2	window	gt	38	I0172	1513	3784	2.415584349632263	51.42	11.68	49.01995	8.245523	361.7633	5155.0	68.90861	5086.09139251709
AADR	2	window	gt	38	LSC005.SG	1908	3784	2.415584349632263	41.425119	13.236332	49.595097	32.263863	1731.4879	4633.0	94.4807	4538.519302368164
AADR	2	window	gt	38	VORONKOVO003_noUDG.SG	3269	3784	2.415584349632263	57.53451647	39.55252367	51.965202	7.422634	2130.1187	4465.0	71.87945	4393.120552062988
AADR	2	window	gt	39	I14991	846	3784	2.420628039042155	19.88	-71.06	45.185135	17.181683	8321.495	614.0	61.363968	552.6360321044922
AADR	2	window	gt	39	I16448	3281	3784	2.420628039042155	55.947339	-2.47072	45.798122	10.352959	1438.5846	4175.0	55.166588	4119.83341217041
AADR	2	window	gt	39	SGR003.SG	4545	3784	2.420628039042155	15.7333	41.7	46.13709	11.179901	4407.7314	2225.0	56.26882	2168.7311782836914
AADR	2	window	gt	40	I2216_enhanced	234	3784	2.412383170922597	43.98	26.4	49.767845	17.517136	931.61804	7839.0	58.98899	7780.011009216309
AADR	2	window	gt	40	I12955	2588	3784	2.412383170922597	49.7	96.8	51.571846	20.370703	5140.297	3824.0	63.210716	3760.7892837524414
AADR	2	window	gt	40	SN-59_noUDG.SG	4148	3784	2.412383170922597	33.264278	-119.539	48.405315	15.797955	9909.443	5053.0	56.482597	4996.517402648926
AADR	2	window	gt	41	I3255	863	3784	6.423119755585988	52.170279	0.105604	34.52828	13.88694	2247.4338	3994.0	2479.0757	1514.92431640625
AADR	2	window	gt	41	SUA001_d	1942	3784	6.423119755585988	39.87	9.2356	43.01573	21.210384	1056.5083	3276.0	3098.8303	177.169677734375
AADR	2	window	gt	41	LUK001	2282	3784	6.423119755585988	-1.46506	37.06667	26.573997	53.37863	3575.1514	3499.0	2451.1785	1047.821533203125
AADR	2	window	gt	42	VLI031	724	3784	2.4162134726842246	50.365945	14.446606	51.138515	18.15357	274.53467	4510.0	53.86198	4456.138019561768
AADR	2	window	gt	42	RISE276_noUDG.SG	752	3784	2.4162134726842246	55.914	11.565	52.63038	19.442812	627.85333	2612.0	56.158047	2555.841953277588
AADR	2	window	gt	42	XN165	1397	3784	2.4162134726842246	48.78	9.18	47.497112	12.582634	289.95978	7099.0	46.700245	7052.299755096436
AADR	2	window	gt	43	I8348	42	3784	6.412128448486328	-36.0772222	-62.3472222	35.15308	62.622894	15108.396	6875.0	2784.298	4090.701904296875
AADR	2	window	gt	43	I13032	135	3784	6.412128448486328	40.15118	44.44316667	56.547836	5.8823833	3317.5676	2789.0	3893.0134	-1104.013427734375
AADR	2	window	gt	43	SC-04_noUDG.SG	4161	3784	6.412128448486328	32.9	-118.5	52.792862	24.932173	9849.272	799.0	3671.6301	-2872.630126953125
AADR	2	window	gt	44	I5373	906	3784	3.4192683498064675	53.079803	-1.640942	33.464935	37.49525	3774.8635	4034.0	3722.8882	311.11181640625
AADR	2	window	gt	44	BRE008	2121	3784	3.4192683498064675	49.33	85.79	51.03143	26.592289	4104.167	1629.0	5238.425	-3609.4248046875
AADR	2	window	gt	44	StoraForvar11_noUDG.SG	3692	3784	3.4192683498064675	57.285	17.971	49.12685	30.610209	1233.6981	7365.0	5232.196	2132.80419921875
AADR	2	window	gt	45	BRE004	2112	3784	2.4145771980285646	49.33	85.79	59.58798	39.318615	3135.4294	1627.0	104.56007	1522.4399337768555
AADR	2	window	gt	45	Kivutkalns42	2370	3784	2.4145771980285646	56.852	24.272	48.37911	30.282412	1024.867	2697.0	83.59047	2613.4095306396484
AADR	2	window	gt	45	I8999	2698	3784	2.4145771980285646	34.75146111	72.40193611	56.98087	33.816036	3793.2632	2813.0	95.77551	2717.2244873046875
AADR	2	window	gt	46	I14200	6	3784	4.419904200236003	51.168023	-1.7725402	47.946014	0.6880558	399.7672	4328.0	3356.4507	971.54931640625
AADR	2	window	gt	46	s19_VII3_1_noUDG.SG	1207	3784	4.419904200236003	58.6752	23.6872	43.24477	-1.2426472	2420.9177	2222.0	2990.9705	-768.970458984375
AADR	2	window	gt	46	I6604	3473	3784	4.419904200236003	40.439	-3.501	49.919174	13.22334	1675.5854	3947.0	3768.172	178.827880859375
AADR	2	window	gt	47	I3528	1606	3784	3.4220584948857624	47.62094	19.04494	48.7678	65.50246	3391.9866	4364.0	4366.4575	-2.45751953125
AADR	2	window	gt	47	ORC005	1947	3784	3.4220584948857624	39.667222	9.426111	46.26854	9.678008	734.31805	3140.0	4169.646	-1029.64599609375
AADR	2	window	gt	47	BOL002_noUDG.SG	3226	3784	3.4220584948857624	57.74008949	36.63300187	57.65541	42.860287	370.02054	4306.0	5211.5015	-905.50146484375
AADR	2	window	gt	48	I18501_noUDG	1572	3784	3.4146895170211793	13.519983	144.806559	44.19295	20.806917	11465.56	2703.0	3588.6035	-885.603515625
AADR	2	window	gt	48	I2870	1718	3784	3.4146895170211793	30.24720461	79.73739624	42.05029	71.706764	1495.7748	128.0	3764.747	-3636.7470703125
AADR	2	window	gt	48	Cioclovina1_noUDG	2879	3784	3.4146895170211793	45.35	23.84	49.16724	11.166024	1044.725	32669.0	3774.3325	28894.66748046875
AADR	2	window	gt	49	POST_35	1487	3784	2.416707150141398	48.29573	10.89103	50.465103	14.133689	336.52676	3932.0	56.7175	3875.282501220703
AADR	2	window	gt	49	I8555	2446	3784	2.416707150141398	20.24	-90.46	49.704807	15.263368	9373.025	388.0	56.98065	331.01934814453125
AADR	2	window	gt	49	RISE210_noUDG.SG	3667	3784	2.416707150141398	55.997	14.104	50.739243	17.958742	637.88434	3312.0	60.269203	3251.730796813965
AADR	2	window	gt	50	I6349	2525	3784	4.413893258571624	45.304167	113.848611	43.23157	73.73502	3169.263	2781.0	3518.858	-737.85791015625
AADR	2	window	gt	50	I5271	2906	3784	4.413893258571624	50.7581128	85.56024972	46.847614	18.696478	4747.097	4897.0	3535.5562	1361.44384765625
AADR	2	window	gt	50	I5693	3409	3784	4.413893258571624	46.050237	14.50372	30.529322	97.47873	7113.201	2674.0	3117.821	-443.821044921875
AADR	2	window	gt	51	I1524	3230	3784	2.4209975083669026	66.161126	-169.822297	55.61384	20.392056	6447.1807	905.0	59.671295	845.3287048339844
AADR	2	window	gt	51	Kvarlov5164	3704	3784	2.4209975083669026	61.658497	17.003742	47.48187	15.466264	1579.371	5746.0	49.031982	5696.968017578125
AADR	2	window	gt	51	C4268.SG	4328	3784	2.4209975083669026	43.807	80.81	55.331795	20.311417	4393.607	2446.0	59.568474	2386.431526184082
AADR	2	window	gt	52	GoyetQ56-16_noUDG	166	3784	3.4197791695594786	50.26	4.28	47.136723	19.740076	1184.075	26300.0	3893.7517	22406.248291015625
AADR	2	window	gt	52	I13616	1110	3784	3.4197791695594786	51.3603	1.3405	50.49556	-5.9352155	518.68207	2153.0	3624.8533	-1471.853271484375
AADR	2	window	gt	52	MX213	3786	3784	3.4197791695594786	47.262067	7.659835	51.554237	33.45759	1915.5171	5125.0	4705.229	419.77099609375
AADR	2	window	gt	53	WEHR_1586	1493	3784	2.4136468887329103	48.25283	10.80879	50.36101	16.842287	496.06897	3835.0	65.69143	3769.3085708618164
AADR	2	window	gt	53	I4553	2380	3784	2.4136468887329103	56.2833	25.1333	47.95891	10.900866	1337.181	7370.0	57.19212	7312.807880401611
AADR	2	window	gt	53	I1781	4042	3784	2.4136468887329103	38.21228	62.03443	37.659557	23.346573	3368.41	3832.0	60.518806	3771.4811935424805
AADR	2	window	gt	54	SIJ002	3062	3784	2.4218896945317585	45.05	39.91	49.247677	12.704452	2097.4172	5164.0	62.0334	5101.966598510742
AADR	2	window	gt	54	I2116	4051	3784	2.4218896945317585	38.21228	62.03443	52.926857	25.33116	3242.0085	3916.0	75.63553	3840.364471435547
AADR	2	window	gt	54	SN-53_noUDG.SG	4157	3784	2.4218896945317585	33.264278	-119.539	36.930603	16.630104	10983.573	737.0	52.170006	684.8299942016602
AADR	2	window	gt	55	SKT010	2547	3784	3.4152106404304505	49.162275	101.424353	45.442852	88.17859	1079.1836	2176.0	900.0353	1275.9647216796875
AADR	2	window	gt	55	RISE207_noUDG.SG	3665	3784	3.4152106404304505	55.997	14.104	49.618015	16.91637	733.9098	3344.0	660.86127	2683.1387329101562
AADR	2	window	gt	55	AGY-92.SG	4826	3784	3.4152106404304505	46.4775	20.34697	49.359623	25.174006	481.59338	1009.0	690.56854	318.43145751953125
AADR	2	window	gt	56	I20438	122	3784	4.418103984991709	40.29221	45.130679	40.988262	37.102695	681.5318	2023.0	3034.9937	-1011.99365234375
AADR	2	window	gt	56	R1219.SG	1922	3784	4.418103984991709	41.8964977	12.4718662	43.64231	12.577313	194.31648	508.0	2818.6614	-2310.661376953125
AADR	2	window	gt	56	I9134_noUDG.SG	3415	3784	4.418103984991709	-32.812316	17.948651	47.526207	12.233048	8951.465	1183.0	3066.3694	-1883.369384765625
AADR	2	window	gt	57	C1647.SG	4402	3784	2.4151803890864056	43.83	82.72	58.877773	54.39993	2548.0583	2180.0	124.476395	2055.5236053466797
AADR	2	window	gt	57	VERT035	4614	3784	2.4151803890864056	48.783	25.852	59.73422	57.698566	2366.6072	5671.0	128.40784	5542.5921630859375
AADR	2	window	gt	57	R10342.SG	4653	3784	2.4151803890864056	42.2542	11.7576	51.139786	12.311262	988.9261	2044.0	77.3828	1966.617202758789
AADR	2	window	gt	58	I22055	928	3784	2.4106157302856444	54.12647222	-0.287966667	51.36527	10.5555105	790.8043	2237.0	76.86271	2160.13729095459
AADR	2	window	gt	58	I4436	2391	3784	2.4106157302856444	56.2833	25.1333	47.70288	17.148327	1098.0	6109.0	77.59281	6031.407188415527
AADR	2	window	gt	58	I6554	2701	3784	2.4106157302856444	34.75146111	72.40193611	51.660263	5.455224	5527.3516	2758.0	72.81747	2685.18253326416
AADR	2	window	gt	59	MIG009	614	3784	2.4199226101239524	49.992004	15.776861	49.41007	18.804354	227.12506	3932.0	60.55065	3871.449348449707
AADR	2	window	gt	59	ULN004	2608	3784	2.4199226101239524	46.28406	111.768265	50.97637	17.615477	6448.6753	1952.0	60.757633	1891.2423667907715
AADR	2	window	gt	59	ART032	3890	3784	2.4199226101239524	38.381944	38.361111	48.23102	19.810648	1850.0869	5254.0	60.510235	5193.489765167236
AADR	2	window	gt	60	I6890	2680	3784	3.412972565491994	34.75700556	72.36238056	43.50988	16.264555	4841.798	853.0	3581.1963	-2728.1962890625
AADR	2	window	gt	60	RISE1172_noUDG.SG	2811	3784	3.412972565491994	50.170137	20.579034	51.695	66.08782	3141.6992	4664.0	4616.8022	47.19775390625
AADR	2	window	gt	60	I1098	3988	3784	3.412972565491994	40.3037	29.57	48.203888	12.420683	1618.3417	8282.0	4224.5815	4057.41845703125
AADR	2	window	gt	61	I7249	470	3784	2.42309992313385	50.19	14.158	48.83234	11.535556	242.12973	4011.0	80.55828	3930.441719055176
AADR	2	window	gt	61	I2403	2796	3784	2.42309992313385	52.85	17.88333333	54.2048	66.38133	3145.6877	4667.0	139.70702	4527.292984008789
AADR	2	window	gt	61	RISE496_noUDG.SG	3041	3784	2.42309992313385	52.954	90.187	50.674274	69.129776	1464.0227	3285.0	137.71346	3147.2865447998047
AADR	2	window	gt	62	I13175	2531	3784	3.418706432978312	45.39	90.798	48.212048	83.167946	659.69885	1483.0	3664.338	-2181.337890625
AADR	2	window	gt	62	I1783	4058	3784	3.418706432978312	38.21228	62.03443	48.82265	74.46125	1543.8651	4068.0	4047.2583	20.74169921875
AADR	2	window	gt	62	R3659.SG	4686	3784	3.418706432978312	45.767834	16.123606	50.007748	55.07717	2908.6218	1639.0	5442.8887	-3803.888671875
AADR	2	window	gt	63	I14379	981	3784	2.4142724831899005	51.329195	1.3693088	53.60734	10.137603	645.1731	2801.0	78.820526	2722.179473876953
AADR	2	window	gt	63	I21315	1003	3784	2.4142724831899005	50.949985	-2.735842	45.048695	20.063715	1809.7963	2043.0	77.3891	1965.6109008789062
AADR	2	window	gt	63	VET008	2070	3784	2.4142724831899005	42.920709	10.971394	49.80649	16.187824	863.46594	2229.0	79.28318	2149.7168197631836
AADR	2	window	gt	64	I2788	1653	3784	4.421745193004608	47.189141	20.004795	58.731796	131.28871	6679.013	5685.0	5262.986	422.01416015625
AADR	2	window	gt	64	I6364	2500	3784	4.421745193004608	45.39	90.798	51.02389	86.61068	698.81775	2927.0	3888.8455	-961.845458984375
AADR	2	window	gt	64	C4273.SG	4330	3784	4.421745193004608	43.807	80.81	41.924515	58.566193	1819.358	2446.0	3156.4836	-710.483642578125
AADR	2	window	gt	65	BERG02-2.SG	1257	3784	3.417894657452901	43.21817	2.4127	44.33289	37.731903	2816.431	5867.0	607.6921	5259.307922363281
AADR	2	window	gt	65	I2364	1601	3784	3.417894657452901	47.59916	19.05456	52.997993	15.12492	661.79297	4220.0	604.2288	3615.7711791992188
AADR	2	window	gt	65	DA361_noUDG.SG	3251	3784	3.417894657452901	53.188889	103.368056	49.05583	28.085735	5027.2134	4130.0	611.7684	3518.2316284179688
AADR	2	window	gt	66	I4144	1344	3784	2.5001594543457033	48.691	13.016	48.945595	15.724321	200.29253	4411.0	83.62175	4327.37825012207
AADR	2	window	gt	66	I12975	2550	3784	2.5001594543457033	51.5	100.67	53.457188	75.71159	1695.3589	3110.0	146.62338	2963.3766174316406
AADR	2	window	gt	66	R9823.SG	4706	3784	2.5001594543457033	33.622519	35.499985	49.71617	12.518336	2596.7903	1327.0	81.87795	1245.1220474243164
AADR	2	window	gt	67	POST_47	1461	3784	2.4189520279566445	48.29573	10.89103	49.638557	7.927085	262.85324	3997.0	57.11231	3939.8876914978027
AADR	2	window	gt	67	PDI011	2851	3784	2.4189520279566445	18.431	-66.382	60.838085	33.71023	8756.668	801.0	91.714745	709.2852554321289
AADR	2	window	gt	67	Bar8_noUDG.SG	3996	3784	2.4189520279566445	40.3037	29.6085	52.58909	17.749813	1635.977	8064.0	68.54406	7995.455940246582
AADR	2	window	gt	68	KIN003	362	3784	3.4132118741671245	-5.08583	15.1287	56.566223	62.55398	8084.2715	140.0	5479.951	-5339.951171875
AADR	2	window	gt	68	I4069	2636	3784	3.4132118741671245	52.733563	5.096183	44.813297	15.345777	1155.2142	3966.0	4020.4187	-54.418701171875
AADR	2	window	gt	68	I2534	2883	3784	3.4132118741671245	44.027196	25.392494	50.20335	17.46794	910.69104	7670.0	4691.3823	2978.61767578125
AADR	2	window	gt	69	I10344	1282	3784	4.418326183160146	44.476	6.369	43.520096	4.1715574	205.40054	3314.0	2335.8953	978.104736328125
AADR	2	window	gt	69	BRE009	2114	3784	4.418326183160146	49.33	85.79	5.8004837	-44.175034	12216.413	1886.0	-185.81163	2071.8116302490234
AADR	2	window	gt	69	N26_noUDG.SG	2779	3784	4.418326183160146	50.67	21.38	44.334805	10.935726	1052.6049	6177.0	2487.6338	3689.3662109375
AADR	2	window	gt	70	I6718	3105	3784	4.411522463957469	55.1924	89.3053	50.417328	15.873954	4732.8564	3493.0	1001.11646	2491.883544921875
AADR	2	window	gt	70	BIY012	3154	3784	4.411522463957469	54.99	73.37	47.763733	76.85491	838.8701	2260.0	1329.7141	930.285888671875
AADR	2	window	gt	70	KRD002	4021	3784	4.411522463957469	36.329405	36.444255	50.391083	0.458547	3258.6897	6889.0	912.2456	5976.75439453125
AADR	2	window	gt	71	ASH068	1863	3784	2.419142564137777	31.666667	34.566667	51.42217	13.061835	2811.5222	3167.0	56.30669	3110.6933097839355
AADR	2	window	gt	71	Aes25	3804	3784	2.419142564137777	47.465413	7.601691	50.76775	12.903273	532.3992	4635.0	55.52467	4579.475330352783
AADR	2	window	gt	71	I6561	4065	3784	2.419142564137777	49.54067778	37.69799444	55.03657	21.642134	1247.2638	3985.0	66.69555	3918.3044509887695
AADR	2	window	gt	72	TSI001	2475	3784	2.4194892406463624	47.11078	102.078841	45.023678	12.96941	6480.4497	2797.0	57.120277	2739.879722595215
AADR	2	window	gt	72	TU914_SX26	3746	3784	2.4194892406463624	47.45	9.292	44.489662	20.33559	913.7658	4322.0	64.89963	4257.100372314453
AADR	2	window	gt	72	TU877_SX11	3797	3784	2.4194892406463624	47.0117074	7.2505417	46.97565	22.366852	1144.701	6355.0	69.21511	6285.784889221191
AADR	2	window	gt	73	I4779	2197	3784	3.4132869958877565	48.74175	76.99573333	37.30052	25.122375	4313.4546	3631.0	3342.1428	288.857177734375
AADR	2	window	gt	73	I1206	2956	3784	3.4132869958877565	42.78944444	131.2761111	43.875374	12.681462	8609.786	6954.0	3535.205	3418.794921875
AADR	2	window	gt	73	mur002_noUDG.SG	3201	3784	3.4132869958877565	52.583	56.847	53.9971	51.228916	405.03546	3533.0	5180.188	-1647.18798828125
AADR	2	window	gt	74	I2418	854	3784	2.4195624788602195	51.168023	-1.7725402	51.18162	21.71255	1630.2289	4237.0	70.81652	4166.183479309082
AADR	2	window	gt	74	OTTM_141_d	1499	3784	2.4195624788602195	48.22519	10.84977	50.70519	11.131601	276.51385	3516.0	60.13966	3455.860340118408
AADR	2	window	gt	74	C1654	4336	3784	2.4195624788602195	43.22	81.84	53.059776	17.73877	4713.045	733.0	69.28508	663.7149200439453
AADR	2	window	gt	75	I19657	1123	3784	1.4123467961947123	50.949985	-2.735842	49.638706	12.34703	1079.3627	2183.0	47.77724	2135.222759246826
AADR	2	window	gt	75	DA18_noUDG.SG	2222	3784	1.4123467961947123	51.71055556	74.88416667	50.618828	16.089027	3988.4106	2549.0	51.497383	2497.502616882324
AADR	2	window	gt	75	I8802	2275	3784	1.4123467961947123	-0.183	35.809	41.269943	16.164703	5015.944	1011.0	43.7078	967.2921981811523
AADR	2	window	gt	76	I2924	1744	3784	2.418067193031311	36.15444444	54.38361111	47.58186	16.636513	3333.6934	4715.0	50.16541	4664.834590911865
AADR	2	window	gt	76	BRE013	2117	3784	2.418067193031311	49.33	85.79	49.408108	19.118643	4663.1772	1716.0	53.106815	1662.8931846618652
AADR	2	window	gt	76	AIG005	2232	3784	2.418067193031311	43.7	51.33	49.487507	16.56374	2707.2952	1790.0	51.558304	1738.4416961669922
AADR	2	window	gt	77	MIB061	646	3784	2.416350050767263	49.992004	15.776861	48.119633	13.85956	250.71101	3765.0	74.965096	3690.0349044799805
AADR	2	window	gt	77	I17901	780	3784	2.416350050767263	18.394444	-68.61	47.261486	15.097248	8050.65	517.0	74.950645	442.04935455322266
AADR	2	window	gt	77	ALA019	3872	3784	2.416350050767263	36.23778	36.38472	48.946934	14.522187	2266.1853	3514.0	76.56685	3437.433151245117
AADR	2	window	gt	78	I4427	12	3784	2.4104339679082236	-10.786153	33.765371	46.783245	18.615816	6576.376	6009.0	71.378105	5937.621894836426
AADR	2	window	gt	78	I14862	984	3784	2.4104339679082236	51.329195	1.3693088	54.89381	33.572792	2165.5786	2834.0	93.343475	2740.656524658203
AADR	2	window	gt	78	I6746	1151	3784	2.4104339679082236	51.324706	-2.753248	56.60074	27.19971	2026.8842	5526.0	90.002266	5435.997734069824
AADR	2	window	gt	79	I1752	275	3784	2.417740797996521	-33.36666667	-70.66666667	50.80407	23.210976	13066.731	595.0	64.82085	530.1791534423828
AADR	2	window	gt	79	I14380	1058	3784	2.417740797996521	51.329195	1.3693088	49.71495	14.632878	953.3092	2235.0	56.740135	2178.259864807129
AADR	2	window	gt	79	prs012_noUDG.SG	1824	3784	2.417740797996521	54.2469	-8.55609	56.789253	27.076044	2234.95	5650.0	73.64712	5576.352882385254
AADR	2	window	gt	80	MIB011	670	3784	3.412359098593394	49.992004	15.776861	48.651024	21.112541	414.35568	3761.0	2964.0366	796.96337890625
AADR	2	window	gt	80	brn012_noUDG.SG	2923	3784	3.412359098593394	50.8158	114.8367	52.8881	18.003609	6122.0034	6115.0	3107.8848	3007.115234375
AADR	2	window	gt	80	I6771	4265	3784	3.412359098593394	51.416667	-3.466667	48.378456	15.558366	1399.5773	2042.0	2800.46	-758.4599609375
AADR	2	window	gt	81	I1774	880	3784	3.4189541776974997	51.423287	0.738864	0.94410616	156.22557	13751.4	3698.0	1910.7854	1787.214599609375
AADR	2	window	gt	81	I1563	1352	3784	3.4189541776974997	51.358333	7.551111	50.594734	9.132122	139.5005	5448.0	3747.2395	1700.760498046875
AADR	2	window	gt	81	I6333	3654	3784	3.4189541776974997	21.070453	30.664028	46.293015	17.451586	3049.8354	1177.0	2762.6145	-1585.614501953125
AADR	2	window	gt	82	I6328	3639	3784	2.420499078432719	21.070453	30.664028	51.941746	30.81976	3432.757	1031.0	87.95986	943.0401382446289
AADR	2	window	gt	82	I4475	4013	3784	2.420499078432719	37.177	40.952	39.27652	16.22292	2165.8975	1228.0	60.845398	1167.1546020507812
AADR	2	window	gt	82	R10766.SG	4675	3784	2.420499078432719	36.1898	5.4108	49.009575	19.012276	1802.8955	1836.0	73.78378	1762.2162170410156
AADR	2	window	gt	83	I1631	60	3784	2.4145914713541665	39.73	45.2	50.269382	17.560522	2448.8445	6099.0	121.24846	5977.751541137695
AADR	2	window	gt	83	Schw432.SG	1256	3784	2.4145914713541665	48.75563	7.59958	46.878975	10.802911	317.36688	7031.0	108.083275	6922.916725158691
AADR	2	window	gt	83	FU-215.SG	4803	3784	2.4145914713541665	46.7665	20.19739	43.163876	15.207607	560.65466	1227.0	106.1528	1120.8471984863281
AADR	2	window	gt	84	SID006	1955	3784	2.4218785564104715	40.624042	8.636695	49.314518	8.895555	966.54956	4663.0	58.550682	4604.449317932129
AADR	2	window	gt	84	I2557	2765	3784	2.4218785564104715	-13.9049	-75.6607	58.609234	36.970657	12627.205	1395.0	90.727486	1304.2725143432617
AADR	2	window	gt	84	NAG038	4509	3784	2.4218785564104715	24.8908	125.2793	46.766235	12.709876	9572.895	2758.0	58.765076	2699.2349243164062
AADR	2	window	gt	85	I4356_noUDG	1774	3784	3.4145639459292094	37.005	45.459	47.010506	91.10619	3872.0342	2967.0	3849.0457	-882.045654296875
AADR	2	window	gt	85	UZZ099_noUDG	4533	3784	3.4145639459292094	38.11	12.7866	54.4021	-3.6869526	2198.6035	5951.0	4080.472	1870.528076171875
AADR	2	window	gt	85	R11560.SG	4718	3784	3.4145639459292094	48.7327	7.0526	45.8033	2.811736	456.47507	1598.0	3438.7437	-1840.74365234375
AADR	2	window	gt	86	I7128	2869	3784	2.420845663547516	47.7467	22.395	55.974747	44.142784	1740.2336	6046.0	4345.2114	1700.78857421875
AADR	2	window	gt	86	OSS001	2977	3784	2.420845663547516	43.084417	44.632667	24.631638	-57.248436	9061.087	5582.0	1071.0094	4510.9906005859375
AADR	2	window	gt	86	Gokhem5_noUDG.SG	3708	3784	2.420845663547516	58.174	13.408	57.696156	-3.5148811	997.7557	5084.0	3778.0166	1305.9833984375
AADR	2	window	gt	87	POST_85	1462	3784	6.4214857419331866	48.29573	10.89103	49.312515	4.748323	463.71603	3946.0	3316.8772	629.122802734375
AADR	2	window	gt	87	I4596	2382	3784	6.4214857419331866	56.2833	25.1333	39.779156	20.4574	1866.7542	7970.0	3038.6936	4931.306396484375
AADR	2	window	gt	87	I0839	2833	3784	6.4214857419331866	39.5	-8.616666667	50.309277	13.572205	2107.9229	4264.0	3722.4836	541.516357421875
AADR	2	window	gt	88	Xiaogao_noUDG	316	3784	4.413628057638804	37.9	117.6	47.06678	112.99374	1086.528	7827.0	3489.823	4337.177001953125
AADR	2	window	gt	88	AfontovaGora3_noUDG_d	2921	3784	4.413628057638804	56.05	92.87	52.375847	0.16719526	5575.148	18036.0	2672.5247	15363.475341796875
AADR	2	window	gt	88	Ash002_noUDG.SG	3895	3784	4.413628057638804	38.3482	34.2303	28.689762	-94.862755	10876.508	9483.0	426.5564	9056.443603515625
AADR	2	window	gt	89	MIG011	616	3784	2.418677798906962	49.992004	15.776861	47.028748	7.2099447	711.32776	3990.0	66.47901	3923.5209884643555
AADR	2	window	gt	89	SI-41_noUDG.SG	2404	3784	2.418677798906962	33.560556	35.398056	46.092117	25.26172	1637.3513	710.0	82.36237	627.6376266479492
AADR	2	window	gt	89	CBT001	3913	3784	2.418677798906962	40.019745	34.586129	52.37395	37.282322	1389.0527	5446.0	101.66036	5344.339637756348
AADR	2	window	gt	90	CHK004	2326	3784	2.4170395533243814	42.49	78.38	46.98045	46.56054	2544.103	1129.0	102.609764	1026.390235900879
AADR	2	window	gt	90	I7347	3018	3784	2.4170395533243814	66.161126	-169.822297	57.024864	35.67459	6152.9297	725.0	105.43024	619.5697631835938
AADR	2	window	gt	90	R10339.SG	4651	3784	2.4170395533243814	42.2542	11.7576	46.75891	9.085099	543.8039	2054.0	67.17544	1986.824562072754
AADR	2	window	gt	91	I7278	471	3784	2.423719223340352	50.19	14.158	55.345158	24.763458	913.5919	4333.0	78.03147	4254.968528747559
AADR	2	window	gt	91	I14994	847	3784	2.423719223340352	19.83	-71.22	49.038006	16.676693	8207.445	703.0	64.15675	638.8432464599609
AADR	2	window	gt	91	I14916	1545	3784	2.423719223340352	35.085833	26.247778	50.322437	13.53033	1981.3032	3768.0	62.8706	3705.1293983459473
AADR	2	window	gt	92	VET003_4	2066	3784	2.4188058694203693	42.920709	10.971394	46.088303	4.101684	648.37463	2705.0	202.19157	2502.8084259033203
AADR	2	window	gt	92	kzb008_noUDG.SG	3198	3784	2.4188058694203693	54.07	55.544	50.416206	120.59016	4289.2144	3754.0	445.88376	3308.116241455078
AADR	2	window	gt	92	ART017	3882	3784	2.4188058694203693	38.381944	38.361111	47.096992	89.10831	4179.032	5166.0	369.38974	4796.610260009766
AADR	2	window	gt	93	BRE014	2122	3784	2.413344093163808	49.33	85.79	52.30078	31.19766	3757.8425	1630.0	87.76845	1542.2315521240234
AADR	2	window	gt	93	I5690	3406	3784	2.413344093163808	45.914224	15.4691	54.487823	23.170387	1098.2097	2574.0	83.031425	2490.968574523926
AADR	2	window	gt	93	MAL001_noUDG	4231	3784	2.413344093163808	-15.90083333	167.3046417	45.281384	28.830156	14959.195	2240.0	77.79377	2162.206230163574
AADR	2	window	gt	94	I16427	273	3784	8.420960593223572	49.497153	-2.506461	48.175167	-3.5386927	165.27199	6057.0	2297.26	3759.739990234375
AADR	2	window	gt	94	I7629	988	3784	8.420960593223572	53.725076	-0.523009	31.768555	10.979168	2608.192	3015.0	1642.9147	1372.0853271484375
AADR	2	window	gt	94	HC-168.SG	4804	3784	8.420960593223572	46.49364	19.16869	54.280636	5.7952943	1280.1715	1285.0	2803.984	-1518.98388671875
AADR	2	window	gt	95	I16438	270	3784	2.4144258896509805	49.497153	-2.506461	54.141346	28.07028	2145.8274	4384.0	91.22348	4292.776519775391
AADR	2	window	gt	95	I0099	1429	3784	2.4144258896509805	51.89583333	11.04666667	51.9239	20.517124	649.18634	3024.0	79.22997	2944.7700271606445
AADR	2	window	gt	95	PB754.SG	1850	3784	2.4144258896509805	52.985499	-9.111454	50.360447	18.061989	1884.7177	5375.0	74.846794	5300.153205871582
AADR	2	window	gt	96	La727_noUDG.WGC	2358	3784	2.424042232831319	20.2098	103.401	47.145542	20.572365	7845.1714	2328.0	73.82466	2254.175338745117
AADR	2	window	gt	96	I0461	3482	3784	2.424042232831319	42.4	-3.75	49.68063	35.21105	3076.4673	4241.0	89.23738	4151.762619018555
AADR	2	window	gt	96	Lovelock2_noUDG.SG	4181	3784	2.424042232831319	39.96	-118.56	55.383366	41.316006	9243.057	1839.0	100.99745	1738.0025482177734
AADR	2	window	gt	97	PLTM312_noUDG	357	3784	3.4226118087768556	33.7086342	114.9224618	46.95248	19.4142	7722.256	3977.0	4185.2563	-208.25634765625
AADR	2	window	gt	97	I5241	3387	3784	3.4226118087768556	44.595879	22.010568	46.58733	22.360052	223.10208	11198.0	4592.7227	6605.27734375
AADR	2	window	gt	97	I3209	3542	3784	3.4226118087768556	40.41819566	-0.11675	46.972248	9.190857	1043.1675	7815.0	3724.5432	4090.456787109375
AADR	2	window	gt	98	I4521	1869	3784	2.412954612572988	32.58472222	35.01694444	46.328255	13.350648	2393.3896	4194.0	52.804405	4141.195594787598
AADR	2	window	gt	98	Sanganji_131464.SG	2104	3784	2.412954612572988	37.844	140.91	43.6148	12.736871	9562.127	3280.0	49.791496	3230.2085037231445
AADR	2	window	gt	98	I19987	3563	3784	2.412954612572988	42.7939	-4.19278	47.461624	15.095323	1594.7062	2025.0	55.33482	1969.6651802062988
AADR	2	window	gt	99	I4996	1626	3784	3.4175781130790712	47.353728	16.794725	44.002644	77.27081	4593.7393	2235.0	3708.8232	-1473.8232421875
AADR	2	window	gt	99	I13504	2501	3784	3.4175781130790712	50.7	99.2	22.20116	-44.532654	11163.267	2368.0	1409.4672	958.5328369140625
AADR	2	window	gt	99	PUC003	3610	3784	3.4175781130790712	38.627399	-0.864597	50.73153	42.653893	3631.9324	3761.0	4317.074	-556.07421875
AADR	2	window	gt	100	I14743_d	952	3784	2.414040768146515	51.329195	1.3693088	47.778885	7.641846	600.10474	2594.0	67.05971	2526.9402923583984
AADR	2	window	gt	100	R11102.SG	4657	3784	2.414040768146515	42.0263	11.9483	48.282936	8.498267	746.2507	3787.0	68.57366	3718.426338195801
AADR	2	window	gt	100	R3662.SG	4777	3784	2.414040768146515	45.467293	13.506565	53.706657	19.14747	1001.5921	1360.0	85.6888	1274.3112030029297
AADR	2	window	gt	101	I1665	1735	3784	2.4217469374338787	34.5	47.96	47.099792	33.022717	1875.9722	5819.0	90.97151	5728.02848815918
AADR	2	window	gt	101	I8582	1859	3784	2.4217469374338787	54.08	-4.7	46.430714	25.029415	2257.4058	4025.0	82.19733	3942.8026733398438
AADR	2	window	gt	101	VK444_noUDG.SG	3739	3784	2.4217469374338787	56.41526	16.4326046	46.242973	40.399837	1996.5883	1097.0	97.839195	999.1608047485352
AADR	2	window	gt	102	OBKR_50	1478	3784	4.422768926620483	48.26656	10.87857	53.76553	-5.409592	1288.907	3935.0	3477.809	457.19091796875
AADR	2	window	gt	102	LON003	2018	3784	4.422768926620483	39.87	9.2356	43.9044	11.469495	485.17264	6274.0	3072.614	3201.385986328125
AADR	2	window	gt	102	DA224_noUDG.SG	2255	3784	4.422768926620483	43.06861111	68.24888889	33.583942	41.86919	2517.208	1627.0	2749.1348	-1122.134765625
AADR	2	window	gt	103	SOP002_noUDG.SG	1214	3784	2.411924580732981	59.417563	27.041379	53.179546	17.222414	919.0816	4620.0	61.628365	4558.371635437012
AADR	2	window	gt	103	2H17.SG	1314	3784	2.411924580732981	48.858472	3.995887	51.341877	26.631437	1631.159	5157.0	68.58136	5088.418640136719
AADR	2	window	gt	103	Falkenstein_noUDG	1426	3784	2.411924580732981	48.06	9.04	48.071186	20.831528	875.36365	9161.0	60.6507	9100.349300384521
AADR	2	window	gt	104	I5071	385	3784	2.4181349754333494	43.35141	16.461788	49.950233	14.404366	750.2925	7582.0	71.12828	7510.871719360352
AADR	2	window	gt	104	kol2BE_noUDG.SG	714	3784	2.4181349754333494	50.028889	15.201157	48.955124	12.258465	243.75679	6494.0	67.914474	6426.085525512695
AADR	2	window	gt	104	I3303	3953	3784	2.4181349754333494	37.044768	27.436551	50.541485	18.723198	1653.0127	2217.0	75.57588	2141.424118041992
AADR	2	window	gt	105	CK-13_noUDG.SG	254	3784	3.41602117617925	42.216667	-83.066667	55.20263	24.254055	7204.254	4842.0	4695.5186	146.4814453125
AADR	2	window	gt	105	DA117_noUDG.SG	2320	3784	3.41602117617925	42.074444	76.966667	50.896347	17.781576	4509.0728	139.0	4328.5854	-4189.58544921875
AADR	2	window	gt	105	I3484	3505	3784	3.41602117617925	38.5781	-2.8417	52.491184	16.953348	2170.3374	4074.0	4502.59	-428.58984375
AADR	2	window	gt	106	I16429	269	3784	4.419934193293254	49.497153	-2.506461	40.551212	35.76748	3129.5005	4935.0	3617.3975	1317.6025390625
AADR	2	window	gt	106	Aes24	3775	3784	4.419934193293254	47.465413	7.601691	49.524883	0.5251763	569.22253	4839.0	3674.317	1164.68310546875
AADR	2	window	gt	106	C3318.SG	4352	3784	4.419934193293254	43.8	82.51	43.391132	80.13594	196.50714	2145.0	3375.5374	-1230.537353515625
AADR	2	window	gt	107	prs002_noUDG.SG	1819	3784	2.4160948038101195	54.2469	-8.55609	56.175316	35.608593	2761.8643	5665.0	97.12426	5567.8757400512695
AADR	2	window	gt	107	RISE510_noUDG.SG	2919	3784	2.4160948038101195	54.35661	90.919186	52.67772	20.119333	4483.292	4531.0	78.84641	4452.153587341309
AADR	2	window	gt	107	I24590	4175	3784	2.4160948038101195	15.211057	145.716839	50.32239	30.697811	10381.248	594.0	85.91519	508.0848083496094
AADR	2	window	gt	108	I14813	125	3784	2.4121047337849935	40.783	43.95	45.750286	17.58558	2193.9739	3945.0	50.426037	3894.573963165283
AADR	2	window	gt	108	AITI_95	1476	3784	2.4121047337849935	48.22281	10.84499	48.990936	15.344144	341.58887	3671.0	50.708572	3620.2914276123047
AADR	2	window	gt	108	I8215	3537	3784	2.4121047337849935	42.1333	3.1083	52.47936	13.24914	1378.4363	2526.0	50.197956	2475.802043914795
AADR	2	window	gt	109	STR502b_noUDG.SG	1370	3784	2.422082547346751	48.89	12.57	44.844624	20.24976	736.41797	1364.0	75.44321	1288.5567932128906
AADR	2	window	gt	109	oll010_noUDG.SG	3695	3784	2.422082547346751	56.014689	14.068039	51.7449	24.392597	825.341	3704.0	88.560715	3615.4392852783203
AADR	2	window	gt	109	R11545.SG	4775	3784	2.422082547346751	40.6885	43.8493	50.272	32.620174	1376.0277	3276.0	94.33099	3181.6690063476562
AADR	2	window	gt	110	MIB024	663	3784	2.4139721353848773	49.992004	15.776861	51.094997	17.3507	165.55403	3875.0	60.76789	3814.232109069824
AADR	2	window	gt	110	I7780	3238	3784	2.4139721353848773	52.916944	103.657222	53.23287	19.853498	5260.706	4615.0	65.13154	4549.868461608887
AADR	2	window	gt	110	I8296	3243	3784	2.4139721353848773	52.916944	103.657222	52.583656	18.563374	5373.116	4665.0	63.297638	4601.702362060547
AADR	2	window	gt	111	MIB040	585	3784	2.41956220070521	49.992004	15.776861	49.61403	13.763999	150.44176	3829.0	56.028057	3772.9719429016113
AADR	2	window	gt	111	I21313	1140	3784	2.41956220070521	51.28086	-1.835571	44.663334	12.4082365	1287.1552	2165.0	50.802933	2114.197067260742
AADR	2	window	gt	111	Tep003_noUDG.WGC	4025	3784	2.41956220070521	38.172218	34.49387	44.1802	21.053564	1305.8824	8419.0	55.42817	8363.571830749512
AADR	2	window	gt	112	OBKR_2	1477	3784	4.419242672125498	48.26656	10.87857	49.408756	1.3868723	705.6933	3906.0	1069.5365	2836.4635009765625
AADR	2	window	gt	112	EBA1_noUDG.SG	2136	3784	4.419242672125498	51.631339	74.66445	42.357826	49.7268	2139.0115	4108.0	1234.7441	2873.255859375
AADR	2	window	gt	112	C3332	4368	3784	4.419242672125498	43.8	82.51	47.078716	7.127869	5658.035	2139.0	1046.4302	1092.56982421875
AADR	2	window	gt	113	I7635	901	3784	2.411561365922292	54.522812	-1.308134	54.813717	19.412113	1327.9532	4030.0	89.318245	3940.681755065918
AADR	2	window	gt	113	SZ43.SG	1640	3784	2.411561365922292	46.28333333	17.85	49.462128	14.136606	448.93762	1393.0	75.61454	1317.3854598999023
AADR	2	window	gt	113	I10552	1996	3784	2.411561365922292	39.683255	9.433333	48.43035	12.587815	1004.52893	3234.0	72.840996	3161.159004211426
AADR	2	window	gt	114	I14861	990	3784	4.416549944877625	51.329195	1.3693088	46.5243	106.26455	6990.543	2810.0	4347.0264	-1537.0263671875
AADR	2	window	gt	114	I2633	3324	3784	4.416549944877625	58.53	-3.603	10.733805	152.4549	12015.185	5639.0	2709.3293	2929.670654296875
AADR	2	window	gt	114	LHO003	3607	3784	4.416549944877625	38.344015	-0.77	47.440174	12.713171	1489.2428	3524.0	3293.9075	230.092529296875
AADR	2	window	gt	115	I7862_d	2471	3784	2.4126755197842917	45.845833	28.194722	44.787846	15.297987	1014.11444	3456.0	52.798973	3403.201026916504
AADR	2	window	gt	115	N20_noUDG.SG	2830	3784	2.4126755197842917	52.62	18.96	57.044468	25.55818	647.9672	5467.0	72.30779	5394.692207336426
AADR	2	window	gt	115	SA6002	3060	3784	2.4126755197842917	45.05	39.91	49.759235	13.022669	2077.8203	5126.0	55.731262	5070.268737792969
AADR	2	window	gt	116	NE8_noUDG	295	3784	2.4171910802523295	46.01	125.82	45.75184	16.860712	7675.5376	11263.0	72.95301	11190.046989440918
AADR	2	window	gt	116	I2453	860	3784	2.4171910802523295	52.67	-0.35	52.62932	7.8248644	551.20337	4122.0	73.296074	4048.703926086426
AADR	2	window	gt	116	I1836	3500	3784	2.4171910802523295	41.223	1.7742	42.930847	24.31652	1864.5349	3527.0	77.91334	3449.0866622924805
AADR	2	window	gt	117	SFI-24_noUDG.SG	2396	3784	2.41918519337972	33.896528	35.511389	47.050842	17.427197	2106.734	1946.0	3762.5134	-1816.513427734375
AADR	2	window	gt	117	I4917	3376	3784	2.41918519337972	44.640262	22.30333	48.417915	17.802925	542.91766	8058.0	4016.1519	4041.84814453125
AADR	2	window	gt	117	I6327	3638	3784	2.41918519337972	21.070453	30.664028	50.924503	17.332458	3517.1804	990.0	4095.105	-3105.10498046875
AADR	2	window	gt	118	NIK007_noUDG.SG	3260	3784	2.4130990505218506	57.52926373	39.66994055	48.92558	10.449226	2144.9504	4540.0	81.15075	4458.849250793457
AADR	2	window	gt	118	VK207_noUDG.SG	3357	3784	2.4130990505218506	59.133	-3.319	51.08543	6.152619	1076.5016	930.0	80.468605	849.5313949584961
AADR	2	window	gt	118	ALA030	3864	3784	2.4130990505218506	36.23778	36.38472	47.187187	9.2169285	2544.1646	3467.0	77.56544	3389.4345626831055
AADR	2	window	gt	119	I6679	876	3784	2.4190023223559063	55.309983	-1.553328	48.57938	4.812192	865.48883	3936.0	79.91846	3856.08154296875
AADR	2	window	gt	119	MJ-56_noUDG.SG	2996	3784	2.4190023223559063	51.991225	58.039435	51.444515	27.431128	2093.8289	2436.0	107.178665	2328.821334838867
AADR	2	window	gt	119	R11746.SG	4659	3784	2.4190023223559063	36.9615	11.0804	47.218876	15.134939	1188.1826	2485.0	87.417656	2397.582344055176
AADR	2	window	gt	120	I11145	994	3784	2.4148556073506673	50.88341	-2.760465	47.940212	10.722103	1027.0903	2022.0	51.34492	1970.6550788879395
AADR	2	window	gt	120	UUS002	2545	3784	2.4148556073506673	49.40223	100.41281	55.079334	24.007154	4976.3867	604.0	69.96946	534.0305404663086
AADR	2	window	gt	120	Oase1_d	2896	3784	2.4148556073506673	45.12	21.9	46.288292	10.303325	909.0106	38033.0	49.4918	37983.50820159912
AADR	2	window	gt	121	I14551	1060	3784	4.423608533541361	50.844866	-0.266087	43.754795	10.297663	1118.6897	2349.0	3298.2048	-949.204833984375
AADR	2	window	gt	121	irk034_noUDG.SG	2935	3784	4.423608533541361	53.2207	103.3948	40.59031	11.334752	6636.405	5525.0	2935.0396	2589.96044921875
AADR	2	window	gt	121	C1633	4409	3784	4.423608533541361	43.83	82.72	46.335785	2.9974406	5988.388	2221.0	3180.491	-959.490966796875
AADR	2	window	gt	122	I10873	248	3784	2.4206731994946797	5.8586	10.0778	47.54429	28.821888	4966.871	3097.0	80.93029	3016.069709777832
AADR	2	window	gt	122	BIR012	2125	3784	2.4206731994946797	51.14	75.7	51.17388	32.656216	2958.2957	2606.0	89.01305	2516.9869537353516
AADR	2	window	gt	122	XHM100.SG	4640	3784	2.4206731994946797	40.3364	88.6725	50.48046	17.674894	5438.49	3757.0	73.37723	3683.622772216797
AADR	2	window	gt	123	MIB053	677	3784	4.41444989045461	49.992004	15.776861	48.386555	15.937685	178.89992	3761.0	3805.3032	-44.30322265625
AADR	2	window	gt	123	MDM005.SG	2648	3784	4.41444989045461	53.184298	5.444314	40.08144	50.57994	3666.688	1417.0	3428.196	-2011.196044921875
AADR	2	window	gt	123	GLZ001	3171	3784	4.41444989045461	52.279056	104.251778	53.637905	10.195309	5817.15	4556.0	4043.572	512.427978515625
AADR	2	window	gt	124	I21303	1002	3784	5.418583353360494	51.0128	-2.3152	50.977505	69.863594	4839.4565	1995.0	4231.6533	-2236.6533203125
AADR	2	window	gt	124	ARD2.SG	1833	3784	5.418583353360494	52.934997	-8.154168	50.211025	111.7118	7238.517	5401.0	5053.2124	347.78759765625
AADR	2	window	gt	124	C2048	4310	3784	5.418583353360494	46.48	90.75	47.235123	11.549755	5747.2734	4224.0	3380.4165	843.58349609375
AADR	2	window	gt	125	Tianyuan	334	3784	2.417298436164856	39.657778	115.871389	51.488613	22.068754	6907.6533	39565.0	71.38529	39493.61470794678
AADR	2	window	gt	125	I14358	979	3784	2.417298436164856	51.329195	1.3693088	51.798225	18.592327	1188.886	2808.0	69.5462	2738.4537963867188
AADR	2	window	gt	125	I1496	1685	3784	2.417298436164856	47.167	19.833	58.398438	39.075848	1786.4349	7040.0	93.14736	6946.852638244629
AADR	2	window	gt	126	I16821	1577	3784	2.4240095893541973	13.519983	144.806559	46.727844	10.569266	11913.578	2628.0	56.861008	2571.1389923095703
AADR	2	window	gt	126	I11737	2182	3784	2.4240095893541973	50.77023611	49.34004167	58.7017	34.434277	1296.0836	4046.0	90.32372	3955.6762771606445
AADR	2	window	gt	126	I1368	4238	3784	2.4240095893541973	-17.786	168.37	46.73468	15.404209	15955.277	2870.0	60.75276	2809.2472381591797
AADR	2	window	gt	127	OBKR_95	1483	3784	2.4210691690444945	48.26656	10.87857	51.2623	13.433268	380.24762	3917.0	50.091404	3866.9085960388184
AADR	2	window	gt	127	I9033	1536	3784	2.4210691690444945	36.91666667	21.7	47.796825	13.239362	1393.371	3296.0	47.51284	3248.487159729004
AADR	2	window	gt	127	I16820	1567	3784	2.4210691690444945	13.519983	144.806559	53.61585	14.8142805	11176.564	2623.0	52.92194	2570.0780601501465
AADR	2	window	gt	128	ANN2.SG	1832	3784	2.4157537897427876	52.67641	-8.455326	52.17375	17.023537	1719.5137	5521.0	98.59251	5422.407493591309
AADR	2	window	gt	128	I7136	2874	3784	2.4157537897427876	47.7467	22.395	51.701946	10.159489	981.6845	6074.0	91.03154	5982.968460083008
AADR	2	window	gt	128	I1782	4043	3784	2.4157537897427876	38.21228	62.03443	50.60614	19.964521	3556.351	4163.0	99.10098	4063.8990173339844
AADR	2	window	gt	129	I4355_noUDG	1773	3784	2.4201586683591207	37.005	45.459	47.71872	15.65516	2700.4514	2898.0	49.244133	2848.7558670043945
AADR	2	window	gt	129	MonteCanelas337A_noUDG.SG	2842	3784	2.4201586683591207	37.199005	-8.587977	50.507442	15.78338	2432.3108	4857.0	51.42663	4805.573371887207
AADR	2	window	gt	129	ALM001_merged	3426	3784	2.4201586683591207	37.952759	-1.508	50.35053	16.3665	1973.7394	3821.0	51.86334	3769.136661529541
AADR	2	window	gt	130	I0806	1341	3784	4.4161242564519245	51.79	11.14	55.49313	6.6530013	506.7681	4217.0	3750.6511	466.348876953125
AADR	2	window	gt	130	cth842_noUDG.SG	3922	3784	4.4161242564519245	37.6661	32.8257	47.40366	47.127056	1590.7693	8559.0	3759.6555	4799.344482421875
AADR	2	window	gt	130	KDA-188.SG	4798	3784	4.4161242564519245	46.38	20.08944	47.739555	11.647658	656.7234	1244.0	3326.0332	-2082.033203125
AADR	2	window	gt	131	I16430	265	3784	2.418055975437164	49.721729	-2.177469	48.751884	25.482971	1999.7388	2084.0	64.86143	2019.138572692871
AADR	2	window	gt	131	I3948	408	3784	2.418055975437164	43.589	16.648	48.858845	15.742371	590.09467	7863.0	56.412197	7806.587802886963
AADR	2	window	gt	131	RISE515_noUDG.SG	2942	3784	2.418055975437164	53.156486	90.207811	49.18632	14.184298	5064.4673	4196.0	55.59937	4140.400630950928
AADR	2	window	gt	132	PMI002	666	3784	2.4187379399935405	50.156484	14.538727	48.15501	16.231539	254.31577	4171.0	56.745144	4114.254856109619
AADR	2	window	gt	132	I15959	708	3784	2.4187379399935405	50.07884	14.280243	48.48847	16.06543	219.16525	3022.0	56.868015	2965.1319847106934
AADR	2	window	gt	132	TAP003	1333	3784	2.4187379399935405	-16.83625	-151.3585722	48.330254	13.045933	16237.074	366.0	53.60363	312.39636993408203
AADR	2	window	gt	133	I1565	1355	3784	2.4290979584058126	51.358333	7.551111	51.485947	7.1752844	29.672203	5674.0	71.64828	5602.351722717285
AADR	2	window	gt	133	OBKR_84	1457	3784	2.4290979584058126	48.26656	10.87857	50.618893	10.806542	261.61932	3875.0	73.96682	3801.0331802368164
AADR	2	window	gt	133	I2085	4049	3784	2.4290979584058126	38.21228	62.03443	53.520508	37.93936	2502.9229	3881.0	103.101074	3777.89892578125
AADR	2	window	gt	134	I14617	113	3784	4.41733493010203	40.91666	44.5	36.47013	36.439037	856.0724	2915.0	3359.7705	-444.7705078125
AADR	2	window	gt	134	VK485_noUDG.SG	1197	3784	4.41733493010203	58.17	22.25	47.9102	15.841904	1217.3085	1244.0	4352.0283	-3108.0283203125
AADR	2	window	gt	134	TU919_SX33	1223	3784	4.41733493010203	48.554457	7.681749	58.523895	0.32064512	1208.8828	6625.0	4826.7456	1798.25439453125
AADR	2	window	gt	135	I13470	551	3784	2.4131158272425335	50.044984	14.339296	46.470478	15.153655	402.00604	3943.0	53.9019	3889.098098754883
AADR	2	window	gt	135	I17266	1121	3784	2.4131158272425335	51.138291	-1.53093	46.873276	15.299157	1312.3716	2183.0	54.37803	2128.621971130371
AADR	2	window	gt	135	C3350	4318	3784	2.4131158272425335	47.44	85.87	56.591064	26.25331	4065.4333	2574.0	72.252235	2501.7477645874023
AADR	2	window	gt	136	I17321	698	3784	2.4211971124013263	50.054385	14.363387	46.97311	14.143938	343.0029	2225.0	53.514267	2171.4857330322266
AADR	2	window	gt	136	RISE392_noUDG.SG	3121	3784	2.4211971124013263	53.876	59.076	52.806377	24.459898	2278.2942	3943.0	70.06626	3872.933738708496
AADR	2	window	gt	136	vik_2072_noUDG.SG	3717	3784	2.4211971124013263	59.61731	17.72361	50.878838	13.712085	1003.92993	973.0	56.930573	916.0694274902344
AADR	2	window	gt	137	I4468	2441	3784	3.4233636260032654	-10.786153	33.765371	51.062416	9.144753	7276.3857	6039.0	4133.7427	1905.25732421875
AADR	2	window	gt	137	RISE1241_noUDG.SG	2817	3784	3.4233636260032654	50.6	21.7	47.451733	7.1744933	1113.2798	4773.0	3736.8086	1036.19140625
AADR	2	window	gt	137	pcw362_noUDG.SG	2826	3784	3.4233636260032654	50.456111	23.661944	31.695564	88.358475	5610.258	4305.0	2405.0583	1899.941650390625
AADR	2	window	gt	138	CP18	198	3784	2.413167989253998	-19.47718333	-44.03805556	46.4421	23.165445	9943.298	9510.0	74.519516	9435.480484008789
AADR	2	window	gt	138	MX256	1518	3784	2.413167989253998	47.767097	8.872239	44.97319	9.034047	310.916	3963.0	60.02807	3902.9719314575195
AADR	2	window	gt	138	I4998	1629	3784	2.413167989253998	47.353728	16.794725	49.037525	26.76401	761.6626	2250.0	80.98028	2169.0197219848633
AADR	2	window	gt	139	L5692_noUDG_d	328	3784	2.4159297863642375	26.2	119.1	42.454323	41.11216	7134.7246	4477.0	2635.0955	1841.904541015625
AADR	2	window	gt	139	RISE21_noUDG.SG	746	3784	2.4159297863642375	55.55	12.209	44.623596	36.234905	2083.7368	3301.0	2698.7017	602.29833984375
AADR	2	window	gt	139	mur_noUDG.SG	3535	3784	2.4159297863642375	37.542182	-4.30388	50.603878	16.003315	2164.3447	7127.0	2786.0027	4340.997314453125
AADR	2	window	gt	140	VK326_noUDG.SG	761	3784	3.413007398446401	55.33	8.76	52.78162	6.3180523	325.07083	1026.0	4622.195	-3596.19482421875
AADR	2	window	gt	140	ETR003	2077	3784	3.413007398446401	43.017037	11.948444	54.526085	0.7662291	1515.5841	877.0	4144.965	-3267.96484375
AADR	2	window	gt	140	KZL001	2245	3784	3.413007398446401	48.28	75.36	42.84811	19.210894	4313.9224	2585.0	3687.9473	-1102.947265625
AADR	2	window	gt	141	NUL001	2225	3784	5.416883258024852	43.65	78.52	41.405285	13.775363	5173.066	2584.0	3382.9417	-798.941650390625
AADR	2	window	gt	141	ATP9_noUDG.SG	3444	3784	5.416883258024852	42.3525	-3.518333333	46.12509	19.877405	1902.9698	3628.0	3816.8005	-188.800537109375
AADR	2	window	gt	141	I3713	4113	3784	5.416883258024852	47.9543	35.3893	47.07516	36.23109	116.41511	6942.0	4159.266	2782.73388671875
AADR	2	window	gt	142	I23911	370	3784	5.419263764222463	44.555384	15.310516	47.8606	58.230118	3280.242	2765.0	1792.3347	972.665283203125
AADR	2	window	gt	142	I7289	488	3784	5.419263764222463	50.410265	14.074597	37.984016	76.046616	4974.8696	4289.0	1604.417	2684.5830078125
AADR	2	window	gt	142	OBR004	513	3784	5.419263764222463	50.292725	14.484945	49.939064	16.729664	164.80673	4512.0	1564.7614	2947.2386474609375
AADR	2	window	gt	143	I19909	1089	3784	2.4150030255317687	51.3603	1.3405	47.228485	14.910375	1083.8544	2227.0	68.55153	2158.448471069336
AADR	2	window	gt	143	Ash128_noUDG.SG	3901	3784	2.4150030255317687	38.3482	34.2303	55.011524	25.86606	1956.3507	10018.0	88.00694	9929.993057250977
AADR	2	window	gt	143	R3931.SG	4764	3784	2.4150030255317687	44.7167	21.1667	42.671703	20.283041	238.22896	1769.0	67.859634	1701.140365600586
AADR	2	window	gt	144	I3083	1101	3784	2.4151380896568297	51.466215	-0.212202	45.90479	12.240216	1101.3613	2233.0	50.140106	2182.859893798828
AADR	2	window	gt	144	OBKR_80	1456	3784	2.4151380896568297	48.26656	10.87857	47.858875	14.056073	240.4245	4000.0	53.795033	3946.2049674987793
AADR	2	window	gt	144	I3272	3469	3784	2.4151380896568297	42.57	-2.55	48.905468	17.528008	1703.298	4959.0	57.81669	4901.183311462402
AADR	2	window	gt	145	I2423	212	3784	2.4129207849502565	43.05777778	26.98361111	53.832966	41.432594	1597.4497	6381.0	98.84476	6282.155242919922
AADR	2	window	gt	145	scy332_noUDG.SG	2462	3784	2.4129207849502565	46.6684	29.8001	54.49108	25.645782	917.5619	1616.0	86.33853	1529.6614685058594
AADR	2	window	gt	145	I2731	4261	3784	2.4129207849502565	20.13333333	105.9833333	53.648746	43.62164	6408.172	3684.0	100.58777	3583.4122314453125
AADR	2	window	gt	146	I15943	2025	3784	2.419409155845642	40.626667	8.323056	47.300175	14.350525	884.46423	5723.0	47.773277	5675.226722717285
AADR	2	window	gt	146	I4655	2888	3784	2.419409155845642	44.626111	22.605833	49.02211	20.219122	521.38214	8764.0	54.13349	8709.866508483887
AADR	2	window	gt	146	PM1	2897	3784	2.419409155845642	45.192	23.754	48.358692	15.90583	693.1751	34415.0	49.34926	34365.65074157715
AADR	2	window	gt	147	91KLH18_noUDG	338	3784	2.419065701961517	42.5043431	125.4145019	52.814777	10.878294	7707.376	2812.0	93.05109	2718.9489135742188
AADR	2	window	gt	147	I5240	3382	3784	2.419065701961517	44.595879	22.010568	53.295494	32.472576	1230.0582	10805.0	113.89432	10691.105682373047
AADR	2	window	gt	147	I4881	3390	3784	2.419065701961517	44.53368	22.05032	50.612675	30.774092	939.6285	8869.0	108.03514	8760.964859008789
AADR	2	window	gt	148	I18437	794	3784	2.414269769191742	19.2	-69.218889	48.212215	34.017548	9362.228	956.0	86.06185	869.9381484985352
AADR	2	window	gt	148	UGU002	2603	3784	2.414269769191742	49.248364	105.377512	49.35291	16.054165	6067.191	1927.0	70.73857	1856.2614288330078
AADR	2	window	gt	148	VLBA036	3615	3784	2.414269769191742	37.410926	-6.059	50.429573	12.160875	2044.93	4724.0	68.05547	4655.944526672363
AADR	2	window	gt	149	I6582	2772	3784	2.4334548910458884	50.09	18.1	36.303616	49.977253	2971.1816	4171.0	2539.0488	1631.951171875
AADR	2	window	gt	149	I6610	3478	3784	2.4334548910458884	40.439	-3.501	47.511333	-9.149388	906.45685	3803.0	2809.4087	993.59130859375
AADR	2	window	gt	149	I4634	4040	3784	2.4334548910458884	38.348048	56.24543	51.00652	26.03683	2743.9119	4998.0	3240.8364	1757.16357421875
AADR	2	window	gt	150	MX259	1516	3784	2.4149823268254598	47.854144	8.7737404	53.48403	6.661309	643.3964	4246.0	67.4754	4178.524597167969
AADR	2	window	gt	150	I7130	2871	3784	2.4149823268254598	47.7467	22.395	47.99355	19.101864	247.14795	6078.0	72.277695	6005.722305297852
AADR	2	window	gt	150	DA188_noUDG.SG	3141	3784	2.4149823268254598	50.114471	38.300882	56.61651	24.514357	1162.3755	1107.0	87.06893	1019.9310684204102
AADR	2	window	gt	151	I2462	905	3784	2.4249851226806642	51.3603	1.3405	49.942616	15.671024	1020.851	3942.0	56.936	3885.0639991760254
AADR	2	window	gt	151	I4124	1433	3784	2.4249851226806642	48.33	10.895	53.333267	11.266974	556.94867	4278.0	57.29938	4220.7006187438965
AADR	2	window	gt	151	ALA084	3869	3784	2.4249851226806642	36.23778	36.38472	51.69663	11.222451	2623.891	3844.0	55.649555	3788.350444793701
AADR	2	window	gt	152	Sumidouro6_noUDG.SG	207	3784	2.4309169252713523	-19.54	-43.94	48.190315	21.108194	9907.265	10070.0	59.890923	10010.109077453613
AADR	2	window	gt	152	PB1794.SG	1843	3784	2.4309169252713523	52.985499	-9.111454	47.01716	19.859718	2157.2683	5486.0	57.851402	5428.148597717285
AADR	2	window	gt	152	mid001_noUDG.SG	3309	3784	2.4309169252713523	59.157625	-3.10046	49.62157	13.7685795	1514.1685	5173.0	55.26215	5117.737850189209
AADR	2	window	gt	153	I7212	468	3784	2.42794295946757	50.410265	14.074597	52.591843	28.338148	1014.81915	4247.0	84.774506	4162.225494384766
AADR	2	window	gt	153	I10542	3911	3784	2.42794295946757	40.48	29.296	48.154797	9.7607565	1765.8861	5461.0	62.759182	5398.240818023682
AADR	2	window	gt	153	R3476.SG	4760	3784	2.42794295946757	33.622519	35.499985	31.58917	29.76287	582.9053	1431.0	62.580166	1368.419834136963
