sim	exp	nam	typ	cro	sta	end	gro	ind	idx	snp	run	true_lat	true_lon	pred_lat	pred_lon	diff_space	true_tim	pred_tim	diff_time
AADR	2	general	gt	1	190000000	200000000	0	I13840	26	3088	2.426753063996633	40.671111	20.984722	44.29679489135742	6.078393936157227	1284.9453	6102.0	417.57745361328125	5684.422546386719
AADR	2	general	gt	1	190000000	200000000	0	I15969	827	3088	2.426753063996633	18.451	-69.686	167.0325164794922	105.89998626708984	771.225	995.0	1753.6771240234375	-758.6771240234375
AADR	2	general	gt	1	190000000	200000000	0	DA13_noUDG.SG	2131	3088	2.426753063996633	49.060646	75.5032	53.10404968261719	58.0257682800293	1296.9783	2568.0	677.6576538085938	1890.3423461914062
AADR	2	general	gt	1	190000000	200000000	1	s19_X20_1_noUDG.SG	1189	3088	2.421535909175873	59.4308	24.9089	54.58914566040039	13.006892204284668	897.3804	2787.0	4592.34912109375	-1805.34912109375
AADR	2	general	gt	1	190000000	200000000	1	CR-01_noUDG.SG	4163	3088	2.421535909175873	34.003611	-119.726389	63.10074996948242	-47.26799774169922	5813.4644	1017.0	4745.81884765625	-3728.81884765625
AADR	2	general	gt	1	190000000	200000000	1	R11833.SG	4740	3088	2.421535909175873	40.5938	8.2045	51.28104782104492	14.494466781616211	1282.8845	1639.0	3706.118896484375	-2067.118896484375
AADR	2	general	gt	1	190000000	200000000	2	MA974_noUDG.SG	1217	3088	2.422748096783956	59.45	28.08	46.03916549682617	41.45753479003906	1734.7404	5586.0	4291.31787109375	1294.68212890625
AADR	2	general	gt	1	190000000	200000000	2	I12410	3547	3088	2.422748096783956	41.3616	1.6694	51.48325729370117	-1.5793027877807617	1152.3895	2375.0	2697.588134765625	-322.588134765625
AADR	2	general	gt	1	190000000	200000000	2	I1369	4239	3088	2.422748096783956	-17.786	168.37	55.48844528198242	14.300963401794434	15285.578	2885.0	4490.017578125	-1605.017578125
AADR	2	general	gt	1	190000000	200000000	3	MIB075	606	3088	2.4113125920295717	49.992004	15.776861	45.199073791503906	13.191914558410645	567.0118	3866.0	2985.652099609375	880.347900390625
AADR	2	general	gt	1	190000000	200000000	3	PN13.SG	1808	3088	2.4113125920295717	53.04866	-9.140049	50.50334930419922	9.485613822937012	1308.3252	5572.0	3009.385009765625	2562.614990234375
AADR	2	general	gt	1	190000000	200000000	3	C1639	4399	3088	2.4113125920295717	43.83	82.72	54.04342269897461	10.120591163635254	5180.322	3491.0	4213.7861328125	-722.7861328125
AADR	2	general	gt	1	190000000	200000000	4	I24259	1582	3088	2.4173542261123657	13.519983	144.806559	28.963472366333008	125.2774658203125	2646.5078	708.0	898.3084716796875	-190.3084716796875
AADR	2	general	gt	1	190000000	200000000	4	I4262	2202	3088	2.4173542261123657	48.78176667	76.45303333	40.909271240234375	26.6617431640625	3947.8445	3743.0	561.545166015625	3181.454833984375
AADR	2	general	gt	1	190000000	200000000	4	C3315	4354	3088	2.4173542261123657	43.8	82.51	53.848114013671875	40.126609802246094	3240.8723	2038.0	749.995361328125	1288.004638671875
AADR	2	general	gt	1	190000000	200000000	5	gun012_noUDG.SG	261	3088	2.412743373711904	28.268611	-16.605556	51.60362243652344	64.3102035522461	6979.8164	1324.0	3619.91259765625	-2295.91259765625
AADR	2	general	gt	1	190000000	200000000	5	VLI011	521	3088	2.412743373711904	50.365945	14.446606	46.416847229003906	24.130512237548828	838.12384	4718.0	4822.61181640625	-104.61181640625
AADR	2	general	gt	1	190000000	200000000	5	C783	4395	3088	2.412743373711904	43.6	82.62	48.72845458984375	74.92352294921875	821.7348	939.0	3140.43603515625	-2201.43603515625
AADR	2	general	gt	1	190000000	200000000	6	FNO007	2967	3088	2.419114116827647	52.048428	106.766261	34.176387786865234	68.96541595458984	3595.0498	7742.0	2678.558837890625	5063.441162109375
AADR	2	general	gt	1	190000000	200000000	6	EHU001	3480	3088	2.419114116827647	42.419214	-3.484745	48.97123718261719	14.86572551727295	1594.9753	4121.0	4696.373046875	-575.373046875
AADR	2	general	gt	1	190000000	200000000	6	CCH289_noUDG.SG	3924	3088	2.419114116827647	37.6661	32.8257	38.07279586791992	41.6109504699707	772.19244	8661.0	3449.6572265625	5211.3427734375
AADR	2	general	gt	1	190000000	200000000	7	I14813	125	3088	3.418257439136505	40.783	43.95	43.707679748535156	13.82895565032959	2486.7363	3945.0	1986.1348876953125	1958.8651123046875
AADR	2	general	gt	1	190000000	200000000	7	XJS1309_M4_noUDG	314	3088	3.418257439136505	36.5	117.0	42.998050689697266	110.36227416992188	918.09485	7827.0	3399.32080078125	4427.67919921875
AADR	2	general	gt	1	190000000	200000000	7	VK506_noUDG.SG	1199	3088	3.418257439136505	58.17	22.25	50.616947174072266	27.986934661865234	917.5309	1237.0	3842.7392578125	-2605.7392578125
AADR	2	general	gt	1	190000000	200000000	8	I13726	1111	3088	3.4106575806935626	51.357334	-2.988282	43.402286529541016	1.6746742725372314	951.1976	2133.0	3445.180908203125	-1312.180908203125
AADR	2	general	gt	1	190000000	200000000	8	scy300_noUDG.SG	2463	3088	3.4106575806935626	46.6684	29.8001	36.09357833862305	86.21243286132812	4744.6777	2250.0	2436.51904296875	-186.51904296875
AADR	2	general	gt	1	190000000	200000000	8	Ash128_noUDG.SG	3901	3088	3.4106575806935626	38.3482	34.2303	48.53074645996094	9.907087326049805	2252.451	10018.0	4841.0595703125	5176.9404296875
AADR	2	general	gt	1	190000000	200000000	9	DA112_noUDG.SG	686	3088	2.417435352007548	50.5099972	14.05	43.182411193847656	73.7869873046875	4489.546	2507.0	3200.75244140625	-693.75244140625
AADR	2	general	gt	1	190000000	200000000	9	I13896	1160	3088	2.417435352007548	51.861211	-1.883011	45.95252227783203	12.477693557739258	1234.9805	5486.0	3562.9921875	1923.0078125
AADR	2	general	gt	1	190000000	200000000	9	Chaudardes1_noUDG	1233	3088	2.417435352007548	49.24	3.46	48.66358184814453	13.847908973693848	760.63367	8218.0	5192.123046875	3025.876953125
AADR	2	general	gt	1	190000000	200000000	10	VPR001	737	3088	2.4118377923965455	50.155159	14.318068	49.76314926147461	18.722455978393555	318.02255	4756.0	4231.36572265625	524.63427734375
AADR	2	general	gt	1	190000000	200000000	10	I8550	770	3088	2.4118377923965455	18.44	-69.64	16.41237449645996	-75.63948822021484	675.1817	1272.0	1821.705810546875	-549.705810546875
AADR	2	general	gt	1	190000000	200000000	10	SCH016	1393	3088	2.4118377923965455	49.39	8.57	45.02037811279297	18.454570770263672	889.77203	7091.0	2685.95703125	4405.04296875
AADR	2	general	gt	1	190000000	200000000	11	GBVPO.SG	1273	3088	2.4205295284589132	43.14915	3.060582	53.71317672729492	8.169023513793945	1232.8422	3598.0	3819.651611328125	-221.651611328125
AADR	2	general	gt	1	190000000	200000000	11	JpKo13.SG	2101	3088	2.4205295284589132	35.72088	139.96344	45.14271926879883	116.9665756225586	2199.4277	3917.0	4488.12744140625	-571.12744140625
AADR	2	general	gt	1	190000000	200000000	11	I8999	2698	3088	2.4205295284589132	34.75146111	72.40193611	35.722408294677734	47.30666732788086	2275.5347	2813.0	3415.0546875	-602.0546875
AADR	2	general	gt	1	190000000	200000000	12	OTTM_154_noUDG	1496	3088	3.4239107330640155	48.22519	10.84977	46.13985824584961	6.2780985832214355	415.99066	3709.0	5139.71875	-1430.71875
AADR	2	general	gt	1	190000000	200000000	12	I3788	2210	3088	3.4239107330640155	42.68943333	73.11748333	32.60388946533203	41.3315544128418	2992.8025	3536.0	2901.962646484375	634.037353515625
AADR	2	general	gt	1	190000000	200000000	12	TAF010_noUDG	2632	3088	3.4239107330640155	34.807812	-2.410889	29.552654266357422	39.2447395324707	3935.5037	14649.0	4103.24853515625	10545.75146484375
AADR	2	general	gt	1	190000000	200000000	13	IAG001	2536	3088	3.411107150713603	46.12105	91.571833	56.87520980834961	-0.5345881581306458	5989.1187	4466.0	3358.5859375	1107.4140625
AADR	2	general	gt	1	190000000	200000000	13	I12906	2663	3088	3.411107150713603	51.557	3.598	36.41642379760742	0.6435888409614563	1699.7007	2210.0	2301.971435546875	-91.971435546875
AADR	2	general	gt	1	190000000	200000000	13	I6252	3636	3088	3.411107150713603	21.070453	30.664028	13.646830558776855	29.973737716674805	828.7079	1155.0	2878.462646484375	-1723.462646484375
AADR	2	general	gt	1	190000000	200000000	14	IO2	186	3088	2.4184521436691284	-17.9634243	-67.1522097	16.98615264892578	-58.93627166748047	3988.881	985.0	2837.847900390625	-1852.847900390625
AADR	2	general	gt	1	190000000	200000000	14	I14327	930	3088	2.4184521436691284	54.12647222	-0.287966667	49.93798065185547	18.646663665771484	1371.4204	2081.0	4498.2529296875	-2417.2529296875
AADR	2	general	gt	1	190000000	200000000	14	C3622	4480	3088	2.4184521436691284	37.07	80.19	44.525020599365234	74.55183410644531	954.63025	1789.0	2753.067138671875	-964.067138671875
AADR	2	general	gt	1	190000000	200000000	15	I12783	944	3088	2.412819329897563	51.697969	-1.692092	53.43782043457031	11.841053009033203	933.3712	2599.0	3867.17333984375	-1268.17333984375
AADR	2	general	gt	1	190000000	200000000	15	I16819	1566	3088	2.412819329897563	13.519983	144.806559	51.845706939697266	9.48881721496582	11572.956	2518.0	4521.56591796875	-2003.56591796875
AADR	2	general	gt	1	190000000	200000000	15	I3262	2714	3088	2.412819329897563	34.74319444	72.31421667	37.49058532714844	39.568580627441406	2942.3545	2844.0	3002.78173828125	-158.78173828125
AADR	2	general	gt	1	190000000	200000000	16	MX258	1520	3088	2.4185173590977986	47.767097	8.872239	43.1697883605957	11.10837173461914	540.0565	3917.0	3642.941162109375	274.058837890625
AADR	2	general	gt	1	190000000	200000000	16	I2514	1739	3088	2.4185173590977986	36.15444444	54.38361111	50.414852142333984	23.117359161376953	2953.4224	4347.0	3791.6376953125	555.3623046875
AADR	2	general	gt	1	190000000	200000000	16	C1679.SG	4429	3088	2.4185173590977986	42.45	81.5	51.33015060424805	45.012203216552734	2907.7742	2250.0	3716.541748046875	-1466.541748046875
AADR	2	general	gt	1	190000000	200000000	17	ANI153	246	3088	3.4176281213760378	43.2131	27.8644	47.882694244384766	7.829031944274902	1638.7593	6434.0	4169.6318359375	2264.3681640625
AADR	2	general	gt	1	190000000	200000000	17	Burkhardtshohle_noUDG	1357	3088	3.4176281213760378	48.32	9.35	46.837890625	6.854018211364746	249.39919	14620.0	4734.14306640625	9885.85693359375
AADR	2	general	gt	1	190000000	200000000	17	BK-1653_noUDG	4286	3088	3.4176281213760378	42.948	24.4302	50.544898986816406	12.882638931274414	1217.1069	34948.0	6887.85302734375	28060.14697265625
AADR	2	general	gt	1	190000000	200000000	18	N17_noUDG.SG	2795	3088	2.4119702498118083	52.66	18.88	54.34572982788086	23.09075164794922	335.60538	3850.0	3819.69482421875	30.30517578125
AADR	2	general	gt	1	190000000	200000000	18	BIY003	3153	3088	2.4119702498118083	54.99	73.37	52.569068908691406	13.9037504196167	3797.446	2230.0	3352.921142578125	-1122.921142578125
AADR	2	general	gt	1	190000000	200000000	18	C1699	4293	3088	2.4119702498118083	48.06	86.42	37.834228515625	108.88267517089844	2140.9348	4200.0	3584.725341796875	615.274658203125
AADR	2	general	gt	1	190000000	200000000	19	irk061_noUDG.SG	3072	3088	2.416932559013367	53.9695	105.8412	52.510196685791016	111.25064086914062	394.72656	4341.0	4191.392578125	149.607421875
AADR	2	general	gt	1	190000000	200000000	19	RA44	3789	3088	2.416932559013367	47.262067	7.659835	41.95838928222656	50.48895263671875	3397.2288	4828.0	3108.830322265625	1719.169677734375
AADR	2	general	gt	1	190000000	200000000	19	KPM-23.SG	4780	3088	2.416932559013367	46.74644	19.44128	47.65114974975586	14.08426284790039	416.95364	1228.0	3431.810546875	-2203.810546875
AADR	2	general	gt	1	190000000	200000000	20	TU874_SX8	3747	3088	2.412208028634389	47.2266239	8.8184374	46.75494384765625	25.336528778076172	1251.6174	4573.0	3722.368408203125	850.631591796875
AADR	2	general	gt	1	190000000	200000000	20	C1673	4347	3088	2.412208028634389	43.08	81.52	47.545989990234375	45.09711456298828	2863.8928	2229.0	4069.112548828125	-1840.112548828125
AADR	2	general	gt	1	190000000	200000000	20	C387_noUDG	4470	3088	2.412208028634389	36.97	79.94	54.23617172241211	16.56997299194336	5091.622	1651.0	4179.0947265625	-2528.0947265625
AADR	2	general	gt	1	190000000	200000000	21	XN180	1407	3088	2.418431814511617	48.78	9.18	44.63267135620117	22.044763565063477	1082.0997	7068.0	3450.00244140625	3617.99755859375
AADR	2	general	gt	1	190000000	200000000	21	I0172	1513	3088	2.418431814511617	51.42	11.68	51.56760025024414	18.492183685302734	471.7214	5155.0	5366.9853515625	-211.9853515625
AADR	2	general	gt	1	190000000	200000000	21	TOP004	4605	3088	2.418431814511617	-2.28	121.78	48.76789855957031	7.976956367492676	11920.183	386.0	3759.344482421875	-3373.344482421875
AADR	2	general	gt	1	190000000	200000000	22	MJ-40_noUDG.SG	2997	3088	2.4191612203915915	52.532722	58.490389	48.39816665649414	9.086174964904785	3457.4182	2254.0	3933.87890625	-1679.87890625
AADR	2	general	gt	1	190000000	200000000	22	I2636	3327	3088	2.4191612203915915	59.35	-2.873	50.33974838256836	22.414243698120117	1886.427	5397.0	3186.713623046875	2210.286376953125
AADR	2	general	gt	1	190000000	200000000	22	R10341.SG	4652	3088	2.4191612203915915	42.2542	11.7576	48.0856819152832	15.663859367370605	716.8619	2054.0	2392.837646484375	-338.837646484375
AADR	2	general	gt	1	190000000	200000000	23	I3348	1720	3088	2.4105284531911213	30.24720461	79.73739624	40.89183807373047	27.608165740966797	4788.0024	126.0	2487.780517578125	-2361.780517578125
AADR	2	general	gt	1	190000000	200000000	23	I1853	3102	3088	2.4105284531911213	53.87313333	91.46046667	52.62198257446289	6.609124183654785	5295.7725	3484.0	4483.35302734375	-999.35302734375
AADR	2	general	gt	1	190000000	200000000	23	Ash131_noUDG.SG	3898	3088	2.4105284531911213	38.3482	34.2303	49.24922561645508	33.24436950683594	1214.6892	9888.0	4848.033203125	5039.966796875
AADR	2	general	gt	1	190000000	200000000	24	I1657	74	3088	2.4172077417373656	40.39075	43.89106667	45.88045120239258	34.437469482421875	979.18005	5123.0	3458.482666015625	1664.517333984375
AADR	2	general	gt	1	190000000	200000000	24	I18498_noUDG	1571	3088	2.4172077417373656	13.519983	144.806559	45.993160247802734	80.02813720703125	6990.9634	2742.0	3887.635009765625	-1145.635009765625
AADR	2	general	gt	1	190000000	200000000	24	bab001.SG	3418	3088	2.4172077417373656	-29.533333	31.216667	31.954242706298828	11.082208633422852	7159.904	2037.0	2291.674072265625	-254.674072265625
AADR	2	general	gt	1	190000000	200000000	25	I4280_noUDG	1787	3088	2.4106621980667113	37.005	45.459	38.40510940551758	66.80390167236328	1880.0289	2737.0	3019.9384765625	-282.9384765625
AADR	2	general	gt	1	190000000	200000000	25	I4247	3471	3088	2.4106621980667113	40.426	-3.535	44.37306594848633	33.976165771484375	3083.8599	4302.0	3828.226318359375	473.773681640625
AADR	2	general	gt	1	190000000	200000000	25	LAV012	3630	3088	2.4106621980667113	14.091	-60.926	53.05524444580078	36.85466766357422	9269.039	602.0	5598.49072265625	-4996.49072265625
AADR	2	general	gt	1	190000000	200000000	26	I2029	1422	3088	2.417196345329285	51.89583333	11.04666667	47.45237350463867	-1.1159099340438843	1003.21356	7100.0	3621.695556640625	3478.304443359375
AADR	2	general	gt	1	190000000	200000000	26	KBO001	2160	3088	2.417196345329285	50.18	76.91	49.85174560546875	95.64556121826172	1335.6515	2297.0	3395.18896484375	-1098.18896484375
AADR	2	general	gt	1	190000000	200000000	26	I0581_d	3485	3088	2.417196345329285	42.33333333	-3.5	49.37557601928711	38.407657623291016	3293.293	4746.0	2784.74462890625	1961.25537109375
AADR	2	general	gt	1	190000000	200000000	27	I5502	925	3088	3.420951616764069	53.916717	-0.666972	48.65168380737305	28.182477951049805	2073.7512	2054.0	3691.95947265625	-1637.95947265625
AADR	2	general	gt	1	190000000	200000000	27	irk022_noUDG.SG	2927	3088	3.420951616764069	52.9943	103.4209	52.82590866088867	97.39252471923828	404.5648	4251.0	4350.53271484375	-99.53271484375
AADR	2	general	gt	1	190000000	200000000	27	CBT005	3915	3088	3.420951616764069	40.019745	34.586129	52.368953704833984	12.680753707885742	2159.481	5415.0	2930.48193359375	2484.51806640625
AADR	2	general	gt	1	190000000	200000000	28	DA35_noUDG.SG	114	3088	3.4135011156400044	40.52027778	44.93083333	49.47458267211914	38.4496955871582	1117.5038	3259.0	4187.7421875	-928.7421875
AADR	2	general	gt	1	190000000	200000000	28	I14809	1113	3088	3.4135011156400044	51.75	-0.99	45.614784240722656	31.324695587158203	2445.9329	2199.0	4521.64599609375	-2322.64599609375
AADR	2	general	gt	1	190000000	200000000	28	R11543.SG	4712	3088	3.4135011156400044	40.6885	43.8493	46.98944091796875	14.250625610351562	2458.5205	1468.0	3357.060302734375	-1889.060302734375
AADR	2	general	gt	1	190000000	200000000	29	I19328	112	3088	3.421209375063578	40.416667	45.2	43.037872314453125	42.97765350341797	344.8807	2809.0	3553.6826171875	-744.6826171875
AADR	2	general	gt	1	190000000	200000000	29	I7968	790	3088	3.421209375063578	19.24	-69.2	21.880138397216797	-78.45941925048828	1007.4888	1015.0	1411.739013671875	-396.739013671875
AADR	2	general	gt	1	190000000	200000000	29	I14096	995	3088	3.421209375063578	54.3955	-1.614	50.75758361816406	0.18698206543922424	422.39078	1973.0	3794.24560546875	-1821.24560546875
AADR	2	general	gt	1	190000000	200000000	30	KYZ001	2243	3088	3.4126041690508524	50.42	75.91	48.589717864990234	36.657073974609375	2808.5647	2475.0	4895.19580078125	-2420.19580078125
AADR	2	general	gt	1	190000000	200000000	30	Mezmaiskaya2_noUDG.SG	2448	3088	3.4126041690508524	44.166667	40.0	118.7113265991211	182.79161071777344	3078.1704	43449.0	31653.255859375	11795.744140625
AADR	2	general	gt	1	190000000	200000000	30	C3341	4364	3088	3.4126041690508524	43.8	82.51	39.432945251464844	74.4012222290039	830.12964	4671.0	2712.3564453125	1958.6435546875
AADR	2	general	gt	1	190000000	200000000	31	I18801_d	229	3088	2.4191566546758017	42.514	26.571056	41.00655746459961	11.139533996582031	1289.0568	4775.0	3540.038818359375	1234.961181640625
AADR	2	general	gt	1	190000000	200000000	31	Syltholm1.SG	4287	3088	2.4191566546758017	54.623	11.458	49.21794509887695	17.25462532043457	720.0536	5746.0	4242.62744140625	1503.37255859375
AADR	2	general	gt	1	190000000	200000000	31	R3662.SG	4777	3088	2.4191566546758017	45.467293	13.506565	45.49091339111328	54.14329528808594	3133.8113	1360.0	4150.11181640625	-2790.11181640625
AADR	2	general	gt	1	190000000	200000000	32	I2928	1747	3088	2.419546989599864	36.15444444	54.38361111	34.46211242675781	34.678138732910156	1794.8585	4625.0	2731.44140625	1893.55859375
AADR	2	general	gt	1	190000000	200000000	32	I4438	2373	3088	2.419546989599864	56.2833	25.1333	48.09220504760742	85.79100799560547	4092.0972	7248.0	3180.19140625	4067.80859375
AADR	2	general	gt	1	190000000	200000000	32	R3665.SG	4751	3088	2.419546989599864	43.524984	16.252825	50.61946105957031	24.04413604736328	983.97253	1780.0	3291.4208984375	-1511.4208984375
AADR	2	general	gt	1	190000000	200000000	33	I15111	776	3088	2.411439824104309	18.394444	-68.61	19.561899185180664	-69.04057312011719	137.48346	607.0	1254.927978515625	-647.927978515625
AADR	2	general	gt	1	190000000	200000000	33	I5881	4116	3088	2.411439824104309	48.91422	33.76493	46.854248046875	16.496349334716797	1304.9757	7077.0	4924.2119140625	2152.7880859375
AADR	2	general	gt	1	190000000	200000000	33	CO001	4484	3088	2.411439824104309	-15.55	-72.65	38.25687789916992	-44.156272888183594	6679.98	1046.0	3274.259765625	-2228.259765625
AADR	2	general	gt	1	190000000	200000000	34	PN05.SG	1810	3088	2.415263020992279	53.04866	-9.140049	47.03434371948242	14.293222427368164	1791.9548	5729.0	4117.4736328125	1611.5263671875
AADR	2	general	gt	1	190000000	200000000	34	RISE1169_noUDG.SG	2806	3088	2.415263020992279	50.170137	20.579034	48.82415008544922	8.773355484008789	864.67865	4747.0	4346.9423828125	400.0576171875
AADR	2	general	gt	1	190000000	200000000	34	MAL006_noUDG	4237	3088	2.415263020992279	-16.07388056	167.4477861	50.446285247802734	11.399858474731445	15633.583	2665.0	4619.92626953125	-1954.92626953125
AADR	2	general	gt	1	190000000	200000000	35	PNL002	515	3088	3.4128512183825177	50.250195	15.811275	50.37499237060547	7.6834611892700195	577.02686	4653.0	4205.44580078125	447.55419921875
AADR	2	general	gt	1	190000000	200000000	35	I6294	3092	3088	3.4128512183825177	53.58975	50.57129167	54.584835052490234	27.792980194091797	1483.2017	4709.0	4476.92724609375	232.07275390625
AADR	2	general	gt	1	190000000	200000000	35	VK332_noUDG.SG	3726	3088	3.4128512183825177	56.41526	16.4326046	48.63622283935547	-2.0091912746429443	1510.529	1085.0	3339.09716796875	-2254.09716796875
AADR	2	general	gt	1	190000000	200000000	36	I16537	98	3088	2.41468266248703	40.91666	44.5	51.367835998535156	0.7747983336448669	3503.5017	2977.0	3547.282470703125	-570.282470703125
AADR	2	general	gt	1	190000000	200000000	36	I19913	1018	3088	2.41468266248703	51.3603	1.3405	52.65827560424805	12.614221572875977	784.1464	3271.0	3955.327392578125	-684.327392578125
AADR	2	general	gt	1	190000000	200000000	36	Aes6_d	3779	3088	2.41468266248703	47.465413	7.601691	42.323272705078125	2.3126139640808105	707.09735	4799.0	3305.760986328125	1493.239013671875
AADR	2	general	gt	1	190000000	200000000	37	Sumidouro4_noUDG.SG	205	3088	2.4156152963638307	-19.54	-43.94	20.038379669189453	-76.822998046875	5674.3657	10107.0	1387.831298828125	8719.168701171875
AADR	2	general	gt	1	190000000	200000000	37	KBD001	3134	3088	2.4156152963638307	43.826337	42.716199	52.48904037475586	82.0661849975586	3030.3245	4030.0	4403.029296875	-373.029296875
AADR	2	general	gt	1	190000000	200000000	37	LD1174_noUDG.SG	3592	3088	2.4156152963638307	37.406111	-4.416389	43.32331466674805	6.319121837615967	1121.0934	4466.0	3201.49658203125	1264.50341796875
AADR	2	general	gt	1	190000000	200000000	38	VLI051	667	3088	2.4134835481643675	50.365945	14.446606	47.56178665161133	7.432273864746094	599.1608	3721.0	3484.34716796875	236.65283203125
AADR	2	general	gt	1	190000000	200000000	38	I11520	4194	3088	2.4134835481643675	37.66666667	67.0	43.22024917602539	66.6309814453125	618.31714	3497.0	3566.5654296875	-69.5654296875
AADR	2	general	gt	1	190000000	200000000	38	TW004	4488	3088	2.4134835481643675	-16.5564	-68.6725	21.958410263061523	-76.13191223144531	4359.0513	1025.0	1207.0880126953125	-182.0880126953125
AADR	2	general	gt	1	190000000	200000000	39	I6936	1725	3088	3.430435872077942	30.24720461	79.73739624	49.942108154296875	20.997739791870117	5295.0576	127.0	6394.35791015625	-6267.35791015625
AADR	2	general	gt	1	190000000	200000000	39	RISE684_noUDG.SG	2948	3088	3.430435872077942	53.708561	90.359808	42.27452850341797	81.0421371459961	1445.3918	4239.0	3104.727783203125	1134.272216796875
AADR	2	general	gt	1	190000000	200000000	39	SN-04_noUDG.SG	4142	3088	3.430435872077942	33.264278	-119.539	45.76936721801758	129.5290069580078	8824.356	4842.0	4818.9697265625	23.0302734375
AADR	2	general	gt	1	190000000	200000000	40	I14351	997	3088	2.409368968009949	53.9085	-1.384997	46.35398864746094	11.48241901397705	1240.2887	2048.0	3076.810791015625	-1028.810791015625
AADR	2	general	gt	1	190000000	200000000	40	I14090	1168	3088	2.409368968009949	54.3955	-1.614	40.21128845214844	24.324995040893555	2487.7856	1382.0	3250.117431640625	-1868.117431640625
AADR	2	general	gt	1	190000000	200000000	40	I10359	1881	3088	2.409368968009949	32.58472222	35.01694444	50.4228515625	-2.805556058883667	3663.8794	3512.0	2578.809326171875	933.190673828125
AADR	2	general	gt	1	190000000	200000000	41	I1656	126	3088	2.417267894744873	40.377222	43.938333	46.97250747680664	66.8664321899414	1975.413	3397.0	3590.438232421875	-193.438232421875
AADR	2	general	gt	1	190000000	200000000	41	I14920	147	3088	2.417267894744873	25.366574	-76.520014	27.189111709594727	-53.53147506713867	2297.7788	938.0	2370.144287109375	-1432.144287109375
AADR	2	general	gt	1	190000000	200000000	41	I6795	2176	3088	2.417267894744873	50.09	74.44	51.26784133911133	9.93781852722168	4396.7803	3642.0	4147.41357421875	-505.41357421875
AADR	2	general	gt	1	190000000	200000000	42	Bianbian_noUDG	312	3088	2.4161777098973594	36.1	118.5	45.22355270385742	95.08870697021484	2208.8445	9709.0	3837.097900390625	5871.902099609375
AADR	2	general	gt	1	190000000	200000000	42	I4440	2375	3088	2.4161777098973594	56.2833	25.1333	56.26848220825195	-0.6685645580291748	1583.5216	7074.0	3864.445556640625	3209.554443359375
AADR	2	general	gt	1	190000000	200000000	42	ALA039	3868	3088	2.4161777098973594	36.23778	36.38472	47.57501983642578	7.73407506942749	2663.6956	3337.0	3741.928955078125	-404.928955078125
AADR	2	general	gt	1	190000000	200000000	43	I4619	3941	3088	3.41235994497935	37.5432	41.8662	30.522539138793945	36.37532424926758	929.8534	4635.0	3183.06005859375	1451.93994140625
AADR	2	general	gt	1	190000000	200000000	43	I14733	3957	3088	3.41235994497935	37.79	41.01	33.55022430419922	35.150794982910156	708.511	2401.0	2715.5439453125	-314.5439453125
AADR	2	general	gt	1	190000000	200000000	43	I1859	4260	3088	3.41235994497935	20.13333333	105.9833333	50.155521392822266	50.146934509277344	5891.179	3762.0	4200.3662109375	-438.3662109375
AADR	2	general	gt	1	190000000	200000000	44	s19_X17_2_noUDG.SG	1188	3088	2.416312034924825	59.4383	24.8853	52.75120544433594	5.689975261688232	1396.0967	2819.0	3802.8271484375	-983.8271484375
AADR	2	general	gt	1	190000000	200000000	44	RISE98_noUDG.SG	3698	3088	2.416312034924825	55.381	13.445	48.858882904052734	24.223608016967773	1031.0355	4082.0	3605.11376953125	476.88623046875
AADR	2	general	gt	1	190000000	200000000	44	R3481.SG	4759	3088	2.416312034924825	42.466869	19.266164	45.70952224731445	13.488083839416504	585.38104	1699.0	3372.203857421875	-1673.203857421875
AADR	2	general	gt	1	190000000	200000000	45	I2457	883	3088	2.4111314535140993	51.168023	-1.7725402	41.96737289428711	31.2496280670166	2695.558	4056.0	4334.6640625	-278.6640625
AADR	2	general	gt	1	190000000	200000000	45	I0057	1418	3088	2.4111314535140993	51.89583333	11.04666667	47.21345901489258	24.68213653564453	1110.4614	7070.0	3669.38232421875	3400.61767578125
AADR	2	general	gt	1	190000000	200000000	45	I4089	2867	3088	2.4111314535140993	47.7467	22.395	47.13200759887695	8.984843254089355	1009.6063	5636.0	3577.322509765625	2058.677490234375
AADR	2	general	gt	1	190000000	200000000	46	DA23_noUDG.SG	2159	3088	2.417446192105611	52.6925	62.64722222	50.097877502441406	101.51368713378906	2678.7751	840.0	3944.05712890625	-3104.05712890625
AADR	2	general	gt	1	190000000	200000000	46	HAN002_noUDG.SG	3126	3088	2.417446192105611	55.63639	35.89972	55.165321350097656	19.21480941772461	1052.2405	4605.0	4562.48095703125	42.51904296875
AADR	2	general	gt	1	190000000	200000000	46	C1656	4337	3088	2.417446192105611	43.22	81.84	50.10163116455078	30.09923553466797	3939.8047	597.0	3751.54345703125	-3154.54345703125
AADR	2	general	gt	1	190000000	200000000	47	I7966	788	3088	3.415171198050181	19.24	-69.2	16.485126495361328	-64.7701187133789	559.97986	1249.0	1553.5819091796875	-304.5819091796875
AADR	2	general	gt	1	190000000	200000000	47	ETR013	2080	3088	3.415171198050181	43.017037	11.948444	49.5318603515625	8.930744171142578	760.4717	982.0	4193.296875	-3211.296875
AADR	2	general	gt	1	190000000	200000000	47	KPT004	3178	3088	3.415171198050181	53.044528	105.510583	47.22801971435547	84.36116790771484	1632.443	3773.0	3375.0673828125	397.9326171875
