sim	exp	nam	typ	gro	ind	idx	snp	run	true_lat	true_lon	pred_lat	pred_lon	diff_space	true_tim	pred_tim	diff_time
AADR	2	window	gt	0	KNE003	554	4528	2.426499132315318	50.119278	14.267059	51.83497	26.458557	873.48505	3971.0	76.651146	3894.3488540649414
AADR	2	window	gt	0	I15978	834	4528	2.426499132315318	18.451	-69.686	44.901196	12.422909	7961.5103	959.0	56.022137	902.9778633117676
AADR	2	window	gt	0	I10266	1872	4528	2.426499132315318	32.58472222	35.01694444	49.29083	9.121835	2835.0527	3462.0	57.618015	3404.3819847106934
AADR	2	window	gt	1	I13710	1011	4528	4.422873707612355	51.3603	1.3405	48.346245	56.651665	3884.6416	3252.0	3886.189	-634.18896484375
AADR	2	window	gt	1	I20071	2468	4528	4.422873707612355	46.963223	28.708454	34.569714	29.734756	1380.7689	2749.0	4663.684	-1914.68408203125
AADR	2	window	gt	1	TU905_SX18	3757	4528	4.422873707612355	47.45	9.292	48.643368	12.747148	289.0584	2032.0	4942.474	-2910.47412109375
AADR	2	window	gt	2	NE20_noUDG	307	4528	2.4214948813120523	45.4	127.03	50.869984	6.7233715	7873.581	33592.0	70.91291	33521.087089538574
AADR	2	window	gt	2	C794	4296	4528	2.4214948813120523	48.06	86.42	49.630997	23.266222	4485.545	4498.0	84.50658	4413.493423461914
AADR	2	window	gt	2	C818	4448	4528	2.4214948813120523	38.27	85.33	52.013363	23.351816	4930.663	2190.0	87.6674	2102.33260345459
AADR	2	window	gt	3	I8809	2290	4528	2.414549771944682	0.458	36.709	46.946793	42.57448	5200.641	2967.0	99.80318	2867.196823120117
AADR	2	window	gt	3	STB002	3181	4528	2.414549771944682	53.15	106.05	60.968258	53.79332	3182.3857	6587.0	128.7419	6458.258102416992
AADR	2	window	gt	3	ASZK-1.SG	4782	4528	2.414549771944682	47.63244	17.48333	43.60828	21.98408	567.89453	1525.0	75.61052	1449.3894805908203
AADR	2	window	gt	4	I7971	845	4528	2.4228274782498675	19.8	-70.69	46.956676	17.359047	8269.559	624.0	70.73657	553.263427734375
AADR	2	window	gt	4	OBN007	1303	4528	2.4228274782498675	48.46	7.48	47.732258	16.251879	656.0813	6377.0	70.48409	6306.515907287598
AADR	2	window	gt	4	I1674	1737	4528	2.4228274782498675	34.5	47.96	46.99448	22.969442	2505.0298	5831.0	75.35249	5755.647506713867
AADR	2	window	gt	5	pcw041_noUDG.SG	2827	4528	6.41710436741511	49.916111	22.860833	46.385506	30.531034	690.765	4400.0	3026.214	1373.785888671875
AADR	2	window	gt	5	CMO001	3604	4528	6.41710436741511	38.184703	-1.886158	48.49594	36.51256	3269.4612	3729.0	3194.2483	534.751708984375
AADR	2	window	gt	5	R10344.SG	4654	4528	6.41710436741511	42.2542	11.7576	40.178608	45.25362	2793.147	2592.0	2798.1404	-206.140380859375
AADR	2	window	gt	6	VK554_noUDG.SG	1201	4528	3.4209353884061175	58.17	22.25	47.95027	13.010848	1290.6	1120.0	658.35077	461.64923095703125
AADR	2	window	gt	6	Steigen_noUDG.SG	2668	4528	3.4209353884061175	67.81	14.681	31.407522	39.544155	4358.3647	5857.0	562.2519	5294.748107910156
AADR	2	window	gt	6	I1722	2974	4528	3.4209353884061175	44.25056667	40.21921667	36.2014	-16.411024	4793.3955	6408.0	379.2658	6028.734191894531
AADR	2	window	gt	7	PDA005	656	4528	3.424261713027954	50.151931	14.493838	45.731903	10.250763	584.1162	4164.0	3514.4697	649.5302734375
AADR	2	window	gt	7	LOT001	3606	4528	3.424261713027954	37.674387	-1.697	43.62718	3.2812269	783.55756	3849.0	3930.1606	-81.16064453125
AADR	2	window	gt	7	SZLA-646.SG	4814	4528	3.424261713027954	48.22528	20.45386	50.33743	100.33587	5509.526	1597.0	4595.962	-2998.9619140625
AADR	2	window	gt	8	s19_X08_1_noUDG.SG	1182	4528	2.4132150769233705	59.505	25.5281	45.634235	28.486341	1554.8751	2819.0	78.5735	2740.426498413086
AADR	2	window	gt	8	I4131	1607	4528	2.4132150769233705	47.59916	19.05456	48.100822	26.130878	530.78204	4305.0	79.22171	4225.778289794922
AADR	2	window	gt	8	HYR002	2273	4528	2.4132150769233705	-0.27549	36.103	47.6357	9.7913685	5904.0537	2270.0	63.535652	2206.4643478393555
AADR	2	window	gt	9	BLS002	722	4528	2.4217326442400613	50.351064	13.852118	51.146866	13.169137	100.69285	4692.0	78.16979	4613.830207824707
AADR	2	window	gt	9	KK1_noUDG.SG	1334	4528	2.4217326442400613	42.28	43.28	54.992	41.160316	1421.8947	9678.0	108.948296	9569.051704406738
AADR	2	window	gt	9	I15942	2010	4528	2.4217326442400613	40.626667	8.323056	48.193493	13.439593	933.8792	4297.0	74.93762	4222.0623779296875
AADR	2	window	gt	10	I7576	986	4528	3.4163299878438314	52.122402	-0.511365	49.35291	9.803927	787.63153	3039.0	3246.0042	-207.004150390625
AADR	2	window	gt	10	R64.SG	1930	4528	3.4163299878438314	41.6877312	13.0864953	47.76661	9.572004	730.5375	840.0	3121.2559	-2281.255859375
AADR	2	window	gt	10	I0124	3151	4528	3.4163299878438314	53.680623	50.675349	53.82467	51.971325	86.69692	7544.0	3893.5752	3650.4248046875
AADR	2	window	gt	11	I19338	102	4528	2.420981800556183	40.416667	45.2	51.16745	12.366437	2781.761	3066.0	49.087963	3016.912036895752
AADR	2	window	gt	11	I5232	3388	4528	2.420981800556183	44.595879	22.010568	50.41533	17.922895	715.9693	7901.0	52.81655	7848.183448791504
AADR	2	window	gt	11	TU910_SX22	3745	4528	2.420981800556183	47.45	9.292	46.73014	17.182196	602.4123	4949.0	49.064068	4899.935932159424
AADR	2	window	gt	12	s19_X11_1_noUDG.SG	1184	4528	2.4249575257301332	59.3992	27.0142	55.47771	24.070305	470.1835	2906.0	68.88863	2837.1113662719727
AADR	2	window	gt	12	MX189	3749	4528	2.4249575257301332	47.255	8.2158	43.153625	18.556156	928.5756	4058.0	53.93822	4004.061779022217
AADR	2	window	gt	12	C1667	4345	4528	2.4249575257301332	43.08	81.52	53.55461	23.17633	4336.4927	2204.0	66.470436	2137.5295639038086
AADR	2	window	gt	13	MA974_noUDG.SG	1217	4528	2.4190604726473492	59.45	28.08	48.403454	14.143107	1523.6687	5586.0	54.61262	5531.387378692627
AADR	2	window	gt	13	I2069	2900	4528	2.4190604726473492	50.9126	84.81438333	48.266163	13.796808	4925.4443	5061.0	54.262157	5006.737842559814
AADR	2	window	gt	13	I7416	4208	4528	2.4190604726473492	37.41666667	66.83333333	54.358856	26.874617	3552.3547	3824.0	71.559654	3752.44034576416
AADR	2	window	gt	14	I15743	396	4528	3.4217328151067097	43.530795	16.260044	46.199646	7.6986284	736.60693	1029.0	2155.0315	-1126.031494140625
AADR	2	window	gt	14	TRM006	518	4528	3.4217328151067097	50.637938	13.992275	39.30974	53.104095	3277.6487	4644.0	2019.6199	2624.380126953125
AADR	2	window	gt	14	ETM012	3805	4528	3.4217328151067097	35.798	36.798	58.317867	54.446465	2818.966	4470.0	2963.1626	1506.83740234375
AADR	2	window	gt	15	I11483	1794	4528	2.4131715138753256	30.649857	61.400311	41.879673	7.9265556	4872.181	4942.0	233.22453	4708.775466918945
AADR	2	window	gt	15	mur004_noUDG.SG	3203	4528	2.4131715138753256	52.583	56.847	48.830643	57.085983	417.58163	3755.0	382.30823	3372.6917724609375
AADR	2	window	gt	15	I8534	4035	4528	2.4131715138753256	37.1907	61.0343	50.4916	48.102077	1800.7496	4862.0	369.7514	4492.248596191406
AADR	2	window	gt	16	I22060	932	4528	2.4233389854431153	54.09468889	-0.281613889	49.667362	14.641947	1133.5448	2074.0	50.157	2023.8429985046387
AADR	2	window	gt	16	OTTM_141A_noUDG	1500	4528	2.4233389854431153	48.22519	10.84977	49.61131	14.865109	331.35995	3515.0	50.277756	3464.7222442626953
AADR	2	window	gt	16	I6257	3648	4528	2.4233389854431153	21.070453	30.664028	52.14335	16.773712	3656.6082	1127.0	53.633068	1073.3669319152832
AADR	2	window	gt	17	I2366	1650	4528	2.4272629539171855	47.62094	19.04494	58.22728	29.547995	1370.0009	5118.0	84.589714	5033.410285949707
AADR	2	window	gt	17	RISE505_noUDG.SG	2926	4528	2.4272629539171855	53.456	85.447	47.79907	16.757921	4695.158	3628.0	62.38347	3565.6165313720703
AADR	2	window	gt	17	I14767	3948	4528	2.4272629539171855	38.98	43.75	51.904427	13.2372675	2750.493	3256.0	64.3441	3191.6558990478516
AADR	2	window	gt	18	I1701_enhanced	10	4528	3.4148372133572895	31.988	35.976	53.284325	3.4835696	3506.305	9600.0	3690.8337	5909.166259765625
AADR	2	window	gt	18	I1951	1763	4528	3.4148372133572895	34.45	48.116	35.56816	-38.971523	7639.9507	9848.0	2158.0479	7689.9521484375
AADR	2	window	gt	18	atp016_noUDG.SG	3489	4528	3.4148372133572895	42.35267	-3.51832	52.634155	-0.84816086	1160.5024	4971.0	3642.0864	1328.91357421875
AADR	2	window	gt	19	KAR001_noUDG.SG	3256	4528	3.421053735415141	60.467835	38.90061537	47.069923	19.032887	1965.206	8321.0	4300.1206	4020.87939453125
AADR	2	window	gt	19	C3359	4418	4528	3.421053735415141	43.54	83.28	46.87554	8.154474	5665.516	2028.0	3928.295	-1900.294921875
AADR	2	window	gt	19	UZZ074_noUDG	4524	4528	3.421053735415141	38.11	12.7866	44.09472	74.86805	5120.4155	7217.0	3822.8804	3394.11962890625
AADR	2	window	gt	20	I8218	2676	4528	2.4146212538083396	34.80489444	72.31816944	48.65039	17.01487	4725.858	1949.0	58.025593	1890.974407196045
AADR	2	window	gt	20	I16814	3396	4528	2.4146212538083396	45.888056	20.166667	50.25355	17.324474	529.2669	2903.0	59.764572	2843.2354278564453
AADR	2	window	gt	20	NAG039	4510	4528	2.4146212538083396	24.8908	125.2793	51.329918	18.015642	8981.166	143.0	61.28445	81.71554946899414
AADR	2	window	gt	21	NE36_noUDG	296	4528	2.4207744201024375	46.06	125.72	40.296505	14.537606	8236.217	10673.0	53.991875	10619.008125305176
AADR	2	window	gt	21	I1593	1353	4528	2.4207744201024375	51.358333	7.551111	45.447746	14.423321	829.4837	5527.0	59.30653	5467.693470001221
AADR	2	window	gt	21	I3352	1703	4528	2.4207744201024375	30.24720461	79.73739624	48.990906	15.085318	5724.2666	1166.0	63.470657	1102.5293426513672
AADR	2	window	gt	22	MIB030	641	4528	2.4212071021397907	49.992004	15.776861	46.776577	40.376293	1842.6411	3932.0	96.72835	3835.2716522216797
AADR	2	window	gt	22	I2871	1695	4528	2.4212071021397907	30.24720461	79.73739624	47.01123	10.168239	6111.7334	1099.0	70.35631	1028.6436920166016
AADR	2	window	gt	22	DA201_noUDG.SG	2257	4528	2.4212071021397907	43.06861111	68.24888889	50.01021	23.306671	3467.6492	2069.0	85.93588	1983.0641174316406
AADR	2	window	gt	23	I2565	862	4528	2.4150527556737265	51.168023	-1.7725402	59.306736	33.906494	2400.5251	4237.0	89.504456	4147.495544433594
AADR	2	window	gt	23	I1499	1679	4528	2.4150527556737265	48.52	21.168	56.416943	28.35548	1002.81036	7077.0	82.28928	6994.710716247559
AADR	2	window	gt	23	CHK002	2322	4528	2.4150527556737265	42.49	78.38	53.15864	30.048607	3717.7354	2522.0	80.225815	2441.774185180664
AADR	2	window	gt	24	UNTA89_FK231	1441	4528	2.4218677639961244	48.31707	10.88882	45.784115	13.718645	353.9137	4704.0	77.606186	4626.393814086914
AADR	2	window	gt	24	PN05.SG	1810	4528	2.4218677639961244	53.04866	-9.140049	50.732853	15.456123	1698.807	5729.0	86.26649	5642.733512878418
AADR	2	window	gt	24	PCA001	2854	4528	2.4218677639961244	18.094	-65.789	49.746983	27.479439	8711.599	1367.0	96.06018	1270.9398193359375
AADR	2	window	gt	25	I16538	680	4528	4.415930306911468	50.400094	13.42304	44.861706	8.072424	734.4233	3975.0	3132.1423	842.857666015625
AADR	2	window	gt	25	I16601	1115	4528	4.415930306911468	51.168023	-1.7725402	34.480965	32.42643	3303.993	2082.0	2877.9116	-795.91162109375
AADR	2	window	gt	25	CBV95.SG	1264	4528	4.415930306911468	49.36232	3.46272	42.69088	119.70568	8047.257	4447.0	4375.2383	71.76171875
AADR	2	window	gt	26	MIB009	571	4528	3.4372669657071433	49.992004	15.776861	54.73258	31.823942	1206.7432	3773.0	2880.301	892.698974609375
AADR	2	window	gt	26	I16592	1072	4528	3.4372669657071433	51.313891	-2.885217	49.98801	16.311195	1357.4584	2231.0	2471.955	-240.955078125
AADR	2	window	gt	26	NEO241_noUDG.SG	3001	4528	3.4372669657071433	66.0	-170.1	41.253765	66.56796	7144.858	1949.0	2541.681	-592.680908203125
AADR	2	window	gt	27	I11152	1107	4528	2.420711708068848	52.346588	0.031827553	48.520943	27.64422	1988.4636	2179.0	87.544174	2091.455825805664
AADR	2	window	gt	27	I4322	2206	4528	2.420711708068848	46.94785	79.98808333	50.010094	45.4916	2542.3767	3484.0	105.101555	3378.8984451293945
AADR	2	window	gt	27	ans008_noUDG.SG	3661	4528	2.420711708068848	57.509	18.14	53.86182	15.961726	427.86087	5154.0	84.31268	5069.687316894531
AADR	2	window	gt	28	I11459_enhanced	1796	4528	4.413998206456502	30.649857	61.400311	49.970814	9.265811	4794.094	4699.0	4043.6252	655.374755859375
AADR	2	window	gt	28	NIK004_noUDG.SG	3258	4528	4.413998206456502	57.52926373	39.66994055	54.779945	21.27132	1175.6543	4552.0	4572.046	-20.0458984375
AADR	2	window	gt	28	GaofengNL23	4625	4528	4.413998206456502	25.11	107.7	39.70457	22.640997	7857.5713	227.0	3536.7734	-3309.7734375
AADR	2	window	gt	29	I21277	1133	4528	3.421267302831014	51.74585	-1.416236	45.023342	-2.7056353	753.5156	2225.0	2999.6174	-774.617431640625
AADR	2	window	gt	29	OTTM_156_noUDG	1497	4528	3.421267302831014	48.22519	10.84977	29.585817	-50.32854	5520.462	3448.0	1382.1157	2065.88427734375
AADR	2	window	gt	29	SN-54_noUDG.SG	4147	4528	3.421267302831014	33.264278	-119.539	48.69782	30.688	10434.587	4409.0	3845.5647	563.435302734375
AADR	2	window	gt	30	I14922	144	4528	3.4124560554822287	26.53	-76.96	53.583286	4.4799256	7115.56	1003.0	687.0488	315.951171875
AADR	2	window	gt	30	OBKR_93	1482	4528	3.4124560554822287	48.26656	10.87857	52.45392	14.233156	522.7606	3933.0	718.40533	3214.5946655273438
AADR	2	window	gt	30	I7026	2519	4528	3.4124560554822287	49.96	92.05	41.142048	77.37079	1501.2096	2222.0	872.91235	1349.087646484375
AADR	2	window	gt	31	I15962	823	4528	3.419549588362376	18.451	-69.686	50.73661	43.29214	9939.513	517.0	4325.7173	-3808.71728515625
AADR	2	window	gt	31	I20628	1129	4528	3.419549588362376	53.235833	-1.736944	49.006977	10.250053	957.97473	2131.0	3920.3027	-1789.302734375
AADR	2	window	gt	31	I5374	1150	4528	3.419549588362376	51.279	-2.743324	46.181854	18.505875	1651.2372	4480.0	3824.1895	655.810546875
AADR	2	window	gt	32	I4183	1665	4528	2.415404788653056	46.025398	18.325056	49.363518	22.885633	504.07944	6743.0	70.69112	6672.308883666992
AADR	2	window	gt	32	VET005	2067	4528	2.415404788653056	42.920709	10.971394	49.06165	18.81662	912.0455	2226.0	67.882225	2158.117774963379
AADR	2	window	gt	32	I3494	3507	4528	2.415404788653056	38.8494	-0.87138	52.20302	24.922113	2476.2974	3781.0	75.60419	3705.3958129882812
AADR	2	window	gt	33	I30476	2452	4528	4.419821918010712	6.844504	158.335674	37.438175	64.44845	9886.471	514.0	3248.5198	-2734.519775390625
AADR	2	window	gt	33	IKI012	3960	4528	4.419821918010712	41.6136944	35.8711361	40.311523	18.095745	1496.8839	5218.0	3241.1646	1976.83544921875
AADR	2	window	gt	33	C1358	4374	4528	4.419821918010712	43.79	82.64	51.535427	92.032616	1110.1566	2181.0	4512.3794	-2331.37939453125
AADR	2	window	gt	34	I13752	936	4528	3.418580639362335	53.919396	-0.766635	58.625694	101.260796	5697.0674	2121.0	5037.246	-2916.24609375
AADR	2	window	gt	34	I7579	1034	4528	3.418580639362335	52.122402	-0.511365	42.136868	87.70012	6344.7065	3349.0	3554.845	-205.844970703125
AADR	2	window	gt	34	I1788	4046	4528	3.418580639362335	38.21228	62.03443	58.74923	32.94252	3085.2031	3947.0	5088.1133	-1141.11328125
AADR	2	window	gt	35	BNL009	546	4528	2.4105913360913593	50.174207	14.646467	46.634434	15.654401	400.56482	3975.0	68.426	3906.5739974975586
AADR	2	window	gt	35	MX258	1520	4528	2.4105913360913593	47.767097	8.872239	50.737087	12.739161	433.27734	3917.0	70.88728	3846.1127166748047
AADR	2	window	gt	35	C833.SG	4438	4528	2.4105913360913593	38.27	85.33	48.589714	12.927141	5734.649	2148.0	68.477516	2079.5224838256836
AADR	2	window	gt	36	I5729	383	4528	3.416731826464335	46.255979	16.692342	47.565002	13.469446	284.78424	2920.0	3736.4927	-816.49267578125
AADR	2	window	gt	36	I5436	2889	4528	3.416731826464335	44.626111	22.605833	23.619259	-58.874752	7537.54	9025.0	1049.9436	7975.056396484375
AADR	2	window	gt	36	ALA017	3855	4528	3.416731826464335	36.23778	36.38472	48.50074	-16.10472	4426.7188	3478.0	3272.7468	205.253173828125
AADR	2	window	gt	37	I14553	878	4528	3.4197264830271403	50.815565	-0.091565	50.992943	-3.1343684	214.26028	3807.0	3677.115	129.885009765625
AADR	2	window	gt	37	PN06.SG	1853	4528	3.4197264830271403	53.04866	-9.140049	51.69867	35.48137	2983.63	5459.0	4885.051	573.94921875
AADR	2	window	gt	37	C3642	4479	4528	3.4197264830271403	37.07	80.19	30.69214	-36.935356	10040.386	1789.0	2668.8843	-879.88427734375
AADR	2	window	gt	38	I0172	1513	4528	2.4150288860003153	51.42	11.68	41.738388	22.761766	1366.6411	5155.0	61.962025	5093.037975311279
AADR	2	window	gt	38	LSC005.SG	1908	4528	2.4150288860003153	41.425119	13.236332	46.82314	10.9529295	627.21747	4633.0	56.677914	4576.3220863342285
AADR	2	window	gt	38	VORONKOVO003_noUDG.SG	3269	4528	2.4150288860003153	57.53451647	39.55252367	48.112247	23.514305	1495.9688	4465.0	69.06559	4395.934410095215
AADR	2	window	gt	39	I14991	846	4528	2.418766077359517	19.88	-71.06	49.21791	16.642525	8185.477	614.0	64.65287	549.3471298217773
AADR	2	window	gt	39	I16448	3281	4528	2.418766077359517	55.947339	-2.47072	48.518032	16.89431	1548.1323	4175.0	64.16184	4110.838157653809
AADR	2	window	gt	39	SGR003.SG	4545	4528	2.418766077359517	15.7333	41.7	49.069637	15.328842	4410.08	2225.0	63.18004	2161.8199615478516
AADR	2	window	gt	40	I2216_enhanced	234	4528	3.413691055774689	43.98	26.4	47.41463	97.93988	5368.792	7839.0	3898.0317	3940.96826171875
AADR	2	window	gt	40	I12955	2588	4528	3.413691055774689	49.7	96.8	51.17647	17.092924	5358.738	3824.0	6971.8037	-3147.8037109375
AADR	2	window	gt	40	SN-59_noUDG.SG	4148	4528	3.413691055774689	33.264278	-119.539	47.9666	12.517839	9801.258	5053.0	3477.9822	1575.017822265625
AADR	2	window	gt	41	I3255	863	4528	5.41851106484731	52.170279	0.105604	53.374794	-1.8368018	187.10365	3994.0	1194.3883	2799.6116943359375
AADR	2	window	gt	41	SUA001_d	1942	4528	5.41851106484731	39.87	9.2356	41.5078	-3.3446639	1075.2126	3276.0	919.401	2356.5989990234375
AADR	2	window	gt	41	LUK001	2282	4528	5.41851106484731	-1.46506	37.06667	36.575882	40.913193	4248.622	3499.0	1130.9957	2368.0042724609375
AADR	2	window	gt	42	VLI031	724	4528	3.417258930206299	50.365945	14.446606	62.258953	64.73916	3267.919	4510.0	5806.9756	-1296.9755859375
AADR	2	window	gt	42	RISE276_noUDG.SG	752	4528	3.417258930206299	55.914	11.565	52.86591	17.241621	499.66406	2612.0	5013.513	-2401.51318359375
AADR	2	window	gt	42	XN165	1397	4528	3.417258930206299	48.78	9.18	48.37974	11.877699	203.37051	7099.0	4000.1348	3098.865234375
AADR	2	window	gt	43	I8348	42	4528	6.4148569941520694	-36.0772222	-62.3472222	49.13746	10.792895	11895.331	6875.0	2785.1543	4089.845703125
AADR	2	window	gt	43	I13032	135	4528	6.4148569941520694	40.15118	44.44316667	50.063076	11.249592	2799.3828	2789.0	2870.7432	-81.7431640625
AADR	2	window	gt	43	SC-04_noUDG.SG	4161	4528	6.4148569941520694	32.9	-118.5	42.47826	27.88429	10959.594	799.0	2537.7996	-1738.799560546875
AADR	2	window	gt	44	I5373	906	4528	2.421521798769633	53.079803	-1.640942	48.89671	13.481246	1153.2675	4034.0	48.4843	3985.5157012939453
AADR	2	window	gt	44	BRE008	2121	4528	2.421521798769633	49.33	85.79	50.5817	16.639248	4763.856	1629.0	52.144073	1576.8559265136719
AADR	2	window	gt	44	StoraForvar11_noUDG.SG	3692	4528	2.421521798769633	57.285	17.971	48.85474	13.475715	983.8009	7365.0	48.45271	7316.547290802002
AADR	2	window	gt	45	BRE004	2112	4528	3.4132917722066245	49.33	85.79	45.497623	4.6113105	5819.6304	1627.0	3769.8806	-2142.880615234375
AADR	2	window	gt	45	Kivutkalns42	2370	4528	3.4132917722066245	56.852	24.272	46.01798	14.86184	1367.0862	2697.0	4112.8857	-1415.8857421875
AADR	2	window	gt	45	I8999	2698	4528	3.4132917722066245	34.75146111	72.40193611	45.065113	19.606516	4561.8057	2813.0	3828.3027	-1015.302734375
AADR	2	window	gt	46	I14200	6	4528	3.4217432538668313	51.168023	-1.7725402	55.126328	5.4381247	651.3031	4328.0	4287.049	40.951171875
AADR	2	window	gt	46	s19_VII3_1_noUDG.SG	1207	4528	3.4217432538668313	58.6752	23.6872	43.960403	50.94368	2472.2422	2222.0	3773.5913	-1551.59130859375
AADR	2	window	gt	46	I6604	3473	4528	3.4217432538668313	40.439	-3.501	38.956673	30.876966	2927.2769	3947.0	3299.9329	647.067138671875
AADR	2	window	gt	47	I3528	1606	4528	3.4219914197921755	47.62094	19.04494	46.155285	20.908663	215.90233	4364.0	4508.094	-144.09423828125
AADR	2	window	gt	47	ORC005	1947	4528	3.4219914197921755	39.667222	9.426111	52.94901	24.061678	1848.5071	3140.0	4927.401	-1787.40087890625
AADR	2	window	gt	47	BOL002_noUDG.SG	3226	4528	3.4219914197921755	57.74008949	36.63300187	59.761368	56.18963	1145.8136	4306.0	5115.0635	-809.0634765625
AADR	2	window	gt	48	I18501_noUDG	1572	4528	3.412413970629374	13.519983	144.806559	49.169247	82.80721	6851.63	2703.0	3826.2776	-1123.277587890625
AADR	2	window	gt	48	I2870	1718	4528	3.412413970629374	30.24720461	79.73739624	44.508347	45.902046	3350.8237	128.0	3230.8098	-3102.809814453125
AADR	2	window	gt	48	Cioclovina1_noUDG	2879	4528	3.412413970629374	45.35	23.84	46.648544	67.08449	3301.2002	32669.0	3503.3635	29165.636474609375
AADR	2	window	gt	49	POST_35	1487	4528	2.4180175264676413	48.29573	10.89103	52.653034	9.822251	490.3627	3932.0	76.18011	3855.819892883301
AADR	2	window	gt	49	I8555	2446	4528	2.4180175264676413	20.24	-90.46	52.312607	7.9218664	8788.618	388.0	74.04324	313.9567565917969
AADR	2	window	gt	49	RISE210_noUDG.SG	3667	4528	2.4180175264676413	55.997	14.104	54.320408	4.817204	618.1514	3312.0	73.74135	3238.2586517333984
AADR	2	window	gt	50	I6349	2525	4528	3.4141029000282286	45.304167	113.848611	51.965683	39.810726	5251.637	2781.0	3532.4028	-751.40283203125
AADR	2	window	gt	50	I5271	2906	4528	3.4141029000282286	50.7581128	85.56024972	55.184692	0.95142806	5331.7783	4897.0	3139.7651	1757.23486328125
AADR	2	window	gt	50	I5693	3409	4528	3.4141029000282286	46.050237	14.50372	52.910633	54.155865	2923.5442	2674.0	3721.966	-1047.966064453125
AADR	2	window	gt	51	I1524	3230	4528	4.419784184296926	66.161126	-169.822297	40.456493	33.370068	7993.8516	905.0	4314.038	-3409.0380859375
AADR	2	window	gt	51	Kvarlov5164	3704	4528	4.419784184296926	61.658497	17.003742	51.88464	-6.538849	1782.9628	5746.0	3909.2412	1836.7587890625
AADR	2	window	gt	51	C4268.SG	4328	4528	4.419784184296926	43.807	80.81	55.245197	95.483635	1648.2357	2446.0	4692.3345	-2246.33447265625
AADR	2	window	gt	52	GoyetQ56-16_noUDG	166	4528	3.433057407538096	50.26	4.28	41.890175	46.38923	3329.794	26300.0	2827.766	23472.23388671875
AADR	2	window	gt	52	I13616	1110	4528	3.433057407538096	51.3603	1.3405	45.610485	0.76983345	640.7264	2153.0	2590.162	-437.162109375
AADR	2	window	gt	52	MX213	3786	4528	3.433057407538096	47.262067	7.659835	41.625195	44.43827	2957.257	5125.0	2778.5273	2346.47265625
AADR	2	window	gt	53	WEHR_1586	1493	4528	3.4116472522417705	48.25283	10.80879	43.93947	27.926668	1400.7203	3835.0	4527.612	-692.61181640625
AADR	2	window	gt	53	I4553	2380	4528	3.4116472522417705	56.2833	25.1333	42.21962	33.94848	1686.4175	7370.0	4957.823	2412.1767578125
AADR	2	window	gt	53	I1781	4042	4528	3.4116472522417705	38.21228	62.03443	45.606735	9.858596	4316.8745	3832.0	4679.1157	-847.11572265625
AADR	2	window	gt	54	SIJ002	3062	4528	3.421733391284943	45.05	39.91	28.203882	79.54164	3948.8318	5164.0	2779.4124	2384.587646484375
AADR	2	window	gt	54	I2116	4051	4528	3.421733391284943	38.21228	62.03443	47.432526	90.838104	2544.1736	3916.0	3703.2017	212.79833984375
AADR	2	window	gt	54	SN-53_noUDG.SG	4157	4528	3.421733391284943	33.264278	-119.539	48.048325	27.750921	10405.351	737.0	4269.4595	-3532.45947265625
AADR	2	window	gt	55	SKT010	2547	4528	4.411292346318563	49.162275	101.424353	48.303097	4.764995	6564.766	2176.0	4158.1978	-1982.19775390625
AADR	2	window	gt	55	RISE207_noUDG.SG	3665	4528	4.411292346318563	55.997	14.104	56.35602	11.936202	139.98215	3344.0	4783.8423	-1439.84228515625
AADR	2	window	gt	55	AGY-92.SG	4826	4528	4.411292346318563	46.4775	20.34697	47.79789	19.132156	173.19847	1009.0	4233.2114	-3224.21142578125
AADR	2	window	gt	56	I20438	122	4528	3.420468246936798	40.29221	45.130679	41.85826	76.93197	2656.1438	2023.0	825.75775	1197.2422485351562
AADR	2	window	gt	56	R1219.SG	1922	4528	3.420468246936798	41.8964977	12.4718662	42.92648	77.84071	5226.497	508.0	846.3919	-338.39190673828125
AADR	2	window	gt	56	I9134_noUDG.SG	3415	4528	3.420468246936798	-32.812316	17.948651	41.766205	56.602962	9186.026	1183.0	749.4227	433.5772705078125
AADR	2	window	gt	57	C1647.SG	4402	4528	2.417630151907603	43.83	82.72	56.23887	31.607912	3798.992	2180.0	85.01039	2094.9896087646484
AADR	2	window	gt	57	VERT035	4614	4528	2.417630151907603	48.783	25.852	53.265213	27.85956	517.7447	5671.0	78.673355	5592.326644897461
AADR	2	window	gt	57	R10342.SG	4653	4528	2.417630151907603	42.2542	11.7576	47.38033	17.68026	736.5231	2044.0	63.34216	1980.6578407287598
AADR	2	window	gt	58	I22055	928	4528	2.4198864221572878	54.12647222	-0.287966667	42.028763	19.966228	2005.222	2237.0	61.248177	2175.751823425293
AADR	2	window	gt	58	I4436	2391	4528	2.4198864221572878	56.2833	25.1333	51.179874	25.527956	568.0658	6109.0	74.05167	6034.948333740234
AADR	2	window	gt	58	I6554	2701	4528	2.4198864221572878	34.75146111	72.40193611	54.435123	22.549654	4390.4004	2758.0	75.211	2682.7890014648438
AADR	2	window	gt	59	MIG009	614	4528	2.4218398451805117	49.992004	15.776861	48.828026	28.82438	951.54504	3932.0	105.20984	3826.7901611328125
AADR	2	window	gt	59	ULN004	2608	4528	2.4218398451805117	46.28406	111.768265	55.33111	78.451225	2517.326	1952.0	164.99162	1787.0083770751953
AADR	2	window	gt	59	ART032	3890	4528	2.4218398451805117	38.381944	38.361111	50.38591	7.8977256	2736.9426	5254.0	85.78768	5168.21231842041
AADR	2	window	gt	60	I6890	2680	4528	2.416667560736338	34.75700556	72.36238056	45.294895	16.037806	4834.4053	853.0	53.90975	799.0902481079102
AADR	2	window	gt	60	RISE1172_noUDG.SG	2811	4528	2.416667560736338	50.170137	20.579034	50.804043	21.291157	86.64043	4664.0	63.178596	4600.821403503418
AADR	2	window	gt	60	I1098	3988	4528	2.416667560736338	40.3037	29.57	49.569904	11.989604	1718.2529	8282.0	54.979076	8227.020923614502
AADR	2	window	gt	61	I7249	470	4528	2.42054713567098	50.19	14.158	51.22321	10.1063	307.52557	4011.0	73.61266	3937.387336730957
AADR	2	window	gt	61	I2403	2796	4528	2.42054713567098	52.85	17.88333333	36.93773	23.166874	1816.413	4667.0	68.57229	4598.427711486816
AADR	2	window	gt	61	RISE496_noUDG.SG	3041	4528	2.42054713567098	52.954	90.187	52.900883	20.57623	4475.8433	3285.0	85.86671	3199.1332931518555
AADR	2	window	gt	62	I13175	2531	4528	3.4195117235183714	45.39	90.798	51.879055	51.51113	2937.0205	1483.0	1133.5337	349.46630859375
AADR	2	window	gt	62	I1783	4058	4528	3.4195117235183714	38.21228	62.03443	80.26579	91.19557	4834.1377	4068.0	1785.9539	2282.046142578125
AADR	2	window	gt	62	R3659.SG	4686	4528	3.4195117235183714	45.767834	16.123606	46.645023	12.987983	260.2426	1639.0	856.2986	782.701416015625
AADR	2	window	gt	63	I14379	981	4528	2.4132552901903788	51.329195	1.3693088	51.627037	12.442666	766.85016	2801.0	85.53912	2715.4608764648438
AADR	2	window	gt	63	I21315	1003	4528	2.4132552901903788	50.949985	-2.735842	57.818104	6.2735786	959.3421	2043.0	88.520096	1954.4799041748047
AADR	2	window	gt	63	VET008	2070	4528	2.4132552901903788	42.920709	10.971394	48.990486	16.925098	816.3481	2229.0	85.58256	2143.4174423217773
AADR	2	window	gt	64	I2788	1653	4528	3.4188923835754395	47.189141	20.004795	53.431667	30.502228	1016.6859	5685.0	4602.9927	1082.00732421875
AADR	2	window	gt	64	I6364	2500	4528	3.4188923835754395	45.39	90.798	58.588783	14.244048	5132.4517	2927.0	4681.637	-1754.63720703125
AADR	2	window	gt	64	C4273.SG	4330	4528	3.4188923835754395	43.807	80.81	50.330696	52.23562	2265.9985	2446.0	4255.5835	-1809.58349609375
AADR	2	window	gt	65	BERG02-2.SG	1257	4528	2.411264447371165	43.21817	2.4127	51.67441	36.63049	2709.7595	5867.0	329.11966	5537.880340576172
AADR	2	window	gt	65	I2364	1601	4528	2.411264447371165	47.59916	19.05456	44.82163	19.043886	308.84842	4220.0	254.9146	3965.085403442383
AADR	2	window	gt	65	DA361_noUDG.SG	3251	4528	2.411264447371165	53.188889	103.368056	44.402435	53.045322	3729.5059	4130.0	329.7763	3800.2236938476562
AADR	2	window	gt	66	I4144	1344	4528	5.418727870782217	48.691	13.016	33.89191	75.078575	5281.754	4411.0	3031.9082	1379.091796875
AADR	2	window	gt	66	I12975	2550	4528	5.418727870782217	51.5	100.67	49.931587	5.3953066	6204.751	3110.0	3005.9194	104.08056640625
AADR	2	window	gt	66	R9823.SG	4706	4528	5.418727870782217	33.622519	35.499985	11.287978	106.32514	7547.569	1327.0	2039.2219	-712.221923828125
AADR	2	window	gt	67	POST_47	1461	4528	2.4210885524749757	48.29573	10.89103	55.47048	22.235285	1112.1473	3997.0	91.52369	3905.4763107299805
AADR	2	window	gt	67	PDI011	2851	4528	2.4210885524749757	18.431	-66.382	49.923897	36.673462	9344.063	801.0	96.98855	704.0114517211914
AADR	2	window	gt	67	Bar8_noUDG.SG	3996	4528	2.4210885524749757	40.3037	29.6085	54.39375	31.235813	1571.4215	8064.0	98.28821	7965.7117919921875
AADR	2	window	gt	68	KIN003	362	4528	2.416071343421936	-5.08583	15.1287	47.87985	22.452988	5932.9077	140.0	75.01129	64.98870849609375
AADR	2	window	gt	68	I4069	2636	4528	2.416071343421936	52.733563	5.096183	45.918766	16.392828	1113.1985	3966.0	70.45508	3895.544921875
AADR	2	window	gt	68	I2534	2883	4528	2.416071343421936	44.027196	25.392494	55.32024	36.381275	1480.0453	7670.0	96.877556	7573.122444152832
AADR	2	window	gt	69	I10344	1282	4528	3.418210013707479	44.476	6.369	51.25668	14.313158	957.831	3314.0	2954.8533	359.146728515625
AADR	2	window	gt	69	BRE009	2114	4528	3.418210013707479	49.33	85.79	44.06351	25.534586	4509.1196	1886.0	2619.666	-733.666015625
AADR	2	window	gt	69	N26_noUDG.SG	2779	4528	3.418210013707479	50.67	21.38	47.060352	16.481297	537.81696	6177.0	2800.7632	3376.23681640625
AADR	2	window	gt	70	I6718	3105	4528	3.412015203634898	55.1924	89.3053	49.499878	48.5743	2795.4302	3493.0	4404.7036	-911.70361328125
AADR	2	window	gt	70	BIY012	3154	4528	3.412015203634898	54.99	73.37	58.90616	46.605545	1668.021	2260.0	5155.991	-2895.9912109375
AADR	2	window	gt	70	KRD002	4021	4528	3.412015203634898	36.329405	36.444255	39.00147	36.3632	297.20538	6889.0	3708.379	3180.62109375
AADR	2	window	gt	71	ASH068	1863	4528	2.417191425959269	31.666667	34.566667	50.460407	25.879093	2209.4124	3167.0	80.60262	3086.39737701416
AADR	2	window	gt	71	Aes25	3804	4528	2.417191425959269	47.465413	7.601691	51.2326	18.599026	898.7768	4635.0	75.09737	4559.902633666992
AADR	2	window	gt	71	I6561	4065	4528	2.417191425959269	49.54067778	37.69799444	52.63371	29.874048	645.1575	3985.0	86.64645	3898.3535537719727
AADR	2	window	gt	72	TSI001	2475	4528	3.4163586656252543	47.11078	102.078841	35.04443	71.03815	2900.905	2797.0	3327.9329	-530.932861328125
AADR	2	window	gt	72	TU914_SX26	3746	4528	3.4163586656252543	47.45	9.292	47.062588	2.3741717	523.6893	4322.0	3630.4487	691.55126953125
AADR	2	window	gt	72	TU877_SX11	3797	4528	3.4163586656252543	47.0117074	7.2505417	37.49226	54.617847	3974.4375	6355.0	3443.7153	2911.28466796875
AADR	2	window	gt	73	I4779	2197	4528	2.4147918025652566	48.74175	76.99573333	49.624104	12.275297	4555.06	3631.0	48.313793	3582.686206817627
AADR	2	window	gt	73	I1206	2956	4528	2.4147918025652566	42.78944444	131.2761111	46.710827	15.129292	8247.71	6954.0	48.307236	6905.692764282227
AADR	2	window	gt	73	mur002_noUDG.SG	3201	4528	2.4147918025652566	52.583	56.847	54.3842	21.784933	2304.429	3533.0	59.42726	3473.572738647461
AADR	2	window	gt	74	I2418	854	4528	3.4182640433311464	51.168023	-1.7725402	17.989805	57.607674	6340.306	4237.0	1843.593	2393.406982421875
AADR	2	window	gt	74	OTTM_141_d	1499	4528	3.4182640433311464	48.22519	10.84977	42.21339	19.65478	959.2974	3516.0	2936.2263	579.773681640625
AADR	2	window	gt	74	C1654	4336	4528	3.4182640433311464	43.22	81.84	57.47549	75.69067	1642.452	733.0	4425.059	-3692.05908203125
AADR	2	window	gt	75	I19657	1123	4528	2.4105873227119448	50.949985	-2.735842	51.26837	9.705523	868.2426	2183.0	73.59749	2109.4025115966797
AADR	2	window	gt	75	DA18_noUDG.SG	2222	4528	2.4105873227119448	51.71055556	74.88416667	50.726593	13.178883	4167.8975	2549.0	76.400955	2472.5990447998047
AADR	2	window	gt	75	I8802	2275	4528	2.4105873227119448	-0.183	35.809	44.140415	39.886814	4945.0825	1011.0	93.11744	917.8825607299805
AADR	2	window	gt	76	I2924	1744	4528	2.418045655886332	36.15444444	54.38361111	46.69962	17.068329	3287.8972	4715.0	62.530106	4652.46989440918
AADR	2	window	gt	76	BRE013	2117	4528	2.418045655886332	49.33	85.79	53.55362	28.601963	3883.2673	1716.0	80.54633	1635.4536666870117
AADR	2	window	gt	76	AIG005	2232	4528	2.418045655886332	43.7	51.33	49.356785	17.859911	2613.365	1790.0	65.90624	1724.0937576293945
AADR	2	window	gt	77	MIB061	646	4528	2.418277823925018	49.992004	15.776861	50.803486	11.839472	293.26996	3765.0	56.348293	3708.6517066955566
AADR	2	window	gt	77	I17901	780	4528	2.418277823925018	18.394444	-68.61	49.66177	10.647402	7695.288	517.0	54.56882	462.43117904663086
AADR	2	window	gt	77	ALA019	3872	4528	2.418277823925018	36.23778	36.38472	52.911404	22.446215	2149.307	3514.0	66.36921	3447.630790710449
AADR	2	window	gt	78	I4427	12	4528	4.417215903600057	-10.786153	33.765371	44.79866	22.039646	6292.422	6009.0	3919.2817	2089.71826171875
AADR	2	window	gt	78	I14862	984	4528	4.417215903600057	51.329195	1.3693088	44.917767	72.73368	5132.561	2834.0	3842.911	-1008.910888671875
AADR	2	window	gt	78	I6746	1151	4528	4.417215903600057	51.324706	-2.753248	44.308388	19.273802	1810.9949	5526.0	3903.6472	1622.352783203125
AADR	2	window	gt	79	I1752	275	4528	3.4176878452301027	-33.36666667	-70.66666667	45.643955	52.97811	15098.758	595.0	3032.666	-2437.666015625
AADR	2	window	gt	79	I14380	1058	4528	3.4176878452301027	51.329195	1.3693088	42.252453	9.589579	1185.8936	2235.0	2515.102	-280.10205078125
AADR	2	window	gt	79	prs012_noUDG.SG	1824	4528	3.4176878452301027	54.2469	-8.55609	52.39105	67.69337	4815.8286	5650.0	3497.9907	2152.00927734375
AADR	2	window	gt	80	MIB011	670	4528	2.4107514659563702	49.992004	15.776861	51.645306	14.416979	207.16985	3761.0	79.79391	3681.2060928344727
AADR	2	window	gt	80	brn012_noUDG.SG	2923	4528	2.4107514659563702	50.8158	114.8367	51.043762	18.756224	6215.5186	6115.0	83.27193	6031.728073120117
AADR	2	window	gt	80	I6771	4265	4528	2.4107514659563702	51.416667	-3.466667	47.683125	12.1976385	1201.0135	2042.0	72.579636	1969.4203643798828
AADR	2	window	gt	81	I1774	880	4528	3.416922660668691	51.423287	0.738864	7.2823753	23.592588	5337.8413	3698.0	1038.7383	2659.26171875
AADR	2	window	gt	81	I1563	1352	4528	3.416922660668691	51.358333	7.551111	52.155746	1.5817049	420.1982	5448.0	3616.8328	1831.167236328125
AADR	2	window	gt	81	I6333	3654	4528	3.416922660668691	21.070453	30.664028	48.20213	19.900808	3166.3562	1177.0	3493.3809	-2316.380859375
AADR	2	window	gt	82	I6328	3639	4528	2.4198713660240174	21.070453	30.664028	40.11884	40.78108	2324.9858	1031.0	88.23553	942.7644729614258
AADR	2	window	gt	82	I4475	4013	4528	2.4198713660240174	37.177	40.952	43.947826	22.568947	1720.628	1228.0	77.22924	1150.7707595825195
AADR	2	window	gt	82	R10766.SG	4675	4528	2.4198713660240174	36.1898	5.4108	50.037632	4.3546734	1542.1508	1836.0	69.03517	1766.964828491211
AADR	2	window	gt	83	I1631	60	4528	2.4147982517878215	39.73	45.2	49.98153	29.77754	1660.461	6099.0	101.921104	5997.078895568848
AADR	2	window	gt	83	Schw432.SG	1256	4528	2.4147982517878215	48.75563	7.59958	51.57068	0.5192738	593.1953	7031.0	75.17305	6955.826950073242
AADR	2	window	gt	83	FU-215.SG	4803	4528	2.4147982517878215	46.7665	20.19739	45.27806	15.132494	424.54495	1227.0	77.14422	1149.8557815551758
AADR	2	window	gt	84	SID006	1955	4528	2.421485996246338	40.624042	8.636695	50.889202	11.480959	1162.3314	4663.0	48.78695	4614.213050842285
AADR	2	window	gt	84	I2557	2765	4528	2.421485996246338	-13.9049	-75.6607	52.59102	18.868917	11534.96	1395.0	54.763306	1340.2366943359375
AADR	2	window	gt	84	NAG038	4509	4528	2.421485996246338	24.8908	125.2793	48.724594	16.331589	9228.246	2758.0	50.24763	2707.752368927002
AADR	2	window	gt	85	I4356_noUDG	1774	4528	5.414916757742564	37.005	45.459	46.570923	86.87288	3548.9424	2967.0	3774.95	-807.949951171875
AADR	2	window	gt	85	UZZ099_noUDG	4533	4528	5.414916757742564	38.11	12.7866	39.924206	-0.68764275	1180.2479	5951.0	2900.147	3050.85302734375
AADR	2	window	gt	85	R11560.SG	4718	4528	5.414916757742564	48.7327	7.0526	39.22194	18.511898	1396.6058	1598.0	3089.251	-1491.2509765625
AADR	2	window	gt	86	I7128	2869	4528	2.418823691209157	47.7467	22.395	47.70377	15.307049	530.0105	6046.0	56.141567	5989.858432769775
AADR	2	window	gt	86	OSS001	2977	4528	2.418823691209157	43.084417	44.632667	50.802746	13.775261	2473.039	5582.0	57.550392	5524.449607849121
AADR	2	window	gt	86	Gokhem5_noUDG.SG	3708	4528	2.418823691209157	58.174	13.408	48.10826	18.459192	1168.0543	5084.0	59.25125	5024.748748779297
AADR	2	window	gt	87	POST_85	1462	4528	2.4166538953781127	48.29573	10.89103	47.64085	10.672415	74.616035	3946.0	56.993973	3889.0060272216797
AADR	2	window	gt	87	I4596	2382	4528	2.4166538953781127	56.2833	25.1333	51.45095	27.53739	559.8868	7970.0	77.85979	7892.140213012695
AADR	2	window	gt	87	I0839	2833	4528	2.4166538953781127	39.5	-8.616666667	59.387104	32.82099	3630.2666	4264.0	90.058205	4173.941795349121
AADR	2	window	gt	88	Xiaogao_noUDG	316	4528	2.4130178610483806	37.9	117.6	50.11577	14.308055	7695.195	7827.0	78.66523	7748.334770202637
AADR	2	window	gt	88	AfontovaGora3_noUDG_d	2921	4528	2.4130178610483806	56.05	92.87	51.061832	40.687767	3406.4197	18036.0	102.289215	17933.71078491211
AADR	2	window	gt	88	Ash002_noUDG.SG	3895	4528	2.4130178610483806	38.3482	34.2303	50.139267	17.036175	1887.4675	9483.0	81.00467	9401.995330810547
AADR	2	window	gt	89	MIG011	616	4528	3.417493526140849	49.992004	15.776861	52.944565	12.173759	412.2946	3990.0	3859.326	130.674072265625
AADR	2	window	gt	89	SI-41_noUDG.SG	2404	4528	3.417493526140849	33.560556	35.398056	49.517673	18.313408	2262.653	710.0	3774.3943	-3064.394287109375
AADR	2	window	gt	89	CBT001	3913	4528	3.417493526140849	40.019745	34.586129	39.0193	-2.9279861	3195.8198	5446.0	2832.6978	2613.30224609375
AADR	2	window	gt	90	CHK004	2326	4528	2.4109758734703064	42.49	78.38	45.46934	11.733698	5186.7217	1129.0	67.82449	1061.1755065917969
AADR	2	window	gt	90	I7347	3018	4528	2.4109758734703064	66.161126	-169.822297	50.293304	9.693663	7065.8794	725.0	72.32064	652.6793594360352
AADR	2	window	gt	90	R10339.SG	4651	4528	2.4109758734703064	42.2542	11.7576	41.12257	45.759132	2807.4097	2054.0	96.48052	1957.5194778442383
AADR	2	window	gt	91	I7278	471	4528	2.418842693169912	50.19	14.158	48.657833	15.512044	196.50354	4333.0	56.05782	4276.942180633545
AADR	2	window	gt	91	I14994	847	4528	2.418842693169912	19.83	-71.22	47.51507	14.122449	8054.6055	703.0	54.09976	648.9002418518066
AADR	2	window	gt	91	I14916	1545	4528	2.418842693169912	35.085833	26.247778	53.733475	26.063107	2073.5732	3768.0	69.890656	3698.109344482422
AADR	2	window	gt	92	VET003_4	2066	4528	2.420040726661682	42.920709	10.971394	46.48011	16.907627	613.516	2705.0	55.69715	2649.302848815918
AADR	2	window	gt	92	kzb008_noUDG.SG	3198	4528	2.420040726661682	54.07	55.544	47.069237	16.177107	2846.2102	3754.0	55.57596	3698.424041748047
AADR	2	window	gt	92	ART017	3882	4528	2.420040726661682	38.381944	38.361111	49.340816	15.651128	2177.3594	5166.0	56.867752	5109.132247924805
AADR	2	window	gt	93	BRE014	2122	4528	4.413027481238047	49.33	85.79	43.611202	65.59552	1665.6979	1630.0	3332.6033	-1702.603271484375
AADR	2	window	gt	93	I5690	3406	4528	4.413027481238047	45.914224	15.4691	43.25962	27.500977	996.3526	2574.0	3177.577	-603.576904296875
AADR	2	window	gt	93	MAL001_noUDG	4231	4528	4.413027481238047	-15.90083333	167.3046417	50.610588	-4.470307	16085.849	2240.0	3195.3303	-955.330322265625
AADR	2	window	gt	94	I16427	273	4528	4.417814683914185	49.497153	-2.506461	46.655468	20.534618	1733.5955	6057.0	4926.729	1130.27099609375
AADR	2	window	gt	94	I7629	988	4528	4.417814683914185	53.725076	-0.523009	55.57399	-0.86178136	206.74132	3015.0	4179.1235	-1164.12353515625
AADR	2	window	gt	94	HC-168.SG	4804	4528	4.417814683914185	46.49364	19.16869	46.765583	7.796223	868.1576	1285.0	3556.3435	-2271.343505859375
AADR	2	window	gt	95	I16438	270	4528	2.4142897288004557	49.497153	-2.506461	55.72137	56.655354	3928.6934	4384.0	144.49632	4239.503677368164
AADR	2	window	gt	95	I0099	1429	4528	2.4142897288004557	51.89583333	11.04666667	53.67699	24.017311	893.104	3024.0	106.52764	2917.4723587036133
AADR	2	window	gt	95	PB754.SG	1850	4528	2.4142897288004557	52.985499	-9.111454	54.430126	38.25114	3062.2097	5375.0	122.397224	5252.6027755737305
AADR	2	window	gt	96	La727_noUDG.WGC	2358	4528	4.4229843060175575	20.2098	103.401	48.396538	20.06846	7860.466	2328.0	4317.4077	-1989.40771484375
AADR	2	window	gt	96	I0461	3482	4528	4.4229843060175575	42.4	-3.75	47.073788	15.377834	1592.8649	4241.0	4022.5896	218.410400390625
AADR	2	window	gt	96	Lovelock2_noUDG.SG	4181	4528	4.4229843060175575	39.96	-118.56	46.674683	45.636158	10254.941	1839.0	4258.3457	-2419.345703125
AADR	2	window	gt	97	PLTM312_noUDG	357	4528	2.4195366660753885	33.7086342	114.9224618	48.811264	11.12217	8153.232	3977.0	59.764263	3917.235736846924
AADR	2	window	gt	97	I5241	3387	4528	2.4195366660753885	44.595879	22.010568	51.9045	22.758741	814.5552	11198.0	73.64126	11124.358741760254
AADR	2	window	gt	97	I3209	3542	4528	2.4195366660753885	40.41819566	-0.11675	47.2186	17.988705	1632.2205	7815.0	64.03241	7750.967590332031
AADR	2	window	gt	98	I4521	1869	4528	2.4129713773727417	32.58472222	35.01694444	50.377396	15.676176	2535.5664	4194.0	58.026516	4135.973484039307
AADR	2	window	gt	98	Sanganji_131464.SG	2104	4528	2.4129713773727417	37.844	140.91	49.63824	15.498901	8911.756	3280.0	57.216896	3222.783103942871
AADR	2	window	gt	98	I19987	3563	4528	2.4129713773727417	42.7939	-4.19278	50.89452	17.102398	1843.6652	2025.0	59.46901	1965.530990600586
AADR	2	window	gt	99	I4996	1626	4528	3.4196262121200562	47.353728	16.794725	40.683777	19.371128	769.6248	2235.0	3171.7947	-936.794677734375
AADR	2	window	gt	99	I13504	2501	4528	3.4196262121200562	50.7	99.2	55.259827	42.402225	3728.951	2368.0	4482.8423	-2114.84228515625
AADR	2	window	gt	99	PUC003	3610	4528	3.4196262121200562	38.627399	-0.864597	39.869797	118.13217	9308.409	3761.0	4016.5713	-255.5712890625
AADR	2	window	gt	100	I14743_d	952	4528	3.4108395059903462	51.329195	1.3693088	47.81546	25.120703	1748.3652	2594.0	3622.5195	-1028.51953125
AADR	2	window	gt	100	R11102.SG	4657	4528	3.4108395059903462	42.0263	11.9483	40.971573	43.163807	2587.8777	3787.0	3248.6257	538.374267578125
AADR	2	window	gt	100	R3662.SG	4777	4528	3.4108395059903462	45.467293	13.506565	45.49353	39.10794	1987.4907	1360.0	3584.8545	-2224.8544921875
AADR	2	window	gt	101	I1665	1735	4528	3.418835453192393	34.5	47.96	48.8485	1.20376	4120.5938	5819.0	2679.0806	3139.91943359375
AADR	2	window	gt	101	I8582	1859	4528	3.418835453192393	54.08	-4.7	50.548946	3.6512694	689.5377	4025.0	2818.5503	1206.44970703125
AADR	2	window	gt	101	VK444_noUDG.SG	3739	4528	3.418835453192393	56.41526	16.4326046	49.291004	18.663185	806.1027	1097.0	2937.396	-1840.39599609375
AADR	2	window	gt	102	OBKR_50	1478	4528	2.4273986419041953	48.26656	10.87857	52.591843	22.257702	937.0563	3935.0	73.260124	3861.739875793457
AADR	2	window	gt	102	LON003	2018	4528	2.4273986419041953	39.87	9.2356	47.272385	12.453094	862.7516	6274.0	59.239475	6214.760524749756
AADR	2	window	gt	102	DA224_noUDG.SG	2255	4528	2.4273986419041953	43.06861111	68.24888889	46.834393	27.954956	3163.0754	1627.0	72.500854	1554.4991455078125
AADR	2	window	gt	103	SOP002_noUDG.SG	1214	4528	2.4170215845108034	59.417563	27.041379	49.570637	13.608796	1391.5226	4620.0	55.992237	4564.007762908936
AADR	2	window	gt	103	2H17.SG	1314	4528	2.4170215845108034	48.858472	3.995887	48.296627	23.314407	1418.7567	5157.0	63.952328	5093.0476722717285
AADR	2	window	gt	103	Falkenstein_noUDG	1426	4528	2.4170215845108034	48.06	9.04	49.17	22.920258	1026.3383	9161.0	64.66325	9096.33674621582
AADR	2	window	gt	104	I5071	385	4528	2.4175151149431864	43.35141	16.461788	49.750458	13.73382	741.3553	7582.0	49.656727	7532.343273162842
AADR	2	window	gt	104	kol2BE_noUDG.SG	714	4528	2.4175151149431864	50.028889	15.201157	53.711334	19.710358	513.11346	6494.0	57.840004	6436.159996032715
AADR	2	window	gt	104	I3303	3953	4528	2.4175151149431864	37.044768	27.436551	51.813236	15.044097	1908.489	2217.0	52.570053	2164.429946899414
AADR	2	window	gt	105	CK-13_noUDG.SG	254	4528	2.4123327334721885	42.216667	-83.066667	68.715225	67.53895	7442.1875	4842.0	151.19237	4690.807632446289
AADR	2	window	gt	105	DA117_noUDG.SG	2320	4528	2.4123327334721885	42.074444	76.966667	53.828205	35.539497	3292.3474	139.0	101.99009	37.009910583496094
AADR	2	window	gt	105	I3484	3505	4528	2.4123327334721885	38.5781	-2.8417	48.527958	37.59194	3395.5117	4074.0	97.75671	3976.243293762207
AADR	2	window	gt	106	I16429	269	4528	3.4208579500516256	49.497153	-2.506461	48.97598	17.465881	1446.9642	4935.0	4751.316	183.68408203125
AADR	2	window	gt	106	Aes24	3775	4528	3.4208579500516256	47.465413	7.601691	49.851757	20.803202	1003.7944	4839.0	4622.581	216.4189453125
AADR	2	window	gt	106	C3318.SG	4352	4528	3.4208579500516256	43.8	82.51	42.5767	95.32247	1046.536	2145.0	4039.6577	-1894.65771484375
AADR	2	window	gt	107	prs002_noUDG.SG	1819	4528	3.4221179723739623	54.2469	-8.55609	50.053818	2.3397903	876.08887	5665.0	3540.1914	2124.80859375
AADR	2	window	gt	107	RISE510_noUDG.SG	2919	4528	3.4221179723739623	54.35661	90.919186	49.52817	20.582151	4647.8755	4531.0	3679.6401	851.35986328125
AADR	2	window	gt	107	I24590	4175	4528	3.4221179723739623	15.211057	145.716839	53.14195	12.872122	11184.403	594.0	3844.4678	-3250.4677734375
AADR	2	window	gt	108	I14813	125	4528	2.4116777976353965	40.783	43.95	48.178314	18.341114	2178.9421	3945.0	87.02361	3857.976387023926
AADR	2	window	gt	108	AITI_95	1476	4528	2.4116777976353965	48.22281	10.84499	49.01272	22.243736	841.6907	3671.0	91.99632	3579.003677368164
AADR	2	window	gt	108	I8215	3537	4528	2.4116777976353965	42.1333	3.1083	54.408123	2.2793622	1366.2509	2526.0	81.07089	2444.9291076660156
AADR	2	window	gt	109	STR502b_noUDG.SG	1370	4528	3.4188872536023456	48.89	12.57	55.01751	28.935572	1307.5416	1364.0	5249.031	-3885.03076171875
AADR	2	window	gt	109	oll010_noUDG.SG	3695	4528	3.4188872536023456	56.014689	14.068039	38.702553	13.056649	1926.4764	3704.0	3562.194	141.805908203125
AADR	2	window	gt	109	R11545.SG	4775	4528	3.4188872536023456	40.6885	43.8493	3.1933756	38.585743	4202.5693	3276.0	812.49054	2463.5094604492188
AADR	2	window	gt	110	MIB024	663	4528	2.4108476956685383	49.992004	15.776861	45.339916	15.610323	517.4386	3875.0	73.26459	3801.7354125976562
AADR	2	window	gt	110	I7780	3238	4528	2.4108476956685383	52.916944	103.657222	60.20759	43.190865	3653.8245	4615.0	117.434074	4497.5659255981445
AADR	2	window	gt	110	I8296	3243	4528	2.4108476956685383	52.916944	103.657222	55.159122	26.865786	4761.591	4665.0	95.98782	4569.012176513672
AADR	2	window	gt	111	MIB040	585	4528	2.41728716691335	49.992004	15.776861	50.033424	18.964964	227.83778	3829.0	61.57242	3767.4275817871094
AADR	2	window	gt	111	I21313	1140	4528	2.41728716691335	51.28086	-1.835571	48.108444	13.986018	1188.6973	2165.0	54.58525	2110.414749145508
AADR	2	window	gt	111	Tep003_noUDG.WGC	4025	4528	2.41728716691335	38.172218	34.49387	43.51792	18.596256	1460.2921	8419.0	55.917114	8363.082885742188
AADR	2	window	gt	112	OBKR_2	1477	4528	3.41752069791158	48.26656	10.87857	56.219837	-2.783541	1279.2434	3906.0	3299.042	606.9580078125
AADR	2	window	gt	112	EBA1_noUDG.SG	2136	4528	3.41752069791158	51.631339	74.66445	45.880737	24.65597	3647.2573	4108.0	3142.4187	965.581298828125
AADR	2	window	gt	112	C3332	4368	4528	3.41752069791158	43.8	82.51	53.467224	22.36553	4408.095	2139.0	3488.5593	-1349.559326171875
AADR	2	window	gt	113	I7635	901	4528	2.4180246194203696	54.522812	-1.308134	50.13041	9.711732	892.5459	4030.0	465.8432	3564.1567993164062
AADR	2	window	gt	113	SZ43.SG	1640	4528	2.4180246194203696	46.28333333	17.85	38.826435	11.8246975	964.2488	1393.0	379.12018	1013.8798217773438
AADR	2	window	gt	113	I10552	1996	4528	2.4180246194203696	39.683255	9.433333	48.001286	11.78076	943.76245	3234.0	457.09332	2776.9066772460938
AADR	2	window	gt	114	I14861	990	4528	2.42234921058019	51.329195	1.3693088	53.12371	12.036787	752.67645	2810.0	58.388626	2751.611373901367
AADR	2	window	gt	114	I2633	3324	4528	2.42234921058019	58.53	-3.603	50.55416	13.577483	1412.4067	5639.0	56.890606	5582.109394073486
AADR	2	window	gt	114	LHO003	3607	4528	2.42234921058019	38.344015	-0.77	46.285854	17.311745	1723.2456	3524.0	56.341213	3467.6587867736816
AADR	2	window	gt	115	I7862_d	2471	4528	2.4143360177675883	45.845833	28.194722	50.026443	18.300209	870.3689	3456.0	86.84705	3369.152946472168
AADR	2	window	gt	115	N20_noUDG.SG	2830	4528	2.4143360177675883	52.62	18.96	62.30597	45.152683	1880.1019	5467.0	131.64006	5335.359939575195
AADR	2	window	gt	115	SA6002	3060	4528	2.4143360177675883	45.05	39.91	45.576004	13.4671335	2059.1663	5126.0	75.766846	5050.233154296875
AADR	2	window	gt	116	NE8_noUDG	295	4528	4.421099289258321	46.01	125.82	53.35767	135.34392	1064.4492	11263.0	1813.3083	9449.691650390625
AADR	2	window	gt	116	I2453	860	4528	4.421099289258321	52.67	-0.35	57.33801	65.66808	4073.832	4122.0	1443.1343	2678.86572265625
AADR	2	window	gt	116	I1836	3500	4528	4.421099289258321	41.223	1.7742	43.251366	6.445783	445.74463	3527.0	812.6424	2714.3576049804688
AADR	2	window	gt	117	SFI-24_noUDG.SG	2396	4528	2.420065196355184	33.896528	35.511389	47.046127	26.860939	1632.6177	1946.0	496.9099	1449.090087890625
AADR	2	window	gt	117	I4917	3376	4528	2.420065196355184	44.640262	22.30333	45.122433	40.648724	1443.3125	8058.0	520.7312	7537.268798828125
AADR	2	window	gt	117	I6327	3638	4528	2.420065196355184	21.070453	30.664028	36.595837	34.84698	1773.2241	990.0	430.18512	559.8148803710938
AADR	2	window	gt	118	NIK007_noUDG.SG	3260	4528	3.4145889123280844	57.52926373	39.66994055	53.048485	5.9163184	2170.1992	4540.0	3838.768	701.23193359375
AADR	2	window	gt	118	VK207_noUDG.SG	3357	4528	3.4145889123280844	59.133	-3.319	36.233166	29.572199	3475.5957	930.0	2849.5823	-1919.582275390625
AADR	2	window	gt	118	ALA030	3864	4528	3.4145889123280844	36.23778	36.38472	35.956154	95.68727	5240.068	3467.0	3183.6323	283.36767578125
AADR	2	window	gt	119	I6679	876	4528	5.418248482545217	55.309983	-1.553328	51.51268	-1.7093406	422.3671	3936.0	3476.045	459.955078125
AADR	2	window	gt	119	MJ-56_noUDG.SG	2996	4528	5.418248482545217	51.991225	58.039435	50.98897	13.559197	3033.1943	2436.0	4021.0354	-1585.035400390625
AADR	2	window	gt	119	R11746.SG	4659	4528	5.418248482545217	36.9615	11.0804	41.117447	0.1331676	1051.2988	2485.0	2860.4404	-375.4404296875
AADR	2	window	gt	120	I11145	994	4528	2.416805175940196	50.88341	-2.760465	49.894	16.711828	1380.8317	2022.0	58.047764	1963.952236175537
AADR	2	window	gt	120	UUS002	2545	4528	2.416805175940196	49.40223	100.41281	58.262794	28.490719	4585.4346	604.0	76.63333	527.3666687011719
AADR	2	window	gt	120	Oase1_d	2896	4528	2.416805175940196	45.12	21.9	44.464367	20.374716	140.71552	38033.0	57.63826	37975.361740112305
AADR	2	window	gt	121	I14551	1060	4528	2.422074290116628	50.844866	-0.266087	49.306587	13.548395	999.01855	2349.0	55.0583	2293.9416999816895
AADR	2	window	gt	121	irk034_noUDG.SG	2935	4528	2.422074290116628	53.2207	103.3948	49.596146	16.62358	5650.7886	5525.0	58.192966	5466.807033538818
AADR	2	window	gt	121	C1633	4409	4528	2.422074290116628	43.83	82.72	49.45117	16.973673	4896.985	2221.0	58.39837	2162.601631164551
AADR	2	window	gt	122	I10873	248	4528	2.421628495057424	5.8586	10.0778	47.253807	22.036922	4742.413	3097.0	102.74072	2994.25927734375
AADR	2	window	gt	122	BIR012	2125	4528	2.421628495057424	51.14	75.7	48.15972	20.793613	3874.1628	2606.0	103.11687	2502.8831329345703
AADR	2	window	gt	122	XHM100.SG	4640	4528	2.421628495057424	40.3364	88.6725	45.121616	33.29868	4465.252	3757.0	110.81853	3646.1814727783203
AADR	2	window	gt	123	MIB053	677	4528	2.414695954322815	49.992004	15.776861	44.31321	10.819709	733.94934	3761.0	60.475834	3700.5241661071777
AADR	2	window	gt	123	MDM005.SG	2648	4528	2.414695954322815	53.184298	5.444314	56.640175	42.73864	2383.9377	1417.0	102.59621	1314.403793334961
AADR	2	window	gt	123	GLZ001	3171	4528	2.414695954322815	52.279056	104.251778	45.09798	16.864046	6065.93	4556.0	66.50598	4489.4940185546875
AADR	2	window	gt	124	I21303	1002	4528	4.419602672259013	51.0128	-2.3152	49.24878	0.25080302	268.1636	1995.0	3730.727	-1735.72705078125
AADR	2	window	gt	124	ARD2.SG	1833	4528	4.419602672259013	52.934997	-8.154168	42.208008	69.00696	5621.871	5401.0	4365.8047	1035.1953125
AADR	2	window	gt	124	C2048	4310	4528	4.419602672259013	46.48	90.75	52.236103	-7.1738415	6559.9463	4224.0	3853.8425	370.157470703125
AADR	2	window	gt	125	Tianyuan	334	4528	3.416595462958018	39.657778	115.871389	46.034653	6.3366437	8195.251	39565.0	3906.2014	35658.798583984375
AADR	2	window	gt	125	I14358	979	4528	3.416595462958018	51.329195	1.3693088	44.803867	13.721165	1167.3895	2808.0	3492.7876	-684.78759765625
AADR	2	window	gt	125	I1496	1685	4528	3.416595462958018	47.167	19.833	51.5074	-4.565479	1822.9673	7040.0	3674.9932	3365.0068359375
AADR	2	window	gt	126	I16821	1577	4528	2.4197475790977476	13.519983	144.806559	47.880962	14.945	11581.438	2628.0	54.81832	2573.1816787719727
AADR	2	window	gt	126	I11737	2182	4528	2.4197475790977476	50.77023611	49.34004167	53.47242	24.925848	1685.0099	4046.0	68.81208	3977.187919616699
AADR	2	window	gt	126	I1368	4238	4528	2.4197475790977476	-17.786	168.37	48.471382	15.392642	15821.346	2870.0	55.274017	2814.7259826660156
AADR	2	window	gt	127	OBKR_95	1483	4528	2.4185729225476584	48.26656	10.87857	51.699802	15.373737	498.8452	3917.0	51.78162	3865.2183799743652
AADR	2	window	gt	127	I9033	1536	4528	2.4185729225476584	36.91666667	21.7	48.71443	15.533907	1403.7782	3296.0	50.15092	3245.84907913208
AADR	2	window	gt	127	I16820	1567	4528	2.4185729225476584	13.519983	144.806559	51.16891	13.035278	11446.902	2623.0	49.297012	2573.7029876708984
AADR	2	window	gt	128	ANN2.SG	1832	4528	2.411702561378479	52.67641	-8.455326	51.790546	26.685474	2371.3196	5521.0	77.019585	5443.980415344238
AADR	2	window	gt	128	I7136	2874	4528	2.411702561378479	47.7467	22.395	47.788784	19.296751	231.58963	6074.0	66.59608	6007.403923034668
AADR	2	window	gt	128	I1782	4043	4528	2.411702561378479	38.21228	62.03443	47.635067	22.555618	3339.79	4163.0	70.11016	4092.8898391723633
AADR	2	window	gt	129	I4355_noUDG	1773	4528	2.415812786420186	37.005	45.459	49.019585	15.8805485	2726.063	2898.0	84.95957	2813.040428161621
AADR	2	window	gt	129	MonteCanelas337A_noUDG.SG	2842	4528	2.415812786420186	37.199005	-8.587977	49.4104	15.423927	2353.7983	4857.0	84.35543	4772.644569396973
AADR	2	window	gt	129	ALM001_merged	3426	4528	2.415812786420186	37.952759	-1.508	49.3672	7.5142183	1459.679	3821.0	77.53145	3743.468551635742
AADR	2	window	gt	130	I0806	1341	4528	4.410615992546082	51.79	11.14	38.297146	-58.658356	5460.9053	4217.0	2125.6873	2091.312744140625
AADR	2	window	gt	130	cth842_noUDG.SG	3922	4528	4.410615992546082	37.6661	32.8257	44.68167	24.380552	1051.5347	8559.0	5158.298	3400.7021484375
AADR	2	window	gt	130	KDA-188.SG	4798	4528	4.410615992546082	46.38	20.08944	47.921165	15.793737	367.20056	1244.0	4381.326	-3137.326171875
AADR	2	window	gt	131	I16430	265	4528	3.418750794728597	49.721729	-2.177469	55.18728	17.070414	1432.6703	2084.0	3310.72	-1226.719970703125
AADR	2	window	gt	131	I3948	408	4528	3.418750794728597	43.589	16.648	48.486813	62.999935	3563.1677	7863.0	3543.187	4319.81298828125
AADR	2	window	gt	131	RISE515_noUDG.SG	2942	4528	3.418750794728597	53.156486	90.207811	42.893078	5.513839	6023.9277	4196.0	2686.189	1509.81103515625
AADR	2	window	gt	132	PMI002	666	4528	2.416923383871714	50.156484	14.538727	41.232944	30.897846	1606.1567	4171.0	2085.8792	2085.120849609375
AADR	2	window	gt	132	I15959	708	4528	2.416923383871714	50.07884	14.280243	35.850224	57.34645	3779.0696	3022.0	2043.867	978.133056640625
AADR	2	window	gt	132	TAP003	1333	4528	2.416923383871714	-16.83625	-151.3585722	54.332092	8.929117	15514.503	366.0	2308.3928	-1942.392822265625
AADR	2	window	gt	133	I1565	1355	4528	2.416325569152832	51.358333	7.551111	50.376896	12.909148	391.42242	5674.0	55.852306	5618.147693634033
AADR	2	window	gt	133	OBKR_84	1457	4528	2.416325569152832	48.26656	10.87857	50.451492	12.743121	277.9373	3875.0	55.791622	3819.2083778381348
AADR	2	window	gt	133	I2085	4049	4528	2.416325569152832	38.21228	62.03443	44.44902	22.032383	3376.2012	3881.0	58.925537	3822.074462890625
AADR	2	window	gt	134	I14617	113	4528	2.41731481552124	40.91666	44.5	45.913338	25.427422	1632.7769	2915.0	69.1842	2845.815803527832
AADR	2	window	gt	134	VK485_noUDG.SG	1197	4528	2.41731481552124	58.17	22.25	50.28951	13.142066	1055.4957	1244.0	62.818325	1181.1816749572754
AADR	2	window	gt	134	TU919_SX33	1223	4528	2.41731481552124	48.554457	7.681749	54.430813	8.370172	655.1479	6625.0	64.51665	6560.483352661133
AADR	2	window	gt	135	I13470	551	4528	2.4106043616930646	50.044984	14.339296	46.268085	18.447666	518.71704	3943.0	62.314575	3880.6854248046875
AADR	2	window	gt	135	I17266	1121	4528	2.4106043616930646	51.138291	-1.53093	45.79921	14.241612	1301.9727	2183.0	58.099415	2124.9005851745605
AADR	2	window	gt	135	C3350	4318	4528	2.4106043616930646	47.44	85.87	57.386185	31.732973	3723.7683	2574.0	88.11047	2485.8895263671875
AADR	2	window	gt	136	I17321	698	4528	4.418040072917938	50.054385	14.363387	32.06926	43.51254	3123.1716	2225.0	2676.981	-451.98095703125
AADR	2	window	gt	136	RISE392_noUDG.SG	3121	4528	4.418040072917938	53.876	59.076	56.90867	22.680317	2295.0425	3943.0	4021.1833	-78.183349609375
AADR	2	window	gt	136	vik_2072_noUDG.SG	3717	4528	4.418040072917938	59.61731	17.72361	35.22351	-18.018993	3736.3079	973.0	1970.1901	-997.1900634765625
AADR	2	window	gt	137	I4468	2441	4528	5.420808525880178	-10.786153	33.765371	43.296524	28.661613	6035.9907	6039.0	3590.152	2448.847900390625
AADR	2	window	gt	137	RISE1241_noUDG.SG	2817	4528	5.420808525880178	50.6	21.7	39.051453	95.318214	5699.2803	4773.0	3593.9565	1179.04345703125
AADR	2	window	gt	137	pcw362_noUDG.SG	2826	4528	5.420808525880178	50.456111	23.661944	54.14793	15.301419	700.46814	4305.0	3965.7024	339.297607421875
AADR	2	window	gt	138	CP18	198	4528	2.4146469116210936	-19.47718333	-44.03805556	58.152744	33.732513	11146.752	9510.0	97.62144	9412.378562927246
AADR	2	window	gt	138	MX256	1518	4528	2.4146469116210936	47.767097	8.872239	45.76388	25.110973	1254.3105	3963.0	75.2944	3887.705596923828
AADR	2	window	gt	138	I4998	1629	4528	2.4146469116210936	47.353728	16.794725	45.83669	15.376539	200.48427	2250.0	68.070564	2181.9294357299805
AADR	2	window	gt	139	L5692_noUDG_d	328	4528	4.418103373050689	26.2	119.1	35.073517	93.3016	2648.3076	4477.0	3124.0576	1352.9423828125
AADR	2	window	gt	139	RISE21_noUDG.SG	746	4528	4.418103373050689	55.55	12.209	46.006035	26.13075	1438.5283	3301.0	3096.5698	204.43017578125
AADR	2	window	gt	139	mur_noUDG.SG	3535	4528	4.418103373050689	37.542182	-4.30388	43.599754	44.201454	4092.8157	7127.0	3312.2224	3814.777587890625
AADR	2	window	gt	140	VK326_noUDG.SG	761	4528	2.4172060966491697	55.33	8.76	50.67078	23.655844	1120.2745	1026.0	65.14521	960.8547897338867
AADR	2	window	gt	140	ETR003	2077	4528	2.4172060966491697	43.017037	11.948444	46.241	12.106988	358.70773	877.0	51.13549	825.8645095825195
AADR	2	window	gt	140	KZL001	2245	4528	2.4172060966491697	48.28	75.36	45.63469	11.093127	4741.201	2585.0	49.69167	2535.3083305358887
AADR	2	window	gt	141	NUL001	2225	4528	3.4190103967984515	43.65	78.52	52.846527	-6.033291	5974.239	2584.0	3275.9087	-691.90869140625
AADR	2	window	gt	141	ATP9_noUDG.SG	3444	4528	3.4190103967984515	42.3525	-3.518333333	44.498928	83.92349	6703.1846	3628.0	3519.7703	108.229736328125
AADR	2	window	gt	141	I3713	4113	4528	3.4190103967984515	47.9543	35.3893	45.125313	26.877266	722.51733	6942.0	3777.3782	3164.621826171875
AADR	2	window	gt	142	I23911	370	4528	3.4181924700737	44.555384	15.310516	44.427982	81.65391	5109.16	2765.0	3309.163	-544.1630859375
AADR	2	window	gt	142	I7289	488	4528	3.4181924700737	50.410265	14.074597	46.88372	68.07205	3898.2556	4289.0	3465.8433	823.15673828125
AADR	2	window	gt	142	OBR004	513	4528	3.4181924700737	50.292725	14.484945	51.321392	16.679747	191.99776	4512.0	3311.9958	1200.004150390625
AADR	2	window	gt	143	I19909	1089	4528	2.4146016399065653	51.3603	1.3405	49.738934	20.765541	1380.1072	2227.0	84.131165	2142.8688354492188
AADR	2	window	gt	143	Ash128_noUDG.SG	3901	4528	2.4146016399065653	38.3482	34.2303	49.41461	20.555937	1642.6953	10018.0	83.46566	9934.534339904785
AADR	2	window	gt	143	R3931.SG	4764	4528	2.4146016399065653	44.7167	21.1667	46.99734	24.473293	360.32803	1769.0	83.063484	1685.9365158081055
AADR	2	window	gt	144	I3083	1101	4528	5.420148388544718	51.466215	-0.212202	51.803383	15.604393	1090.0908	2233.0	3275.445	-1042.445068359375
AADR	2	window	gt	144	OBKR_80	1456	4528	5.420148388544718	48.26656	10.87857	39.382874	44.902794	2874.653	4000.0	2879.3374	1120.66259765625
AADR	2	window	gt	144	I3272	3469	4528	5.420148388544718	42.57	-2.55	30.616276	42.71408	4198.4097	4959.0	2401.4458	2557.55419921875
AADR	2	window	gt	145	I2423	212	4528	3.414004385471344	43.05777778	26.98361111	37.69516	16.216946	1088.3086	6381.0	3470.4536	2910.54638671875
AADR	2	window	gt	145	scy332_noUDG.SG	2462	4528	3.414004385471344	46.6684	29.8001	45.552467	8.52173	1639.9773	1616.0	3878.6274	-2262.62744140625
AADR	2	window	gt	145	I2731	4261	4528	3.414004385471344	20.13333333	105.9833333	52.370502	-6.356341	9658.783	3684.0	4209.975	-525.97509765625
AADR	2	window	gt	146	I15943	2025	4528	4.420416812102	40.626667	8.323056	42.373657	18.344833	856.3597	5723.0	3487.1316	2235.868408203125
AADR	2	window	gt	146	I4655	2888	4528	4.420416812102	44.626111	22.605833	51.10782	10.315446	1163.6307	8764.0	3944.8228	4819.17724609375
AADR	2	window	gt	146	PM1	2897	4528	4.420416812102	45.192	23.754	50.77213	53.400352	2274.9875	34415.0	4964.193	29450.80712890625
AADR	2	window	gt	147	91KLH18_noUDG	338	4528	5.417666804790497	42.5043431	125.4145019	43.50118	16.036566	8148.572	2812.0	3219.983	-407.98291015625
AADR	2	window	gt	147	I5240	3382	4528	5.417666804790497	44.595879	22.010568	42.24492	47.550842	2070.629	10805.0	3542.6519	7262.34814453125
AADR	2	window	gt	147	I4881	3390	4528	5.417666804790497	44.53368	22.05032	47.263393	-0.90181154	1795.1044	8869.0	3312.6301	5556.369873046875
AADR	2	window	gt	148	I18437	794	4528	3.413436504205068	19.2	-69.218889	53.946995	-5.8035393	6563.6836	956.0	3732.4626	-2776.462646484375
AADR	2	window	gt	148	UGU002	2603	4528	3.413436504205068	49.248364	105.377512	42.33675	104.81371	769.77216	1927.0	3548.0398	-1621.039794921875
AADR	2	window	gt	148	VLBA036	3615	4528	3.413436504205068	37.410926	-6.059	48.50466	44.595226	4218.2866	4724.0	4240.3525	483.6474609375
AADR	2	window	gt	149	I6582	2772	4528	2.4195613066355386	50.09	18.1	48.800617	29.499298	835.6406	4171.0	103.83799	4067.162010192871
AADR	2	window	gt	149	I6610	3478	4528	2.4195613066355386	40.439	-3.501	50.442383	5.782008	1325.0541	3803.0	85.4838	3717.51619720459
AADR	2	window	gt	149	I4634	4040	4528	2.4195613066355386	38.348048	56.24543	52.679657	41.70161	1947.4723	4998.0	122.53382	4875.466178894043
AADR	2	window	gt	150	MX259	1516	4528	2.413111166159312	47.854144	8.7737404	50.37566	12.300348	380.03812	4246.0	48.820717	4197.17928314209
AADR	2	window	gt	150	I7130	2871	4528	2.413111166159312	47.7467	22.395	49.58683	15.662888	534.8131	6078.0	51.366882	6026.633117675781
AADR	2	window	gt	150	DA188_noUDG.SG	3141	4528	2.413111166159312	50.114471	38.300882	50.93967	21.434513	1193.1571	1107.0	56.23793	1050.7620697021484
AADR	2	window	gt	151	I2462	905	4528	2.4176770091056823	51.3603	1.3405	45.55661	12.405514	1038.4192	3942.0	64.10797	3877.8920288085938
AADR	2	window	gt	151	I4124	1433	4528	2.4176770091056823	48.33	10.895	53.29941	8.957872	569.02905	4278.0	70.472534	4207.5274658203125
AADR	2	window	gt	151	ALA084	3869	4528	2.4176770091056823	36.23778	36.38472	53.193398	10.562169	2750.003	3844.0	71.65096	3772.34903717041
AADR	2	window	gt	152	Sumidouro6_noUDG.SG	207	4528	2.4144009629885357	-19.54	-43.94	45.73244	32.50076	10551.538	10070.0	96.258514	9973.741485595703
AADR	2	window	gt	152	PB1794.SG	1843	4528	2.4144009629885357	52.985499	-9.111454	53.674713	28.995314	2501.2246	5486.0	103.74644	5382.253562927246
AADR	2	window	gt	152	mid001_noUDG.SG	3309	4528	2.4144009629885357	59.157625	-3.10046	49.47735	18.639515	1760.3716	5173.0	89.072334	5083.927665710449
AADR	2	window	gt	153	I7212	468	4528	3.4284453868865965	50.410265	14.074597	45.15211	21.540094	807.31134	4247.0	4321.6836	-74.68359375
AADR	2	window	gt	153	I10542	3911	4528	3.4284453868865965	40.48	29.296	-5.799595	-72.1644	11394.327	5461.0	-841.32574	6302.325744628906
AADR	2	window	gt	153	R3476.SG	4760	4528	3.4284453868865965	33.622519	35.499985	39.973896	38.243767	747.18994	1431.0	3696.3284	-2265.328369140625
AADR	2	window	gt	154	I7977	791	4528	3.4219085574150085	17.87	-71.65	33.114628	71.54753	13129.56	1887.0	2798.814	-911.81396484375
AADR	2	window	gt	154	C387_noUDG	4470	4528	3.4219085574150085	36.97	79.94	43.65413	36.658062	3700.9607	1651.0	3873.7998	-2222.7998046875
AADR	2	window	gt	154	UZZ080_noUDG	4528	4528	3.4219085574150085	38.11	12.7866	50.96712	-42.698326	4505.5884	8580.0	2827.681	5752.319091796875
