sim	exp	nam	typ	gro	ind	idx	snp	run	true_lat	true_lon	pred_lat	pred_lon	diff_space	true_tim	pred_tim	diff_time
AADR	2	window	gt	0	KNE003	554	4696	3.4144562085469565	50.119278	14.267059	50.83181	51.52692	2609.7854	3971.0	4079.794	-108.7939453125
AADR	2	window	gt	0	I15978	834	4696	3.4144562085469565	18.451	-69.686	52.919903	0.8773661	7084.926	959.0	3569.9766	-2610.9765625
AADR	2	window	gt	0	I10266	1872	4696	3.4144562085469565	32.58472222	35.01694444	47.202763	20.835295	2019.4355	3462.0	3489.4355	-27.435546875
AADR	2	window	gt	1	I13710	1011	4696	3.4101020971934	51.3603	1.3405	32.793705	23.875525	2756.1472	3252.0	2717.3796	534.620361328125
AADR	2	window	gt	1	I20071	2468	4696	3.4101020971934	46.963223	28.708454	53.93223	27.445547	780.0267	2749.0	4108.281	-1359.28076171875
AADR	2	window	gt	1	TU905_SX18	3757	4696	3.4101020971934	47.45	9.292	56.78931	33.238777	1921.4847	2032.0	4416.821	-2384.82080078125
AADR	2	window	gt	2	NE20_noUDG	307	4696	1.4117188413937887	45.4	127.03	49.715973	15.525285	7546.567	33592.0	57.385513	33534.614486694336
AADR	2	window	gt	2	C794	4296	4696	1.4117188413937887	48.06	86.42	50.173374	18.453999	4776.733	4498.0	60.501778	4437.498222351074
AADR	2	window	gt	2	C818	4448	4696	1.4117188413937887	38.27	85.33	49.480324	15.965219	5494.5215	2190.0	57.56232	2132.4376792907715
AADR	2	window	gt	3	I8809	2290	4696	1.406658136844635	0.458	36.709	49.44777	16.833906	5767.5015	2967.0	65.29197	2901.7080307006836
AADR	2	window	gt	3	STB002	3181	4696	1.406658136844635	53.15	106.05	56.03324	34.5411	4409.117	6587.0	87.91558	6499.084419250488
AADR	2	window	gt	3	ASZK-1.SG	4782	4696	1.406658136844635	47.63244	17.48333	50.733616	14.99943	389.18018	1525.0	64.36669	1460.6333084106445
AADR	2	window	gt	4	I7971	845	4696	2.4108107844988504	19.8	-70.69	51.261658	68.52791	11170.951	624.0	913.9129	-289.91290283203125
AADR	2	window	gt	4	OBN007	1303	4696	2.4108107844988504	48.46	7.48	49.766216	113.2694	6999.0503	6377.0	1101.1599	5275.840087890625
AADR	2	window	gt	4	I1674	1737	4696	2.4108107844988504	34.5	47.96	50.2379	104.169044	4807.41	5831.0	1063.1381	4767.8619384765625
AADR	2	window	gt	5	pcw041_noUDG.SG	2827	4696	1.406751314798991	49.916111	22.860833	48.72592	33.183952	759.18384	4400.0	92.64358	4307.356422424316
AADR	2	window	gt	5	CMO001	3604	4696	1.406751314798991	38.184703	-1.886158	61.93298	47.354877	4236.385	3729.0	122.38462	3606.615379333496
AADR	2	window	gt	5	R10344.SG	4654	4696	1.406751314798991	42.2542	11.7576	56.753925	37.039295	2410.3513	2592.0	106.57752	2485.422477722168
AADR	2	window	gt	6	VK554_noUDG.SG	1201	4696	2.4117027123769126	58.17	22.25	50.059727	7.591902	1308.6348	1120.0	3529.5	-2409.5
AADR	2	window	gt	6	Steigen_noUDG.SG	2668	4696	2.4117027123769126	67.81	14.681	43.635414	67.73602	4065.1018	5857.0	3317.976	2539.02392578125
AADR	2	window	gt	6	I1722	2974	4696	2.4117027123769126	44.25056667	40.21921667	46.784187	0.6319261	3064.4502	6408.0	3150.508	3257.491943359375
AADR	2	window	gt	7	PDA005	656	4696	1.4119496583938598	50.151931	14.493838	45.486496	15.039152	520.364	4164.0	53.247368	4110.752632141113
AADR	2	window	gt	7	LOT001	3606	4696	1.4119496583938598	37.674387	-1.697	53.31554	19.302698	2370.6853	3849.0	64.24283	3784.7571716308594
AADR	2	window	gt	7	SZLA-646.SG	4814	4696	1.4119496583938598	48.22528	20.45386	52.729702	22.772419	526.9823	1597.0	67.07963	1529.9203720092773
AADR	2	window	gt	8	s19_X08_1_noUDG.SG	1182	4696	2.4098414262135823	59.505	25.5281	53.33669	3.0781546	1531.4948	2819.0	3807.32	-988.320068359375
AADR	2	window	gt	8	I4131	1607	4696	2.4098414262135823	47.59916	19.05456	55.59526	80.43891	4186.614	4305.0	5001.423	-696.4228515625
AADR	2	window	gt	8	HYR002	2273	4696	2.4098414262135823	-0.27549	36.103	38.294895	19.995361	4594.587	2270.0	3233.5393	-963.539306640625
AADR	2	window	gt	9	BLS002	722	4696	1.4106958429018657	50.351064	13.852118	48.06333	20.572042	550.19464	4692.0	80.27321	4611.726791381836
AADR	2	window	gt	9	KK1_noUDG.SG	1334	4696	1.4106958429018657	42.28	43.28	52.560295	4.5474267	3085.1113	9678.0	72.485664	9605.514335632324
AADR	2	window	gt	9	I15942	2010	4696	1.4106958429018657	40.626667	8.323056	48.90722	10.350901	934.47394	4297.0	73.22286	4223.777137756348
AADR	2	window	gt	10	I7576	986	4696	1.4055568059285481	52.122402	-0.511365	48.90659	17.2563	1302.4434	3039.0	64.43195	2974.568046569824
AADR	2	window	gt	10	R64.SG	1930	4696	1.4055568059285481	41.6877312	13.0864953	47.298943	22.036425	944.02386	840.0	66.461685	773.5383148193359
AADR	2	window	gt	10	I0124	3151	4696	1.4055568059285481	53.680623	50.675349	51.197395	14.901797	2414.5662	7544.0	64.92954	7479.070457458496
AADR	2	window	gt	11	I19338	102	4696	2.4107168316841125	40.416667	45.2	42.885014	70.68198	2126.6387	3066.0	3335.1433	-269.143310546875
AADR	2	window	gt	11	I5232	3388	4696	2.4107168316841125	44.595879	22.010568	52.15874	15.321215	974.39264	7901.0	3705.3413	4195.65869140625
AADR	2	window	gt	11	TU910_SX22	3745	4696	2.4107168316841125	47.45	9.292	49.10651	77.65917	4885.7207	4949.0	3668.5007	1280.499267578125
AADR	2	window	gt	12	s19_X11_1_noUDG.SG	1184	4696	1.4103176951408387	59.3992	27.0142	52.839935	23.559034	759.8943	2906.0	68.1435	2837.8564987182617
AADR	2	window	gt	12	MX189	3749	4696	1.4103176951408387	47.255	8.2158	38.408665	16.49683	1191.6323	4058.0	49.166348	4008.833652496338
AADR	2	window	gt	12	C1667	4345	4696	1.4103176951408387	43.08	81.52	55.424473	24.410297	4231.017	2204.0	71.45989	2132.540107727051
AADR	2	window	gt	13	MA974_noUDG.SG	1217	4696	4.40523902575175	59.45	28.08	46.716755	-4.202442	2540.5566	5586.0	2667.503	2918.4970703125
AADR	2	window	gt	13	I2069	2900	4696	4.40523902575175	50.9126	84.81438333	25.493568	76.32557	2917.6394	5061.0	2302.697	2758.302978515625
AADR	2	window	gt	13	I7416	4208	4696	4.40523902575175	37.41666667	66.83333333	51.117775	76.58567	1706.5256	3824.0	3726.5671	97.432861328125
AADR	2	window	gt	14	I15743	396	4696	2.409311811129252	43.530795	16.260044	45.46315	19.750574	350.3897	1029.0	2488.219	-1459.218994140625
AADR	2	window	gt	14	TRM006	518	4696	2.409311811129252	50.637938	13.992275	53.21486	-20.637768	2368.1873	4644.0	4860.259	-216.2587890625
AADR	2	window	gt	14	ETM012	3805	4696	2.409311811129252	35.798	36.798	35.46007	36.948338	39.957115	4470.0	2630.8442	1839.15576171875
AADR	2	window	gt	15	I11483	1794	4696	1.4054098884264628	30.649857	61.400311	43.48322	39.68777	2385.1956	4942.0	93.03251	4848.967491149902
AADR	2	window	gt	15	mur004_noUDG.SG	3203	4696	1.4054098884264628	52.583	56.847	46.350918	31.376587	1954.1345	3755.0	88.73425	3666.2657470703125
AADR	2	window	gt	15	I8534	4035	4696	1.4054098884264628	37.1907	61.0343	49.18361	54.727257	1426.9604	4862.0	114.656525	4747.343475341797
AADR	2	window	gt	16	I22060	932	4696	1.410558569431305	54.09468889	-0.281613889	46.66495	13.945301	1299.786	2074.0	47.558575	2026.4414253234863
AADR	2	window	gt	16	OTTM_141A_noUDG	1500	4696	1.410558569431305	48.22519	10.84977	45.213306	13.614084	395.62592	3515.0	46.1737	3468.826301574707
AADR	2	window	gt	16	I6257	3648	4696	1.410558569431305	21.070453	30.664028	46.974014	13.944851	3250.9055	1127.0	47.7527	1079.247299194336
AADR	2	window	gt	17	I2366	1650	4696	2.410567816098531	47.62094	19.04494	50.300583	-11.418878	2228.0493	5118.0	3120.3962	1997.603759765625
AADR	2	window	gt	17	RISE505_noUDG.SG	2926	4696	2.410567816098531	53.456	85.447	38.151615	25.781801	4768.023	3628.0	2924.0105	703.989501953125
AADR	2	window	gt	17	I14767	3948	4696	2.410567816098531	38.98	43.75	44.23892	14.021456	2524.9243	3256.0	3159.7222	96.27783203125
AADR	2	window	gt	18	I1701_enhanced	10	4696	2.405153461297353	31.988	35.976	32.80112	41.353107	512.83057	9600.0	3349.3296	6250.67041015625
AADR	2	window	gt	18	I1951	1763	4696	2.405153461297353	34.45	48.116	43.848015	92.68183	3931.4473	9848.0	3565.6084	6282.3916015625
AADR	2	window	gt	18	atp016_noUDG.SG	3489	4696	2.405153461297353	42.35267	-3.51832	48.73033	15.70096	1650.1703	4971.0	4759.878	211.1220703125
AADR	2	window	gt	19	KAR001_noUDG.SG	3256	4696	1.409468905131022	60.467835	38.90061537	46.373528	10.116566	2434.5007	8321.0	301.47757	8019.522430419922
AADR	2	window	gt	19	C3359	4418	4696	1.409468905131022	43.54	83.28	45.79827	10.769277	5535.3228	2028.0	299.14102	1728.8589782714844
AADR	2	window	gt	19	UZZ074_noUDG	4524	4696	1.409468905131022	38.11	12.7866	53.92388	12.804618	1758.4241	7217.0	355.8843	6861.115692138672
AADR	2	window	gt	20	I8218	2676	4696	2.4051700909932454	34.80489444	72.31816944	19.839558	-73.30042	12936.537	1949.0	996.186	952.8140258789062
AADR	2	window	gt	20	I16814	3396	4696	2.4051700909932454	45.888056	20.166667	53.222878	18.621159	823.1255	2903.0	4667.326	-1764.326171875
AADR	2	window	gt	20	NAG039	4510	4696	2.4051700909932454	24.8908	125.2793	48.633045	13.995845	9380.451	143.0	4232.5386	-4089.53857421875
AADR	2	window	gt	21	NE36_noUDG	296	4696	1.4103312134742736	46.06	125.72	43.307274	20.403687	7657.746	10673.0	74.07964	10598.920356750488
AADR	2	window	gt	21	I1593	1353	4696	1.4103312134742736	51.358333	7.551111	54.495213	8.036863	350.31918	5527.0	76.59777	5450.402229309082
AADR	2	window	gt	21	I3352	1703	4696	1.4103312134742736	30.24720461	79.73739624	54.519302	3.2940264	6465.7554	1166.0	72.05694	1093.9430618286133
AADR	2	window	gt	22	MIB030	641	4696	1.4104107340176901	49.992004	15.776861	49.57109	37.399223	1547.7554	3932.0	98.257065	3833.742935180664
AADR	2	window	gt	22	I2871	1695	4696	1.4104107340176901	30.24720461	79.73739624	51.16515	15.362525	5692.692	1099.0	80.41496	1018.5850372314453
AADR	2	window	gt	22	DA201_noUDG.SG	2257	4696	1.4104107340176901	43.06861111	68.24888889	41.353477	29.607435	3159.9849	2069.0	80.64185	1988.3581466674805
AADR	2	window	gt	23	I2565	862	4696	1.4052643736203512	51.168023	-1.7725402	51.35039	15.6933565	1212.67	4237.0	59.02573	4177.974269866943
AADR	2	window	gt	23	I1499	1679	4696	1.4052643736203512	48.52	21.168	54.200356	20.819422	632.088	7077.0	65.71834	7011.281661987305
AADR	2	window	gt	23	CHK002	2322	4696	1.4052643736203512	42.49	78.38	50.07243	14.964224	4796.081	2522.0	57.33585	2464.664150238037
AADR	2	window	gt	24	UNTA89_FK231	1441	4696	2.409478747844696	48.31707	10.88882	40.953224	27.312368	1531.139	4704.0	444.94934	4259.0506591796875
AADR	2	window	gt	24	PN05.SG	1810	4696	2.409478747844696	53.04866	-9.140049	44.159325	81.927765	6307.2637	5729.0	668.04974	5060.950256347656
AADR	2	window	gt	24	PCA001	2854	4696	2.409478747844696	18.094	-65.789	51.320126	30.848589	8894.711	1367.0	544.4569	822.5430908203125
AADR	2	window	gt	25	I16538	680	4696	1.405366098880768	50.400094	13.42304	47.236588	5.628277	669.8872	3975.0	65.25958	3909.7404174804688
AADR	2	window	gt	25	I16601	1115	4696	1.405366098880768	51.168023	-1.7725402	47.15418	3.5240588	589.20886	2082.0	63.14332	2018.8566818237305
AADR	2	window	gt	25	CBV95.SG	1264	4696	1.405366098880768	49.36232	3.46272	46.761898	22.79401	1461.1199	4447.0	81.36799	4365.632011413574
AADR	2	window	gt	26	MIB009	571	4696	1.4161720633506776	49.992004	15.776861	50.46905	24.35534	612.15564	3773.0	79.769806	3693.230194091797
AADR	2	window	gt	26	I16592	1072	4696	1.4161720633506776	51.313891	-2.885217	47.938713	15.101987	1344.9559	2231.0	67.55601	2163.443992614746
AADR	2	window	gt	26	NEO241_noUDG.SG	3001	4696	1.4161720633506776	66.0	-170.1	49.853565	26.825438	7052.0903	1949.0	81.87448	1867.1255187988281
AADR	2	window	gt	27	I11152	1107	4696	1.410302499930064	52.346588	0.031827553	49.03153	14.950333	1111.2703	2179.0	56.60771	2122.392288208008
AADR	2	window	gt	27	I4322	2206	4696	1.410302499930064	46.94785	79.98808333	48.838734	14.972228	4700.8486	3484.0	56.44393	3427.55606842041
AADR	2	window	gt	27	ans008_noUDG.SG	3661	4696	1.410302499930064	57.509	18.14	49.07606	19.34788	941.0906	5154.0	60.192726	5093.807273864746
AADR	2	window	gt	28	I11459_enhanced	1796	4696	1.40512273311615	30.649857	61.400311	50.097725	26.120068	3635.168	4699.0	73.880844	4625.119155883789
AADR	2	window	gt	28	NIK004_noUDG.SG	3258	4696	1.40512273311615	57.52926373	39.66994055	52.013725	26.577532	1037.0535	4552.0	75.48626	4476.513740539551
AADR	2	window	gt	28	GaofengNL23	4625	4696	1.40512273311615	25.11	107.7	45.58307	13.597432	8346.567	227.0	58.69535	168.30464935302734
AADR	2	window	gt	29	I21277	1133	4696	1.4105713764826457	51.74585	-1.416236	49.325535	11.173163	928.203	2225.0	72.51009	2152.489906311035
AADR	2	window	gt	29	OTTM_156_noUDG	1497	4696	1.4105713764826457	48.22519	10.84977	51.00233	15.849175	474.25836	3448.0	79.30861	3368.691390991211
AADR	2	window	gt	29	SN-54_noUDG.SG	4147	4696	1.4105713764826457	33.264278	-119.539	52.85088	13.432738	9414.159	4409.0	79.157585	4329.842414855957
AADR	2	window	gt	30	I14922	144	4696	2.4048827131589254	26.53	-76.96	46.887104	11.882052	7807.988	1003.0	3970.4744	-2967.474365234375
AADR	2	window	gt	30	OBKR_93	1482	4696	2.4048827131589254	48.26656	10.87857	57.00875	0.23649798	1205.6345	3933.0	4795.337	-862.3369140625
AADR	2	window	gt	30	I7026	2519	4696	2.4048827131589254	49.96	92.05	36.135	98.72427	1628.498	2222.0	3231.5156	-1009.515625
AADR	2	window	gt	31	I15962	823	4696	1.4100968440373738	18.451	-69.686	43.806202	7.57673	7592.727	517.0	251.10094	265.89906311035156
AADR	2	window	gt	31	I20628	1129	4696	1.4100968440373738	53.235833	-1.736944	51.44518	12.30573	972.8698	2131.0	301.06592	1829.93408203125
AADR	2	window	gt	31	I5374	1150	4696	1.4100968440373738	51.279	-2.743324	52.631298	9.829701	873.4408	4480.0	301.23544	4178.764556884766
AADR	2	window	gt	32	I4183	1665	4696	1.410308293501536	46.025398	18.325056	54.00555	23.622187	964.0371	6743.0	68.30062	6674.699378967285
AADR	2	window	gt	32	VET005	2067	4696	1.410308293501536	42.920709	10.971394	44.645332	13.747326	293.97003	2226.0	51.200386	2174.7996139526367
AADR	2	window	gt	32	I3494	3507	4696	1.410308293501536	38.8494	-0.87138	50.88164	22.558302	2264.077	3781.0	64.59144	3716.408561706543
AADR	2	window	gt	33	I30476	2452	4696	1.4054044008255004	6.844504	158.335674	45.273746	12.995474	13270.389	514.0	63.40556	450.5944404602051
AADR	2	window	gt	33	IKI012	3960	4696	1.4054044008255004	41.6136944	35.8711361	54.983593	31.079567	1527.4252	5218.0	92.32289	5125.677108764648
AADR	2	window	gt	33	C1358	4374	4696	1.4054044008255004	43.79	82.64	61.19719	35.93525	3595.7957	2181.0	104.30307	2076.6969299316406
AADR	2	window	gt	34	I13752	936	4696	3.4093575835227967	53.919396	-0.766635	48.493355	1.7838234	628.85803	2121.0	2713.5693	-592.5693359375
AADR	2	window	gt	34	I7579	1034	4696	3.4093575835227967	52.122402	-0.511365	34.273346	-20.037754	2521.6572	3349.0	1754.8105	1594.189453125
AADR	2	window	gt	34	I1788	4046	4696	3.4093575835227967	38.21228	62.03443	40.802948	71.28378	843.6637	3947.0	3040.0708	906.92919921875
AADR	2	window	gt	35	BNL009	546	4696	1.4051892399787902	50.174207	14.646467	45.72952	20.084663	638.6172	3975.0	90.703606	3884.2963943481445
AADR	2	window	gt	35	MX258	1520	4696	1.4051892399787902	47.767097	8.872239	40.227837	28.884071	1799.5935	3917.0	92.98678	3824.0132217407227
AADR	2	window	gt	35	C833.SG	4438	4696	1.4051892399787902	38.27	85.33	51.284206	11.834219	5724.488	2148.0	91.96165	2056.0383529663086
AADR	2	window	gt	36	I5729	383	4696	4.4105729778607685	46.255979	16.692342	50.922607	4.1501737	1056.4237	2920.0	2985.4463	-65.4462890625
AADR	2	window	gt	36	I5436	2889	4696	4.4105729778607685	44.626111	22.605833	46.30129	49.979324	2132.2202	9025.0	3144.8728	5880.127197265625
AADR	2	window	gt	36	ALA017	3855	4696	4.4105729778607685	36.23778	36.38472	38.570343	62.283714	2294.656	3478.0	2752.5977	725.40234375
AADR	2	window	gt	37	I14553	878	4696	4.410550129413605	50.815565	-0.091565	46.90437	3.3327188	501.76093	3807.0	1820.5396	1986.46044921875
AADR	2	window	gt	37	PN06.SG	1853	4696	4.410550129413605	53.04866	-9.140049	48.60191	19.31452	2044.1483	5459.0	2162.0862	3296.913818359375
AADR	2	window	gt	37	C3642	4479	4696	4.410550129413605	37.07	80.19	46.629448	14.176272	5407.3354	1789.0	2020.0188	-231.018798828125
AADR	2	window	gt	38	I0172	1513	4696	1.4063934326171874	51.42	11.68	51.117897	24.440016	887.2371	5155.0	81.11349	5073.886512756348
AADR	2	window	gt	38	LSC005.SG	1908	4696	1.4063934326171874	41.425119	13.236332	54.605606	10.9275055	1475.4219	4633.0	73.99776	4559.002243041992
AADR	2	window	gt	38	VORONKOVO003_noUDG.SG	3269	4696	1.4063934326171874	57.53451647	39.55252367	46.416348	27.76283	1472.0717	4465.0	78.64451	4386.355491638184
AADR	2	window	gt	39	I14991	846	4696	1.4090633034706115	19.88	-71.06	54.992153	21.715075	8381.874	614.0	67.71779	546.2822113037109
AADR	2	window	gt	39	I16448	3281	4696	1.4090633034706115	55.947339	-2.47072	53.885414	19.792429	1434.7528	4175.0	64.97579	4110.024208068848
AADR	2	window	gt	39	SGR003.SG	4545	4696	1.4090633034706115	15.7333	41.7	54.63911	26.100758	4530.252	2225.0	71.41701	2153.582992553711
AADR	2	window	gt	40	I2216_enhanced	234	4696	3.406020458539327	43.98	26.4	52.009995	89.84744	4649.931	7839.0	2848.4731	4990.52685546875
AADR	2	window	gt	40	I12955	2588	4696	3.406020458539327	49.7	96.8	55.95766	62.25677	2394.3455	3824.0	2810.9062	1013.09375
AADR	2	window	gt	40	SN-59_noUDG.SG	4148	4696	3.406020458539327	33.264278	-119.539	44.60277	-12.160047	8676.985	5053.0	1697.2133	3355.7867431640625
AADR	2	window	gt	41	I3255	863	4696	1.410160768032074	52.170279	0.105604	47.727036	15.863988	1227.7542	3994.0	82.60974	3911.3902587890625
AADR	2	window	gt	41	SUA001_d	1942	4696	1.410160768032074	39.87	9.2356	44.45779	16.143608	763.96326	3276.0	78.41487	3197.5851287841797
AADR	2	window	gt	41	LUK001	2282	4696	1.410160768032074	-1.46506	37.06667	50.77531	48.099026	5902.481	3499.0	121.230736	3377.7692642211914
AADR	2	window	gt	42	VLI031	724	4696	1.410126002629598	50.365945	14.446606	52.036358	22.474022	588.9634	4510.0	66.43369	4443.566307067871
AADR	2	window	gt	42	RISE276_noUDG.SG	752	4696	1.410126002629598	55.914	11.565	52.330868	21.73148	771.97614	2612.0	65.68726	2546.3127365112305
AADR	2	window	gt	42	XN165	1397	4696	1.410126002629598	48.78	9.18	49.81732	14.658428	413.5488	7099.0	56.71027	7042.2897300720215
AADR	2	window	gt	43	I8348	42	4696	4.4054118951161705	-36.0772222	-62.3472222	36.62863	77.96858	16486.4	6875.0	2721.602	4153.39794921875
AADR	2	window	gt	43	I13032	135	4696	4.4054118951161705	40.15118	44.44316667	46.648384	0.8582228	3547.4453	2789.0	2973.203	-184.202880859375
AADR	2	window	gt	43	SC-04_noUDG.SG	4161	4696	4.4054118951161705	32.9	-118.5	26.446127	-94.61525	2410.3271	799.0	706.9263	92.07373046875
AADR	2	window	gt	44	I5373	906	4696	2.4092901309331256	53.079803	-1.640942	44.552513	5.6607666	1087.2325	4034.0	3835.0505	198.949462890625
AADR	2	window	gt	44	BRE008	2121	4696	2.4092901309331256	49.33	85.79	47.14306	25.700157	4337.7207	1629.0	5440.481	-3811.48095703125
AADR	2	window	gt	44	StoraForvar11_noUDG.SG	3692	4696	2.4092901309331256	57.285	17.971	48.674614	14.700561	981.8559	7365.0	4006.0322	3358.9677734375
AADR	2	window	gt	45	BRE004	2112	4696	4.40549910068512	49.33	85.79	52.597	69.2619	1210.0183	1627.0	3219.501	-1592.5009765625
AADR	2	window	gt	45	Kivutkalns42	2370	4696	4.40549910068512	56.852	24.272	35.54301	92.75864	5500.5894	2697.0	2493.7493	203.250732421875
AADR	2	window	gt	45	I8999	2698	4696	4.40549910068512	34.75146111	72.40193611	39.995552	45.201485	2462.8752	2813.0	2433.9128	379.087158203125
AADR	2	window	gt	46	I14200	6	4696	1.4100601275761921	51.168023	-1.7725402	47.12441	12.47149	1127.0211	4328.0	77.94768	4250.052322387695
AADR	2	window	gt	46	s19_VII3_1_noUDG.SG	1207	4696	1.4100601275761921	58.6752	23.6872	50.175083	29.352137	1012.8548	2222.0	98.336555	2123.663444519043
AADR	2	window	gt	46	I6604	3473	4696	1.4100601275761921	40.439	-3.501	27.187654	28.36853	3267.7942	3947.0	65.17284	3881.827163696289
AADR	2	window	gt	47	I3528	1606	4696	1.4101372679074606	47.62094	19.04494	51.1019	12.373217	618.668	4364.0	70.39927	4293.600730895996
AADR	2	window	gt	47	ORC005	1947	4696	1.4101372679074606	39.667222	9.426111	51.239113	10.357959	1288.7583	3140.0	69.03971	3070.960289001465
AADR	2	window	gt	47	BOL002_noUDG.SG	3226	4696	1.4101372679074606	57.74008949	36.63300187	53.734383	7.9398665	1835.4734	4306.0	69.703674	4236.296325683594
AADR	2	window	gt	48	I18501_noUDG	1572	4696	2.4734734495480857	13.519983	144.806559	78.32674	43.34258	8790.623	2703.0	4204.652	-1501.65185546875
AADR	2	window	gt	48	I2870	1718	4696	2.4734734495480857	30.24720461	79.73739624	41.36237	12.532997	6033.6436	128.0	2174.1643	-2046.164306640625
AADR	2	window	gt	48	Cioclovina1_noUDG	2879	4696	2.4734734495480857	45.35	23.84	38.59384	7.405967	1548.2823	32669.0	1996.1791	30672.820922851562
AADR	2	window	gt	49	POST_35	1487	4696	1.4093918005625408	48.29573	10.89103	48.853832	14.675018	285.19266	3932.0	62.464058	3869.5359420776367
AADR	2	window	gt	49	I8555	2446	4696	1.4093918005625408	20.24	-90.46	47.452374	15.094964	9467.057	388.0	61.518818	326.4811820983887
AADR	2	window	gt	49	RISE210_noUDG.SG	3667	4696	1.4093918005625408	55.997	14.104	49.42096	11.831918	746.9641	3312.0	60.001545	3251.9984550476074
AADR	2	window	gt	50	I6349	2525	4696	1.4051081776618957	45.304167	113.848611	53.99387	20.030407	6316.263	2781.0	96.15547	2684.844528198242
AADR	2	window	gt	50	I5271	2906	4696	1.4051081776618957	50.7581128	85.56024972	45.369324	29.97835	4074.6328	4897.0	93.68391	4803.316093444824
AADR	2	window	gt	50	I5693	3409	4696	1.4051081776618957	46.050237	14.50372	54.996593	14.946806	995.2771	2674.0	92.80895	2581.191047668457
AADR	2	window	gt	51	I1524	3230	4696	1.410158876578013	66.161126	-169.822297	53.56848	46.267563	6358.3774	905.0	110.912834	794.0871658325195
AADR	2	window	gt	51	Kvarlov5164	3704	4696	1.410158876578013	61.658497	17.003742	52.823936	23.735851	1061.2643	5746.0	88.1351	5657.864898681641
AADR	2	window	gt	51	C4268.SG	4328	4696	1.410158876578013	43.807	80.81	55.804703	58.053555	2091.7632	2446.0	124.29107	2321.7089309692383
AADR	2	window	gt	52	GoyetQ56-16_noUDG	166	4696	1.4101890643437704	50.26	4.28	43.59871	25.126823	1739.8923	26300.0	72.50783	26227.49217224121
AADR	2	window	gt	52	I13616	1110	4696	1.4101890643437704	51.3603	1.3405	50.27364	7.929794	478.2417	2153.0	65.10863	2087.891372680664
AADR	2	window	gt	52	MX213	3786	4696	1.4101890643437704	47.262067	7.659835	43.269215	12.194005	568.1559	5125.0	60.622143	5064.377857208252
AADR	2	window	gt	53	WEHR_1586	1493	4696	2.404875894387563	48.25283	10.80879	47.832443	4.9048223	441.28595	3835.0	3607.7998	227.2001953125
AADR	2	window	gt	53	I4553	2380	4696	2.404875894387563	56.2833	25.1333	49.043915	20.432714	864.6552	7370.0	3867.3813	3502.61865234375
AADR	2	window	gt	53	I1781	4042	4696	2.404875894387563	38.21228	62.03443	46.63748	48.35103	1458.8977	3832.0	3874.5024	-42.50244140625
AADR	2	window	gt	54	SIJ002	3062	4696	3.409348662694295	45.05	39.91	39.192276	22.561451	1567.9143	5164.0	1417.0696	3746.930419921875
AADR	2	window	gt	54	I2116	4051	4696	3.409348662694295	38.21228	62.03443	50.98071	28.141554	2999.3162	3916.0	1808.6476	2107.3524169921875
AADR	2	window	gt	54	SN-53_noUDG.SG	4157	4696	3.409348662694295	33.264278	-119.539	52.725216	-4.437053	8583.697	737.0	1577.1887	-840.188720703125
AADR	2	window	gt	55	SKT010	2547	4696	2.405147063732147	49.162275	101.424353	41.357273	26.109451	5711.7354	2176.0	3398.8784	-1222.87841796875
AADR	2	window	gt	55	RISE207_noUDG.SG	3665	4696	2.405147063732147	55.997	14.104	46.782894	18.075861	1060.5317	3344.0	3717.2212	-373.22119140625
AADR	2	window	gt	55	AGY-92.SG	4826	4696	2.405147063732147	46.4775	20.34697	39.862926	24.728651	816.5163	1009.0	3282.1343	-2273.13427734375
AADR	2	window	gt	56	I20438	122	4696	1.4101507663726807	40.29221	45.130679	49.151257	17.882013	2350.5706	2023.0	59.336555	1963.663444519043
AADR	2	window	gt	56	R1219.SG	1922	4696	1.4101507663726807	41.8964977	12.4718662	50.727856	14.2417965	991.28735	508.0	57.470173	450.5298271179199
AADR	2	window	gt	56	I9134_noUDG.SG	3415	4696	1.4101507663726807	-32.812316	17.948651	49.708797	10.06914	9208.891	1183.0	52.72024	1130.2797584533691
AADR	2	window	gt	57	C1647.SG	4402	4696	2.409972580273946	43.83	82.72	44.063183	118.12654	2812.6147	2180.0	1173.3821	1006.617919921875
AADR	2	window	gt	57	VERT035	4614	4696	2.409972580273946	48.783	25.852	48.38902	93.40926	4799.0757	5671.0	1119.139	4551.8609619140625
AADR	2	window	gt	57	R10342.SG	4653	4696	2.409972580273946	42.2542	11.7576	47.965656	18.095312	806.0675	2044.0	757.81824	1286.1817626953125
AADR	2	window	gt	58	I22055	928	4696	1.4051823735237121	54.12647222	-0.287966667	48.60516	17.31544	1362.6074	2237.0	73.50874	2163.491256713867
AADR	2	window	gt	58	I4436	2391	4696	1.4051823735237121	56.2833	25.1333	45.74177	16.426113	1318.6124	6109.0	68.30533	6040.694671630859
AADR	2	window	gt	58	I6554	2701	4696	1.4051823735237121	34.75146111	72.40193611	47.793972	11.811792	5127.1724	2758.0	66.12116	2691.878837585449
AADR	2	window	gt	59	MIG009	614	4696	2.4092293262481688	49.992004	15.776861	54.144657	38.142773	1589.2987	3932.0	3641.092	290.907958984375
AADR	2	window	gt	59	ULN004	2608	4696	2.4092293262481688	46.28406	111.768265	48.576405	96.8362	1149.7604	1952.0	3701.4434	-1749.443359375
AADR	2	window	gt	59	ART032	3890	4696	2.4092293262481688	38.381944	38.361111	47.79979	41.61505	1079.7683	5254.0	3026.8596	2227.140380859375
AADR	2	window	gt	60	I6890	2680	4696	2.4051434954007465	34.75700556	72.36238056	42.760735	22.8322	4322.216	853.0	3959.142	-3106.14208984375
AADR	2	window	gt	60	RISE1172_noUDG.SG	2811	4696	2.4051434954007465	50.170137	20.579034	43.864906	10.313412	1045.76	4664.0	3544.905	1119.094970703125
AADR	2	window	gt	60	I1098	3988	4696	2.4051434954007465	40.3037	29.57	41.354713	44.46692	1257.2535	8282.0	3704.4856	4577.514404296875
AADR	2	window	gt	61	I7249	470	4696	1.4101276516914367	50.19	14.158	50.69507	31.20404	1205.7435	4011.0	94.62769	3916.3723068237305
AADR	2	window	gt	61	I2403	2796	4696	1.4101276516914367	52.85	17.88333333	53.08471	27.743181	660.30115	4667.0	95.46169	4571.538307189941
AADR	2	window	gt	61	RISE496_noUDG.SG	3041	4696	1.4101276516914367	52.954	90.187	66.473465	41.840233	2993.4036	3285.0	126.17042	3158.8295822143555
AADR	2	window	gt	62	I13175	2531	4696	1.4105579574902853	45.39	90.798	53.127052	17.724033	5136.8438	1483.0	56.093975	1426.9060249328613
AADR	2	window	gt	62	I1783	4058	4696	1.4105579574902853	38.21228	62.03443	52.776287	18.164722	3709.6306	4068.0	55.923904	4012.0760955810547
AADR	2	window	gt	62	R3659.SG	4686	4696	1.4105579574902853	45.767834	16.123606	46.040005	15.005874	91.62747	1639.0	47.076435	1591.9235649108887
AADR	2	window	gt	63	I14379	981	4696	2.4049129327138266	51.329195	1.3693088	5.792815	-0.24749823	5065.623	2801.0	273.01016	2527.9898376464844
AADR	2	window	gt	63	I21315	1003	4696	2.4049129327138266	50.949985	-2.735842	49.027794	8.309526	817.1813	2043.0	2586.4448	-543.44482421875
AADR	2	window	gt	63	VET008	2070	4696	2.4049129327138266	42.920709	10.971394	46.86983	18.787338	755.6327	2229.0	2688.149	-459.14892578125
AADR	2	window	gt	64	I2788	1653	4696	2.409158011277517	47.189141	20.004795	59.383797	14.433003	1404.4508	5685.0	4926.3057	758.6943359375
AADR	2	window	gt	64	I6364	2500	4696	2.409158011277517	45.39	90.798	18.482006	98.70967	3080.0874	2927.0	2089.1047	837.895263671875
AADR	2	window	gt	64	C4273.SG	4330	4696	2.409158011277517	43.807	80.81	51.03357	12.934818	4985.3687	2446.0	4160.9614	-1714.96142578125
AADR	2	window	gt	65	BERG02-2.SG	1257	4696	3.4052448709805807	43.21817	2.4127	41.87336	43.52516	3337.1968	5867.0	3931.7021	1935.2978515625
AADR	2	window	gt	65	I2364	1601	4696	3.4052448709805807	47.59916	19.05456	45.39188	12.540481	555.52356	4220.0	3786.03	433.969970703125
AADR	2	window	gt	65	DA361_noUDG.SG	3251	4696	3.4052448709805807	53.188889	103.368056	47.91674	7.827704	6255.842	4130.0	3604.1675	525.83251953125
AADR	2	window	gt	66	I4144	1344	4696	1.4104940970738729	48.691	13.016	49.09953	15.046886	155.25377	4411.0	56.75043	4354.249568939209
AADR	2	window	gt	66	I12975	2550	4696	1.4104940970738729	51.5	100.67	51.983334	23.66464	5042.682	3110.0	66.806816	3043.193183898926
AADR	2	window	gt	66	R9823.SG	4706	4696	1.4104940970738729	33.622519	35.499985	49.180035	14.872131	2424.4216	1327.0	56.648735	1270.3512649536133
AADR	2	window	gt	67	POST_47	1461	4696	1.4100857535998026	48.29573	10.89103	44.503155	10.031943	426.8216	3997.0	53.259327	3943.7406730651855
AADR	2	window	gt	67	PDI011	2851	4696	1.4100857535998026	18.431	-66.382	66.623024	41.60386	8893.473	801.0	106.2051	694.7948989868164
AADR	2	window	gt	67	Bar8_noUDG.SG	3996	4696	1.4100857535998026	40.3037	29.6085	43.889492	9.446374	1705.9734	8064.0	52.296654	8011.703346252441
AADR	2	window	gt	68	KIN003	362	4696	2.4051116983095806	-5.08583	15.1287	45.183296	24.226978	5662.5015	140.0	3333.379	-3193.37890625
AADR	2	window	gt	68	I4069	2636	4696	2.4051116983095806	52.733563	5.096183	47.421135	18.288826	1108.856	3966.0	3703.657	262.343017578125
AADR	2	window	gt	68	I2534	2883	4696	2.4051116983095806	44.027196	25.392494	43.961845	-16.733282	3332.2954	7670.0	2652.6223	5017.377685546875
AADR	2	window	gt	69	I10344	1282	4696	1.4093244870503743	44.476	6.369	52.150177	11.435865	931.40546	3314.0	69.565186	3244.434814453125
AADR	2	window	gt	69	BRE009	2114	4696	1.4093244870503743	49.33	85.79	59.399456	39.68167	3114.8044	1886.0	106.25613	1779.7438735961914
AADR	2	window	gt	69	N26_noUDG.SG	2779	4696	1.4093244870503743	50.67	21.38	46.497833	13.717901	729.3362	6177.0	65.12652	6111.873481750488
AADR	2	window	gt	70	I6718	3105	4696	2.4053533554077147	55.1924	89.3053	37.749504	31.590109	4664.454	3493.0	2940.5002	552.499755859375
AADR	2	window	gt	70	BIY012	3154	4696	2.4053533554077147	54.99	73.37	44.364334	76.552216	1203.176	2260.0	3551.9846	-1291.984619140625
AADR	2	window	gt	70	KRD002	4021	4696	2.4053533554077147	36.329405	36.444255	43.515003	50.392216	1429.8737	6889.0	3381.675	3507.324951171875
AADR	2	window	gt	71	ASH068	1863	4696	1.4102745175361633	31.666667	34.566667	51.122993	11.9266615	2848.0896	3167.0	61.712646	3105.287353515625
AADR	2	window	gt	71	Aes25	3804	4696	1.4102745175361633	47.465413	7.601691	46.668285	13.130041	427.89502	4635.0	58.40647	4576.593528747559
AADR	2	window	gt	71	I6561	4065	4696	1.4102745175361633	49.54067778	37.69799444	50.44413	21.33014	1171.9817	3985.0	70.239815	3914.760185241699
AADR	2	window	gt	72	TSI001	2475	4696	1.410262660185496	47.11078	102.078841	52.196037	9.771617	6204.5635	2797.0	76.838974	2720.1610260009766
AADR	2	window	gt	72	TU914_SX26	3746	4696	1.410262660185496	47.45	9.292	43.41261	35.0384	2048.497	4322.0	88.3108	4233.6892013549805
AADR	2	window	gt	72	TU877_SX11	3797	4696	1.410262660185496	47.0117074	7.2505417	48.456085	11.874446	381.1991	6355.0	73.173744	6281.82625579834
AADR	2	window	gt	73	I4779	2197	4696	2.405629742145538	48.74175	76.99573333	37.568535	69.95909	1365.803	3631.0	877.6705	2753.3295288085938
AADR	2	window	gt	73	I1206	2956	4696	2.405629742145538	42.78944444	131.2761111	58.16954	75.96476	4127.0815	6954.0	1204.4364	5749.5635986328125
AADR	2	window	gt	73	mur002_noUDG.SG	3201	4696	2.405629742145538	52.583	56.847	53.469276	55.530968	132.12592	3533.0	1022.80426	2510.1957397460938
AADR	2	window	gt	74	I2418	854	4696	2.410127341747284	51.168023	-1.7725402	56.174335	54.52786	3644.4417	4237.0	4644.165	-407.1650390625
AADR	2	window	gt	74	OTTM_141_d	1499	4696	2.410127341747284	48.22519	10.84977	53.281517	-4.1544876	1192.6683	3516.0	3758.313	-242.31298828125
AADR	2	window	gt	74	C1654	4336	4696	2.410127341747284	43.22	81.84	50.670677	118.01673	2836.5576	733.0	4665.68	-3932.68017578125
AADR	2	window	gt	75	I19657	1123	4696	1.4056132316589356	50.949985	-2.735842	50.871536	2.7735677	386.28302	2183.0	75.77371	2107.226287841797
AADR	2	window	gt	75	DA18_noUDG.SG	2222	4696	1.4056132316589356	51.71055556	74.88416667	50.844585	32.380672	2915.9006	2549.0	102.29351	2446.7064895629883
AADR	2	window	gt	75	I8802	2275	4696	1.4056132316589356	-0.183	35.809	41.466133	35.90018	4631.181	1011.0	92.53945	918.4605484008789
AADR	2	window	gt	76	I2924	1744	4696	1.4104971766471863	36.15444444	54.38361111	51.169437	18.977648	3255.8984	4715.0	99.52105	4615.478950500488
AADR	2	window	gt	76	BRE013	2117	4696	1.4104971766471863	49.33	85.79	49.730904	74.30921	828.9603	1716.0	152.78577	1563.2142333984375
AADR	2	window	gt	76	AIG005	2232	4696	1.4104971766471863	43.7	51.33	48.702587	19.605385	2484.8457	1790.0	97.196075	1692.8039245605469
AADR	2	window	gt	77	MIB061	646	4696	1.410035995642344	49.992004	15.776861	53.19001	20.935028	503.17603	3765.0	72.14601	3692.853988647461
AADR	2	window	gt	77	I17901	780	4696	1.410035995642344	18.394444	-68.61	52.62483	25.195477	8643.067	517.0	75.85718	441.142822265625
AADR	2	window	gt	77	ALA019	3872	4696	1.410035995642344	36.23778	36.38472	51.333504	18.21984	2211.1023	3514.0	67.649284	3446.350715637207
AADR	2	window	gt	78	I4427	12	4696	1.405256692568461	-10.786153	33.765371	45.506386	14.681233	6545.05	6009.0	73.42615	5935.5738525390625
AADR	2	window	gt	78	I14862	984	4696	1.405256692568461	51.329195	1.3693088	49.785843	8.49963	531.8738	2834.0	73.27522	2760.7247772216797
AADR	2	window	gt	78	I6746	1151	4696	1.405256692568461	51.324706	-2.753248	48.441208	11.527219	1070.2168	5526.0	74.03189	5451.968109130859
AADR	2	window	gt	79	I1752	275	4696	2.4092671593030293	-33.36666667	-70.66666667	45.33173	10.83628	11978.133	595.0	4900.169	-4305.1689453125
AADR	2	window	gt	79	I14380	1058	4696	2.4092671593030293	51.329195	1.3693088	45.7139	6.3168473	722.5489	2235.0	3483.7432	-1248.7431640625
AADR	2	window	gt	79	prs012_noUDG.SG	1824	4696	2.4092671593030293	54.2469	-8.55609	41.668957	-65.564514	4336.0845	5650.0	4308.9956	1341.00439453125
AADR	2	window	gt	80	MIB011	670	4696	3.405277971426646	49.992004	15.776861	57.19948	16.597454	803.24634	3761.0	2541.7065	1219.29345703125
AADR	2	window	gt	80	brn012_noUDG.SG	2923	4696	3.405277971426646	50.8158	114.8367	25.70398	-57.073265	11469.383	6115.0	394.43515	5720.564849853516
AADR	2	window	gt	80	I6771	4265	4696	3.405277971426646	51.416667	-3.466667	37.651913	24.81019	2687.2043	2042.0	1816.7628	225.2371826171875
AADR	2	window	gt	81	I1774	880	4696	2.4106837073961893	51.423287	0.738864	41.717377	3.3604753	1097.504	3698.0	3221.784	476.216064453125
AADR	2	window	gt	81	I1563	1352	4696	2.4106837073961893	51.358333	7.551111	54.500782	97.09349	5592.998	5448.0	4436.317	1011.68310546875
AADR	2	window	gt	81	I6333	3654	4696	2.4106837073961893	21.070453	30.664028	53.101295	14.443133	3821.1982	1177.0	4182.821	-3005.82080078125
AADR	2	window	gt	82	I6328	3639	4696	2.410315203666687	21.070453	30.664028	54.1351	23.60175	3724.7773	1031.0	4575.0435	-3544.04345703125
AADR	2	window	gt	82	I4475	4013	4696	2.410315203666687	37.177	40.952	47.78732	1.4280095	3405.5771	1228.0	3780.8474	-2552.847412109375
AADR	2	window	gt	82	R10766.SG	4675	4696	2.410315203666687	36.1898	5.4108	44.96489	14.116049	1220.1572	1836.0	3658.4255	-1822.425537109375
AADR	2	window	gt	83	I1631	60	4696	3.4058303594589234	39.73	45.2	28.843521	-81.07228	10583.001	6099.0	288.75156	5810.248443603516
AADR	2	window	gt	83	Schw432.SG	1256	4696	3.4058303594589234	48.75563	7.59958	27.386686	-65.46865	6550.718	7031.0	414.93387	6616.066131591797
AADR	2	window	gt	83	FU-215.SG	4803	4696	3.4058303594589234	46.7665	20.19739	48.195576	6.721762	1023.70215	1227.0	1993.9489	-766.9488525390625
AADR	2	window	gt	84	SID006	1955	4696	2.41061133146286	40.624042	8.636695	45.17079	-2.5452006	1040.4263	4663.0	3190.1987	1472.80126953125
AADR	2	window	gt	84	I2557	2765	4696	2.41061133146286	-13.9049	-75.6607	44.87267	46.07612	13576.916	1395.0	3733.0925	-2338.092529296875
AADR	2	window	gt	84	NAG038	4509	4696	2.41061133146286	24.8908	125.2793	54.520508	18.782764	8768.634	2758.0	4153.039	-1395.0390625
AADR	2	window	gt	85	I4356_noUDG	1774	4696	4.405677596728007	37.005	45.459	1.7234324	16.378714	4925.8765	2967.0	337.22958	2629.7704162597656
AADR	2	window	gt	85	UZZ099_noUDG	4533	4696	4.405677596728007	38.11	12.7866	39.590412	-2.8405864	1361.4923	5951.0	2792.2388	3158.76123046875
AADR	2	window	gt	85	R11560.SG	4718	4696	4.405677596728007	48.7327	7.0526	39.29522	25.489233	1801.9827	1598.0	2857.52	-1259.52001953125
AADR	2	window	gt	86	I7128	2869	4696	2.41079531510671	47.7467	22.395	47.976116	11.222605	833.1617	6046.0	3617.6821	2428.31787109375
AADR	2	window	gt	86	OSS001	2977	4696	2.41079531510671	43.084417	44.632667	57.74065	21.601934	2284.618	5582.0	4677.5156	904.484375
AADR	2	window	gt	86	Gokhem5_noUDG.SG	3708	4696	2.41079531510671	58.174	13.408	38.87467	8.081372	2179.9053	5084.0	2906.984	2177.01611328125
AADR	2	window	gt	87	POST_85	1462	4696	3.410595873991648	48.29573	10.89103	52.58333	0.9483942	849.18164	3946.0	2828.843	1117.156982421875
AADR	2	window	gt	87	I4596	2382	4696	3.410595873991648	56.2833	25.1333	46.967747	19.209272	1112.6409	7970.0	2838.9272	5131.07275390625
AADR	2	window	gt	87	I0839	2833	4696	3.410595873991648	39.5	-8.616666667	53.18984	43.10365	4145.456	4264.0	3382.7676	881.232421875
AADR	2	window	gt	88	Xiaogao_noUDG	316	4696	1.4054300347963968	37.9	117.6	47.773132	17.100286	7673.3804	7827.0	63.56484	7763.435161590576
AADR	2	window	gt	88	AfontovaGora3_noUDG_d	2921	4696	1.4054300347963968	56.05	92.87	45.4435	19.69044	5027.4814	18036.0	64.187	17971.81300354004
AADR	2	window	gt	88	Ash002_noUDG.SG	3895	4696	1.4054300347963968	38.3482	34.2303	47.0628	17.990913	1637.7605	9483.0	63.972317	9419.027683258057
AADR	2	window	gt	89	MIG011	616	4696	1.4095163861910502	49.992004	15.776861	53.645542	18.531866	448.13736	3990.0	56.02242	3933.97758102417
AADR	2	window	gt	89	SI-41_noUDG.SG	2404	4696	1.4095163861910502	33.560556	35.398056	53.407146	18.399567	2583.475	710.0	55.69309	654.3069114685059
AADR	2	window	gt	89	CBT001	3913	4696	1.4095163861910502	40.019745	34.586129	49.640953	16.185652	1794.828	5446.0	51.05589	5394.944110870361
AADR	2	window	gt	90	CHK004	2326	4696	1.4054041306177776	42.49	78.38	49.304386	20.89894	4402.47	1129.0	75.2993	1053.700698852539
AADR	2	window	gt	90	I7347	3018	4696	1.4054041306177776	66.161126	-169.822297	54.561073	45.16717	6272.6064	725.0	101.695465	623.3045349121094
AADR	2	window	gt	90	R10339.SG	4651	4696	1.4054041306177776	42.2542	11.7576	52.424442	9.0876	1148.4246	2054.0	68.9974	1985.0026016235352
AADR	2	window	gt	91	I7278	471	4696	1.4105508208274842	50.19	14.158	46.780586	13.064791	387.56448	4333.0	57.791203	4275.208797454834
AADR	2	window	gt	91	I14994	847	4696	1.4105508208274842	19.83	-71.22	46.649982	18.125595	8371.022	703.0	63.191666	639.8083343505859
AADR	2	window	gt	91	I14916	1545	4696	1.4105508208274842	35.085833	26.247778	45.716343	10.960741	1747.4117	3768.0	54.895016	3713.1049842834473
AADR	2	window	gt	92	VET003_4	2066	4696	1.4104881246884664	42.920709	10.971394	48.456036	14.996707	690.1219	2705.0	56.07413	2648.925868988037
AADR	2	window	gt	92	kzb008_noUDG.SG	3198	4696	1.4104881246884664	54.07	55.544	48.54134	15.451222	2813.7131	3754.0	56.493073	3697.5069274902344
AADR	2	window	gt	92	ART017	3882	4696	1.4104881246884664	38.381944	38.361111	48.38934	14.135298	2237.8213	5166.0	55.303288	5110.6967124938965
AADR	2	window	gt	93	BRE014	2122	4696	4.405551950136821	49.33	85.79	62.07276	3.538869	4965.88	1630.0	3541.963	-1911.962890625
AADR	2	window	gt	93	I5690	3406	4696	4.405551950136821	45.914224	15.4691	51.031933	40.838623	1943.7526	2574.0	3362.588	-788.587890625
AADR	2	window	gt	93	MAL001_noUDG	4231	4696	4.405551950136821	-15.90083333	167.3046417	44.119576	0.91853875	16625.166	2240.0	2445.3105	-205.310546875
AADR	2	window	gt	94	I16427	273	4696	2.4104533831278485	49.497153	-2.506461	43.6998	46.274853	3715.2136	6057.0	3604.3877	2452.6123046875
AADR	2	window	gt	94	I7629	988	4696	2.4104533831278485	53.725076	-0.523009	48.806892	5.2081017	676.3411	3015.0	3589.685	-574.68505859375
AADR	2	window	gt	94	HC-168.SG	4804	4696	2.4104533831278485	46.49364	19.16869	44.56846	20.063894	225.13719	1285.0	3467.6165	-2182.616455078125
AADR	2	window	gt	95	I16438	270	4696	2.405607263247172	49.497153	-2.506461	38.308525	37.353256	3379.7278	4384.0	3850.7664	533.233642578125
AADR	2	window	gt	95	I0099	1429	4696	2.405607263247172	51.89583333	11.04666667	55.632217	17.315266	584.69867	3024.0	5229.414	-2205.4140625
AADR	2	window	gt	95	PB754.SG	1850	4696	2.405607263247172	52.985499	-9.111454	57.25517	64.723076	4485.236	5375.0	5131.0713	243.9287109375
AADR	2	window	gt	96	La727_noUDG.WGC	2358	4696	1.4127890586853027	20.2098	103.401	48.35414	9.744965	8604.916	2328.0	64.34326	2263.65673828125
AADR	2	window	gt	96	I0461	3482	4696	1.4127890586853027	42.4	-3.75	47.751995	21.004711	2022.8298	4241.0	73.59442	4167.405578613281
AADR	2	window	gt	96	Lovelock2_noUDG.SG	4181	4696	1.4127890586853027	39.96	-118.56	55.354416	37.727943	9180.766	1839.0	97.967735	1741.0322647094727
AADR	2	window	gt	97	PLTM312_noUDG	357	4696	2.4111918131510417	33.7086342	114.9224618	41.511395	44.180397	6118.099	3977.0	3860.9265	116.073486328125
AADR	2	window	gt	97	I5241	3387	4696	2.4111918131510417	44.595879	22.010568	47.70594	18.049362	461.07074	11198.0	4522.487	6675.51318359375
AADR	2	window	gt	97	I3209	3542	4696	2.4111918131510417	40.41819566	-0.11675	48.206726	1.4856541	875.32416	7815.0	3657.0793	4157.920654296875
AADR	2	window	gt	98	I4521	1869	4696	2.4054278413454693	32.58472222	35.01694444	48.809666	9.481406	2784.9878	4194.0	3708.7886	485.21142578125
AADR	2	window	gt	98	Sanganji_131464.SG	2104	4696	2.4054278413454693	37.844	140.91	43.77903	22.15181	9047.216	3280.0	3533.4143	-253.414306640625
AADR	2	window	gt	98	I19987	3563	4696	2.4054278413454693	42.7939	-4.19278	40.625095	19.253952	1954.7915	2025.0	3234.8813	-1209.88134765625
AADR	2	window	gt	99	I4996	1626	4696	3.4097640752792358	47.353728	16.794725	38.796898	90.60288	5843.02	2235.0	3280.6245	-1045.62451171875
AADR	2	window	gt	99	I13504	2501	4696	3.4097640752792358	50.7	99.2	52.075718	98.83881	155.01175	2368.0	3738.89	-1370.889892578125
AADR	2	window	gt	99	PUC003	3610	4696	3.4097640752792358	38.627399	-0.864597	49.051556	37.7137	3262.0962	3761.0	3982.2551	-221.255126953125
AADR	2	window	gt	100	I14743_d	952	4696	2.4057310938835146	51.329195	1.3693088	53.744164	-4.9293365	503.30148	2594.0	3963.7175	-1369.717529296875
AADR	2	window	gt	100	R11102.SG	4657	4696	2.4057310938835146	42.0263	11.9483	54.39108	6.249956	1437.1064	3787.0	4253.2876	-466.28759765625
AADR	2	window	gt	100	R3662.SG	4777	4696	2.4057310938835146	45.467293	13.506565	46.338017	37.15567	1825.6746	1360.0	4060.9478	-2700.94775390625
AADR	2	window	gt	101	I1665	1735	4696	1.4109791795412698	34.5	47.96	47.74107	7.5267124	3641.524	5819.0	81.97805	5737.021949768066
AADR	2	window	gt	101	I8582	1859	4696	1.4109791795412698	54.08	-4.7	45.21365	10.756766	1480.9911	4025.0	81.33599	3943.6640090942383
AADR	2	window	gt	101	VK444_noUDG.SG	3739	4696	1.4109791795412698	56.41526	16.4326046	47.381367	29.09217	1323.8099	1097.0	103.39048	993.6095199584961
AADR	2	window	gt	102	OBKR_50	1478	4696	2.4103636105855304	48.26656	10.87857	45.230114	24.578686	1095.308	3935.0	3249.1519	685.84814453125
AADR	2	window	gt	102	LON003	2018	4696	2.4103636105855304	39.87	9.2356	39.472588	2.698863	561.0879	6274.0	2567.6602	3706.33984375
AADR	2	window	gt	102	DA224_noUDG.SG	2255	4696	2.4103636105855304	43.06861111	68.24888889	42.36634	42.946312	2060.7444	1627.0	3172.5586	-1545.55859375
AADR	2	window	gt	103	SOP002_noUDG.SG	1214	4696	1.4057439684867858	59.417563	27.041379	49.40092	8.546701	1624.7554	4620.0	72.07534	4547.924659729004
AADR	2	window	gt	103	2H17.SG	1314	4696	1.4057439684867858	48.858472	3.995887	29.74477	28.222687	2951.9937	5157.0	63.610767	5093.389232635498
AADR	2	window	gt	103	Falkenstein_noUDG	1426	4696	1.4057439684867858	48.06	9.04	49.404903	5.5313344	297.58475	9161.0	69.18498	9091.815017700195
AADR	2	window	gt	104	I5071	385	4696	1.4742493112881978	43.35141	16.461788	54.433895	15.127313	1236.1125	7582.0	77.01117	7504.988830566406
AADR	2	window	gt	104	kol2BE_noUDG.SG	714	4696	1.4742493112881978	50.028889	15.201157	49.701103	13.447252	130.88504	6494.0	70.156136	6423.843864440918
AADR	2	window	gt	104	I3303	3953	4696	1.4742493112881978	37.044768	27.436551	56.650566	36.428135	2280.2378	2217.0	97.67768	2119.3223190307617
AADR	2	window	gt	105	CK-13_noUDG.SG	254	4696	1.405940596262614	42.216667	-83.066667	59.742817	25.195894	6937.4146	4842.0	65.39533	4776.604667663574
AADR	2	window	gt	105	DA117_noUDG.SG	2320	4696	1.405940596262614	42.074444	76.966667	54.135944	22.63658	4135.375	139.0	59.498055	79.50194549560547
AADR	2	window	gt	105	I3484	3505	4696	1.405940596262614	38.5781	-2.8417	53.029358	21.160564	2437.3972	4074.0	57.521793	4016.4782066345215
AADR	2	window	gt	106	I16429	269	4696	2.411399789651235	49.497153	-2.506461	35.410908	35.319294	3427.9778	4935.0	4100.375	834.625
AADR	2	window	gt	106	Aes24	3775	4696	2.411399789651235	47.465413	7.601691	49.063984	73.261406	4707.383	4839.0	4224.718	614.2822265625
AADR	2	window	gt	106	C3318.SG	4352	4696	2.411399789651235	43.8	82.51	48.526978	73.43187	873.70514	2145.0	3833.7178	-1688.7177734375
AADR	2	window	gt	107	prs002_noUDG.SG	1819	4696	1.4115888476371765	54.2469	-8.55609	51.550793	15.7571745	1649.5316	5665.0	66.949265	5598.050735473633
AADR	2	window	gt	107	RISE510_noUDG.SG	2919	4696	1.4115888476371765	54.35661	90.919186	50.913147	12.210604	5043.1846	4531.0	63.537914	4467.462085723877
AADR	2	window	gt	107	I24590	4175	4696	1.4115888476371765	15.211057	145.716839	59.09323	34.894783	9695.667	594.0	88.69663	505.3033676147461
AADR	2	window	gt	108	I14813	125	4696	3.406325888633728	40.783	43.95	49.871117	26.950502	1663.0414	3945.0	4135.0894	-190.08935546875
AADR	2	window	gt	108	AITI_95	1476	4696	3.406325888633728	48.22281	10.84499	38.000732	83.362335	5772.527	3671.0	3612.2627	58.7373046875
AADR	2	window	gt	108	I8215	3537	4696	3.406325888633728	42.1333	3.1083	53.424137	23.764956	1977.0327	2526.0	4334.292	-1808.2919921875
AADR	2	window	gt	109	STR502b_noUDG.SG	1370	4696	1.4104084889094035	48.89	12.57	52.480083	18.97114	601.86475	1364.0	62.849804	1301.1501960754395
AADR	2	window	gt	109	oll010_noUDG.SG	3695	4696	1.4104084889094035	56.014689	14.068039	45.97938	15.760121	1122.0515	3704.0	54.34247	3649.6575317382812
AADR	2	window	gt	109	R11545.SG	4775	4696	1.4104084889094035	40.6885	43.8493	44.104435	16.324923	2280.902	3276.0	53.13122	3222.8687782287598
AADR	2	window	gt	110	MIB024	663	4696	2.4059911529223124	49.992004	15.776861	44.888046	36.368256	1642.8931	3875.0	3083.9775	791.0224609375
AADR	2	window	gt	110	I7780	3238	4696	2.4059911529223124	52.916944	103.657222	40.7573	44.36031	4565.5786	4615.0	2833.059	1781.94091796875
AADR	2	window	gt	110	I8296	3243	4696	2.4059911529223124	52.916944	103.657222	41.279842	20.376934	6070.818	4665.0	2755.336	1909.6640625
AADR	2	window	gt	111	MIB040	585	4696	1.4113680044809978	49.992004	15.776861	50.39354	15.293814	56.3555	3829.0	94.42842	3734.571578979492
AADR	2	window	gt	111	I21313	1140	4696	1.4113680044809978	51.28086	-1.835571	48.12188	0.78007555	398.3986	2165.0	75.771736	2089.2282638549805
AADR	2	window	gt	111	Tep003_noUDG.WGC	4025	4696	1.4113680044809978	38.172218	34.49387	49.958168	22.720766	1609.0128	8419.0	100.317505	8318.682495117188
AADR	2	window	gt	112	OBKR_2	1477	4696	2.41130952835083	48.26656	10.87857	37.29644	10.364002	1220.5364	3906.0	3300.9495	605.050537109375
AADR	2	window	gt	112	EBA1_noUDG.SG	2136	4696	2.41130952835083	51.631339	74.66445	35.655365	49.835674	2649.6255	4108.0	3019.0547	1088.9453125
AADR	2	window	gt	112	C3332	4368	4696	2.41130952835083	43.8	82.51	52.673737	42.03164	3108.921	2139.0	4535.2554	-2396.25537109375
AADR	2	window	gt	113	I7635	901	4696	3.406546723842621	54.522812	-1.308134	57.631546	0.63145685	365.99234	4030.0	4065.0925	-35.092529296875
AADR	2	window	gt	113	SZ43.SG	1640	4696	3.406546723842621	46.28333333	17.85	45.120922	23.134521	430.15634	1393.0	5711.058	-4318.05810546875
AADR	2	window	gt	113	I10552	1996	4696	3.406546723842621	39.683255	9.433333	43.22648	14.33238	567.1818	3234.0	3463.271	-229.27099609375
AADR	2	window	gt	114	I14861	990	4696	1.4106494347254435	51.329195	1.3693088	48.45501	10.138728	704.19415	2810.0	57.75654	2752.2434616088867
AADR	2	window	gt	114	I2633	3324	4696	1.4106494347254435	58.53	-3.603	52.04331	20.336676	1666.707	5639.0	70.71251	5568.287490844727
AADR	2	window	gt	114	LHO003	3607	4696	1.4106494347254435	38.344015	-0.77	48.43452	25.179535	2361.8167	3524.0	72.65553	3451.344467163086
AADR	2	window	gt	115	I7862_d	2471	4696	3.4062153657277423	45.845833	28.194722	43.16022	14.686061	1110.6106	3456.0	2841.2188	614.78125
AADR	2	window	gt	115	N20_noUDG.SG	2830	4696	3.4062153657277423	52.62	18.96	44.475136	41.210938	1860.6732	5467.0	3100.41	2366.590087890625
AADR	2	window	gt	115	SA6002	3060	4696	3.4062153657277423	45.05	39.91	46.175278	40.596844	136.05159	5126.0	3256.265	1869.735107421875
AADR	2	window	gt	116	NE8_noUDG	295	4696	2.411526866753896	46.01	125.82	54.8216	55.44948	4863.702	11263.0	3883.8203	7379.1796875
AADR	2	window	gt	116	I2453	860	4696	2.411526866753896	52.67	-0.35	51.962624	-2.941451	192.89923	4122.0	3088.1318	1033.8681640625
AADR	2	window	gt	116	I1836	3500	4696	2.411526866753896	41.223	1.7742	53.159584	15.518731	1679.2747	3527.0	3727.2722	-200.272216796875
AADR	2	window	gt	117	SFI-24_noUDG.SG	2396	4696	2.4115450263023375	33.896528	35.511389	41.18729	33.159122	836.7059	1946.0	3748.313	-1802.31298828125
AADR	2	window	gt	117	I4917	3376	4696	2.4115450263023375	44.640262	22.30333	46.84894	38.27458	1261.1017	8058.0	3821.7236	4236.2763671875
AADR	2	window	gt	117	I6327	3638	4696	2.4115450263023375	21.070453	30.664028	52.908333	1.372333	4332.1196	990.0	3614.811	-2624.81103515625
AADR	2	window	gt	118	NIK007_noUDG.SG	3260	4696	1.4069999575614929	57.52926373	39.66994055	49.01601	4.8817673	2465.5176	4540.0	74.19036	4465.809638977051
AADR	2	window	gt	118	VK207_noUDG.SG	3357	4696	1.4069999575614929	59.133	-3.319	50.220535	9.221254	1273.2882	930.0	80.17939	849.8206100463867
AADR	2	window	gt	118	ALA030	3864	4696	1.4069999575614929	36.23778	36.38472	47.590183	18.63165	1928.596	3467.0	84.75068	3382.2493209838867
AADR	2	window	gt	119	I6679	876	4696	3.410473124186198	55.309983	-1.553328	56.2355	24.265972	1608.6365	3936.0	4674.893	-738.89306640625
AADR	2	window	gt	119	MJ-56_noUDG.SG	2996	4696	3.410473124186198	51.991225	58.039435	66.60891	80.69057	2048.0305	2436.0	6031.673	-3595.6728515625
AADR	2	window	gt	119	R11746.SG	4659	4696	3.410473124186198	36.9615	11.0804	36.88827	55.28308	3892.8215	2485.0	3166.0525	-681.052490234375
AADR	2	window	gt	120	I11145	994	4696	1.4062618970870973	50.88341	-2.760465	51.061623	9.09053	829.132	2022.0	65.90505	1956.0949478149414
AADR	2	window	gt	120	UUS002	2545	4696	1.4062618970870973	49.40223	100.41281	50.635227	31.960918	4713.093	604.0	89.44753	514.5524673461914
AADR	2	window	gt	120	Oase1_d	2896	4696	1.4062618970870973	45.12	21.9	52.104755	9.258125	1208.2202	38033.0	67.32706	37965.672943115234
AADR	2	window	gt	121	I14551	1060	4696	3.411754540602366	50.844866	-0.266087	42.53535	40.79454	3218.9631	2349.0	2879.2737	-530.273681640625
AADR	2	window	gt	121	irk034_noUDG.SG	2935	4696	3.411754540602366	53.2207	103.3948	44.337273	19.564917	5861.527	5525.0	2722.7449	2802.255126953125
AADR	2	window	gt	121	C1633	4409	4696	3.411754540602366	43.83	82.72	48.72716	11.993068	5264.782	2221.0	2906.7903	-685.790283203125
AADR	2	window	gt	122	I10873	248	4696	2.4118192235628766	5.8586	10.0778	43.934402	11.17032	4235.181	3097.0	3495.9685	-398.968505859375
AADR	2	window	gt	122	BIR012	2125	4696	2.4118192235628766	51.14	75.7	38.465363	92.84081	1943.9043	2606.0	3374.661	-768.660888671875
AADR	2	window	gt	122	XHM100.SG	4640	4696	2.4118192235628766	40.3364	88.6725	42.7408	15.786131	5875.623	3757.0	3665.5278	91.47216796875
AADR	2	window	gt	123	MIB053	677	4696	1.406079598267873	49.992004	15.776861	49.663315	18.656038	209.72026	3761.0	53.91322	3707.0867805480957
AADR	2	window	gt	123	MDM005.SG	2648	4696	1.406079598267873	53.184298	5.444314	48.273186	12.789976	751.27625	1417.0	46.77335	1370.226650238037
AADR	2	window	gt	123	GLZ001	3171	4696	1.406079598267873	52.279056	104.251778	50.681477	17.487183	5633.927	4556.0	53.515915	4502.484085083008
AADR	2	window	gt	124	I21303	1002	4696	1.4098252336184183	51.0128	-2.3152	49.01927	14.634306	1228.3027	1995.0	55.77518	1939.2248191833496
AADR	2	window	gt	124	ARD2.SG	1833	4696	1.4098252336184183	52.934997	-8.154168	48.09747	19.491302	2013.3088	5401.0	59.27686	5341.723140716553
AADR	2	window	gt	124	C2048	4310	4696	1.4098252336184183	46.48	90.75	47.911507	17.954939	5289.8433	4224.0	57.792553	4166.207447052002
AADR	2	window	gt	125	Tianyuan	334	4696	1.4057397405306498	39.657778	115.871389	49.161892	52.96918	4958.097	39565.0	112.38842	39452.61157989502
AADR	2	window	gt	125	I14358	979	4696	1.4057397405306498	51.329195	1.3693088	46.70809	11.113285	875.7148	2808.0	72.06169	2735.9383087158203
AADR	2	window	gt	125	I1496	1685	4696	1.4057397405306498	47.167	19.833	59.11848	61.780586	3031.5908	7040.0	133.10837	6906.891632080078
AADR	2	window	gt	126	I16821	1577	4696	1.4104033629099528	13.519983	144.806559	51.953945	10.541859	11513.151	2628.0	62.815628	2565.184371948242
AADR	2	window	gt	126	I11737	2182	4696	1.4104033629099528	50.77023611	49.34004167	46.624916	31.39137	1391.4058	4046.0	73.48312	3972.516876220703
AADR	2	window	gt	126	I1368	4238	4696	1.4104033629099528	-17.786	168.37	50.62186	20.807138	15371.902	2870.0	71.116135	2798.8838653564453
AADR	2	window	gt	127	OBKR_95	1483	4696	1.411200722058614	48.26656	10.87857	53.578064	10.231336	592.3453	3917.0	65.57037	3851.4296264648438
AADR	2	window	gt	127	I9033	1536	4696	1.411200722058614	36.91666667	21.7	47.281242	16.645058	1224.9398	3296.0	63.00991	3232.990089416504
AADR	2	window	gt	127	I16820	1567	4696	1.411200722058614	13.519983	144.806559	51.422077	17.77225	11176.191	2623.0	70.024704	2552.975296020508
AADR	2	window	gt	128	ANN2.SG	1832	4696	1.4057195742925008	52.67641	-8.455326	50.44989	38.90707	3223.8352	5521.0	108.4593	5412.540702819824
AADR	2	window	gt	128	I7136	2874	4696	1.4057195742925008	47.7467	22.395	55.07302	16.602083	907.6017	6074.0	95.58423	5978.415771484375
AADR	2	window	gt	128	I1782	4043	4696	1.4057195742925008	38.21228	62.03443	47.23101	11.505609	4170.759	4163.0	79.57087	4083.429130554199
AADR	2	window	gt	129	I4355_noUDG	1773	4696	1.409635051091512	37.005	45.459	43.902855	18.444853	2398.2283	2898.0	66.76009	2831.239906311035
AADR	2	window	gt	129	MonteCanelas337A_noUDG.SG	2842	4696	1.409635051091512	37.199005	-8.587977	44.814045	18.54939	2415.6265	4857.0	67.85191	4789.148086547852
AADR	2	window	gt	129	ALM001_merged	3426	4696	1.409635051091512	37.952759	-1.508	46.11564	16.199503	1715.3789	3821.0	66.981964	3754.018035888672
AADR	2	window	gt	130	I0806	1341	4696	2.405563155810038	51.79	11.14	39.749958	-34.50157	3713.0042	4217.0	2497.6526	1719.347412109375
AADR	2	window	gt	130	cth842_noUDG.SG	3922	4696	2.405563155810038	37.6661	32.8257	45.644253	47.253475	1487.4774	8559.0	3877.5964	4681.403564453125
AADR	2	window	gt	130	KDA-188.SG	4798	4696	2.405563155810038	46.38	20.08944	41.526962	32.52174	1130.2699	1244.0	3502.7693	-2258.769287109375
AADR	2	window	gt	131	I16430	265	4696	1.4108336369196575	49.721729	-2.177469	54.844322	33.414124	2458.5095	2084.0	84.04061	1999.9593887329102
AADR	2	window	gt	131	I3948	408	4696	1.4108336369196575	43.589	16.648	48.312607	26.825968	944.8417	7863.0	71.770004	7791.229995727539
AADR	2	window	gt	131	RISE515_noUDG.SG	2942	4696	1.4108336369196575	53.156486	90.207811	45.804146	19.568296	4956.4263	4196.0	63.91474	4132.085258483887
AADR	2	window	gt	132	PMI002	666	4696	1.4107433120409647	50.156484	14.538727	46.97578	15.535027	361.1868	4171.0	75.927895	4095.072105407715
AADR	2	window	gt	132	I15959	708	4696	1.4107433120409647	50.07884	14.280243	45.759747	16.24918	502.1258	3022.0	74.989784	2947.0102157592773
AADR	2	window	gt	132	TAP003	1333	4696	1.4107433120409647	-16.83625	-151.3585722	49.40738	12.423722	16109.837	366.0	75.59658	290.4034194946289
AADR	2	window	gt	133	I1565	1355	4696	1.4058491826057433	51.358333	7.551111	53.03462	12.996974	415.20047	5674.0	58.73684	5615.263160705566
AADR	2	window	gt	133	OBKR_84	1457	4696	1.4058491826057433	48.26656	10.87857	48.381897	19.72482	653.81116	3875.0	59.868004	3815.131996154785
AADR	2	window	gt	133	I2085	4049	4696	1.4058491826057433	38.21228	62.03443	46.0028	18.21801	3667.8757	3881.0	57.26341	3823.7365913391113
AADR	2	window	gt	134	I14617	113	4696	1.4099776943524678	40.91666	44.5	58.48834	26.319395	2334.3452	2915.0	83.38552	2831.6144790649414
AADR	2	window	gt	134	VK485_noUDG.SG	1197	4696	1.4099776943524678	58.17	22.25	52.068275	13.752759	866.00006	1244.0	65.31723	1178.6827697753906
AADR	2	window	gt	134	TU919_SX33	1223	4696	1.4099776943524678	48.554457	7.681749	51.433094	9.410907	343.10135	6625.0	60.79697	6564.203029632568
AADR	2	window	gt	135	I13470	551	4696	2.4066909551620483	50.044984	14.339296	47.258587	14.889705	312.45764	3943.0	3749.4446	193.555419921875
AADR	2	window	gt	135	I17266	1121	4696	2.4066909551620483	51.138291	-1.53093	49.889675	14.589449	1145.9099	2183.0	3759.6257	-1576.625732421875
AADR	2	window	gt	135	C3350	4318	4696	2.4066909551620483	47.44	85.87	35.372883	49.43687	3283.4065	2574.0	3125.2937	-551.293701171875
AADR	2	window	gt	136	I17321	698	4696	1.4116706450780232	50.054385	14.363387	49.904938	16.520552	155.13501	2225.0	65.61031	2159.3896865844727
AADR	2	window	gt	136	RISE392_noUDG.SG	3121	4696	1.4116706450780232	53.876	59.076	56.52114	26.480398	2069.337	3943.0	82.04161	3860.9583892822266
AADR	2	window	gt	136	vik_2072_noUDG.SG	3717	4696	1.4116706450780232	59.61731	17.72361	44.61334	10.358599	1739.9673	973.0	54.14657	918.8534317016602
AADR	2	window	gt	137	I4468	2441	4696	1.4118554949760438	-10.786153	33.765371	52.305534	18.363047	7168.6807	6039.0	63.049576	5975.950424194336
AADR	2	window	gt	137	RISE1241_noUDG.SG	2817	4696	1.4118554949760438	50.6	21.7	52.632774	18.369576	322.37363	4773.0	62.73232	4710.267681121826
AADR	2	window	gt	137	pcw362_noUDG.SG	2826	4696	1.4118554949760438	50.456111	23.661944	52.57606	17.666252	476.951	4305.0	62.30059	4242.699409484863
AADR	2	window	gt	138	CP18	198	4696	1.4056448141733806	-19.47718333	-44.03805556	48.055626	18.453705	9733.181	9510.0	51.42257	9458.577430725098
AADR	2	window	gt	138	MX256	1518	4696	1.4056448141733806	47.767097	8.872239	50.332584	13.027558	415.9141	3963.0	48.8676	3914.1324005126953
AADR	2	window	gt	138	I4998	1629	4696	1.4056448141733806	47.353728	16.794725	51.96887	16.881655	513.2181	2250.0	53.12677	2196.8732299804688
AADR	2	window	gt	139	L5692_noUDG_d	328	4696	1.4097706198692321	26.2	119.1	34.73568	108.41265	1394.719	4477.0	465.7696	4011.2304077148438
AADR	2	window	gt	139	RISE21_noUDG.SG	746	4696	1.4097706198692321	55.55	12.209	50.236504	16.96055	670.9669	3301.0	322.77097	2978.229034423828
AADR	2	window	gt	139	mur_noUDG.SG	3535	4696	1.4097706198692321	37.542182	-4.30388	55.636856	38.38653	3747.2249	7127.0	410.3698	6716.630187988281
AADR	2	window	gt	140	VK326_noUDG.SG	761	4696	1.4057461778322855	55.33	8.76	56.791786	34.674404	1607.2288	1026.0	97.21088	928.7891235351562
AADR	2	window	gt	140	ETR003	2077	4696	1.4057461778322855	43.017037	11.948444	51.71642	9.92016	979.2095	877.0	68.872345	808.1276550292969
AADR	2	window	gt	140	KZL001	2245	4696	1.4057461778322855	48.28	75.36	40.431232	21.368574	4288.44	2585.0	67.74599	2517.2540130615234
AADR	2	window	gt	141	NUL001	2225	4696	2.4108601053555807	43.65	78.52	45.997097	17.340853	4711.222	2584.0	2917.271	-333.27099609375
AADR	2	window	gt	141	ATP9_noUDG.SG	3444	4696	2.4108601053555807	42.3525	-3.518333333	47.66109	88.9176	6840.9497	3628.0	5509.786	-1881.7861328125
AADR	2	window	gt	141	I3713	4113	4696	2.4108601053555807	47.9543	35.3893	45.129803	13.256005	1715.4757	6942.0	4387.045	2554.955078125
AADR	2	window	gt	142	I23911	370	4696	1.4110143224398295	44.555384	15.310516	46.69558	15.01366	239.09517	2765.0	60.70443	2704.295570373535
AADR	2	window	gt	142	I7289	488	4696	1.4110143224398295	50.410265	14.074597	59.052135	29.387794	1368.7211	4289.0	85.76483	4203.235168457031
AADR	2	window	gt	142	OBR004	513	4696	1.4110143224398295	50.292725	14.484945	52.61673	23.68605	687.29895	4512.0	74.32856	4437.671440124512
AADR	2	window	gt	143	I19909	1089	4696	3.405594563484192	51.3603	1.3405	47.657093	-7.167866	738.839	2227.0	2843.811	-616.81103515625
AADR	2	window	gt	143	Ash128_noUDG.SG	3901	4696	3.405594563484192	38.3482	34.2303	51.277313	-3.0433764	3226.946	10018.0	3107.3225	6910.677490234375
AADR	2	window	gt	143	R3931.SG	4764	4696	3.405594563484192	44.7167	21.1667	50.11483	8.721594	1110.0992	1769.0	3228.5918	-1459.591796875
AADR	2	window	gt	144	I3083	1101	4696	2.4098910967508953	51.466215	-0.212202	38.411736	32.906433	2947.8337	2233.0	2662.8757	-429.875732421875
AADR	2	window	gt	144	OBKR_80	1456	4696	2.4098910967508953	48.26656	10.87857	37.216312	-21.298767	2872.9526	4000.0	1820.4406	2179.5594482421875
AADR	2	window	gt	144	I3272	3469	4696	2.4098910967508953	42.57	-2.55	62.785	51.801804	4122.086	4959.0	4424.9795	534.0205078125
AADR	2	window	gt	145	I2423	212	4696	1.4058610479036966	43.05777778	26.98361111	44.723446	17.780804	759.8978	6381.0	55.049896	6325.950103759766
AADR	2	window	gt	145	scy332_noUDG.SG	2462	4696	1.4058610479036966	46.6684	29.8001	45.409096	14.900789	1156.7786	1616.0	53.96488	1562.0351181030273
AADR	2	window	gt	145	I2731	4261	4696	1.4058610479036966	20.13333333	105.9833333	51.5102	22.68905	7813.2466	3684.0	65.97253	3618.027473449707
AADR	2	window	gt	146	I15943	2025	4696	2.4109694520632425	40.626667	8.323056	43.05566	28.79105	1712.528	5723.0	3467.5234	2255.4765625
AADR	2	window	gt	146	I4655	2888	4696	2.4109694520632425	44.626111	22.605833	31.980959	32.527843	1648.3773	8764.0	2559.0847	6204.915283203125
AADR	2	window	gt	146	PM1	2897	4696	2.4109694520632425	45.192	23.754	48.29236	16.089924	677.696	34415.0	3693.762	30721.238037109375
AADR	2	window	gt	147	91KLH18_noUDG	338	4696	2.4111135363578797	42.5043431	125.4145019	39.330357	36.645927	7101.566	2812.0	2500.0105	311.989501953125
AADR	2	window	gt	147	I5240	3382	4696	2.4111135363578797	44.595879	22.010568	58.31815	24.385378	1534.4497	10805.0	3381.7927	7423.207275390625
AADR	2	window	gt	147	I4881	3390	4696	2.4111135363578797	44.53368	22.05032	5.9094253	-60.10772	8925.977	8869.0	-229.96211	9098.962112426758
AADR	2	window	gt	148	I18437	794	4696	1.4062638560930887	19.2	-69.218889	52.27194	21.979605	8410.73	956.0	71.656006	884.343994140625
AADR	2	window	gt	148	UGU002	2603	4696	1.4062638560930887	49.248364	105.377512	44.657745	15.692512	6410.991	1927.0	59.863914	1867.136085510254
AADR	2	window	gt	148	VLBA036	3615	4696	1.4062638560930887	37.410926	-6.059	48.10943	16.204113	2159.8926	4724.0	63.825794	4660.174205780029
AADR	2	window	gt	149	I6582	2772	4696	2.410553793112437	50.09	18.1	37.89953	3.3428085	1790.8783	4171.0	773.5695	3397.4304809570312
AADR	2	window	gt	149	I6610	3478	4696	2.410553793112437	40.439	-3.501	55.13037	14.066398	2083.267	3803.0	1155.3618	2647.63818359375
AADR	2	window	gt	149	I4634	4040	4696	2.410553793112437	38.348048	56.24543	41.619247	114.51289	4882.456	4998.0	1473.3295	3524.6705322265625
AADR	2	window	gt	150	MX259	1516	4696	1.4058666586875916	47.854144	8.7737404	43.522106	17.211199	812.60724	4246.0	78.96773	4167.032272338867
AADR	2	window	gt	150	I7130	2871	4696	1.4058666586875916	47.7467	22.395	51.200104	13.079283	774.11084	6078.0	85.5868	5992.413200378418
AADR	2	window	gt	150	DA188_noUDG.SG	3141	4696	1.4058666586875916	50.114471	38.300882	51.454258	30.019112	600.61664	1107.0	101.99833	1005.0016708374023
AADR	2	window	gt	151	I2462	905	4696	1.41131192445755	51.3603	1.3405	48.721146	15.956005	1082.1511	3942.0	58.40639	3883.593608856201
AADR	2	window	gt	151	I4124	1433	4696	1.41131192445755	48.33	10.895	53.067528	14.522957	585.30304	4278.0	59.872368	4218.127632141113
AADR	2	window	gt	151	ALA084	3869	4696	1.41131192445755	36.23778	36.38472	56.02955	17.056755	2637.4417	3844.0	64.6372	3779.3628005981445
AADR	2	window	gt	152	Sumidouro6_noUDG.SG	207	4696	1.4106762766838075	-19.54	-43.94	54.15984	21.00117	10245.997	10070.0	60.36619	10009.633808135986
AADR	2	window	gt	152	PB1794.SG	1843	4696	1.4106762766838075	52.985499	-9.111454	53.58197	20.569056	1959.8906	5486.0	59.404346	5426.595653533936
AADR	2	window	gt	152	mid001_noUDG.SG	3309	4696	1.4106762766838075	59.157625	-3.10046	43.768097	15.5645275	2129.205	5173.0	47.521584	5125.478416442871
AADR	2	window	gt	153	I7212	468	4696	3.406393806139628	50.410265	14.074597	39.274517	41.9586	2501.6436	4247.0	1449.8298	2797.170166015625
AADR	2	window	gt	153	I10542	3911	4696	3.406393806139628	40.48	29.296	48.4852	137.77097	7889.671	5461.0	2449.2654	3011.734619140625
AADR	2	window	gt	153	R3476.SG	4760	4696	3.406393806139628	33.622519	35.499985	33.93547	55.222652	1820.3701	1431.0	1382.9094	48.090576171875
AADR	2	window	gt	154	I7977	791	4696	1.40990362962087	17.87	-71.65	50.978695	10.843616	7954.609	1887.0	61.44779	1825.5522117614746
AADR	2	window	gt	154	C387_noUDG	4470	4696	1.40990362962087	36.97	79.94	52.553467	21.307674	4791.0034	1651.0	72.31931	1578.6806869506836
AADR	2	window	gt	154	UZZ080_noUDG	4528	4696	1.40990362962087	38.11	12.7866	46.66828	13.828699	955.4531	8580.0	59.794502	8520.2054977417
AADR	2	window	gt	155	BUR004	2479	4696	1.4063262820243836	47.799255	102.361242	48.23826	18.676157	5893.5674	1919.0	71.91996	1847.0800399780273
AADR	2	window	gt	155	I2637	3328	4696	1.4063262820243836	59.35	-2.873	51.13533	6.873716	1100.3462	5375.0	64.4358	5310.5642013549805
AADR	2	window	gt	155	R3743.SG	4698	4696	1.4063262820243836	44.101034	15.279107	50.475887	9.681275	824.5156	1798.0	66.07835	1731.9216537475586
AADR	2	window	gt	156	PIR3037AB.SG	1323	4696	1.4111042300860086	43.2516	3.2202	45.825077	14.848767	964.0211	3995.0	53.228218	3941.7717819213867
AADR	2	window	gt	156	DA66_noUDG.SG	2337	4696	1.4111042300860086	41.50138889	75.79472222	51.4761	23.097795	4087.9507	1435.0	66.35235	1368.6476516723633
AADR	2	window	gt	156	I7670	3107	4696	1.4111042300860086	53.58975	50.57129167	48.752914	19.232874	2230.3408	3958.0	60.136246	3897.863754272461
AADR	2	window	gt	157	I4340_noUDG	1752	4696	2.4109881639480593	37.00786335	45.16575874	39.323124	105.871666	5211.3647	3291.0	3429.631	-138.631103515625
AADR	2	window	gt	157	ALM040	3433	4696	2.4109881639480593	37.952759	-1.508	47.308147	45.043896	3885.469	3842.0	4784.5166	-942.5166015625
AADR	2	window	gt	157	I12643	3556	4696	2.4109881639480593	41.5373	2.1329	46.792233	11.408373	941.68134	2553.0	4880.4556	-2327.45556640625
AADR	2	window	gt	158	CAO029	426	4696	1.4059027552604675	23.038	-81.497	47.90949	14.87184	8581.403	1323.0	55.15005	1267.8499488830566
AADR	2	window	gt	158	ORC007	1949	4696	1.4059027552604675	39.667222	9.426111	50.975365	14.994562	1329.6748	3173.0	57.3693	3115.630699157715
AADR	2	window	gt	158	irk025_noUDG.SG	2928	4696	1.4059027552604675	52.9838	103.5207	50.811996	15.742321	5635.6265	4350.0	57.913124	4292.086875915527
AADR	2	window	gt	159	VLI092	532	4696	2.409814918041229	50.365945	14.446606	47.191547	78.21017	4540.397	4719.0	3266.4983	1452.501708984375
AADR	2	window	gt	159	RISE1164_noUDG.SG	2814	4696	2.409814918041229	50.170137	20.579034	51.943783	-5.266978	1807.4739	4463.0	2902.7993	1560.20068359375
AADR	2	window	gt	159	chy001_noUDG.SG	3063	4696	2.409814918041229	51.06666667	55.06666667	62.23065	72.72975	1634.4028	1829.0	4243.523	-2414.52294921875
AADR	2	window	gt	160	MX288	1524	4696	2.4059813062349957	47.767097	8.872239	52.94005	2.379134	736.3224	4051.0	849.1212	3201.8787841796875
AADR	2	window	gt	160	I2369	1644	4696	2.4059813062349957	47.62094	19.04494	53.81042	20.942352	701.015	5186.0	944.43896	4241.56103515625
AADR	2	window	gt	160	GDI002	4503	4696	2.4059813062349957	35.0526	128.8222	47.656063	34.64878	7494.055	6555.0	908.8338	5646.166198730469
AADR	2	window	gt	161	I15591	811	4696	3.4112470785776776	18.451	-69.686	17.20918	18.530169	9229.336	615.0	1359.3143	-744.3143310546875
AADR	2	window	gt	161	NIK005_noUDG.SG	3259	4696	3.4112470785776776	57.52926373	39.66994055	51.007977	14.49164	1775.1239	4646.0	3404.8845	1241.115478515625
AADR	2	window	gt	161	C4131	4333	4696	3.4112470785776776	43.807	80.81	62.445747	20.750748	4304.2256	2617.0	4133.5015	-1516.50146484375
AADR	2	window	gt	162	I7968	790	4696	2.414151930809021	19.24	-69.2	43.781624	80.526596	12358.535	1015.0	3683.0305	-2668.030517578125
AADR	2	window	gt	162	I3005	1146	4696	2.414151930809021	51.324706	-2.753248	47.9117	1.7005795	496.77908	5657.0	3597.143	2059.85693359375
AADR	2	window	gt	162	I12642	3555	4696	2.414151930809021	41.5373	2.1329	41.32018	71.12497	5588.1826	2443.0	3433.3674	-990.367431640625
AADR	2	window	gt	163	TIS002	487	4696	2.406132447719574	50.283392	14.539446	47.435345	12.328185	355.57272	4470.0	4127.388	342.61181640625
AADR	2	window	gt	163	I8725	1795	4696	2.406132447719574	30.649857	61.400311	42.134594	32.60224	2857.7363	4862.0	4469.854	392.14599609375
AADR	2	window	gt	163	I3717	4099	4696	2.406132447719574	48.91422	33.76493	44.403976	23.152126	951.3405	7242.0	4112.7114	3129.28857421875
AADR	2	window	gt	164	CAO015	417	4696	1.410896646976471	23.038	-81.497	48.106216	20.998549	8994.407	3131.0	68.158295	3062.8417053222656
AADR	2	window	gt	164	MIB041	644	4696	1.410896646976471	49.992004	15.776861	47.282524	20.330967	450.12988	3773.0	66.75317	3706.2468338012695
AADR	2	window	gt	164	I6268	2980	4696	1.410896646976471	44.385019	40.394588	48.506386	7.604032	2533.538	5550.0	56.42192	5493.578079223633
AADR	2	window	gt	165	MIB017	679	4696	1.4065470695495605	49.992004	15.776861	44.93793	9.428216	736.7423	3806.0	73.8788	3732.1212005615234
AADR	2	window	gt	165	ORC009	1951	4696	1.4065470695495605	39.667222	9.426111	45.700665	10.592916	677.61163	3062.0	76.09172	2985.9082794189453
AADR	2	window	gt	165	I5893	4109	4696	1.4065470695495605	48.91422	33.76493	57.896698	54.16432	1670.2202	7249.0	133.6392	7115.360794067383
AADR	2	window	gt	166	I16617	958	4696	2.41128644545873	50.816715	-0.097726	45.31045	7.8256283	848.52545	2591.0	488.83118	2102.1688232421875
AADR	2	window	gt	166	CSP001	2228	4696	2.41128644545873	44.49	78.27	41.709156	29.324701	3926.2751	2241.0	538.6099	1702.3900756835938
AADR	2	window	gt	166	PDI008	2849	4696	2.41128644545873	18.431	-66.382	39.571022	6.4651213	7266.536	672.0	426.19543	245.8045654296875
AADR	2	window	gt	167	MIB001	565	4696	4.41106546719869	49.992004	15.776861	37.655052	64.971245	4093.9739	3779.0	2781.256	997.743896484375
AADR	2	window	gt	167	VIL004	1988	4696	4.41106546719869	39.618016	8.958117	38.589344	45.767967	3155.9575	2381.0	2952.7026	-571.70263671875
AADR	2	window	gt	167	TW060	4497	4696	4.41106546719869	-16.5564	-68.6725	50.231117	-5.884056	9616.37	966.0	2948.4346	-1982.4345703125
AADR	2	window	gt	168	I15648	717	4696	1.4063326915105183	49.991622	14.162575	45.49001	17.101799	546.57294	5397.0	74.44895	5322.551048278809
AADR	2	window	gt	168	I0057	1418	4696	1.4063326915105183	51.89583333	11.04666667	46.854893	14.935214	627.0333	7070.0	74.32623	6995.673767089844
AADR	2	window	gt	168	Sunghir4_noUDG.SG	3223	4696	1.4063326915105183	56.17611111	40.5025	46.258385	10.993592	2307.3726	34323.0	70.08989	34252.91011047363
AADR	2	window	gt	169	RISE569_noUDG.SG	538	4696	2.4096715132395428	50.19	14.158	56.66841	-5.3980293	1474.9648	1229.0	3828.8848	-2599.884765625
AADR	2	window	gt	169	I13893	1159	4696	2.4096715132395428	51.861211	-1.883011	28.176405	-75.8334	6509.4507	5517.0	993.00037	4523.9996337890625
AADR	2	window	gt	169	ARS007.B0101	2568	4696	2.4096715132395428	49.689639	99.773611	51.939583	12.821171	5733.9253	3172.0	3912.1443	-740.144287109375
AADR	2	window	gt	170	I0595_noUDG	2269	4696	1.4061407725016275	-3.7	39.7	46.88201	15.166159	6117.153	402.0	55.090115	346.90988540649414
AADR	2	window	gt	170	JAG34_noUDG.SG	4275	4696	1.4061407725016275	45.687	18.506	63.687183	25.12593	2043.6656	3715.0	77.902145	3637.097854614258
AADR	2	window	gt	170	C3313	4357	4696	1.4061407725016275	43.8	82.51	49.021236	18.854065	4769.9707	2252.0	60.53675	2191.463249206543
AADR	2	window	gt	171	I9055_noUDG_d	194	4696	1.4112673640251159	-28.55	-49.00583333	48.305847	12.973504	10533.014	2073.0	59.287308	2013.7126922607422
AADR	2	window	gt	171	I7800	2034	4696	1.4112673640251159	36.8831	14.5712	45.338764	11.769526	968.9101	3945.0	55.75017	3889.249828338623
AADR	2	window	gt	171	R10359.SG	4655	4696	1.4112673640251159	42.2542	11.7576	50.52918	13.46188	929.3037	2224.0	61.98809	2162.0119094848633
AADR	2	window	gt	172	BLP10.SG	1265	4696	2.4101301550865175	49.39246	3.73641	36.76608	20.370512	1939.9775	6065.0	4372.254	1692.74609375
AADR	2	window	gt	172	I0104	1360	4696	2.4101301550865175	51.42	11.68	44.473877	17.63857	890.105	4358.0	4073.2341	284.765869140625
AADR	2	window	gt	172	C783	4395	4696	2.4101301550865175	43.6	82.62	48.99611	92.57996	971.0278	939.0	4368.4644	-3429.46435546875
AADR	2	window	gt	173	I4323	2165	4696	1.4054267565409342	43.24655	77.813814	51.458073	16.700823	4554.8325	3622.0	74.68815	3547.311851501465
AADR	2	window	gt	173	scy305_noUDG.SG	2466	4696	1.4054267565409342	46.6684	29.8001	47.8651	17.990458	900.0656	2254.0	72.291115	2181.708885192871
AADR	2	window	gt	173	VK442_noUDG.SG	3738	4696	1.4054267565409342	56.41526	16.4326047	50.441242	20.524302	717.1523	1097.0	78.58805	1018.4119491577148
AADR	2	window	gt	174	I2232	35	4696	1.408640189965566	-38.3605556	-60.2441667	45.69353	19.910192	12288.766	8373.0	70.31889	8302.681106567383
AADR	2	window	gt	174	IK002_noUDG.SG	2105	4696	1.408640189965566	35.0183	137.294	50.968872	11.941374	9065.352	2782.0	69.698784	2712.3012161254883
AADR	2	window	gt	174	I7111	2449	4696	1.408640189965566	6.883333	158.233333	51.21452	17.978523	12523.675	383.0	75.12162	307.87837982177734
AADR	2	window	gt	175	I3772	2261	4696	1.4055979053179424	50.2249	81.83678333	17.014093	20.184383	6558.0415	2911.0	40.34248	2870.6575202941895
AADR	2	window	gt	175	I0433	3044	4696	1.4055979053179424	52.35336944	48.07836667	58.356136	54.104618	767.84393	6561.0	125.129814	6435.870185852051
AADR	2	window	gt	175	I5238	3380	4696	1.4055979053179424	44.595879	22.010568	50.425083	18.302607	705.2467	9993.0	81.18344	9911.81655883789
AADR	2	window	gt	176	I16620	972	4696	2.4094197273254396	54.676567	-1.236391	47.976093	12.69626	1217.9636	2117.0	3980.6206	-1863.62060546875
AADR	2	window	gt	176	kzb005_noUDG.SG	3191	4696	2.4094197273254396	54.07	55.544	43.168625	78.37051	2054.8352	3734.0	3494.4438	239.55615234375
AADR	2	window	gt	176	Uattamdi1	4603	4696	2.4094197273254396	0.02	127.41	38.826717	10.028325	12340.648	1824.0	3207.4087	-1383.40869140625
AADR	2	window	gt	177	I1192	2961	4696	3.4087229927380878	42.78944444	131.2761111	27.913517	-4.4070406	10940.829	6711.0	394.9844	6316.015594482422
AADR	2	window	gt	177	GW1001	3129	4696	3.4087229927380878	44.031853	43.129956	71.62027	-6.3271813	4025.2861	4718.0	1056.023	3661.97705078125
AADR	2	window	gt	177	AYIM22BY.SG	4642	4696	3.4087229927380878	48.2856	86.2708	42.764458	64.48531	1797.309	4546.0	998.5249	3547.47509765625
AADR	2	window	gt	178	XN183	1409	4696	3.4051381667455036	48.78	9.18	62.240543	20.143423	1643.0513	7152.0	930.20557	6221.79443359375
AADR	2	window	gt	178	I13884	2089	4696	3.4051381667455036	35.55	140.157	47.604877	-2.3503616	10044.9375	4351.0	631.83167	3719.1683349609375
AADR	2	window	gt	178	DA72_noUDG.SG	2340	4696	3.4051381667455036	41.50138889	75.79472222	40.074142	61.346973	1225.1897	1575.0	809.01227	765.9877319335938
AADR	2	window	gt	179	I12365	57	4696	1.407218078772227	-53.82	-67.65	59.50278	43.723354	15965.306	740.0	106.704765	633.2952346801758
AADR	2	window	gt	179	I2560	2767	4696	1.407218078772227	-13.9049	-75.6607	64.016975	49.589794	13063.366	950.0	117.13802	832.8619766235352
AADR	2	window	gt	179	I1828	3099	4696	1.407218078772227	54.17931667	91.57886667	49.95879	13.865737	5059.4634	3484.0	69.82248	3414.177520751953
AADR	2	window	gt	180	I15705	23	4696	2.4038148522377014	40.810556	20.793889	47.992344	37.669212	1555.485	8096.0	815.457	7280.543029785156
AADR	2	window	gt	180	I5069	137	4696	2.4038148522377014	48.663197	16.589687	49.28863	13.464802	238.41866	6961.0	729.39777	6231.602233886719
AADR	2	window	gt	180	TGS-A-1_38_noUDG.SG	1693	4696	2.4038148522377014	65.733333	-19.633333	49.069126	71.38064	5208.8623	854.0	973.989	-119.989013671875
AADR	2	window	gt	181	Donkalnis6	2415	4696	1.4081812938054403	55.808	22.422	49.943398	17.738125	723.5258	6569.0	79.70303	6489.296966552734
AADR	2	window	gt	181	I14000	2597	4696	1.4081812938054403	49.53469	103.2825	56.55686	76.34846	1946.2131	7480.0	141.04634	7338.953659057617
AADR	2	window	gt	181	I2242	2752	4696	1.4081812938054403	-7.914978	-79.305486	51.245663	10.102826	10652.009	685.0	74.3615	610.6384963989258
AADR	2	window	gt	182	I2457	883	4696	1.4078398982683817	51.168023	-1.7725402	44.881702	11.896214	1230.5808	4056.0	55.779186	4000.2208137512207
AADR	2	window	gt	182	WEHR_1414	1492	4696	1.4078398982683817	48.25283	10.80879	53.027027	26.405783	1217.8966	3908.0	78.74551	3829.254493713379
AADR	2	window	gt	182	I4873	3367	4696	1.4078398982683817	44.53368	22.05032	45.75581	18.807665	288.3133	7867.0	62.639343	7804.360656738281
AADR	2	window	gt	183	I14866	1070	4696	2.4039832592010497	51.329195	1.3693088	44.187695	13.174975	1184.5657	2226.0	3938.6436	-1712.6435546875
AADR	2	window	gt	183	I3642	1999	4696	2.4039832592010497	40.54667	8.3215639	42.458206	9.564506	236.40933	2994.0	4226.5464	-1232.54638671875
AADR	2	window	gt	183	I16168	2015	4696	2.4039832592010497	40.626667	8.323056	42.143986	5.5959687	283.2207	5807.0	4217.532	1589.4677734375
AADR	2	window	gt	184	I26741	399	4696	2.40723481575648	45.55101	18.746617	37.41081	29.171793	1252.3434	6585.0	4098.5947	2486.4052734375
AADR	2	window	gt	184	I20624	1126	4696	2.40723481575648	53.235833	-1.736944	44.230534	14.162221	1530.9204	2194.0	3788.5403	-1594.540283203125
AADR	2	window	gt	184	I5689	3405	4696	2.40723481575648	45.914224	15.4691	50.018864	2.3934903	1073.2467	2540.0	3699.8416	-1159.841552734375
AADR	2	window	gt	185	I16219	79	4696	1.4046654939651488	40.91666	44.5	53.91417	11.289101	2848.8372	2590.0	538.1249	2051.8751220703125
AADR	2	window	gt	185	I3443	185	4696	1.4046654939651488	16.497398	-88.90496	35.33073	-33.860626	5808.4683	9301.0	197.90337	9103.096633911133
AADR	2	window	gt	185	I6945	1713	4696	1.4046654939651488	30.24720461	79.73739624	40.57883	35.249588	4144.723	1178.0	503.64853	674.3514709472656
AADR	2	window	gt	186	I16706	72	4696	1.4244323054949442	40.783	43.95	44.9938	23.003416	1763.9894	4723.0	66.62386	4656.376136779785
AADR	2	window	gt	186	Ostuni2_d	2051	4696	1.4244323054949442	40.73	17.57	49.271507	16.382954	954.31305	29116.0	64.04557	29051.954429626465
AADR	2	window	gt	186	I6550	2683	4696	1.4244323054949442	34.76140556	72.37008056	53.247967	16.86153	4745.368	1926.0	68.480606	1857.5193939208984
AADR	2	window	gt	187	I0048	1417	4696	1.4076499899228414	51.89583333	11.04666667	48.717022	13.618447	397.80478	7057.0	55.011517	7001.988483428955
AADR	2	window	gt	187	PAPV_146_noUDG.SG	2718	4696	1.4076499899228414	9.0	-79.49	52.227665	17.154633	9665.572	1061.0	61.08853	999.9114685058594
AADR	2	window	gt	187	SGR001.SG	4536	4696	1.4076499899228414	15.7333	41.7	53.353493	19.33328	4615.5845	1227.0	63.7967	1163.2033004760742
AADR	2	window	gt	188	TU916_SX30	1222	4696	2.40407764116923	48.554457	7.681749	65.61816	36.922085	2546.7524	6662.0	5330.218	1331.7822265625
AADR	2	window	gt	188	I12905	2645	4696	2.40407764116923	51.842	5.852	55.49071	20.206049	1026.5854	2500.0	4717.856	-2217.85595703125
AADR	2	window	gt	188	I5400	2694	4696	2.40407764116923	34.75146111	72.40193611	39.79534	27.812958	3944.1003	2824.0	3621.2278	-797.227783203125
AADR	2	window	gt	189	DA23_noUDG.SG	2159	4696	1.4070438623428345	52.6925	62.64722222	46.439667	21.924583	2975.2498	840.0	67.026276	772.9737243652344
AADR	2	window	gt	189	VOR005_noUDG.SG	3271	4696	1.4070438623428345	57.53451647	39.55252367	47.531586	12.603092	2114.218	4481.0	60.26118	4420.738819122314
AADR	2	window	gt	189	SM-02_noUDG.SG	4165	4696	1.4070438623428345	34.033333	-120.383333	52.51791	31.76776	10018.699	722.0	80.822075	641.1779251098633
AADR	2	window	gt	190	I3442	177	4696	1.4041327675183615	16.497398	-88.90496	48.351913	16.139797	9709.297	4998.0	56.96252	4941.037479400635
AADR	2	window	gt	190	ans017_noUDG.SG	3664	4696	1.4041327675183615	57.509	18.14	48.93247	15.3586855	971.2647	5053.0	56.772057	4996.22794342041
AADR	2	window	gt	190	Vt796_noUDG.SG	4252	4696	1.4041327675183615	19.801	105.75	50.324375	18.90932	8107.4775	2138.0	60.93267	2077.0673294067383
AADR	2	window	gt	191	I6330	3640	4696	1.4081658919652302	21.070453	30.664028	52.01911	24.834763	3477.9458	1214.0	75.21435	1138.7856521606445
AADR	2	window	gt	191	I4614	3938	4696	1.4081658919652302	37.5432	41.8662	54.387882	27.782536	2157.3127	4955.0	79.94325	4875.056747436523
AADR	2	window	gt	191	C3326.SG	4371	4696	1.4081658919652302	43.8	82.51	50.948196	17.96184	4766.7183	612.0	68.24268	543.7573165893555
AADR	2	window	gt	192	Turlojiske3	2414	4696	1.407738208770752	54.362	23.333	47.72109	13.019865	1030.0878	2846.0	66.99249	2779.0075073242188
AADR	2	window	gt	192	Spiginas4	2425	4696	1.407738208770752	55.768	22.417	49.0528	15.655931	875.35876	8276.0	70.93793	8205.062072753906
AADR	2	window	gt	192	RK4001	3206	4696	1.407738208770752	45.535978	41.059517	53.63972	26.700771	1367.8031	4238.0	86.35838	4151.641616821289
AADR	2	window	gt	193	I19458	227	4696	1.404124629497528	42.462247	26.025931	57.981556	41.61948	2040.5752	4337.0	113.50005	4223.499946594238
AADR	2	window	gt	193	L7415_noUDG	326	4696	1.404124629497528	26.2	119.1	46.491474	30.3018	7843.5605	4333.0	88.81972	4244.180282592773
AADR	2	window	gt	193	R2200.SG	4669	4696	1.404124629497528	49.2056	18.5662	50.05098	36.40733	1285.3802	1960.0	98.25562	1861.7443771362305
AADR	2	window	gt	194	I19859	1016	4696	1.4069289286931357	51.052725	-1.7862875	51.703854	2.532351	308.30527	3401.0	77.30551	3323.6944885253906
AADR	2	window	gt	194	OBN005	1301	4696	1.4069289286931357	48.46	7.48	45.42059	49.097588	3138.3174	6888.0	108.83398	6779.1660232543945
AADR	2	window	gt	194	RISE94_noUDG.SG	3671	4696	1.4069289286931357	56.025	14.233	53.725697	12.238808	285.70673	4487.0	88.84823	4398.15177154541
AADR	2	window	gt	195	I26628	263	4696	1.4037595431009928	49.721729	-2.177469	41.4111	18.889072	1873.0742	2549.0	76.95066	2472.0493392944336
AADR	2	window	gt	195	I4424_noUDG	4224	4696	1.4037595431009928	-17.76554	168.289537	49.30472	52.496143	13354.648	140.0	119.322685	20.67731475830078
AADR	2	window	gt	195	R3544.SG	4717	4696	1.4037595431009928	43.6076	16.7143	44.877537	7.09606	778.595	1374.0	71.494545	1302.5054550170898
AADR	2	window	gt	196	I2639	1020	4696	1.4079623381296793	51.168023	-1.7725402	46.90662	16.066854	1379.8286	3430.0	61.5019	3368.4981002807617
AADR	2	window	gt	196	EHU002	3481	4696	1.4079623381296793	42.419214	-3.484745	42.575043	19.938427	1914.2786	4367.0	62.078968	4304.921031951904
AADR	2	window	gt	196	PS-06_noUDG.SG	4140	4696	1.4079623381296793	34.901389	-120.648056	47.576324	16.013569	9880.382	1454.0	62.084038	1391.9159622192383
AADR	2	window	gt	197	DA112_noUDG.SG	686	4696	4.411843903859457	50.5099972	14.05	28.077261	66.73984	5037.7397	2507.0	1992.362	514.637939453125
AADR	2	window	gt	197	OBKR_6	1454	4696	4.411843903859457	48.26656	10.87857	54.176018	-16.538378	2004.2334	3921.0	2467.8901	1453.10986328125
AADR	2	window	gt	197	I6258	3649	4696	4.411843903859457	21.070453	30.664028	50.70169	20.479553	3412.923	1177.0	2782.563	-1605.56298828125
AADR	2	window	gt	198	I4896	463	4696	1.4053964853286742	50.0504153	14.3667267	52.24635	19.867134	454.5942	4163.0	63.450096	4099.549903869629
AADR	2	window	gt	198	MIB042	586	4696	1.4053964853286742	49.992004	15.776861	57.51346	23.72302	984.65497	3776.0	71.52428	3704.4757232666016
AADR	2	window	gt	198	RISE554_noUDG.SG	3069	4696	1.4053964853286742	56.016	92.866	52.313404	19.216433	4581.4395	2878.0	62.93723	2815.062770843506
AADR	2	window	gt	199	I8136	3513	4696	3.4107095559438068	37.7263	-2.5141	52.6973	-1.6113156	1666.1659	3426.0	3749.8447	-323.8447265625
AADR	2	window	gt	199	ART038	3891	4696	3.4107095559438068	38.381944	38.361111	48.830273	65.50538	2456.4731	5175.0	3882.457	1292.54296875
AADR	2	window	gt	199	I5875	4103	4696	3.4107095559438068	48.91422	33.76493	31.026577	73.21638	3844.9304	7095.0	2775.594	4319.406005859375
AADR	2	window	gt	200	I12360	49	4696	3.40739111105601	-54.7	-65.35	45.028175	10.1924095	13163.973	400.0	3166.8108	-2766.810791015625
AADR	2	window	gt	200	1H07.SG	1317	4696	3.40739111105601	48.858874	3.996466	48.60244	3.2439775	62.121006	5166.0	3329.607	1836.39306640625
AADR	2	window	gt	200	SI-39_noUDG.SG	2405	4696	3.40739111105601	33.560556	35.398056	43.51898	28.043522	1277.5417	702.0	3370.9055	-2668.905517578125
AADR	2	window	gt	201	MIS002	618	4696	1.4116471687952676	49.992004	15.776861	50.4286	18.300753	186.03915	3883.0	53.46021	3829.5397911071777
AADR	2	window	gt	201	I11147	1039	4696	1.4116471687952676	51.313891	-2.885217	49.009197	15.910376	1359.2356	2241.0	50.811623	2190.188377380371
AADR	2	window	gt	201	I2365	1602	4696	1.4116471687952676	47.59916	19.05456	53.40864	19.159714	646.0276	4299.0	57.249977	4241.750022888184
AADR	2	window	gt	202	I13965	2502	4696	4.412615633010864	48.68	88.38	36.533493	-29.46355	8729.265	2270.0	1618.3263	651.6737060546875
AADR	2	window	gt	202	I6347	2556	4696	4.412615633010864	49.306389	95.448611	33.376663	29.72871	5574.526	3295.0	2231.0974	1063.902587890625
AADR	2	window	gt	202	MX182	3783	4696	4.412615633010864	47.262067	7.659835	47.685135	45.549488	2819.4832	5158.0	3138.949	2019.051025390625
AADR	2	window	gt	203	I20989	1130	4696	1.4069196343421937	51.138291	-1.53093	45.740635	14.918212	1349.7042	2173.0	59.994896	2113.0051040649414
AADR	2	window	gt	203	AITI_36_noUDG	1445	4696	1.4069196343421937	48.22281	10.84499	47.832172	11.444219	62.2287	3836.0	58.99053	3777.0094718933105
AADR	2	window	gt	203	I2934	3336	4696	1.4069196343421937	58.74	-2.916	50.872723	29.518368	2227.3801	5138.0	78.250626	5059.749374389648
AADR	2	window	gt	204	R5.SG	2049	4696	2.4151147921880085	41.96	13.54	43.026546	12.605945	141.17035	4832.0	3663.3896	1168.6103515625
AADR	2	window	gt	204	I0581_d	3485	4696	2.4151147921880085	42.33333333	-3.5	49.06384	39.702793	3389.1157	4746.0	4486.38	259.6201171875
AADR	2	window	gt	204	C4265.SG	4391	4696	2.4151147921880085	43.6	82.62	49.997692	80.555176	728.46857	939.0	4405.223	-3466.22314453125
AADR	2	window	gt	205	I16444	272	4696	2.4084524313608804	49.497153	-2.506461	47.0347	16.747576	1447.0441	6048.0	3962.725	2085.27490234375
AADR	2	window	gt	205	RISE662_noUDG.SG	2941	4696	2.4084524313608804	53.547806	91.02565	49.612247	19.363194	4758.684	4067.0	4124.369	-57.369140625
AADR	2	window	gt	205	XHM135.SG	4641	4696	2.4084524313608804	40.3364	88.6725	42.790714	62.456364	2189.189	3778.0	3849.3257	-71.32568359375
AADR	2	window	gt	206	VLI065	636	4696	2.4122326890627543	50.365945	14.446606	37.892105	30.977709	1905.8906	3936.0	3306.482	629.51806640625
AADR	2	window	gt	206	I0159	912	4696	2.4122326890627543	52.08	0.18	46.634533	16.633804	1332.5514	1234.0	3533.965	-2299.965087890625
AADR	2	window	gt	206	I3132	3278	4696	2.4122326890627543	57.721	-3.3881	34.175106	102.59793	7707.4536	3927.0	3681.4722	245.52783203125
AADR	2	window	gt	207	BDY001	2313	4696	1.409679897626241	49.33	75.12	50.845757	18.028372	3973.6145	2225.0	59.98015	2165.0198516845703
AADR	2	window	gt	207	DA69_noUDG.SG	2339	4696	1.409679897626241	41.50138889	75.79472222	50.110447	16.179749	4591.3154	1509.0	57.785748	1451.2142524719238
AADR	2	window	gt	207	C1650.SG	4339	4696	1.409679897626241	43.22	81.84	58.04449	26.968092	4068.2805	2420.0	74.48866	2345.5113372802734
AADR	2	window	gt	208	AV2	1596	4696	2.4092214941978454	46.28333333	17.85	43.564075	8.737665	777.94604	1348.0	3596.265	-2248.264892578125
AADR	2	window	gt	208	I4253	2769	4696	2.4092214941978454	50.649	20.656	49.757557	16.843323	288.8524	4266.0	4462.89	-196.89013671875
AADR	2	window	gt	208	I6140	3632	4696	2.4092214941978454	21.070453	30.664028	59.22369	18.564667	4350.67	1177.0	4784.089	-3607.0888671875
AADR	2	window	gt	209	MAS15.SG	1281	4696	4.413550094763438	43.14915	3.060582	46.72829	58.3369	4278.851	4950.0	3410.6943	1539.3056640625
AADR	2	window	gt	209	I5890	4105	4696	4.413550094763438	48.91422	33.76493	20.408714	150.19395	10079.605	7092.0	3213.1306	3878.869384765625
AADR	2	window	gt	209	C402_noUDG	4477	4696	4.413550094763438	36.97	79.94	37.763287	82.406944	235.17267	1651.0	3064.705	-1413.705078125
AADR	2	window	gt	210	I2791	1655	4696	1.4045624454816183	47.189141	20.004795	45.981655	22.260395	218.48112	5523.0	66.972946	5456.027053833008
AADR	2	window	gt	210	SUA005	1970	4696	1.4045624454816183	39.87	9.2356	46.87557	19.351982	1127.6244	4170.0	65.371376	4104.628623962402
AADR	2	window	gt	210	RISE1171_noUDG.SG	2813	4696	1.4045624454816183	50.170137	20.579034	54.581264	29.59587	783.34424	4826.0	81.8492	4744.150802612305
AADR	2	window	gt	211	I4554	2393	4696	1.4094250003496807	56.2833	25.1333	48.2063	25.571081	898.611	5946.0	78.84932	5867.150680541992
AADR	2	window	gt	211	I11972	2657	4696	1.4094250003496807	52.696	5.152	47.939735	12.700886	752.2294	3381.0	66.13975	3314.860252380371
AADR	2	window	gt	211	MJ-38_noUDG.SG	3156	4696	1.4094250003496807	43.890103	43.221159	54.46428	34.92955	1319.1731	2016.0	95.66131	1920.3386917114258
AADR	2	window	gt	212	I11443	2038	4696	3.4133378783861796	37.908	13.478	50.884205	62.126827	4040.3801	4090.0	4021.2163	68.78369140625
AADR	2	window	gt	212	CR-01_noUDG.SG	4163	4696	3.4133378783861796	34.003611	-119.726389	32.477444	120.3709	10315.695	1017.0	3436.439	-2419.43896484375
AADR	2	window	gt	212	C1699	4293	4696	3.4133378783861796	48.06	86.42	45.275414	63.1256	1797.0709	4200.0	3724.6724	475.32763671875
AADR	2	window	gt	213	I10055	405	4696	2.407466181119283	45.4482	17.6388	55.3407	50.130367	2521.7615	7727.0	4698.139	3028.86083984375
AADR	2	window	gt	213	HOP001	454	4696	2.407466181119283	50.080377	14.27686	45.415813	82.13069	4922.7505	4240.0	3537.8987	702.101318359375
AADR	2	window	gt	213	CAH005	500	4696	2.407466181119283	50.373091	13.365431	49.888668	52.655663	2768.2476	4349.0	4175.029	173.97119140625
AADR	2	window	gt	214	I14879	156	4696	2.4099912007649738	24.1	-77.55	45.176292	0.4159819	7219.492	651.0	3692.2537	-3041.253662109375
AADR	2	window	gt	214	I4893	719	4696	2.4099912007649738	50.1217475	14.4569508	43.382294	61.52616	3600.7402	6345.0	4116.882	2228.1181640625
AADR	2	window	gt	214	I21312	1139	4696	2.4099912007649738	51.28086	-1.835571	43.429832	13.307238	1431.7651	2096.0	3969.0786	-1873.07861328125
AADR	2	window	gt	215	I11462	1792	4696	1.406067955493927	30.649857	61.400311	43.594246	14.077601	4369.566	4844.0	56.92883	4787.071170806885
AADR	2	window	gt	215	ALA002	3847	4696	1.406067955493927	36.23778	36.38472	46.02507	12.637597	2254.6973	3388.0	57.865414	3330.1345863342285
AADR	2	window	gt	215	I0708	3981	4696	1.406067955493927	40.3037	29.57	53.26842	19.081215	1644.0929	8101.0	72.59976	8028.400238037109
AADR	2	window	gt	216	I15826	489	4696	2.409061062335968	50.054385	14.363387	42.298122	44.644566	2465.397	5505.0	3968.7197	1536.2802734375
AADR	2	window	gt	216	I11520	4194	4696	2.409061062335968	37.66666667	67.0	50.063957	50.904377	1880.2911	3497.0	4298.6685	-801.66845703125
AADR	2	window	gt	216	R11538.SG	4678	4696	2.409061062335968	40.6885	43.8493	46.75792	14.599096	2429.657	1465.0	4010.4683	-2545.46826171875
AADR	2	window	gt	217	VK297_noUDG.SG	750	4696	3.412042840321859	55.15	11.87	49.47373	19.755028	827.04565	1200.0	1127.8325	72.16748046875
AADR	2	window	gt	217	I14091	1169	4696	3.412042840321859	54.3955	-1.614	38.048958	6.2136197	1911.9755	1392.0	780.8471	611.1528930664062
AADR	2	window	gt	217	MJ-40_noUDG.SG	2997	4696	3.412042840321859	52.532722	58.490389	47.062977	39.361046	1495.7893	2254.0	1195.9331	1058.06689453125
AADR	2	window	gt	218	POST_12	1503	4696	1.405574417114258	48.29573	10.89103	51.794346	25.008108	1078.3584	4036.0	77.11932	3958.8806762695312
AADR	2	window	gt	218	R63.SG	1924	4696	1.405574417114258	41.6877312	13.0864953	46.069756	18.724804	664.22144	960.0	63.128582	896.8714179992676
AADR	2	window	gt	218	Ma554.WGC	2444	4696	1.405574417114258	5.9788	116.0753	46.783123	17.258219	10189.0205	432.0	62.5875	369.4124984741211
AADR	2	window	gt	219	NE1_noUDG	289	4696	1.4172213474909465	46.0	125.73	48.668045	19.873768	7282.499	12650.0	60.620018	12589.379981994629
AADR	2	window	gt	219	CAK532.SG	1815	4696	1.4172213474909465	54.058617	-8.382059	55.409573	23.996805	2065.2969	4892.0	70.45075	4821.549247741699
AADR	2	window	gt	219	I10409	4060	4696	1.4172213474909465	38.21228	62.03443	56.73719	24.712423	3412.543	4113.0	72.238235	4040.761764526367
AADR	2	window	gt	220	I10167	2428	4696	2.4065635124842326	41.28	22.49	43.203445	5.298499	1428.6512	2071.0	4074.2385	-2003.238525390625
AADR	2	window	gt	220	oll009_noUDG.SG	3694	4696	2.4065635124842326	56.014689	14.068039	47.285305	48.262756	2518.678	3787.0	4162.71	-375.7099609375
AADR	2	window	gt	220	RISE97_noUDG.SG	3697	4696	2.4065635124842326	55.557	13.059	66.17429	27.849041	1418.668	3895.0	6725.346	-2830.34619140625
AADR	2	window	gt	221	VK190_noUDG.SG	1557	4696	1.4082239309946696	60.55	-45.34	52.349205	6.952872	3244.1343	834.0	81.514404	752.485595703125
AADR	2	window	gt	221	I1891	1661	4696	1.4082239309946696	46.41594	18.91974	50.248993	14.024	558.8914	6913.0	84.713974	6828.286026000977
AADR	2	window	gt	221	NEO253_noUDG.SG	3005	4696	1.4082239309946696	66.0	-170.1	48.751194	17.723305	7237.813	1721.0	86.007835	1634.9921646118164
AADR	2	window	gt	222	KHI001	2544	4696	2.409181276957194	47.059972	91.842502	42.15863	-47.163486	9304.048	2930.0	2959.0488	-29.048828125
AADR	2	window	gt	222	bla001_noUDG.SG	2950	4696	2.409181276957194	49.6731	127.885	42.92837	35.59464	6669.508	1299.0	3974.4055	-2675.405517578125
AADR	2	window	gt	222	I1981	3466	4696	2.409181276957194	42.57	-2.57	24.029797	33.865032	3919.8245	4891.0	2660.2905	2230.70947265625
AADR	2	window	gt	223	NE3_noUDG	293	4696	4.409969691435496	45.85	126.0	46.448048	-9.700821	8876.89	10628.0	2034.4696	8593.530395507812
AADR	2	window	gt	223	I14381	951	4696	4.409969691435496	51.329195	1.3693088	49.869602	7.8135285	482.72272	2443.0	2368.644	74.35595703125
AADR	2	window	gt	223	ART020_d	3885	4696	4.409969691435496	38.381944	38.361111	43.294247	10.941487	2358.978	5177.0	2125.4836	3051.516357421875
AADR	2	window	gt	224	RISE61_noUDG.SG	756	4696	2.408729056517283	55.703	11.855	49.347	32.31709	1546.2892	4569.0	3299.176	1269.823974609375
AADR	2	window	gt	224	SHU001	2620	4696	2.408729056517283	46.91096389	102.7708333	38.12986	68.72499	2928.9817	2929.0	2832.3665	96.633544921875
AADR	2	window	gt	224	I1581_enhanced	3991	4696	2.408729056517283	40.3037	29.6085	53.25326	9.232496	2102.9016	8252.0	3264.744	4987.256103515625
AADR	2	window	gt	225	I24639	374	4696	1.419801938533783	44.555384	15.310516	50.443924	13.030345	676.72156	2658.0	49.807415	2608.192584991455
AADR	2	window	gt	225	VK196_noUDG.SG	1554	4696	1.419801938533783	64.25	-50.1	50.500412	13.443843	3903.2986	1103.0	50.15941	1052.840591430664
AADR	2	window	gt	225	I5695	3412	4696	1.419801938533783	45.847908	15.690421	51.151157	16.38186	591.8835	3296.0	52.910492	3243.0895080566406
AADR	2	window	gt	226	I13947	81	4696	1.4081268707911174	40.91666	44.5	49.80676	17.434109	2317.2993	2612.0	73.2627	2538.7372970581055
AADR	2	window	gt	226	I13728	1051	4696	1.4081268707911174	52.170279	0.105604	48.17054	11.483773	922.933	2227.0	66.347626	2160.652374267578
AADR	2	window	gt	226	POST_2	1459	4696	1.4081268707911174	48.29573	10.89103	49.332317	10.39942	120.752655	3971.0	66.97194	3904.028060913086
AADR	2	window	gt	227	DA206_noUDG.SG	2154	4696	4.408372263113658	42.90194444	68.24888889	45.987774	12.513784	4346.7446	1697.0	1490.844	206.156005859375
AADR	2	window	gt	227	CDM001	3612	4696	4.408372263113658	38.102807	-1.865441	48.34322	1.3080796	1167.076	4337.0	1492.059	2844.9410400390625
AADR	2	window	gt	227	R3482.SG	4746	4696	4.408372263113658	42.466869	19.266164	37.168728	43.13016	2113.572	864.0	1435.1006	-571.1005859375
AADR	2	window	gt	228	I7580	1033	4696	3.426531267166138	52.122402	-0.511365	49.02334	13.404807	1039.4409	3087.0	3187.0767	-100.07666015625
AADR	2	window	gt	228	I7672	3495	4696	3.426531267166138	41.981377	2.309824	48.259003	7.6302786	812.8717	1153.0	3012.387	-1859.386962890625
AADR	2	window	gt	228	I1126	4135	4696	3.426531267166138	52.9883684	-168.8205659	54.2376	27.235178	8000.36	965.0	3678.9465	-2713.946533203125
AADR	2	window	gt	229	I20571	4002	4696	3.4225785692532855	37.34	28.04	42.986313	22.394676	789.7172	464.0	3466.684	-3002.68408203125
AADR	2	window	gt	229	I2125	4053	4696	3.4225785692532855	38.21228	62.03443	32.666916	-38.78982	8661.796	4011.0	2016.9215	1994.0784912109375
AADR	2	window	gt	229	PLE-200.SG	4832	4696	3.4225785692532855	47.36822	21.12072	45.832188	15.088173	491.3571	1007.0	3626.8376	-2619.837646484375
