100000827	3540	351	2	954	0
100003443	2230	10	0	2607	0
100005477	3539	244	1	1063	0
100006117	2210	912	0	1725	0
100007454	1930	544	1	2372	0
100009669	2577	676	2	1592	0
100014173	4318	5	0	524	0
100015601	1739	8	0	3100	0
100017701	2030	906	1	1910	0
100018587	4135	49	1	662	0
100019269	3303	487	1	1056	0
100021743	1441	1742	1	1663	0
100024660	2647	5	0	2195	0
100024773	3100	290	0	1457	0
100027217	2639	410	1	1797	0
100031574	2574	149	0	2124	0
100037950	2051	1758	2	1036	0
100039072	2008	193	0	2646	0
100039329	3932	95	0	820	0
100040528	3195	149	0	1503	0
100045620	3322	4	0	1521	0
100045961	3102	267	2	1476	0
100046246	1767	1224	1	1855	0
100049692	2193	1533	1	1120	0
100049785	1897	1109	1	1840	0
100050789	2264	1617	2	964	0
100051580	1777	123	0	2947	0
100051668	3136	931	2	778	0
100051800	2840	77	0	1930	0
100055618	2164	1686	2	995	0
100055790	3164	65	0	1618	0
100055793	3083	1204	2	558	0
100056225	2653	1156	1	1037	0
100059600	2099	1560	2	1186	0
100060756	2004	114	0	2729	0
100061034	1599	102	0	3146	0
100061834	1532	1885	2	1428	0
100062770	1787	1874	1	1185	0
100063091	1817	2	0	3028	0
100063136	1315	120	0	3412	0
100065568	1825	2162	2	858	0
100065955	2212	7	0	2628	0
100066515	2215	885	1	1746	0
100067902	3933	365	2	547	0
100075695	3769	363	1	714	0
100079256	4197	154	1	495	0
100079760	3995	282	1	569	0
100081117	3685	121	1	1040	0
100083263	1462	391	1	2993	0
100083268	1454	2	0	3391	0
100083643	1847	4	0	2996	0
100084660	3247	1	0	1599	0
100085388	1515	296	0	3036	0
100085407	1464	331	0	3052	0
100086858	2025	1094	2	1726	0
100087162	1792	660	2	2393	0
100091852	2201	531	0	2115	0
100092765	1691	375	0	2781	0
100096352	1776	6	0	3065	0
100097419	3482	1040	0	325	0
100099532	3785	469	2	591	0
100101515	3829	154	1	863	0
100102788	3404	134	0	1309	0
100103934	3256	268	1	1322	0
100107131	3866	454	2	525	0
100107260	2491	1063	1	1292	0
100107407	2725	254	0	1868	0
100107968	3450	18	0	1379	0
100108685	2009	372	0	2466	0
100111956	3103	486	1	1257	0
100116394	3783	651	1	412	0
100116850	3057	1133	1	656	0
100117044	4077	1	0	769	0
100127618	2064	310	1	2472	0
100130644	3133	825	1	888	0
100133974	2126	2275	1	445	0
100134270	3184	1004	1	658	0
100135336	1970	2124	1	752	0
100135401	3233	1	0	1613	0
100136628	2524	224	1	2098	0
100137592	4137	37	0	673	0
100139291	3685	109	1	1052	0
100142183	3621	110	1	1115	0
100143062	1810	18	1	3018	0
100143392	2422	29	1	2395	0
100143458	3130	957	2	758	0
100143603	1735	1721	1	1390	0
100145503	3590	11	1	1245	0
100147902	2830	1	0	2016	0
100148279	1527	85	0	3235	0
100149952	1860	131	0	2856	0
100150022	3691	53	0	1103	0
100150824	1833	83	1	2930	0
100152183	3662	53	2	1130	0
100153674	2012	375	3	2457	0
100154467	2465	66	2	2314	0
100156054	4257	11	1	578	0
100156658	2687	1561	2	597	0
100158188	2101	46	0	2700	0
100161025	1614	165	0	3068	0
100161133	3236	934	2	675	0
100161428	2464	175	0	2208	0
100162281	2365	178	2	2302	0
100163271	1979	1095	1	1772	0
100164547	2467	1280	1	1099	0
100166046	2390	745	0	1712	0
100167505	1784	238	3	2822	0
100174670	3156	73	0	1618	0
100175621	2354	130	0	2363	0
100175698	3641	46	0	1160	0
100179299	3438	540	1	868	0
100182059	1956	128	0	2763	0
100182451	1854	1181	1	1811	0
100182884	2288	909	2	1648	0
100185926	3828	41	0	978	0
100188123	3830	45	0	972	0
100190097	4141	243	2	461	0
100190830	1951	985	2	1909	0
100194962	2929	726	1	1191	0
100195014	2815	711	1	1320	0
100195477	3465	588	1	793	0
100196119	3512	581	1	753	0
100197059	2316	326	1	2204	0
100197824	2811	844	1	1191	0
100198059	2598	298	1	1950	0
100198098	3354	600	1	892	0
100198297	3896	408	1	542	0
100198799	1716	386	1	2744	0
100198889	2391	1020	1	1435	0
100199231	2347	1365	1	1134	0
100199250	2279	1355	1	1212	0
100203693	1720	1322	1	1804	0
100206801	2065	297	1	2484	0
100208275	2306	1047	1	1493	0
100210815	1841	817	0	2189	0
100213115	2967	838	1	1041	0
100220425	2565	989	1	1292	0
100225317	1913	1237	1	1696	0
100232074	2022	793	0	2032	0
100234367	2089	312	1	2445	0
100234743	2148	1609	1	1089	0
100237542	2273	667	0	1907	0
100238053	2346	258	1	2242	0
100241763	2267	820	0	1760	0
100243664	2673	1178	2	994	0
100244581	3493	795	2	557	0
100250197	3874	829	0	144	0
100250585	3914	1	0	932	0
100268991	3357	1040	1	449	0
100269860	1717	1883	2	1245	0
100271638	3465	790	1	591	0
100273750	4275	299	1	272	0
100274062	1842	3	0	3002	0
100274761	2281	688	1	1877	0
100274994	2983	1851	0	13	0
100275417	3348	194	1	1304	0
100277039	2317	629	1	1900	0
100277599	2425	1119	2	1301	0
100280436	3095	512	1	1239	0
100281563	2085	2750	0	12	0
100281756	1517	106	1	3223	0
100281997	3974	865	0	8	0
100282490	1626	3202	0	19	0
100282493	1603	1504	1	1739	0
100286234	1686	1115	2	2044	0
100292904	1536	2880	1	430	0
100294555	4065	777	0	5	0
100302514	2473	72	0	2302	0
100312175	1768	2186	1	892	0
100312431	2521	1	0	2325	0
100316589	3650	617	3	577	0
100318888	2417	78	0	2352	0
100326258	2353	1747	1	746	0
100330666	2170	1836	1	840	0
100331265	3935	414	2	496	0
100335883	4193	336	1	317	0
100335977	3259	55	0	1533	0
100338778	4332	0	0	515	0
100342845	1991	1096	3	1757	0
100344394	3804	403	1	639	0
100346741	3055	1097	2	693	0
100351260	1788	51	0	3008	0
100351703	3350	886	4	607	0
100352470	2104	356	1	2386	0
100353019	2093	2019	3	732	0
100355560	3861	495	4	487	0
100358103	2563	347	1	1936	0
100358200	4046	547	1	253	0
100359156	3961	0	0	886	0
100359333	2914	1546	1	386	0
100361925	2451	190	0	2206	0
100363032	3871	404	1	571	0
100364201	2450	1710	3	684	0
100367379	4005	426	1	415	0
100367891	2818	97	0	1932	0
100375347	3305	684	1	857	0
100381869	4215	275	1	356	0
100383005	3852	450	1	544	0
100384402	2679	1008	1	1159	0
100387939	4170	416	2	259	0
100392507	2062	8	0	2777	0
100403265	2398	1119	3	1327	0
100404022	1685	2	0	3160	0
100408047	4227	280	1	339	0
100408294	2049	2033	1	764	0
100410636	3945	548	1	353	0
100411287	3625	195	2	1025	0
100417473	3320	293	1	1233	0
100419867	4237	132	1	477	0
100426978	3193	120	0	1534	0
100428784	1780	445	1	2621	0
100430720	3165	456	1	1225	0
100433801	1774	866	1	2206	0
100433868	3718	18	0	1111	0
100437836	3965	3	0	879	0
100446046	4003	91	1	752	0
100447486	3485	200	0	1162	0
100453098	3619	43	0	1185	0
100457428	2999	70	0	1778	0
100462860	1765	457	0	2625	0
100466279	3187	127	0	1533	0
100470437	1527	150	0	3170	0
100471566	3511	108	0	1228	0
100472471	1693	9	0	3145	0
100474456	2976	93	0	1778	0
100475706	2776	65	0	2006	0
100482540	3829	50	0	968	0
100484005	2205	102	0	2540	0
100494652	2975	77	0	1795	0
100497091	2016	109	0	2722	0
100498035	3711	74	0	1062	0
100500416	1864	111	0	2872	0
100500915	2091	75	0	2681	0
100507990	1925	451	0	2471	0
100520311	3926	122	0	799	0
100533387	1662	174	0	3011	0
100543449	1981	71	0	2795	0
100543962	3280	185	0	1382	0
100544651	3150	59	0	1638	0
100546245	2631	72	0	2144	0
100550445	3831	42	0	974	0
100562757	2747	76	0	2024	0
100574992	2165	2277	0	405	0
100575616	2577	101	0	2169	0
100575679	3402	2	0	1443	0
100575933	3463	575	0	809	0
100576914	3970	3	0	874	0
100579327	3936	849	0	62	0
100580789	3956	0	0	891	0
100581022	3482	24	0	1341	0
100582909	2537	6	0	2304	0
100586705	3179	15	0	1653	0
100592653	3849	435	0	563	0
100598867	2946	1628	0	273	0
100603706	2298	88	0	2461	0
100604080	1512	2898	0	437	0
100604677	3739	52	0	1056	0
100609639	2825	86	0	1936	0
100611931	2085	2390	0	372	0
100612675	3301	716	1	829	0
100612955	1997	2	0	2848	0
100616349	2122	35	0	2690	0
100618148	3984	2	0	861	0
100643910	2426	2203	0	218	0
100644500	3711	62	0	1074	0
100645979	2085	2373	0	389	0
100650664	3914	831	0	102	0
100651560	2485	45	0	2317	0
100654453	2885	5	0	1957	0
100656265	3404	1190	0	253	0
100656494	3030	743	0	1074	0
100656939	2329	150	0	2368	0
100660826	2289	88	0	2470	0
100661723	4050	0	0	797	0
100663679	3296	1408	0	143	0
100672060	1719	2860	0	268	0
100683906	3079	1501	0	267	0
100701448	4295	0	0	552	0
100703069	3741	945	0	161	0
100709301	2475	2003	1	368	0
100712743	3455	0	0	1392	0
100713760	1679	2665	1	502	0
100713877	2629	1898	1	319	0
100714826	2130	2	0	2715	0
100715782	2428	49	0	2370	0
100716167	2419	2104	1	323	0
100719130	2678	916	1	1252	0
100728138	3673	965	1	208	0
100731263	2284	2210	1	352	0
100732450	1822	2581	1	443	0
100732503	1704	5	0	3138	0
100732855	3199	138	0	1510	0
100735903	4142	597	1	107	0
100740866	2503	4	0	2340	0
100744650	3412	1243	1	191	0
100744798	2187	2218	1	441	0
100747191	3186	1654	0	7	0
100762977	2350	2230	1	266	0
100763302	2498	19	0	2330	0
100765696	1848	1698	1	1300	0
100766320	1919	2639	1	288	0
100770760	2074	278	0	2495	0
100781361	2299	262	1	2285	0
100781537	2664	291	2	1890	0
100789875	3983	0	0	864	0
100792699	3626	125	0	1096	0
100793934	2452	646	1	1748	0
100794138	1747	2	0	3098	0
100795207	1879	385	1	2582	0
100796120	2752	1198	3	894	0
100797449	3009	809	1	1028	0
100800905	3482	650	2	713	0
100806404	2443	2274	1	129	0
100811859	3716	803	1	327	0
100818728	1857	863	2	2125	0
100821493	1791	2791	1	264	0
100822776	3600	358	3	886	0
100824378	3947	184	0	716	0
100827090	1752	926	3	2166	0
100828060	4187	80	0	580	0
100830748	1630	10	0	3207	0
100838317	4031	108	0	708	0
100841993	3880	136	0	831	0
100848431	1830	76	0	2941	0
100851842	1794	14	0	3039	0
100853755	3417	631	3	796	0
100858674	3936	5	0	906	0
100863864	2043	549	0	2255	0
100864225	2632	126	0	2089	0
100864473	1905	150	0	2792	0
100865971	3400	262	0	1185	0
100866272	3234	95	0	1518	0
100869821	3287	345	0	1215	0
100876505	2739	1311	4	793	0
100880025	2473	2031	1	342	0
100885228	3412	256	0	1179	0
100886970	4214	113	0	520	0
100891250	2540	1	0	2306	0
100893802	3024	2	0	1821	0
100902936	2479	1586	4	778	0
100906466	3951	25	0	871	0
100908634	2902	2	0	1943	0
100914659	3478	165	1	1203	0
100916013	2236	460	0	2151	0
100916116	2161	33	0	2653	0
100916183	2457	409	0	1981	0
100916676	2916	261	0	1670	0
100917628	3508	322	0	1017	0
100919788	3085	307	0	1455	0
100922410	2540	3	0	2304	0
100925633	2130	1695	1	1021	0
100926901	1650	772	1	2424	0
100928873	1868	15	0	2964	0
100929959	1728	9	0	3110	0
100930066	2740	14	0	2093	0
100933672	3171	11	0	1665	0
100934310	3371	13	0	1463	0
100943100	2484	932	4	1427	0
100946415	3488	1	0	1358	0
100949025	3767	15	0	1065	0
100949860	3218	224	0	1405	0
100950884	3281	5	0	1561	0
100951192	2770	3	0	2074	0
100951624	3992	3	0	852	0
100953859	2561	2228	0	58	0
100954084	4033	5	0	809	0
100954450	1644	6	0	3197	0
100955532	2713	758	4	1372	0
100956184	1919	2864	0	64	0
100956478	3169	678	1	999	0
100959325	3888	926	0	33	0
100961419	2326	2450	0	71	0
100962483	3055	36	0	1756	0
100962949	1896	38	0	2913	0
100965683	2614	2175	0	58	0
100968348	3078	17	0	1752	0
100970346	2132	1058	2	1655	0
100970357	2099	6	0	2742	0
100971409	1624	3095	0	128	0
100972046	3047	13	0	1787	0
100972390	4081	738	0	28	0
100975658	2430	678	0	1739	0
100975680	1930	338	1	2578	0
100977088	2290	2486	0	71	0
100977372	2347	4	0	2496	0
100984439	3531	125	1	1190	0
100986282	1991	2774	0	82	0
100988821	1864	2906	0	77	0
100989370	2879	4	0	1964	0
100991649	1664	2249	1	933	0
100991834	1620	1894	1	1332	0
100996074	2501	2011	1	334	0
100996399	3535	139	1	1172	0
100996698	3443	7	0	1397	0
100997095	1899	1	0	2947	0
100997635	1993	1222	4	1628	0
100997680	1674	975	3	2195	0
100998696	1928	2847	0	72	0
101002078	2735	5	0	2107	0
101003762	2345	1577	1	924	0
101005855	2865	1754	1	227	0
101006240	2863	262	0	1722	0
101006577	3508	726	1	612	0
101007986	2112	756	3	1976	0
101008154	2341	9	0	2497	0
101010015	2541	2033	1	272	0
101010067	1906	310	1	2630	0
101013734	3287	787	3	770	0
101024217	3014	1784	0	49	0
101024423	4023	209	0	615	0
101025917	2765	1344	0	738	0
101027258	2775	235	1	1836	0
101027524	2808	1515	0	524	0
101028086	2530	2254	0	63	0
101028907	3268	1151	0	428	0
101029715	3448	108	0	1291	0
101031689	1810	460	1	2576	0
101032950	3572	1265	0	10	0
101033032	3910	149	0	788	0
101036419	2058	2771	0	18	0
101040836	3213	1104	2	528	0
101041043	2607	284	0	1956	0
101041174	2140	1949	2	756	0
101041766	3824	700	2	321	0
101043897	1681	665	2	2499	0
101043928	1366	929	2	2550	0
101044150	3506	385	0	956	0
101047815	2750	164	1	1932	0
101048203	1654	3183	0	10	0
101050531	1848	16	0	2983	0
101051656	2371	1108	1	1367	0
101053343	3990	85	1	771	0
101054157	3368	2	0	1477	0
101055002	2772	573	0	1502	0
101069961	2133	4	0	2710	0
101070213	3338	5	0	1504	0
101073216	2477	286	1	2083	0
101075125	1852	6	0	2989	0
101075585	1994	9	0	2844	0
101077323	3190	1269	1	387	0
101078467	2536	1990	0	321	0
101079182	3013	1593	0	241	0
101080152	1728	252	1	2866	0
101083915	1937	2816	0	94	0
101084092	2988	1818	0	41	0
101084273	2099	900	0	1848	0
101084542	1959	2513	2	373	0
101085094	1911	1672	1	1263	0
101085875	2445	527	0	1875	0
101088124	1913	1242	2	1690	0
101089079	4010	437	2	398	0
101090597	2762	2085	0	0	0
101091984	3926	22	0	899	0
101092090	3152	315	0	1380	0
101093078	2053	4	0	2790	0
101094139	2088	292	0	2467	0
101094609	2171	1442	2	1232	0
101106044	1947	307	1	2592	0
101106268	2073	1579	2	1193	0
101106534	3373	751	2	721	0
101106981	3523	614	1	709	0
101107147	3590	579	3	675	0
101107748	2511	794	2	1540	0
101109431	3398	143	1	1305	0
101111615	2711	549	2	1585	0
101113032	1663	3	0	3181	0
101128249	3777	600	2	468	0
101141250	2315	5	0	2527	0
101142049	2331	1361	2	1153	0
101148289	2711	277	0	1859	0
101149156	2497	1	0	2349	0
101168196	2690	1213	2	942	0
101175651	2120	1628	1	1098	0
101181342	2456	634	1	1756	0
101181397	1863	52	0	2932	0
101181446	1859	4	0	2984	0
101181503	1951	8	0	2888	0
101181576	2103	626	1	2117	0
101181947	4135	66	1	645	0
101185363	2052	3	0	2792	0
101187219	3564	611	2	670	0
101190866	1891	831	1	2124	0
101192172	2806	11	0	2030	0
101192935	3482	9	0	1356	0
101193323	3501	11	0	1335	0
101194205	2564	580	2	1701	0
101195659	3885	630	2	330	0
101196787	2444	6	0	2397	0
101197183	3972	87	1	787	0
101197289	2092	2667	0	88	0
101197384	1706	149	1	2991	0
101198708	3701	172	1	973	0
101198813	2519	3	0	2325	0
101199886	2481	384	1	1981	0
101202256	2728	2054	0	65	0
101203698	2615	304	0	1928	0
101203765	2786	1	0	2060	0
101203827	3497	1284	0	66	0
101204495	2134	120	0	2593	0
101206683	4047	103	0	697	0
101209653	4065	478	1	303	0
101215995	3108	733	2	1004	0
101218108	2454	283	0	2110	0
101221828	2980	0	0	1867	0
101222657	2623	1286	3	935	0
101222807	3301	626	2	918	0
101224146	3179	392	2	1274	0
101224246	2499	967	3	1378	0
101224461	2791	310	0	1746	0
101225444	2174	1605	2	1066	0
101226161	1906	2934	0	7	0
101229812	1862	868	2	2115	0
101231300	3227	690	2	928	0
101236137	3752	134	0	961	0
101240893	3623	543	2	679	0
101242593	4267	106	2	472	0
101242937	2757	18	0	2072	0
101247948	3498	634	3	712	0
101254541	4178	668	0	1	0
101255566	2432	48	0	2367	0
101257825	2214	1353	3	1277	0
101259025	2938	1045	2	862	0
101260427	3214	787	3	843	0
101260583	3570	586	3	688	0
101264772	2536	73	0	2238	0
101265134	1832	102	0	2913	0
101265845	1810	46	0	2991	0
101269419	2110	11	0	2726	0
101272079	1896	383	0	2568	0
101272402	2695	1062	3	1087	0
101273777	2759	866	3	1219	0
101274090	1748	1300	2	1797	0
101274814	3106	607	3	1131	0
101275018	2427	859	3	1558	0
101276544	1930	1893	2	1022	0
101276999	3309	206	0	1332	0
101292859	4120	286	2	439	0
101294367	2578	0	0	2269	0
101315934	2646	260	0	1941	0
101322866	2616	677	1	1553	0
101324152	3583	142	1	1121	0
101324294	3175	21	0	1651	0
101327580	2591	38	0	2218	0
101328083	2015	1738	4	1090	0
101328230	2002	1914	2	929	0
101328818	1796	0	0	3051	0
101331536	3969	521	2	355	0
101331757	2549	5	0	2293	0
101334422	2228	20	0	2599	0
101339777	2657	23	0	2167	0
101350306	2612	241	0	1994	0
101350706	1787	15	0	3045	0
101351661	2578	734	2	1533	0
101353731	3909	3	0	935	0
101354386	3961	3	0	883	0
101355383	3128	3	0	1716	0
101360215	1882	333	0	2632	0
101362371	1705	474	0	2668	0
101365502	3173	4	0	1670	0
101371965	1573	16	0	3258	0
101373328	2424	626	0	1797	0
101373471	2266	7	0	2574	0
101374815	2244	195	1	2407	0
101378647	2767	1750	2	328	0
101390090	1754	508	1	2584	0
101391480	2089	6	0	2752	0
101400962	2486	13	0	2348	0
101404690	2632	1	0	2214	0
101407028	2761	580	2	1504	0
101407519	2947	423	0	1477	0
101408933	1940	736	1	2170	0
101417976	3219	42	0	1586	0
101420406	3850	137	0	860	0
101426960	3595	120	0	1132	0
101434863	2452	4	0	2391	0
101437576	3948	5	0	894	0
101442367	2710	232	0	1905	0
101443701	2136	631	1	2079	0
101446276	4042	81	0	724	0
101448381	1929	15	0	2903	0
101457021	2746	2100	0	1	0
101461323	3704	0	0	1143	0
101462232	2222	342	0	2283	0
101463355	3076	0	0	1771	0
101472742	3233	160	0	1454	0
101474336	3470	30	0	1347	0
101475901	2133	620	0	2094	0
101484352	2361	15	0	2471	0
101486061	1874	259	0	2714	0
101491206	3241	3	0	1603	0
101496595	1822	4	0	3021	0
101498682	3585	303	0	959	0
101500622	3399	119	0	1329	0
101503036	1678	64	0	3105	0
101503147	3886	4	0	957	0
101503755	3322	307	1	1217	0
101504079	3504	140	0	1203	0
101511602	4087	5	0	755	0
101513708	3926	158	2	761	0
101528954	3446	138	0	1263	0
101529664	1900	251	0	2696	0
101530528	2866	4	0	1977	0
101539866	4206	166	2	473	0
101540050	3475	174	0	1198	0
101540999	3109	522	3	1213	0
101543205	3786	193	0	868	0
101543389	2775	171	0	1901	0
101546439	2892	331	0	1624	0
101546699	2463	541	0	1843	0
101549316	2832	487	2	1526	0
101551926	2603	202	0	2042	0
101563001	3504	274	0	1069	0
101573408	3996	83	0	768	0
101586819	4027	272	0	548	0
101588361	3202	15	0	1630	0
101588654	2255	272	0	2320	0
101589082	1449	452	0	2946	0
101590335	1808	555	0	2484	0
101591083	2072	6	0	2769	0
101596048	1960	529	0	2358	0
101596473	1541	5	0	3301	0
101597229	3537	971	0	339	0
101601911	2757	151	0	1939	0
101601992	1842	3004	0	1	0
101602062	1796	228	0	2823	0
101602454	3166	1397	0	284	0
101603450	2407	214	0	2226	0
101604554	2541	236	2	2068	0
101604753	1976	445	1	2425	0
101605109	2959	130	0	1758	0
101606862	2893	132	0	1822	0
101606903	2492	215	0	2140	0
101612212	1864	232	0	2751	0
101612929	1822	2	0	3023	0
101613353	3248	0	0	1599	0
101614407	3303	2	0	1542	0
101615245	3767	2	0	1078	0
101616499	2373	176	0	2298	0
101620362	2309	59	0	2479	0
101620370	2462	454	0	1931	0
101620729	3623	140	0	1084	0
101622960	3560	201	1	1085	0
101624071	1894	1949	0	1004	0
101624468	2145	733	1	1968	0
101628009	3259	1145	1	442	0
101638999	2790	493	1	1563	0
101639648	3081	206	0	1560	0
101644898	2112	227	1	2507	0
101647080	2048	1038	1	1760	0
101647767	2077	3	0	2767	0
101649805	4088	3	0	756	0
101654096	2696	833	2	1316	0
101655220	2189	763	3	1892	0
101655670	1677	2288	1	881	0
101657185	2237	970	3	1637	0
101660413	2297	226	0	2324	0
101664777	2010	288	0	2549	0
101664811	2098	565	1	2183	0
101666212	1881	209	1	2756	0
101668345	2466	1623	1	757	0
101668588	3070	1117	1	659	0
101669289	3872	633	1	341	0
101669928	1769	1845	1	1232	0
101670203	2819	3	0	2025	0
101670236	2964	1093	1	789	0
101670666	1930	1725	1	1191	0
101670747	1778	1930	1	1138	0
101673602	1802	6	0	3039	0
101673998	3614	185	0	1048	0
101675844	4000	243	0	604	0
101677732	3376	139	0	1332	0
101681468	1997	1657	1	1192	0
101683111	2824	64	0	1959	0
101683903	2236	2090	1	520	0
101684415	1886	1977	1	983	0
101688079	1831	322	0	2694	0
101690270	3632	503	1	711	0
101690323	2503	248	0	2096	0
101695856	3758	103	0	986	0
101701432	1687	1134	2	2024	0
101704029	2386	222	2	2237	0
101707126	4049	92	1	705	0
101708168	3560	0	0	1287	0
101708752	4325	43	1	478	0
101709563	2167	383	0	2297	0
101711783	2088	687	2	2070	0
101715646	4183	39	1	624	0
101716688	2891	1310	2	644	0
101718276	3173	381	4	1289	0
101725544	3590	1208	0	49	0
101725605	2842	283	1	1721	0
101726878	3591	803	2	451	0
101727115	2330	5	0	2512	0
101730786	2085	11	0	2751	0
101731461	1871	266	1	2709	0
101732641	2297	1593	3	954	0
101732914	1768	555	0	2524	0
101733105	2291	1836	1	719	0
101733328	2743	152	1	1951	0
101733533	1905	846	0	2096	0
101733861	2490	784	2	1571	0
101735917	3943	351	3	550	0
101736043	3245	1258	0	344	0
101736356	2319	199	1	2328	0
101740406	3181	540	1	1125	0
101741839	3565	8	0	1274	0
101742954	1319	284	0	3244	0
101744633	2092	979	3	1773	0
101745077	2634	948	2	1263	0
101747767	2804	974	1	1068	0
101749974	3109	894	2	842	0
101750048	2854	922	2	1069	0
101751884	2074	2255	0	518	0
101751970	2529	1	0	2317	0
101753101	3039	716	3	1089	0
101757026	1916	1688	3	1240	0
101757197	3609	0	0	1238	0
101760889	2918	748	1	1180	0
101761595	1920	2	0	2925	0
101762861	3978	45	0	824	0
101765925	1563	480	0	2804	0
101767274	1753	852	2	2240	0
101768037	2054	5	0	2788	0
101768868	2740	1033	0	1074	0
101769456	2659	9	0	2179	0
101769919	3561	572	0	714	0
101770181	1735	368	0	2744	0
101770302	2877	763	0	1207	0
101771622	1764	1538	0	1545	0
101772074	2414	788	1	1644	0
101772220	2160	822	1	1864	0
101772514	2116	1039	1	1691	0
101774930	3959	219	0	669	0
101775591	2343	1	0	2503	0
101777374	3396	3	0	1448	0
101778236	1650	2203	0	994	0
101779674	3152	401	0	1294	0
101779915	3178	103	1	1565	0
101780744	1700	69	0	3078	0
101782124	1807	2596	0	444	0
101784340	2160	347	3	2337	0
101788250	3590	2	0	1255	0
101793457	3136	858	2	851	0
101794316	2382	56	0	2409	0
101795029	3103	588	0	1156	0
101796476	1865	2	0	2980	0
101801342	1711	734	1	2401	0
101809218	2242	244	0	2361	0
101815604	1622	1141	1	2083	0
101819577	2909	830	1	1107	0
101826927	2898	1247	0	702	0
101830625	2334	2245	1	267	0
101830858	3256	718	0	873	0
101836640	1909	1379	1	1558	0
101836780	3374	797	1	675	0
101836932	2904	900	3	1040	0
101836994	2473	512	1	1861	0
101837079	1622	1037	1	2187	0
101838064	2600	1912	1	334	0
101842449	1539	769	1	2538	0
101843087	2157	597	0	2093	0
101843254	2002	406	0	2439	0
101847845	1571	1379	0	1897	0
101848337	3981	322	0	544	0
101848719	3067	948	0	832	0
101849423	3669	714	1	463	0
101849830	2354	1114	2	1377	0
101851025	3839	174	1	833	0
101851102	1732	79	0	3036	0
101851347	2087	148	0	2612	0
101851728	1951	630	0	2266	0
101855993	2703	112	0	2032	0
101857090	2007	7	0	2833	0
101857117	3153	682	1	1011	0
101862103	3439	386	0	1022	0
101863214	3627	495	1	724	0
101864215	3589	504	1	753	0
101865012	2376	419	1	2051	0
101865954	2091	1634	0	1122	0
101866109	2662	1302	0	883	0
101866389	2159	818	0	1870	0
101868793	3715	416	2	714	0
101868913	2098	1245	0	1504	0
101870623	2343	55	0	2449	0
101871252	2696	1130	0	1021	0
101871324	1726	519	0	2602	0
101872103	2538	121	0	2188	0
101872629	4325	257	0	265	0
101872865	3440	1122	0	285	0
101874416	1977	449	0	2421	0
101874781	3739	0	0	1108	0
101876646	1707	324	1	2815	0
101882875	1756	1658	1	1432	0
101885296	3536	161	0	1150	0
101895945	3963	86	0	798	0
101897971	3712	501	1	633	0
101898062	2233	64	0	2550	0
101898520	2879	1	0	1967	0
101903000	2042	2507	0	298	0
101904325	3970	277	3	597	0
101906412	3184	581	3	1079	0
101908397	2386	2134	0	327	0
101917715	3664	130	1	1052	0
101918376	2197	457	0	2193	0
101919802	3201	186	1	1459	0
101920805	2708	688	1	1450	0
101921057	1888	292	2	2665	0
101922001	2695	8	0	2144	0
101926586	3414	347	1	1085	0
101927038	2718	248	0	1881	0
101927483	4281	53	0	513	0
101932014	1814	2363	1	669	0
101934675	2219	1373	1	1254	0
101937381	3337	1111	0	399	0
101937714	4407	69	1	370	0
101937782	3773	500	3	571	0
101938477	1750	1379	1	1717	0
101938631	3550	124	1	1172	0
101938663	3739	560	1	547	0
101939689	1959	1822	1	1065	0
101940233	3221	6	0	1620	0
101940809	2726	1009	1	1111	0
101943331	3713	548	3	583	0
101944380	1838	103	0	2906	0
101945171	4124	391	1	331	0
101945654	2715	316	1	1815	0
101945977	2429	986	1	1431	0
101947011	1931	321	1	2594	0
101949051	2052	5	0	2790	0
101950066	2899	1752	0	196	0
101951395	2063	1912	1	871	0
101952173	3822	239	0	786	0
101961142	4130	254	1	462	0
101962882	4285	518	0	44	0
101963766	3085	762	4	996	0
101963918	2291	238	1	2317	0
101965945	3280	1222	0	345	0
101972240	3881	346	4	616	0
101972985	1640	341	0	2866	0
101973475	3778	518	1	550	0
101973613	2345	1204	1	1297	0
101976237	3473	146	0	1228	0
101983808	3604	251	0	992	0
101984932	2356	1063	1	1427	0
101988395	2151	297	1	2398	0
101991399	2100	636	0	2111	0
101991786	3347	43	2	1455	0
101992222	3694	900	0	253	0
101995341	2051	629	1	2166	0
101996097	3087	807	1	952	0
102004654	2664	1819	0	364	0
102005028	1984	2380	0	483	0
102005147	1698	0	0	3149	0
102007614	2977	1200	1	669	0
102009185	2881	1676	0	290	0
102009352	1681	2636	0	530	0
102009767	1862	2037	3	945	0
102009914	3606	831	1	409	0
102010102	4264	424	1	158	0
102011474	1474	2918	0	455	0
102011542	2318	2	0	2527	0
102011910	2507	1577	3	760	0
102013468	3393	273	0	1181	0
102013815	2102	2016	3	726	0
102014461	2805	620	1	1421	0
102017100	3458	303	1	1085	0
102020378	3736	320	1	790	0
102022538	2873	1335	0	639	0
102023297	3032	1244	0	571	0
102024942	2098	1862	0	887	0
102024990	2024	2458	0	365	0
102025808	2252	65	3	2527	0
102033242	2751	52	1	2043	0
102033539	3601	369	4	873	0
102036365	1917	468	0	2462	0
102037123	2419	2365	3	60	0
102037330	4168	647	3	29	0
102039804	3731	212	1	903	0
102039854	2979	165	3	1700	0
102040519	3208	633	1	1005	0
102041558	2888	1456	0	503	0
102042430	2133	507	2	2205	0
102044497	3352	1484	0	11	0
102044634	2053	2727	0	67	0
102049715	4002	0	0	845	0
102051379	2457	35	0	2355	0
102053776	3443	4	0	1400	0
102055220	2122	41	0	2684	0
102057383	3915	632	2	298	0
102059264	2419	11	0	2417	0
102060359	3916	31	0	900	0
102062537	1512	85	0	3250	0
102069466	2644	170	0	2033	0
102069696	3332	83	0	1432	0
102069709	2835	125	0	1887	0
102069907	3135	102	0	1610	0
102070105	2267	120	0	2460	0
102070592	3752	40	0	1055	0
102071079	1713	190	0	2944	0
102074102	3238	18	0	1591	0
102074475	2175	174	0	2498	0
102082203	2557	113	0	2177	0
102082236	2264	1890	0	693	0
102085295	3004	113	0	1730	0
102085421	2029	158	0	2660	0
102085484	2429	16	0	2402	0
102085498	2319	161	0	2367	0
102085808	3615	76	0	1156	0
102088142	3770	74	0	1003	0
102088317	2698	117	0	2032	0
102090174	2566	1762	2	517	0
102090266	2418	522	2	1905	0
102095912	2270	2006	0	571	0
102100708	3047	44	0	1756	0
102100950	3555	64	0	1228	0
102101223	2323	2240	0	284	0
102104126	1810	171	0	2866	0
102105922	2259	54	0	2534	0
102109191	2055	6	0	2786	0
102109233	3083	86	0	1678	0
102110628	3045	126	0	1676	0
102112168	4108	49	0	690	0
102115510	4054	45	0	748	0
102120197	3295	64	0	1488	0
102129604	2794	106	0	1947	0
102137082	2848	5	0	1994	0
102146498	2603	6	0	2238	0
102149291	2037	67	0	2743	0
102149814	3099	51	0	1697	0
102150288	3498	0	0	1349	0
102154405	2395	37	0	2415	0
102161482	3122	59	0	1666	0
102163968	3690	7	0	1150	0
102164578	3537	11	1	1298	0
102166631	3825	12	1	1009	0
102170295	4267	537	0	43	0
102172619	3522	39	0	1286	0
102173777	1917	8	0	2922	0
102174512	4145	1	0	701	0
102176419	1916	225	0	2706	0
102184150	2295	176	1	2375	0
102185590	2360	2483	0	4	0
102189250	3264	421	2	1160	0
102190696	1805	302	1	2739	0
102192809	3150	132	0	1565	0
102195884	3016	7	0	1824	0
102197513	3239	715	2	891	0
102197790	2398	600	3	1846	0
102199014	3116	576	2	1153	0
102200830	3953	207	1	686	0
102201271	2315	320	2	2210	0
102201602	2989	254	1	1603	0
102201705	2791	251	1	1804	0
102203814	3600	129	1	1117	0
102206351	2056	260	1	2530	0
102207476	1775	30	0	3042	0
102209045	3822	459	4	562	0
102211705	3725	923	2	197	0
102213845	1983	126	0	2738	0
102218082	4106	70	1	670	0
102222006	3209	1350	1	287	0
102222593	4043	48	1	755	0
102223728	1879	266	0	2702	0
102228731	4133	137	1	576	0
102233475	4205	76	0	566	0
102233834	2069	2154	1	623	0
102235035	3053	294	2	1498	0
102235679	1968	403	2	2474	0
102236122	2595	316	2	1934	0
102237818	3626	405	1	815	0
102239205	2304	798	2	1743	0
102240680	2550	7	0	2290	0
102240840	1949	911	1	1986	0
102241441	3834	354	2	657	0
102241610	3029	639	2	1177	0
102242766	3619	792	2	434	0
102243101	4057	136	1	653	0
102246949	1963	48	0	2836	0
102250007	1664	3	0	3180	0
102254704	3032	469	0	1346	0
102255522	1827	4	0	3016	0
102259707	1929	107	1	2810	0
102260272	3426	677	1	743	0
102263414	3336	7	0	1504	0
102263909	2311	425	2	2109	0
102271774	1975	1405	1	1466	0
102272312	3019	1029	1	798	0
102274240	1663	24	0	3160	0
102274276	1693	2538	0	616	0
102276143	3913	132	0	802	0
102279573	4203	90	1	553	0
102283539	3292	569	0	986	0
102284828	2874	1369	2	602	0
102285043	2895	411	2	1539	0
102285489	1896	1348	1	1602	0
102285786	2997	3	0	1847	0
102286079	3637	389	2	819	0
102287234	3857	295	1	694	0
102292567	4110	201	0	536	0
102296144	2006	419	1	2421	0
102296279	2654	369	1	1823	0
102297845	3170	957	3	717	0
102298999	2372	2367	0	108	0
102299972	4287	519	0	41	0
102301624	3120	1	0	1726	0
102302923	3977	337	1	532	0
102303034	4135	651	0	61	0
102304152	4074	408	2	363	0
102305976	2581	567	1	1698	0
102308337	1542	395	0	2910	0
102309649	1903	1210	1	1733	0
102311263	2080	5	0	2762	0
102315214	1964	448	1	2434	0
102316701	2244	173	2	2428	0
102316730	1855	1376	3	1613	0
102317241	2999	42	1	1805	0
102320291	2048	1342	3	1454	0
102326159	2947	918	3	979	0
102327143	3396	95	0	1356	0
102330462	2249	214	2	2382	0
102330678	2311	2	0	2534	0
102333156	2415	4	0	2428	0
102338961	4011	377	3	456	0
102339633	2871	924	2	1050	0
102341819	2134	720	1	1992	0
102343707	3546	12	0	1289	0
102344426	3624	69	2	1152	0
102344571	2368	1330	0	1149	0
102344973	3873	494	1	479	0
102348142	1504	1869	1	1473	0
102350747	2474	513	0	1860	0
102351870	4225	152	1	469	0
102355357	4312	99	1	435	0
102355850	4211	99	1	536	0
102357104	3971	64	0	812	0
102359002	3492	678	1	676	0
102359218	2491	51	0	2305	0
102366140	1646	368	2	2831	0
102367162	2687	805	2	1353	0
102367371	3679	4	0	1164	0
102369001	2126	2	0	2719	0
102370006	2315	1074	4	1454	0
102371076	2850	169	2	1826	0
102371480	3838	1	0	1008	0
102372339	2657	873	4	1313	0
102376258	3195	574	2	1076	0
102376563	3994	382	2	469	0
102377783	2848	798	4	1197	0
102377945	2482	6	0	2359	0
102378168	1948	4	0	2895	0
102378281	3840	505	4	498	0
102378410	3468	148	2	1229	0
102378920	2961	879	4	1003	0
102379720	3232	658	2	955	0
102379793	1464	9	0	3374	0
102379805	1560	302	2	2983	0
102380254	2049	1252	4	1542	0
102380997	4167	278	2	400	0
102381594	2275	23	0	2549	0
102382404	2739	395	2	1711	0
102386005	2934	603	2	1308	0
102387067	2155	557	2	2133	0
102387098	1730	1103	4	2010	0
102390702	2558	1100	0	1189	0
102393844	2698	826	0	1323	0
102395220	3921	509	2	415	0
102395952	3639	12	0	1196	0
102399210	2882	144	0	1821	0
102402745	1724	265	0	2858	0
102404247	1758	1249	2	1838	0
102404283	1875	1209	2	1761	0
102404450	2863	27	0	1957	0
102407029	4028	301	0	518	0
102407313	2552	868	2	1425	0
102410053	2968	623	2	1254	0
102410515	2768	182	0	1897	0
102413524	1849	1358	2	1638	0
102415679	3380	25	0	1442	0
102419337	2268	225	0	2354	0
102420542	1759	257	0	2831	0
102421482	2512	2172	0	163	0
102425314	3554	376	2	915	0
102425724	3286	504	2	1055	0
102425729	3321	45	0	1481	0
102429221	3366	315	1	1165	0
102430634	2398	2029	0	420	0
102431521	3236	1425	0	186	0
102435130	4138	376	1	332	0
102435169	3761	40	0	1046	0
102437203	4243	78	0	526	0
102439329	3426	382	1	1038	0
102443692	3837	861	0	149	0
102447116	2538	647	2	1660	0
102447792	2215	684	1	1947	0
102469031	2449	63	1	2334	0
102471839	4024	178	1	644	0
102473559	2692	701	2	1452	0
102474743	3714	383	2	748	0
102477512	1823	64	0	2960	0
102481916	1655	83	1	3108	0
102496576	2674	975	2	1196	0
102510427	3602	230	0	1015	0
102511803	2588	528	4	1727	0
102514633	4166	680	0	1	0
102520266	2018	7	0	2822	0
102520898	2048	1746	3	1050	0
102523729	1958	4	0	2885	0
102525295	1877	670	4	2296	0
102536498	3862	832	0	153	0
102536693	3154	296	1	1396	0
102538050	2711	606	2	1528	0
102540084	4266	335	2	244	0
102540496	2468	1973	0	406	0
102543901	3977	465	2	403	0
102546011	2503	2001	0	343	0
102548596	3722	23	0	1102	0
102549156	3624	1015	0	208	0
102551395	1825	60	0	2962	0
102554563	1937	315	0	2595	0
102557785	1932	8	0	2907	0
102562640	2066	1502	1	1278	0
102565669	2047	2019	3	778	0
102566131	3637	796	1	413	0
102572944	3145	370	1	1331	0
102575629	2535	414	0	1898	0
102579307	3118	316	1	1412	0
102579985	3239	315	4	1289	0
102583375	3897	203	1	746	0
102586209	1974	636	1	2236	0
102586842	1814	568	4	2461	0
102588459	3500	406	2	939	0
102588891	4386	245	1	215	0
102594735	3636	793	1	417	0
102608577	2939	960	1	947	0
102609623	3742	94	1	1010	0
102616451	1785	1265	2	1795	0
102618195	3214	782	1	850	0
102620164	4198	510	0	139	0
102620548	2279	234	1	2333	0
102620560	2542	98	0	2207	0
102624831	3043	11	0	1793	0
102626491	3475	138	0	1234	0
102626854	3212	438	1	1196	0
102628005	3143	802	0	902	0
102628100	4028	279	0	540	0
102628298	3080	813	1	953	0
102629663	2978	532	1	1336	0
102632935	2485	206	0	2156	0
102647898	1879	880	3	2085	0
102647938	2856	1581	0	410	0
102653180	1987	332	0	2528	0
102654518	2960	560	3	1324	0
102656976	3520	4	0	1323	0
102667295	1661	6	0	3180	0
102667388	2394	676	1	1776	0
102670310	1889	2296	0	662	0
102673499	3947	264	0	636	0
102678548	2939	674	0	1234	0
102684733	2743	57	1	2046	0
102685493	2604	0	0	2243	0
102686703	3097	533	0	1217	0
102688814	3051	338	2	1456	0
102689318	2204	51	0	2592	0
102697908	3001	1352	2	492	0
102697991	1946	1006	1	1894	0
102699037	1617	61	0	3169	0
102701409	3538	502	0	807	0
102701717	1933	231	0	2683	0
102704421	3197	582	1	1067	0
102705824	2915	157	1	1774	0
102706588	4107	557	0	183	0
102708517	3438	612	0	797	0
102711925	3898	319	2	628	0
102714517	3026	1448	0	373	0
102717010	3784	408	2	653	0
102724015	3960	209	2	676	0
102726399	3124	108	0	1615	0
102726802	3265	105	0	1477	0
102733233	4014	247	0	586	0
102734224	3917	45	0	885	0
102739517	3492	125	0	1230	0
102740645	4010	227	0	610	0
102742475	2260	748	1	1838	0
102760382	3596	705	1	545	0
102785673	2890	1282	1	674	0
102791263	2950	472	0	1425	0
102791304	2418	2326	0	103	0
102791988	2155	989	1	1702	0
102794417	3998	254	1	594	0
102795212	3487	435	1	924	0
102796707	3632	709	1	505	0
102798709	1874	6	0	2967	0
102804366	4111	48	0	688	0
102810199	2017	50	0	2780	0
102810303	2113	2109	1	624	0
102816541	3586	897	1	363	0
102816841	3567	870	1	409	0
102818190	2792	24	0	2031	0
102819484	2600	20	0	2227	0
102826930	3165	1150	1	531	0
102827023	2608	96	0	2143	0
102827177	3203	60	0	1584	0
102827390	1879	186	0	2782	0
102827885	4066	62	0	719	0
102827931	3974	47	0	826	0
102828131	4102	144	0	601	0
102828330	2072	157	0	2618	0
102828675	2592	125	0	2130	0
102828823	2262	1877	1	707	0
102830829	1602	3	0	3242	0
102831982	3351	83	0	1413	0
102834095	1919	191	0	2737	0
102835075	3382	119	0	1346	0
102835585	4106	686	0	55	0
102843215	2290	33	0	2524	0
102843543	2697	468	0	1682	0
102846147	2457	67	1	2322	0
102847633	3441	1	0	1405	0
102850757	3210	1510	0	127	0
102858846	3266	121	0	1460	0
102862244	3561	1165	1	120	0
102862791	3290	452	0	1105	0
102865643	2473	2180	1	193	0
102865765	1954	2803	0	90	0
102866568	2275	672	0	1900	0
102866726	2279	2296	1	271	0
102871016	2736	1854	1	256	0
102872668	3112	1555	1	179	0
102876392	2829	1177	1	840	0
102879798	1801	3	0	3043	0
102881189	3004	1130	1	712	0
102883199	1485	0	0	3362	0
102883271	1574	2016	1	1256	0
102890709	3868	2	0	977	0
102893372	3371	1362	0	114	0
102916914	3645	949	1	252	0
102917934	2536	1	0	2310	0
102919058	3464	68	0	1315	0
102921857	1652	99	0	3096	0
102922025	1943	139	0	2765	0
102925699	3864	47	2	934	0
102934763	3269	1	0	1577	0
102934974	2475	1078	1	1293	0
102935070	1705	3140	0	2	0
102936412	1702	4	0	3141	0
102938426	3557	61	0	1229	0
102939690	3532	183	0	1132	0
102944981	3284	102	1	1460	0
102948994	2178	10	0	2659	0
102954001	2489	1186	1	1171	0
102955343	2912	596	0	1339	0
102960989	1925	550	2	2370	0
102961292	2791	14	0	2042	0
102965671	2804	144	0	1899	0
102967150	3435	105	1	1306	0
102968036	3204	1508	0	135	0
102969334	4214	582	0	51	0
102974572	2402	1995	0	450	0
102984013	3341	38	0	1468	0
102995218	1853	223	0	2771	0
102998582	3489	974	1	383	0
103001651	4261	150	1	435	0
103007557	4445	260	1	141	0
103008628	3902	652	1	292	0
103011541	2251	4	0	2592	0
103012046	2955	150	0	1742	0
103012510	2452	1657	1	737	0
103013643	3673	1164	0	10	0
103020824	1691	859	3	2294	0
103026650	4202	122	3	520	0
103030219	4317	386	1	143	0
103035228	2751	5	0	2091	0
103039808	3411	968	3	465	0
103049471	1946	10	0	2891	0
103052510	4284	1	0	562	0
103057270	4237	26	0	584	0
103059418	2363	83	0	2401	0
103064174	4071	168	0	608	0
103068189	4135	668	0	44	0
103070512	2297	2545	0	5	0
103071348	3930	858	0	59	0
103071512	2919	134	1	1793	0
103071664	2790	3	0	2054	0
103073357	3741	150	1	955	0
103074839	1973	1722	1	1151	0
103080187	1480	455	0	2912	0
103088742	3401	853	1	592	0
103093366	3178	1575	0	94	0
103094775	2370	2314	0	163	0
103100260	2879	305	1	1662	0
103101650	4207	40	0	600	0
103103131	3808	60	0	979	0
103110933	2227	244	1	2375	0
103113403	3086	1001	1	759	0
103118942	2163	5	0	2679	0
103120262	3249	212	1	1385	0
103133909	3008	155	0	1684	0
103144407	3889	687	1	270	0
103150240	2247	2513	0	87	0
103150463	1920	2461	1	465	0
103153108	2438	1417	3	989	0
103155884	1883	177	0	2787	0
103155901	1988	2724	0	135	0
103161803	3022	0	0	1825	0
103162613	3348	60	0	1439	0
103166140	3823	76	0	948	0
103171943	3531	179	0	1137	0
103176592	2464	157	0	2226	0
103176701	1836	88	0	2923	0
103182062	2418	89	0	2340	0
103183066	4361	380	1	105	0
103199589	3823	86	0	938	0
103203107	2638	1565	0	644	0
103216881	3370	418	1	1058	0
103220808	1903	1815	3	1126	0
103221778	2135	292	1	2419	0
103226221	2692	349	0	1806	0
103226517	2978	10	0	1859	0
103228579	1651	1920	1	1275	0
103231028	2947	1576	0	324	0
103231606	1785	2617	0	445	0
103238392	2565	1923	0	359	0
103251403	2205	51	0	2591	0
103254944	2476	101	0	2270	0
103255251	4231	5	0	611	0
103255403	1974	2297	0	576	0
103259724	3522	1044	0	281	0
103263767	1798	10	0	3039	0
103267759	3631	222	1	993	0
103269537	1426	2743	0	678	0
103274491	2534	1996	0	317	0
103286787	2547	6	0	2294	0
103298338	2960	1530	0	357	0
103299367	1973	5	0	2869	0
103304295	3676	27	0	1144	0
103305021	2059	598	1	2189	0
103318581	3778	182	3	884	0
103322312	1979	174	0	2694	0
103323618	2372	2351	0	124	0
103324155	1846	2815	0	186	0
103325774	2676	1410	1	760	0
103329504	2574	8	0	2265	0
103331349	2610	439	1	1797	0
103333125	2596	529	3	1719	0
103336601	4153	26	0	668	0
103342392	4059	180	1	607	0
103347348	4119	2	0	726	0
103348100	1993	241	0	2613	0
103350903	4085	62	0	700	0
103352451	2183	1791	1	872	0
103352801	4213	398	2	234	0
103354138	2470	2021	1	355	0
103355765	4048	648	1	150	0
103356168	4051	664	1	131	0
103357553	3652	803	1	391	0
103362909	2955	184	0	1708	0
103363192	3101	166	0	1580	0
103367095	4365	37	1	444	0
103371544	4341	46	0	460	0
103371652	3886	99	0	862	0
103373438	2777	89	0	1981	0
103375336	4130	682	0	35	0
103379918	1937	1994	3	913	0
103380128	4029	62	0	756	0
103384610	2278	2400	0	169	0
103390725	3104	63	0	1680	0
103393457	2341	1573	3	930	0
103400314	3817	859	0	171	0
103402184	4165	611	0	71	0
103403752	2415	2125	0	307	0
103404236	4279	549	0	19	0
103404384	3816	733	0	298	0
103405793	3677	255	0	915	0
103406616	3883	724	0	240	0
103406892	2491	316	0	2040	0
103407168	1937	2	0	2908	0
103407999	3591	777	0	479	0
103409100	2789	1359	0	699	0
103409558	3701	1106	0	40	0
103410124	2295	358	0	2194	0
103410750	3873	919	0	55	0
103416690	3280	171	0	1396	0
103424952	4232	579	0	36	0
103429411	2518	441	0	1888	0
103432687	3423	1369	0	55	0
103435001	3281	299	0	1267	0
103438795	3719	222	0	906	0
103439819	4260	26	0	561	0
103441814	4355	271	0	221	0
103444497	2074	774	0	1999	0
103444679	3010	1358	0	479	0
103449401	3463	9	0	1375	0
103450196	4038	145	0	664	0
103451455	3421	1029	0	397	0
103452392	2362	650	0	1835	0
103455217	3654	1067	0	126	0
103459537	3229	1376	0	242	0
103466917	3085	1645	0	117	0
103467223	3464	155	0	1228	0
103475122	3298	1505	0	44	0
103476179	2762	65	0	2020	0
103496620	3075	1686	0	86	0
103498029	4065	616	0	166	0
103499896	2326	1998	0	523	0
103501499	3888	35	0	924	0
103517428	3037	294	0	1516	0
103521403	3434	152	0	1261	0
103539007	3851	183	0	813	0
103540489	3422	277	0	1148	0
103543277	4132	497	0	218	0
103543824	1534	434	0	2879	0
103546471	3069	190	0	1588	0
103548497	3094	109	0	1644	0
103550401	2561	94	0	2192	0
103551498	3030	1271	0	546	0
103551918	3168	903	0	776	0
103552920	1718	292	0	2837	0
103552935	1726	2502	0	619	0
103554167	2183	1750	0	914	0
103554293	2546	546	0	1755	0
103556059	2879	111	0	1857	0
103562868	1680	3153	0	14	0
103564441	2396	1763	0	688	0
103564540	3489	8	0	1350	0
103566156	2386	658	0	1803	0
103567089	2166	3	0	2678	0
103568464	3919	598	0	330	0
103570127	4153	205	0	489	0
103570432	1864	135	0	2848	0
103570499	1926	133	0	2788	0
103572927	1758	882	0	2207	0
103576354	1944	2677	0	226	0
103576364	1745	7	0	3095	0
103578334	2877	1576	1	393	0
103583153	3435	472	1	939	0
103587258	3320	122	1	1404	0
103587296	2928	45	0	1874	0
103587498	2376	0	0	2471	0
103587501	2433	933	1	1480	0
103590453	2892	292	0	1663	0
103591307	3786	300	0	761	0
103595069	1770	841	0	2236	0
103596035	4102	152	0	593	0
103603452	2484	70	0	2293	0
103603691	1636	860	0	2351	0
103609157	4111	75	1	660	0
103609693	3058	611	1	1177	0
103610579	2436	15	0	2396	0
103611252	3581	394	1	871	0
103612069	3498	785	1	563	0
103612149	4153	82	1	611	0
103613855	3422	142	1	1282	0
103614598	3082	24	0	1741	0
103615938	3054	171	1	1621	0
103617675	2452	149	1	2245	0
103617692	2655	148	1	2043	0
103621727	2773	422	0	1652	0
103622234	3906	334	1	606	0
103622719	1739	1081	1	2026	0
103627745	3956	297	1	593	0
103636607	3967	270	0	610	0
103640813	2262	922	1	1662	0
103641167	2650	845	1	1351	0
103654898	4236	326	1	284	0
103656416	3973	133	0	741	0
103656468	2807	681	1	1358	0
103659941	3007	330	1	1509	0
103670474	1787	1081	1	1978	0
103670518	2155	2682	0	10	0
103671460	3630	248	1	968	0
103671612	4212	2	0	633	0
103673368	2621	809	1	1416	0
103673437	2134	1	0	2712	0
103683335	3793	330	1	723	0
103685695	4063	121	0	663	0
103691332	3675	244	1	927	0
103693065	2255	1107	1	1484	0
103694426	2338	2228	0	281	0
103703266	2380	1780	0	687	0
103703521	2384	1336	1	1126	0
103703524	2406	5	0	2436	0
103704266	2256	2363	0	228	0
103705668	2828	3	0	2016	0
103709890	2104	11	0	2732	0
103710333	1886	2700	0	261	0
103713329	3322	2	0	1523	0
103714453	2976	9	0	1862	0
103717617	3397	1026	0	424	0
103718515	3839	47	0	961	0
103720103	3441	3	0	1403	0
103724986	3802	6	0	1039	0
103725225	2705	275	0	1867	0
103725629	2797	1648	0	402	0
103728254	2798	211	0	1838	0
103730700	2479	1686	0	682	0
103732214	2023	190	0	2634	0
103734946	1884	11	0	2952	0
103741344	1999	928	0	1920	0
103744171	4142	646	0	59	0
103750676	2881	1834	0	132	0
103754185	3589	167	0	1091	0
103756803	1894	2943	0	10	0
103757778	4354	97	0	396	0
103761463	3644	433	0	770	0
103763039	3351	214	0	1282	0
103763252	3918	224	0	705	0
103764640	3292	250	0	1305	0
103784927	3195	186	1	1465	0
103916755	2532	1505	0	810	0
103956040	4845	0	0	2	0
104017778	2142	1701	2	1002	0
104018310	2744	1500	2	601	0
104019631	3332	178	0	1337	0
104043185	1907	105	1	2834	0
104043239	2187	655	1	2004	0
104049019	3947	1	0	899	0
104098650	3508	7	0	1332	0
104103057	3879	92	0	876	0
104105635	4264	95	0	488	0
104106731	3801	0	0	1046	0
104108181	1801	6	0	3040	0
104108523	4044	2	0	801	0
104113262	1442	0	0	3405	0
104123256	2428	6	0	2413	0
104123531	3755	179	0	913	0
104128618	2875	1263	0	709	0
104128773	1764	263	0	2820	0
104145716	4847	0	0	0	0
104311712	3146	242	0	1459	0
104318414	3218	986	0	643	0
104321349	4315	106	0	426	0
104324819	4211	160	0	476	0
104329033	3866	8	0	973	0
104329877	4287	101	1	458	0
104334217	3272	5	0	1570	0
104350432	3694	702	2	449	0
104350777	3548	784	1	514	0
104373657	3215	9	0	1623	0
104376166	3032	809	0	1006	0
104381824	4205	254	0	388	0
104383975	3456	546	0	845	0
104390274	3780	350	2	715	0
104408821	2466	1259	0	1122	0
104418619	3907	1	0	939	0
104419830	3049	896	0	902	0
104433984	3460	453	0	934	0
104436329	3868	462	1	516	0
104436874	3774	784	1	288	0
104440250	4263	434	1	149	0
104445316	1651	708	1	2487	0
104446681	3978	145	2	722	0
104454507	3955	457	2	433	0
104458287	2106	18	0	2723	0
104458335	2648	3	0	2196	0
104460180	3630	2	0	1215	0
104469208	3615	19	0	1213	0
104472575	3810	1022	0	15	0
104480469	3505	436	0	906	0
104483106	3896	367	0	584	0
104484407	2640	983	0	1224	0
104487148	3272	548	0	1027	0
104490916	3119	207	1	1520	0
104492118	3503	1277	0	67	0
104492281	3886	459	1	501	0
104502333	1395	1916	0	1536	0
104503460	1517	1592	0	1738	0
104505231	2932	986	0	929	0
104505419	4312	272	0	263	0
104506202	3317	594	1	935	0
104509012	4161	136	0	550	0
104522605	3783	50	0	1014	0
104524676	1662	458	0	2727	0
104524702	1784	1520	0	1543	0
104527093	2919	768	0	1160	0
104528662	4121	416	0	310	0
104529736	3484	649	0	714	0
104536508	3454	662	0	731	0
104544302	3567	642	0	638	0
104545670	2118	2643	0	86	0
104545721	2297	49	0	2501	0
104546820	3903	422	0	522	0
104546881	3774	535	0	538	0
104561488	2228	1287	0	1332	0
104562381	2748	939	0	1160	0
104566710	2711	902	0	1234	0
104567488	2227	809	2	1809	0
104570239	2323	1085	0	1439	0
104573697	2733	678	2	1434	0
104580557	2836	646	0	1365	0
104580702	3321	211	0	1315	0
104585451	2518	2239	0	90	0
104585499	2943	1820	0	84	0
104591008	1822	144	0	2881	0
104598941	3826	257	0	764	0
104603845	2231	551	0	2065	0
104605650	2412	333	1	2101	0
104611637	1746	818	2	2281	0
104616337	1996	1662	0	1189	0
104617172	1670	704	0	2473	0
104621168	4134	141	0	572	0
104624493	2239	590	0	2018	0
104625213	2703	440	2	1702	0
104627091	2049	640	2	2156	0
104628198	4073	136	2	636	0
104630378	3470	290	0	1087	0
104630605	4081	232	0	534	0
104630807	3785	162	0	900	0
104630890	2567	377	0	1903	0
104631711	4318	2	0	527	0
104634514	2535	438	0	1874	0
104634814	3231	411	2	1203	0
104637526	2542	39	0	2266	0
104638554	3344	18	0	1485	0
104640211	3983	47	0	817	0
104650090	4147	76	0	624	0
104654081	2854	38	0	1955	0
104654614	2670	196	0	1981	0
104654823	1763	84	0	3000	0
104654852	1720	70	0	3057	0
104658880	3476	157	0	1214	0
104659907	4125	96	0	626	0
104660917	3519	40	0	1288	0
104661302	2100	13	0	2734	0
104663932	3872	25	0	950	0
104664893	3303	34	0	1510	0
104670497	3756	22	0	1069	0
104672052	2055	1425	2	1365	0
104672830	2575	37	0	2235	0
104680649	2752	35	0	2060	0
104683629	3068	30	0	1749	0
104690071	3226	476	2	1143	0
104690539	1536	282	0	3029	0
104691288	1984	35	0	2828	0
104696542	1590	221	0	3036	0
104706300	2819	119	0	1909	0
104707378	1914	28	0	2905	0
104709943	2870	124	0	1853	0
104713291	1675	243	0	2929	0
104716956	3846	2	0	999	0
104719055	2052	200	0	2595	0
104723519	2661	104	1	2081	0
104725387	3313	1533	0	1	0
104728785	3266	111	1	1469	0
104731827	1751	378	2	2716	0
104734874	4079	72	0	696	0
104736011	3800	360	0	687	0
104737095	2798	143	1	1905	0
104740005	2030	211	1	2605	0
104747846	2719	1044	0	1084	0
104751785	3396	819	1	631	0
104751861	3227	612	2	1006	0
104752001	2378	1373	1	1095	0
104766179	3711	915	3	218	0
104770475	1711	1804	1	1331	0
104773909	3924	519	1	403	0
104775820	3070	64	0	1713	0
104778806	2494	1417	1	935	0
104778983	1857	1669	2	1319	0
104779012	1415	40	0	3392	0
104780767	1698	146	0	3003	0
104783974	3489	753	1	604	0
104784050	4021	3	0	823	0
104789235	2850	1019	2	976	0
104790310	2111	6	0	2730	0
104792257	2559	842	2	1444	0
104793074	3652	1189	0	6	0
104793436	3388	1456	0	3	0
104794164	2384	2	0	2461	0
104798614	1501	46	0	3300	0
104798629	1633	3207	0	7	0
104798765	4059	408	2	378	0
104798853	2283	1003	4	1557	0
104800294	3827	57	1	962	0
104800547	3281	1562	0	4	0
104801649	3798	63	0	986	0
104804691	3770	1018	0	59	0
104806374	4267	578	0	2	0
104807341	3291	633	5	918	0
104807738	1840	1130	2	1875	0
104813525	2018	1780	5	1044	0
104825576	1662	977	1	2207	0
104827495	3240	1594	0	13	0
104831653	2790	1244	2	811	0
104837082	2442	1429	2	974	0
104843765	1366	277	1	3203	0
104844174	1946	209	0	2692	0
104846458	3684	388	1	774	0
104846483	3248	587	1	1011	0
104851904	3594	471	2	780	0
104851938	2857	873	3	1114	0
104853158	2751	159	0	1937	0
104853717	3651	790	1	405	0
104853997	2955	770	2	1120	0
104857913	3325	179	1	1342	0
104858517	1659	2340	1	847	0
104858684	1852	2179	1	815	0
104859897	4166	495	1	185	0
104860052	2924	1501	1	421	0
104860634	2380	1872	3	592	0
104882281	4254	199	1	393	0
104882927	4137	517	1	192	0
104885169	3652	447	2	746	0
104885791	3769	169	1	908	0
104886613	3345	553	1	948	0
104886713	3462	117	1	1267	0
104887259	2139	2001	1	706	0
104887653	3332	133	0	1382	0
104889158	3095	269	1	1482	0
104890086	2317	218	0	2312	0
104890559	4217	231	1	398	0
104893852	3867	124	1	855	0
104896161	3410	1036	0	401	0
104896915	3899	326	5	617	0
104897848	2434	259	1	2153	0
104901525	2972	167	0	1708	0
104907462	3891	379	2	575	0
104910603	3798	286	1	762	0
104911326	1988	1101	2	1756	0
104922505	2943	213	1	1690	0
104930486	2427	574	1	1845	0
104944850	3653	232	1	961	0
104945065	2799	239	1	1808	0
104946284	4063	174	1	609	0
104952299	2253	612	0	1982	0
104954365	4046	664	1	136	0
104957563	2092	1025	2	1728	0
104959536	3733	461	2	651	0
104966438	2501	723	2	1621	0
104966479	2600	991	2	1254	0
104966942	2670	96	0	2081	0
104975728	3044	851	4	948	0
104980908	3646	290	0	911	0
104980964	2585	1261	1	1000	0
104982509	3206	645	2	994	0
104985647	4417	271	2	157	0
104985719	4035	650	1	161	0
104985787	4026	52	0	769	0
104986030	2113	439	0	2295	0
104986052	1973	425	2	2447	0
104987416	3075	442	0	1330	0
104988625	2312	150	0	2385	0
104990198	3872	69	1	905	0
104991650	3154	131	1	1561	0
104997184	2018	1749	2	1078	0
104997471	1970	1574	1	1302	0
104997692	2201	1536	1	1109	0
104997868	2426	5	0	2416	0
105001996	2996	5	0	1846	0
105006323	3252	97	1	1497	0
105006519	2210	1063	2	1572	0
105009637	2048	136	0	2663	0
105010583	1730	0	0	3117	0
105011378	1963	1297	1	1586	0
105013220	3133	119	0	1595	0
105014143	2483	269	0	2095	0
105014712	2195	7	0	2645	0
105015344	2718	80	0	2049	0
105017562	2786	12	0	2049	0
105026270	2873	809	0	1165	0
105027275	3780	62	2	1003	0
105027397	2936	824	2	1085	0
105033164	3194	591	0	1062	0
105037526	3180	1146	1	520	0
105040651	2586	782	2	1477	0
105041495	2046	848	1	1952	0
105049006	1859	819	2	2167	0
105050416	4107	126	2	612	0
105057389	3264	234	0	1349	0
105062847	3555	248	0	1044	0
105064891	3930	179	0	738	0
105076810	1968	671	0	2208	0
105077882	1711	306	0	2830	0
105079668	3232	197	0	1418	0
105080325	2885	115	0	1847	0
105080539	4016	104	0	727	0
105081773	3618	536	1	692	0
105081861	3473	82	0	1292	0
105081913	3745	418	2	682	0
105083405	2239	173	0	2435	0
105086051	3955	497	1	394	0
105088785	1726	1091	1	2029	0
105089396	4029	476	1	341	0
105089646	3846	139	0	862	0
105090576	2669	178	0	2000	0
105090738	2459	1702	1	685	0
105099742	2160	851	3	1833	0
105099912	3353	418	1	1075	0
105106498	2623	906	0	1318	0
105107846	1787	206	1	2853	0
105108544	3248	653	0	946	0
105111413	1872	1055	0	1920	0
105111443	1935	2496	0	416	0
105111535	2175	250	0	2422	0
105112356	2575	809	0	1463	0
105112683	3011	811	0	1025	0
105113849	1973	784	0	2090	0
105134428	3723	504	1	619	0
105138454	3632	194	0	1021	0
105140299	1832	653	0	2362	0
105144179	3265	946	0	636	0
105155533	1823	1627	0	1397	0
105173442	2948	304	0	1595	0
105174866	2850	1451	1	545	0
105175991	3644	201	0	1002	0
105180531	3427	4	0	1416	0
105181557	2547	477	0	1823	0
105184193	2509	4	0	2334	0
105184308	1738	185	0	2924	0
105184583	3875	5	0	967	0
105184759	3192	149	0	1506	0
105199870	1816	402	0	2629	0
105208672	3682	161	1	1003	0
105211884	4229	44	0	574	0
105219763	3880	662	2	303	0
105220965	3442	72	1	1332	0
105227000	2245	142	0	2460	0
105227201	3546	0	0	1301	0
105227914	3594	664	3	586	0
105230023	3161	318	1	1367	0
105231340	2600	4	0	2243	0
105231358	2410	295	1	2141	0
105232054	2735	1	0	2111	0
105232418	4165	38	0	644	0
105232965	2015	107	0	2725	0
105235357	2273	517	0	2057	0
105235777	3197	1289	0	361	0
105243080	3964	422	2	459	0
105246855	2105	1900	1	841	0
105251538	3497	273	2	1075	0
105252543	1921	1292	4	1630	0
105254006	3130	413	1	1303	0
105254921	2227	2175	0	445	0
105256266	3205	1308	0	334	0
105258596	4035	103	0	709	0
105259818	3575	61	0	1211	0
105260295	4340	21	0	486	0
105260774	3451	3	0	1393	0
105260807	3464	58	0	1325	0
105270235	1707	2360	0	780	0
105274065	4236	206	2	403	0
105278514	2070	744	1	2032	0
105279400	1822	0	0	3025	0
105282847	3773	255	2	817	0
105283875	4324	86	0	437	0
105285269	2944	1679	1	223	0
105285430	2527	546	2	1772	0
105286219	3870	155	0	822	0
105286754	2783	1702	1	361	0
105287806	3388	412	1	1046	0
105288434	3889	540	2	416	0
105288838	3209	461	2	1175	0
105289359	2466	5	0	2376	0
105290394	4406	107	1	333	0
105292119	4203	202	1	441	0
105294293	3459	1212	1	175	0
105295245	4343	63	1	440	0
105300481	2696	344	0	1807	0
105312623	2847	1126	0	874	0
105321242	2662	397	0	1788	0
105322091	3534	229	0	1084	0
105322802	2451	12	0	2384	0
105325538	1740	497	0	2610	0
105337619	4006	5	0	836	0
105342358	3445	1384	0	18	0
105343583	2180	2662	0	5	0
105344000	2760	292	0	1795	0
105347879	3537	49	0	1261	0
105365300	4328	164	0	355	0
105380783	2318	364	0	2165	0
105392947	2250	61	0	2536	0
105395113	4159	134	0	554	0
105397180	3961	158	0	728	0
105398264	1568	10	0	3269	0
105400213	3348	18	0	1481	0
105403089	3548	238	0	1061	0
105410943	4040	12	0	795	0
105415055	3034	8	0	1805	0
105424155	2758	138	2	1949	0
105424848	3273	1033	0	541	0
105429577	4098	475	0	274	0
105432368	2367	822	0	1658	0
105432880	2060	689	0	2098	0
105439544	1806	45	0	2996	0
105448030	2222	1389	0	1236	0
105448063	1834	3013	0	0	0
105450021	4214	91	0	542	0
105451694	4258	546	0	43	0
105455991	3295	974	0	578	0
105465012	2321	744	0	1782	0
105465148	2330	321	0	2196	0
105469246	3743	7	0	1097	0
105469974	2514	2329	0	4	0
105469987	2766	1947	1	133	0
105470678	1894	5	0	2948	0
105470702	1843	644	2	2358	0
105472292	1572	837	0	2438	0
105474388	2405	1285	3	1154	0
105474934	2736	68	0	2043	0
105477683	3548	161	0	1138	0
105493415	3000	783	3	1061	0
105493765	2225	1133	3	1486	0
105494716	3745	438	0	664	0
105500514	3016	463	2	1366	0
105504562	4023	2	0	822	0
105507896	2637	1036	0	1174	0
105509351	2168	2563	0	116	0
105518114	2773	1650	0	424	0
105518136	2861	1542	0	444	0
105523921	1817	1496	0	1534	0
105532290	4174	544	0	129	0
105532692	2621	3	0	2223	0
105535421	3520	684	0	643	0
105535657	3953	157	1	736	0
105537204	3825	584	0	438	0
105538026	3282	1136	0	429	0
105540410	4009	238	0	600	0
105543561	2497	1257	2	1091	0
105543634	2308	2407	0	132	0
105547584	2195	773	3	1876	0
105554364	2310	1751	0	786	0
105556330	2922	176	0	1749	0
105568148	2878	989	3	977	0
105571167	3508	4	0	1335	0
105574256	3814	969	0	64	0
105582135	2540	1880	0	427	0
105593913	3911	105	0	831	0
105594681	3701	95	0	1051	0
105601544	1977	339	0	2531	0
105604568	3309	1229	0	309	0
105605484	4218	25	0	604	0
105610279	3896	801	0	150	0
105612342	2633	1710	0	504	0
105633111	1993	1732	1	1121	0
105637914	2815	1482	0	550	0
105638421	2697	1255	0	895	0
105642360	4097	424	1	325	0
105643103	2832	1231	0	784	0
105645248	2058	271	0	2518	0
105645726	2750	1158	0	939	0
105648916	1836	1778	1	1232	0
105657883	2158	1706	1	982	0
105659063	2246	206	0	2395	0
105663975	2605	1532	0	710	0
105666227	2845	1370	2	630	0
105666613	3626	628	1	592	0
105666922	3555	942	0	350	0
105670343	2118	1831	1	897	0
105673123	3853	653	4	337	0
105674169	3492	689	2	664	0
105674386	1597	166	0	3084	0
105674536	1977	282	2	2586	0
105677966	4282	262	2	301	0
105680379	1899	1641	1	1306	0
105681907	1873	117	0	2857	0
105682011	3670	601	2	574	0
105687034	3571	875	1	400	0
105688084	2477	1455	1	914	0
105688179	1729	102	0	3016	0
105688537	3009	65	0	1773	0
105689610	3289	20	0	1538	0
105691911	3990	645	1	211	0
105693166	2753	134	0	1960	0
105700638	2552	1404	3	888	0
105700799	1704	5	0	3138	0
105700872	1771	14	0	3062	0
105700950	2901	990	1	955	0
105703949	2365	1063	3	1416	0
105704051	3200	775	2	870	0
105704285	3106	1178	3	560	0
105707220	2431	191	1	2224	0
105712911	3944	53	0	850	0
105716899	3748	30	0	1069	0
105717631	4104	470	1	272	0
105719943	3279	872	2	694	0
105724990	3094	859	2	892	0
105725199	4082	99	0	666	0
105728264	4105	442	1	299	0
105731788	3534	866	2	445	0
105738657	3028	84	0	1735	0
105739503	3142	252	1	1452	0
105741329	3177	880	0	790	0
105741765	2878	343	1	1625	0
105747413	1591	505	3	2748	0
105748539	2463	9	0	2375	0
105748581	1774	1613	0	1460	0
105767558	3334	742	1	770	0
105781310	2911	68	0	1868	0
105781940	2400	71	0	2376	0
105782314	2401	63	0	2383	0
105785646	3524	447	2	874	0
105786390	3335	63	0	1449	0
105799204	2741	337	1	1768	0
105811998	3980	280	1	586	0
105812554	4055	260	1	531	0
105817094	1944	1146	1	1756	0
105825561	3842	231	1	773	0
105829128	4121	1	0	725	0
105830385	1564	482	1	2800	0
105831228	4347	3	0	497	0
105836241	3114	984	0	749	0
105841320	3029	1	0	1817	0
105845218	2190	81	0	2576	0
105847278	2695	376	1	1775	0
105856143	2451	1441	0	955	0
105869257	3462	557	0	828	0
105870978	3464	496	0	887	0
105872280	3751	447	0	649	0
105878747	4045	370	0	432	0
105879709	3431	671	0	745	0
105886078	2120	1300	0	1427	0
105888179	3708	582	0	557	0
105888460	3750	18	0	1079	0
105893702	3920	542	2	383	0
105898549	3140	1705	0	2	0
105909042	2716	52	0	2079	0
105909821	1688	1621	0	1538	0
105909963	3803	381	1	662	0
105925791	1862	75	0	2910	0
105926636	3032	823	1	991	0
105928612	2952	1805	1	89	0
105930086	3425	1309	1	112	0
105930657	2140	1037	1	1669	0
105935915	3355	1378	1	113	0
105938656	3270	1439	1	137	0
105940399	2932	1045	0	870	0
105941878	1991	1567	0	1289	0
105943783	4244	562	1	40	0
105944301	4093	273	1	480	0
105948521	4083	381	0	383	0
105950316	3803	378	1	665	0
105951450	2721	1156	0	970	0
105952798	2588	1143	0	1116	0
105953996	2048	1422	0	1377	0
105956591	3517	505	1	824	0
105957547	4353	83	0	411	0
105958192	3275	662	1	909	0
105972707	3935	1	0	911	0
105972865	3206	14	0	1627	0
105976131	2072	2572	1	202	0
105981891	4369	181	1	296	0
105984113	2339	1000	1	1507	0
105985822	2089	1526	0	1232	0
105987205	2114	1357	2	1374	0
105998181	4373	445	1	28	0
105998671	1660	1560	1	1626	0
105999870	3449	1118	1	279	0
106000399	3185	891	1	770	0
106001572	3536	292	0	1019	0
106002144	2655	1167	1	1024	0
106003097	2795	1019	1	1032	0
106003160	1790	51	0	3006	0
106005641	3206	465	0	1176	0
106007141	1767	2456	1	623	0
106009279	3250	780	2	815	0
106010152	4111	519	1	216	0
106010189	4043	547	1	256	0
106015315	4000	847	0	0	0
106025908	2438	275	1	2133	0
106026464	3791	235	0	821	0
106027054	2756	915	1	1175	0
106027364	4160	380	1	306	0
106027601	3941	122	1	783	0
106027747	2549	1115	1	1182	0
106029078	4061	427	1	358	0
106030345	4009	144	0	694	0
106030369	3954	2	0	891	0
106032355	3059	768	2	1018	0
106032404	2047	430	1	2369	0
106033932	2934	7	0	1906	0
106034326	3119	970	1	757	0
106037417	2105	846	1	1895	0
106037595	2550	357	1	1939	0
106037628	2325	869	1	1652	0
106040066	2381	373	2	2091	0
106050396	3520	1	0	1326	0
106050698	2969	20	0	1858	0
106052174	2587	1	0	2259	0
106052203	2385	867	1	1594	0
106052478	3056	739	1	1051	0
106056263	3978	41	1	827	0
106057617	4164	10	0	673	0
106057932	2493	8	0	2346	0
106060598	4063	345	0	439	0
106060721	3250	561	1	1035	0
106061557	3678	0	0	1169	0
106063610	2356	313	1	2177	0
106080607	2086	2155	0	606	0
106091316	3725	489	2	631	0
106092114	2959	812	2	1074	0
106099097	3428	1308	2	109	0
106100248	3273	1483	0	91	0
106106836	3307	1424	0	116	0
106111862	3799	961	2	85	0
106116788	3345	1371	0	131	0
106122841	2783	1856	0	208	0
106123365	3368	662	0	817	0
106124453	3470	736	2	639	0
106125135	2827	961	2	1057	0
106128123	3698	575	0	574	0
106134738	2570	886	0	1391	0
106138978	3623	4	0	1220	0
106139186	2821	13	0	2013	0
106143126	3955	381	0	511	0
106143530	1731	1116	0	2000	0
106150368	3977	7	0	863	0
106152020	4080	617	0	150	0
106152335	2601	1892	2	352	0
106152660	3976	6	0	865	0
106161451	3728	518	0	601	0
106163190	4206	213	0	428	0
106163378	4203	4	0	640	0
106164198	4041	6	0	800	0
106164864	4054	241	0	552	0
106165369	2106	2144	0	597	0
106169493	2736	1689	2	420	0
106172488	3653	634	0	560	0
106175134	1593	10	0	3244	0
106179205	2263	551	0	2033	0
106179555	3963	393	1	490	0
106180195	4053	0	0	794	0
106181875	4113	274	2	458	0
106182193	3982	2	0	863	0
106184504	1762	300	1	2784	0
106184853	3638	278	1	930	0
106195966	4088	213	1	545	0
106196670	3630	1	0	1216	0
106197762	1719	1274	1	1853	0
106198567	3558	497	1	791	0
106204467	2569	1	0	2277	0
106205897	3784	15	0	1048	0
106211049	2338	51	0	2458	0
106211113	4201	277	1	368	0
106221174	2940	780	1	1126	0
106221233	2624	14	0	2209	0
106228100	3028	761	1	1057	0
106228421	2385	6	0	2456	0
106233870	3271	5	0	1571	0
106234318	1621	1418	1	1807	0
106243448	1560	326	1	2960	0
106243476	1543	5	0	3299	0
106243672	2756	579	1	1511	0
106243826	1673	13	1	3160	0
106249145	2749	232	1	1865	0
106254002	3934	1	0	912	0
106268390	2516	279	0	2052	0
106274703	3262	176	1	1408	0
106275064	2900	556	1	1390	0
106298276	2275	604	1	1967	0
106303410	4171	120	0	556	0
106306182	2564	1383	1	899	0
106306488	2296	88	0	2463	0
106309056	1935	44	0	2868	0
106309138	3458	421	0	968	0
106309696	3747	383	0	717	0
106312512	4013	31	0	803	0
106319553	2047	86	0	2714	0
106320956	4081	249	0	517	0
106328162	3591	779	0	477	0
106336873	3699	1146	0	2	0
106339485	3614	911	2	320	0
106351247	4587	29	0	231	0
106373548	3518	125	1	1203	0
106384686	1949	919	1	1978	0
106402973	4232	605	0	10	0
106405040	3249	612	0	986	0
106411138	2404	747	1	1695	0
106412097	4295	153	1	398	0
106415855	3381	2	1	1463	0
106416441	1400	7	0	3440	0
106416458	1348	76	0	3423	0
106416751	4204	167	1	475	0
106419876	3552	154	1	1140	0
106430287	4028	103	1	715	0
106437129	3421	4	0	1422	0
106438336	3946	43	0	858	0
106439323	2541	573	1	1732	0
106439444	2878	276	1	1692	0
106446157	3500	605	0	742	0
106449970	1914	698	1	2234	0
106451954	2098	1071	0	1678	0
106453318	2805	1172	0	870	0
106461662	1975	1205	4	1663	0
106464966	2173	44	0	2630	0
106465385	1982	1788	2	1075	0
106479351	2555	69	0	2223	0
106497147	2702	1340	2	803	0
106508563	4138	284	0	425	0
106508601	3008	47	0	1792	0
106517609	2205	955	0	1687	0
106526262	2920	989	1	937	0
106528387	3167	17	0	1663	0
106529404	3922	202	1	722	0
106530315	3693	5	0	1149	0
106530496	2797	201	0	1849	0
106534017	2654	28	0	2165	0
106534155	3169	1	0	1677	0
106535093	2870	5	0	1972	0
106540369	4190	590	1	66	0
106540583	4210	228	0	409	0
106547747	3093	4	0	1750	0
106570045	3173	1214	0	460	0
106577155	2212	159	1	2475	0
106577814	3612	131	1	1103	0
106577848	2962	5	0	1880	0
106577890	2741	307	1	1798	0
106578086	3414	899	1	533	0
106578513	3251	204	1	1391	0
106588330	2717	160	1	1969	0
106590173	3596	146	1	1104	0
106593837	4273	210	1	363	0
106599395	2711	96	1	2039	0
106607211	2490	181	0	2176	0
106609740	3587	304	2	954	0
106609805	2096	661	1	2089	0
106609857	1994	945	1	1907	0
106617673	4042	139	1	665	0
106620715	2534	262	0	2051	0
106621853	1935	18	0	2894	0
106630863	2970	342	2	1533	0
106633233	4003	2	0	842	0
106634468	4282	44	0	521	0
106640943	2186	515	1	2145	0
106647108	3641	76	0	1130	0
106647532	4087	55	0	705	0
106650029	1446	351	0	3050	0
106650208	1595	250	0	3002	0
106650268	1885	2661	0	301	0
106650424	2614	177	0	2056	0
106653622	4280	193	0	374	0
106655045	3122	194	0	1531	0
106671120	3912	4	0	931	0
106682346	3385	83	0	1379	0
106685068	3629	3	0	1215	0
106686183	2882	112	0	1853	0
106686426	2555	300	0	1992	0
106687949	1944	123	0	2780	0
106691281	4105	35	0	707	0
106696547	1876	290	0	2681	0
106699454	2257	93	0	2497	0
106718335	2839	3	0	2005	0
106718569	3556	145	0	1146	0
106723466	1975	4	0	2868	0
106726037	2371	247	0	2229	0
106734532	2117	377	0	2353	0
106736322	1792	4	0	3051	0
106742281	2753	313	0	1781	0
106742562	3004	2	0	1841	0
106745240	2153	312	0	2382	0
106747681	2057	420	0	2370	0
106750609	1995	320	0	2532	0
106750803	3427	174	0	1246	0
106752234	2131	1000	0	1716	0
106753277	2911	696	0	1240	0
106754682	3883	338	0	626	0
106765225	1986	924	0	1937	0
106769130	4019	175	1	652	0
106770062	1886	1731	3	1227	0
106770076	1711	1777	3	1356	0
106770110	1600	922	0	2325	0
106774811	1472	1689	5	1681	0
106775048	3275	1244	3	325	0
106779738	4267	572	0	8	0
106781023	3635	1184	0	28	0
106781612	4011	365	2	469	0
106787317	3240	964	3	640	0
106789865	2299	286	1	2261	0
106791958	3261	86	0	1500	0
106792422	2441	352	0	2054	0
106798935	2662	869	0	1316	0
106799250	2958	85	0	1804	0
106807178	1832	975	1	2039	0
106807314	1800	135	0	2912	0
106807637	2872	1008	3	964	0
106810917	2236	319	1	2291	0
106811312	3889	127	1	830	0
106816078	2848	863	0	1136	0
106817620	3171	497	4	1175	0
106819798	1806	1496	0	1545	0
106819826	2426	6	0	2415	0
106821455	1780	947	4	2116	0
106823977	2877	1	0	1969	0
106824273	1970	968	4	1905	0
106833179	4298	131	0	418	0
106835430	4270	553	0	24	0
106835943	2387	701	0	1759	0
106836434	4410	115	0	322	0
106837706	3549	139	1	1158	0
106838075	1968	1542	2	1335	0
106840774	1779	908	0	2160	0
106843175	3936	426	0	485	0
106843482	3726	165	1	955	0
106846153	2444	972	3	1428	0
106847114	2920	858	2	1067	0
106848878	3541	423	1	882	0
106849846	2192	1407	2	1246	0
106861495	3550	182	1	1114	0
106863482	2590	807	1	1449	0
106867772	3975	132	1	739	0
106869419	3448	2	0	1397	0
106869786	4139	92	1	615	0
106870617	4101	14	0	732	0
106882449	2280	265	3	2299	0
106882826	2068	719	0	2060	0
106887181	2111	671	0	2065	0
106887450	2406	606	0	1835	0
106893900	1757	1131	1	1958	0
106895275	4049	311	0	487	0
106896377	2767	838	1	1241	0
106896646	3942	128	1	776	0
106906072	1373	824	0	2650	0
106909984	3186	2	0	1659	0
106911367	4074	158	0	615	0
106914392	2538	1279	0	1030	0
106916733	3126	5	0	1716	0
106925646	2646	15	0	2186	0
106933123	3499	11	0	1337	0
106933198	1922	99	0	2826	0
106937801	1580	2696	0	571	0
106939790	3183	1461	0	203	0
106945362	4218	511	0	118	0
106948268	4130	396	0	321	0
106948755	3891	594	1	361	0
106949216	3735	661	0	451	0
106949471	3952	772	0	123	0
106950109	2580	2	0	2265	0
106952470	4181	381	0	285	0
106954328	3918	527	0	402	0
106956059	3805	185	1	856	0
106958259	3838	16	0	993	0
106959544	3129	1490	0	228	0
106961012	1599	1012	3	2233	0
106972375	3237	1207	1	402	0
106972853	3917	276	1	653	0
106975048	2450	1409	1	987	0
106979036	2506	338	1	2002	0
106984123	3263	184	0	1400	0
106985964	2263	435	1	2148	0
106986041	2520	0	0	2327	0
106986310	1662	453	2	2730	0
106988405	4252	10	0	585	0
106990343	3453	67	0	1327	0
106990693	2573	259	0	2015	0
106994923	1691	350	2	2804	0
106995026	2078	734	1	2034	0
106995205	1850	440	2	2555	0
107016143	2226	113	0	2508	0
107029067	3982	61	2	802	0
107032588	2251	367	0	2229	0
107033438	4042	85	0	720	0
107034321	1691	333	2	2821	0
107043816	1516	354	2	2975	0
107044026	1788	5	0	3054	0
107045441	1951	134	1	2761	0
107045474	1854	389	1	2603	0
107046847	1722	163	1	2961	0
107048888	1752	308	2	2785	0
107055583	2533	1042	2	1270	0
107062276	3926	359	1	561	0
107064921	2187	1226	1	1433	0
107070128	3651	125	0	1071	0
107072992	2753	12	0	2082	0
107074488	1875	312	3	2657	0
107085541	3595	1106	0	146	0
107092445	2111	263	0	2473	0
107100768	3075	209	1	1562	0
107107254	2140	1561	1	1145	0
107109564	3286	424	3	1134	0
107110129	4246	82	3	516	0
107113504	2769	552	3	1523	0
107116571	3490	338	3	1016	0
107118046	4253	482	0	112	0
107119195	1973	240	2	2632	0
107137366	3690	252	3	902	0
107141751	3893	309	1	644	0
107149412	4242	108	1	496	0
107152907	2501	111	0	2235	0
107158299	1798	2630	0	419	0
107158728	2086	4	0	2757	0
107159662	3134	7	0	1706	0
107159978	3876	88	0	883	0
107162248	1966	1733	2	1146	0
107173493	4026	16	0	805	0
107175696	2110	41	0	2696	0
107175910	2277	1321	2	1247	0
107177024	3895	250	1	701	0
107177410	1979	113	0	2755	0
107180296	1990	1398	2	1457	0
107180648	2547	1810	0	490	0
107180825	3343	529	2	973	0
107182165	3939	233	2	673	0
107183216	2393	1028	2	1424	0
107183812	2674	878	4	1291	0
107185171	2645	1600	0	602	0
107185212	2451	700	2	1694	0
107185225	2534	966	4	1343	0
107190204	2752	1645	0	450	0
107191879	3517	500	4	826	0
107213171	3151	1273	0	423	0
107216557	2355	1839	0	653	0
107218254	1795	2328	0	724	0
107218775	2190	242	0	2415	0
107218922	4229	80	0	538	0
107219644	2240	2237	0	370	0
107219888	3746	881	0	220	0
107222333	1903	1020	4	1920	0
107231972	3409	1318	0	120	0
107233800	2796	1817	0	234	0
107235440	1718	3127	0	2	0
107235880	2074	95	0	2678	0
107240068	2126	10	0	2711	0
107243262	1960	932	2	1953	0
107243425	2956	186	0	1705	0
107256227	2424	2064	0	359	0
107259558	4070	327	2	448	0
107259785	3263	182	0	1402	0
107265058	3370	1172	0	305	0
107277107	3377	1282	0	188	0
107279889	3008	1584	0	255	0
107283689	3468	1376	0	3	0
107286187	3321	1090	0	436	0
107290237	3102	1741	0	4	0
107291768	2548	2001	0	298	0
107294919	3711	828	0	308	0
107298541	2780	681	2	1384	0
107299512	1766	392	0	2689	0
107309260	4110	204	2	531	0
107310680	2320	4	0	2523	0
107312642	2962	265	0	1620	0
107313610	2570	578	0	1699	0
107315328	2060	2777	0	10	0
107316651	3392	576	2	877	0
107331898	3621	541	4	681	0
107332554	3048	237	0	1562	0
107336221	3491	1	0	1355	0
107336301	3572	136	0	1139	0
107337008	1720	14	0	3113	0
107338329	3428	1022	0	397	0
107338996	3219	172	0	1456	0
107339653	2576	51	0	2220	0
107340595	2030	410	0	2407	0
107344791	3560	502	5	780	0
107349432	3903	0	0	944	0
107350462	3234	8	0	1605	0
107360330	3308	2	0	1537	0
107361077	1779	9	0	3059	0
107362407	4240	210	1	396	0
107368508	4179	597	0	71	0
107373585	2376	896	4	1571	0
107380662	2692	2012	0	143	0
107386250	2941	169	0	1737	0
107387406	2269	163	0	2415	0
107392780	1825	2	0	3020	0
107393246	2196	6	0	2645	0
107398810	2896	1	0	1950	0
107404931	3602	114	0	1131	0
107416805	4055	15	0	777	0
107418743	3558	8	0	1281	0
107420023	3992	6	0	849	0
107430479	2382	368	0	2097	0
107430595	2491	341	0	2015	0
107432265	2612	492	0	1743	0
107432576	3973	145	0	729	0
107433461	2802	2044	0	1	0
107434198	3498	172	1	1176	0
107435107	1816	1945	4	1082	0
107444101	2994	221	0	1632	0
107448618	3403	203	1	1240	0
107449940	3860	161	1	825	0
107450588	2040	206	0	2601	0
107450890	2511	657	1	1678	0
107453603	2454	269	0	2124	0
107455290	3224	1029	1	593	0
107463586	3818	597	4	428	0
107463643	2640	169	0	2038	0
107465208	1884	2246	1	716	0
107465993	2069	2763	0	15	0
107472436	1515	2144	1	1187	0
107477388	2019	197	2	2629	0
107480854	3313	1434	1	99	0
107488331	2328	1333	3	1183	0
107488772	3392	166	1	1288	0
107489844	2893	1650	0	304	0
107490247	1331	1301	1	2214	0
107491595	3751	474	0	622	0
107494264	3929	338	0	580	0
107496153	2954	582	1	1310	0
107497665	2480	2105	0	262	0
107499177	2869	74	1	1903	0
107500644	3407	368	0	1072	0
107506014	2445	1611	1	790	0
107508467	3171	1071	1	604	0
107510572	3670	15	0	1162	0
107516208	3021	249	1	1576	0
107519660	4377	368	0	102	0
107522546	3801	16	0	1030	0
107525991	3390	1170	0	287	0
107526857	3516	783	1	547	0
107528451	2511	3	0	2333	0
107543055	2789	315	0	1743	0
107544434	1728	3115	0	4	0
107546375	3829	488	0	530	0
107548729	2304	402	1	2140	0
107548745	2185	1186	2	1474	0
107551380	1370	1692	0	1785	0
107551386	1351	588	1	2907	0
107552970	2304	361	1	2181	0
107553670	3403	234	1	1209	0
107554107	3801	1	0	1045	0
107555104	3759	114	1	973	0
107558177	3629	703	2	513	0
107561147	2190	464	1	2192	0
107561546	3169	359	0	1319	0
107563012	3805	173	1	868	0
107563970	2163	39	0	2645	0
107565081	2270	1207	0	1370	0
107565776	3945	158	1	743	0
107571327	2173	499	1	2174	0
107572010	1806	9	0	3032	0
107572997	3057	641	0	1149	0
107574773	2050	9	0	2788	0
107576873	3588	7	0	1252	0
107577331	3093	8	0	1746	0
107577832	2204	467	1	2175	0
107578821	4012	7	0	828	0
107579295	2124	514	0	2209	0
107585431	3076	6	0	1765	0
107591491	2054	15	0	2778	0
107596748	3960	6	0	881	0
107596918	2284	7	0	2556	0
107596964	2262	489	0	2096	0
107597988	2490	1569	0	788	0
107599002	2437	1623	0	787	0
107599918	2058	621	0	2168	0
107604216	2508	4	0	2335	0
107614482	1689	17	0	3141	0
107615384	2820	9	0	2018	0
107615656	4188	4	0	655	0
107616512	3084	11	0	1752	0
107617690	2140	13	0	2694	0
107618243	3081	7	0	1759	0
107623624	3900	5	0	942	0
107624477	1718	19	0	3110	0
107624563	2512	1434	0	901	0
107628665	2825	4	0	2018	0
107629966	2557	1932	0	358	0
107632077	1842	2506	0	499	0
107634116	2809	1738	0	300	0
107639318	4090	614	0	143	0
107639749	3875	1	0	971	0
107640839	3458	5	0	1384	0
107644296	2762	7	0	2078	0
107644582	2414	5	0	2428	0
107645245	1866	1821	2	1158	0
107648423	2183	2296	0	368	0
107650712	3199	3	0	1645	0
107651826	2855	0	0	1992	0
107654220	2361	38	0	2448	0
107655601	2277	5	0	2565	0
107655859	2768	1586	2	491	0
107656356	3125	584	2	1136	0
107658862	2957	1499	0	391	0
107659540	1867	3	0	2977	0
107660600	2850	1590	2	405	0
107664596	1860	9	0	2978	0
107676684	2305	497	0	2045	0
107679385	4031	0	0	816	0
107686418	3964	395	0	488	0
107692711	3723	4	0	1120	0
107692941	3172	65	0	1610	0
107693167	3913	278	0	656	0
107695853	3483	2	0	1362	0
107698007	3339	208	0	1300	0
107699041	4056	50	0	741	0
107701106	3027	226	0	1594	0
107703873	2625	614	0	1608	0
107704997	4329	134	0	384	0
107705158	4096	319	0	432	0
107709720	2831	1421	1	594	0
107710378	4166	338	2	341	0
107714478	2325	2013	1	508	0
107714954	3115	1342	0	390	0
107715546	2777	1583	1	486	0
107716620	3161	1340	0	346	0
107717100	3883	730	1	233	0
107719794	2453	1832	1	561	0
107721506	1550	10	0	3287	0
107721560	1661	45	0	3141	0
107721577	1891	2336	0	620	0
107724319	1681	2382	0	784	0
107725433	2590	5	0	2252	0
107725457	1626	59	0	3162	0
107725614	2209	11	0	2627	0
107726492	1626	2510	0	711	0
107727964	2483	1916	2	446	0
107731041	2601	10	0	2236	0
107735113	1544	3177	0	126	0
107736684	1840	77	0	2930	0
107738549	3215	18	0	1614	0
107741543	3132	3	0	1712	0
107741567	2985	19	0	1843	0
107743897	2793	3	0	2051	0
107743984	1914	2892	0	41	0
107747567	1721	3115	0	11	0
107748276	2924	10	0	1913	0
107748904	3182	1593	0	72	0
107749577	3501	1335	0	11	0
107749804	2316	2510	0	21	0
107753408	2901	5	0	1941	0
107760554	3483	1355	0	9	0
107764291	2252	4	0	2591	0
107766441	2790	19	0	2038	0
107767484	2894	26	0	1927	0
107768828	2150	2594	0	103	0
107769122	1858	18	0	2971	0
107771780	1713	16	0	3118	0
107771784	1760	77	0	3010	0
107771870	2487	26	0	2334	0
107775378	3634	1076	0	137	0
107776304	2819	223	0	1805	0
107776485	2370	21	0	2456	0
107778028	2166	31	0	2650	0
107778968	2956	1817	0	74	0
107781614	1932	0	0	2915	0
107785364	1762	332	0	2753	0
107789508	2763	1398	2	684	0
107791331	2373	0	0	2474	0
107805627	2115	212	0	2520	0
107805682	1945	2847	0	55	0
107808843	2515	3	0	2329	0
107810159	3519	2	0	1326	0
107814895	3497	48	0	1302	0
107816299	4124	31	0	692	0
107816751	3788	297	0	762	0
107817550	1847	201	0	2799	0
107822185	2293	1990	0	564	0
107823943	2512	954	0	1381	0
107825866	3415	661	0	771	0
107828950	2252	1019	0	1576	0
107828983	1659	173	0	3015	0
107830858	3397	84	1	1365	0
107837159	3611	468	2	766	0
107837442	2477	2367	0	3	0
107841255	3861	377	2	607	0
107842708	2000	1102	2	1743	0
107842839	1820	1075	2	1950	0
107844510	2505	188	0	2154	0
107847215	3284	1	0	1562	0
107849040	1641	307	0	2899	0
107854222	3193	7	0	1647	0
107855150	2626	1208	2	1011	0
107856203	1896	930	0	2021	0
107865978	3650	645	0	552	0
107868421	2151	1493	2	1201	0
107868639	2599	1439	2	807	0
107868724	1575	1311	0	1961	0
107868811	2277	0	0	2570	0
107872936	2865	1254	0	728	0
107873815	2082	2199	0	566	0
107874959	4098	592	1	156	0
107883043	4291	89	0	467	0
107885535	2083	565	1	2198	0
107885581	2372	10	0	2465	0
107886185	3178	1664	0	5	0
107888928	2269	304	2	2272	0
107889648	2069	1654	2	1122	0
107895076	1655	337	1	2854	0
107898606	3518	186	0	1143	0
107905108	2109	218	1	2519	0
107909878	3137	180	1	1529	0
107918319	1829	616	1	2401	0
107919366	3048	780	1	1018	0
107924150	1827	399	1	2620	0
107925625	3734	867	0	246	0
107930205	2905	1471	1	470	0
107930365	2700	1126	1	1020	0
107931160	2727	540	0	1580	0
107935133	1933	1452	1	1461	0
107936393	3265	731	2	849	0
107938716	1972	52	1	2822	0
107939883	3566	21	1	1259	0
107944721	3075	63	1	1708	0
107944955	1842	1475	2	1528	0
107946802	1825	884	1	2137	0
107949256	3484	389	1	973	0
107953826	4445	163	2	237	0
107955508	3484	26	0	1337	0
107956126	3444	31	1	1371	0
107956261	3029	1808	0	10	0
107956839	3419	1362	1	65	0
107958969	2342	1155	2	1348	0
107961159	3238	250	1	1358	0
107964274	3938	396	2	511	0
107966005	1810	9	0	3028	0
107972021	4178	352	2	315	0
107973126	1886	3	0	2958	0
107976463	2351	8	0	2488	0
107980407	4241	109	1	496	0
107981316	2325	489	2	2031	0
107982636	2638	25	1	2183	0
107982992	3352	492	1	1002	0
107983347	2255	2586	0	6	0
107984135	1791	582	1	2473	0
107984445	2182	1139	3	1523	0
107985745	1752	10	0	3085	0
107987813	2616	37	0	2194	0
107988218	3764	1079	0	4	0
107989314	2603	549	1	1694	0
107990065	3093	787	2	965	0
107995338	2272	724	2	1849	0
107996952	2132	8	0	2707	0
107997106	1549	2053	1	1244	0
107998332	1674	87	0	3086	0
107998734	2964	732	3	1148	0
107999415	1852	2988	0	7	0
108001307	3525	443	1	878	0
108001448	2802	610	2	1433	0
108005538	1751	996	3	2097	0
108005623	3113	175	1	1558	0
108005853	2881	438	3	1525	0
108006358	3597	1	0	1249	0
108010639	2130	966	2	1749	0
108011220	2317	243	0	2287	0
108014815	1872	94	1	2880	0
108015611	1819	1492	4	1532	0
108016292	2155	1117	2	1573	0
108016331	2334	320	0	2193	0
108016924	3198	181	1	1467	0
108018847	2190	1995	3	659	0
108020197	3099	1669	0	79	0
108020853	3560	1240	0	47	0
108023589	2117	281	1	2448	0
108024868	3161	681	1	1004	0
108026160	2750	1	0	2096	0
108026510	2095	2750	0	2	0
108028555	2093	528	1	2225	0
108030104	2949	39	0	1859	0
108031468	2371	70	0	2406	0
108037506	2056	2	0	2789	0
108037565	1438	123	0	3286	0
108037997	1941	637	0	2269	0
108040225	2187	17	0	2643	0
108040250	2156	0	0	2691	0
108040596	2010	931	1	1905	0
108040994	3821	29	0	997	0
108044081	2190	442	2	2213	0
108048737	1987	1078	0	1782	0
108061647	3348	476	0	1023	0
108064811	2510	3	0	2334	0
108066451	2121	5	0	2721	0
108066692	2060	393	1	2393	0
108067232	1447	629	1	2770	0
108067538	1549	738	1	2559	0
108068620	1873	465	1	2508	0
108069063	2454	18	0	2375	0
108069204	2872	2	0	1973	0
108069568	2397	444	1	2005	0
108070404	2726	253	1	1867	0
108070789	2038	506	0	2303	0
108071292	1285	7	0	3555	0
108071308	1254	616	0	2977	0
108072845	2801	246	1	1799	0
108073527	1912	1488	1	1446	0
108073587	2221	2024	2	600	0
108074305	1561	1024	1	2261	0
108075536	1894	1952	2	999	0
108075949	2216	991	3	1637	0
108076149	2738	1839	0	270	0
108076343	2722	371	0	1754	0
108077629	1722	479	1	2645	0
108078183	1966	1636	0	1245	0
108079073	3667	286	1	893	0
108079945	2180	1308	1	1358	0
108081883	2269	1159	3	1416	0
108081962	2371	56	0	2420	0
108082212	1776	1485	3	1583	0
108083184	1771	362	0	2714	0
108083870	3252	139	0	1456	0
108084777	3184	904	3	756	0
108085209	2085	1530	3	1229	0
108085686	2157	405	1	2284	0
108085949	3804	655	0	388	0
108087825	2397	1200	3	1247	0
108088010	1499	1650	3	1695	0
108089586	2285	13	0	2549	0
108089704	2263	1981	0	603	0
108089900	1621	1619	1	1606	0
108090641	3551	39	0	1257	0
108091124	2061	0	0	2786	0
108095617	1895	622	2	2328	0
108097237	2984	362	0	1501	0
108097721	3803	250	0	794	0
108098072	1792	1	0	3054	0
108099343	1749	436	3	2659	0
108099890	2861	744	0	1242	0
108103851	2462	302	0	2083	0
108106086	2112	16	0	2719	0
108107670	3619	72	0	1156	0
108110947	2335	6	0	2506	0
108112879	2261	275	1	2310	0
108113865	2447	1272	3	1125	0
108115145	3730	1030	1	86	0
108115838	1713	1	0	3133	0
108119772	3205	1639	0	3	0
108122870	1870	329	1	2647	0
108124480	3481	311	0	1055	0
108127895	2065	686	3	2093	0
108132879	2045	1057	0	1745	0
108133486	1540	166	0	3141	0
108135228	3257	251	1	1338	0
108137016	4147	256	1	443	0
108142075	2905	1451	1	490	0
108143104	2392	712	2	1741	0
108143883	1672	2484	1	690	0
108144794	3388	203	1	1255	0
108148082	1863	1140	2	1842	0
108148686	1811	307	1	2728	0
108152630	3857	167	1	822	0
108156360	3633	425	0	789	0
108156860	3595	477	2	773	0
108161500	3761	1072	1	13	0
108161597	2354	319	0	2174	0
108164297	2875	7	0	1965	0
108165971	4260	223	1	363	0
108172303	2044	2802	0	1	0
108172396	4106	677	1	63	0
108176009	1798	385	0	2664	0
108176287	1743	1156	0	1948	0
108176336	2168	998	1	1680	0
108181947	4133	507	1	206	0
108183085	1807	7	0	3033	0
108183491	3958	6	0	883	0
108183910	2689	6	0	2152	0
108184091	4025	34	1	787	0
108184312	2047	3	0	2797	0
108185309	1792	380	0	2675	0
108186083	2669	701	0	1477	0
108188100	2469	493	1	1884	0
108188317	2286	3	0	2558	0
108188345	2045	4	0	2798	0
108188858	4127	178	0	542	0
108190581	3037	739	1	1070	0
108191927	1883	511	0	2453	0
108192611	2063	7	0	2777	0
108193856	3377	4	0	1466	0
108197159	3784	11	0	1052	0
108200277	1944	637	1	2265	0
108202710	2634	1223	1	989	0
108202879	2220	356	1	2270	0
108203118	1614	183	0	3050	0
108205448	2214	23	0	2610	0
108207555	2735	1085	1	1026	0
108210799	1999	1801	2	1045	0
108211005	3153	36	0	1658	0
108212860	2906	1089	1	851	0
108213078	4152	147	1	547	0
108214333	3669	215	1	962	0
108216191	2425	1411	2	1009	0
108218139	3195	376	0	1276	0
108218276	1864	1289	0	1694	0
108218925	1817	1745	2	1283	0
108220582	1786	660	0	2401	0
108222326	3910	6	0	931	0
108222466	3353	243	1	1250	0
108227130	3042	55	1	1749	0
108231733	1781	34	0	3032	0
108232390	3073	180	0	1594	0
108235353	2383	6	0	2458	0
108236851	2244	1571	4	1028	0
108239924	1850	584	0	2413	0
108239958	2108	2362	4	373	0
108241166	2669	48	1	2129	0
108243851	2699	1147	0	1001	0
108245410	4321	112	2	412	0
108245615	1583	1389	4	1871	0
108245664	2243	477	1	2126	0
108246069	1597	1086	1	2163	0
108246246	1986	2251	1	609	0
108246265	2028	818	1	2000	0
108246853	4137	504	2	204	0
108247048	4229	213	1	404	0
108248779	2828	430	1	1588	0
108250282	3380	334	4	1129	0
108263314	3212	1230	2	403	0
108263367	3212	25	0	1610	0
108264148	1763	373	3	2708	0
108264211	1942	838	1	2066	0
108265699	4144	657	0	46	0
108266533	3678	118	3	1048	0
108267732	1923	731	4	2189	0
108268630	3589	847	1	410	0
108268801	3153	175	0	1519	0
108269953	3490	158	0	1199	0
108273631	3041	466	2	1338	0
108281720	1549	596	1	2701	0
108285388	2016	863	0	1968	0
108286971	2830	1486	1	530	0
108288220	2842	197	3	1805	0
108288655	3691	833	1	322	0
108289963	3287	315	0	1245	0
108293149	2509	1619	1	718	0
108296508	3527	750	2	568	0
108297223	2139	528	1	2179	0
108297507	2435	390	1	2021	0
108297527	2135	3	0	2709	0
108300141	3302	578	0	967	0
108302754	3681	64	0	1102	0
108302922	2530	303	1	2013	0
108304878	3254	861	2	730	0
108306866	2850	0	0	1997	0
108315137	3444	317	2	1084	0
108316189	1896	678	1	2272	0
108317403	3142	420	2	1283	0
108319079	1995	2039	2	811	0
108319389	3285	161	0	1401	0
108322535	3695	179	1	972	0
108330010	1997	648	0	2202	0
108330285	2943	989	2	913	0
108330356	3948	102	0	797	0
108333763	1865	2200	3	779	0
108334622	2552	1630	2	663	0
108336185	2033	731	2	2081	0
108336533	1638	360	0	2849	0
108336708	2597	7	0	2243	0
108336872	1998	265	0	2584	0
108337296	3253	323	1	1270	0
108338327	3738	217	1	891	0
108338532	1607	891	2	2347	0
108340002	2168	272	0	2407	0
108343087	3966	228	0	653	0
108343897	2468	1019	1	1359	0
108345842	3340	198	0	1309	0
108345950	3298	219	0	1330	0
108350152	1656	50	0	3141	0
108350677	3264	223	1	1359	0
108351812	2970	208	0	1669	0
108352851	1867	367	1	2612	0
108353670	2713	301	1	1832	0
108356293	4070	177	1	599	0
108356820	2513	945	0	1389	0
108357743	1674	346	1	2826	0
108357797	2101	303	1	2442	0
108358011	1927	351	1	2568	0
108359505	3437	244	1	1165	0
108359789	2420	267	1	2159	0
108360234	1661	47	0	3139	0
108360297	2260	674	1	1912	0
108366016	1955	331	1	2560	0
108370887	2544	65	0	2238	0
108376302	3044	474	1	1328	0
108385121	2839	101	0	1907	0
108385695	1873	363	1	2610	0
108386404	2066	942	2	1837	0
108398394	2001	127	0	2719	0
108402075	3849	180	2	816	0
108404040	3042	526	1	1278	0
108408983	2052	972	1	1822	0
108409038	2751	1352	0	744	0
108411794	2646	1478	1	722	0
108414230	2649	243	0	1955	0
108415314	2493	60	0	2294	0
108418299	2401	732	2	1712	0
108423982	2794	0	0	2053	0
108424744	2352	1988	1	506	0
108425055	2587	1505	2	753	0
108429934	3042	1442	1	362	0
108430091	2468	7	0	2372	0
108430813	2437	110	0	2300	0
108430962	1646	21	0	3180	0
108433856	1988	4	0	2855	0
108436557	2692	1292	3	860	0
108437873	2579	44	0	2224	0
108441642	3632	348	0	867	0
108442512	2771	407	1	1668	0
108445371	3537	246	2	1062	0
108446774	1848	351	0	2648	0
108448202	2666	487	2	1692	0
108448615	3395	133	0	1319	0
108450627	2866	278	0	1703	0
108453967	3957	34	0	856	0
108455985	2491	44	0	2312	0
108459260	4147	136	2	562	0
108459556	1503	164	1	3179	0
108459607	1471	2764	2	610	0
108459724	2291	2285	0	271	0
108462844	1916	2577	0	354	0
108467244	3820	3	0	1024	0
108467386	2109	1343	2	1393	0
108474679	1592	8	0	3247	0
108474868	1686	51	0	3110	0
108476181	3468	35	0	1344	0
108478253	2082	346	0	2419	0
108479087	3938	77	0	832	0
108479490	1572	9	0	3266	0
108480756	2928	3	0	1916	0
108482193	3220	1460	1	166	0
108482524	1998	2112	2	735	0
108484117	1866	126	0	2855	0
108484426	4036	570	2	239	0
108484632	2680	413	1	1753	0
108484898	3492	1348	0	7	0
108490086	1904	2936	0	7	0
108492712	2253	2086	0	508	0
108495433	2581	151	2	2113	0
108498145	1597	2513	1	736	0
108499756	2250	228	2	2367	0
108502657	1955	173	2	2717	0
108504017	1690	75	0	3082	0
108505554	2115	205	1	2526	0
108507174	2976	48	0	1823	0
108508164	1826	326	2	2693	0
108509267	2557	239	1	2050	0
108510256	2770	186	2	1889	0
108511294	1958	155	2	2732	0
108514072	2387	1998	1	461	0
108515547	2631	213	0	2003	0
108518870	1724	2412	1	710	0
108519681	2724	2	0	2121	0
108523973	2706	215	0	1926	0
108524174	3365	1092	2	388	0
108524270	4116	689	1	41	0
108525678	3108	600	3	1136	0
108526253	2098	72	0	2677	0
108527281	2160	1409	2	1276	0
108528710	4252	251	2	342	0
108530811	2551	580	1	1715	0
108531910	3093	2	0	1752	0
108532862	2326	2495	1	25	0
108536312	1613	932	1	2301	0
108538402	3147	337	2	1361	0
108538626	3362	519	1	965	0
108541144	1930	1	0	2916	0
108541909	4160	509	2	176	0
108546860	2870	3	0	1974	0
108547509	2624	730	1	1492	0
108549532	4355	42	0	450	0
108554124	1511	295	0	3041	0
108554161	1635	2229	2	981	0
108555998	1878	540	1	2428	0
108557705	1954	2256	5	632	0
108567634	2896	632	1	1318	0
108568620	2043	519	1	2284	0
108568922	3152	521	1	1173	0
108569698	1690	1495	1	1661	0
108569904	4218	161	1	467	0
108570617	1363	64	0	3420	0
108572106	2314	216	2	2315	0
108575869	1761	49	0	3037	0
108576267	2930	500	1	1416	0
108581278	2642	920	3	1282	0
108581907	1932	1284	2	1629	0
108582593	2903	251	2	1691	0
108585993	1943	1004	1	1899	0
108586767	1501	1989	1	1356	0
108587458	3944	124	0	779	0
108588247	1866	39	0	2942	0
108588372	2276	295	0	2276	0
108588668	2443	1463	3	938	0
108591583	2727	1047	1	1072	0
108592033	3058	645	1	1143	0
108595442	2167	1577	3	1100	0
108596119	2008	718	1	2120	0
108596968	1790	952	0	2105	0
108602821	2055	830	0	1962	0
108607571	3554	372	0	921	0
108609194	2070	588	1	2188	0
108611001	2182	1111	1	1553	0
108612077	4113	733	0	1	0
108612220	3493	421	0	933	0
108612799	3251	0	0	1596	0
108614265	1990	256	0	2601	0
108616955	2520	1101	3	1223	0
108621812	4070	540	1	236	0
108621962	3318	182	0	1347	0
108622819	2019	8	0	2820	0
108623475	1926	79	0	2842	0
108623543	1765	7	0	3075	0
108623728	2150	1077	3	1617	0
108624214	2006	7	0	2834	0
108625714	1495	52	0	3300	0
108626695	2965	880	3	999	0
108628067	2452	2	0	2393	0
108632178	2384	1054	3	1406	0
108634984	2061	1183	3	1600	0
108635062	1792	1362	3	1690	0
108640739	1569	1347	3	1928	0
108640825	2111	12	0	2724	0
108640870	1761	1294	3	1789	0
108640905	1963	1350	3	1531	0
108642664	2789	931	1	1126	0
108644247	1858	2202	1	786	0
108644530	2672	657	2	1516	0
108644704	1789	208	0	2850	0
108645226	1536	470	2	2839	0
108646298	2570	2046	1	230	0
108649289	3439	1296	1	111	0
108650358	2213	2399	1	234	0
108650428	2569	595	0	1683	0
108651825	3052	703	2	1090	0
108652325	3532	1233	1	81	0
108652454	1803	1551	0	1493	0
108654314	1950	2667	1	229	0
108654328	1826	2753	1	267	0
108654362	1977	789	1	2080	0
108655288	1684	888	1	2274	0
108656156	1658	1300	2	1887	0
108657184	2098	697	1	2051	0
108657598	1716	9	0	3122	0
108657626	1742	2898	1	206	0
108658838	3354	650	2	841	0
108660916	2037	2312	1	497	0
108661274	1755	1784	1	1307	0
108661569	4089	86	0	672	0
108662219	1694	549	1	2603	0
108663295	2004	2080	1	762	0
108665402	1821	2490	1	535	0
108665411	1800	2501	1	545	0
108665931	2157	913	2	1775	0
108666080	2074	814	3	1956	0
108667514	1612	8	0	3227	0
108668295	2449	286	1	2111	0
108671748	1767	161	2	2917	0
108672221	2724	2119	0	4	0
108672976	3466	290	1	1090	0
108673405	2706	916	1	1224	0
108678361	1867	144	1	2835	0
108680818	1815	1149	2	1881	0
108681944	2963	236	0	1648	0
108682900	3976	192	1	678	0
108683646	3762	11	0	1074	0
108691782	4259	141	0	447	0
108692661	3339	175	0	1333	0
108692734	3266	615	1	965	0
108692779	2436	515	2	1894	0
108693336	3799	668	3	377	0
108694369	2042	1334	3	1468	0
108694894	2232	1878	1	736	0
108695802	1954	1392	2	1499	0
108695853	1941	231	0	2675	0
108697224	2142	876	3	1826	0
108698133	4429	182	1	235	0
108699730	4173	325	1	348	0
108700637	4156	560	1	130	0
108703834	3588	82	0	1177	0
108711268	1996	1717	1	1133	0
108712001	3816	3	0	1028	0
108713244	3987	426	1	433	0
108714152	2039	164	3	2641	0
108724060	3305	680	3	859	0
108724518	2895	1379	1	572	0
108724693	3840	664	1	342	0
108726907	1831	1395	3	1618	0
108728484	3756	216	0	875	0
108729759	2108	505	0	2234	0
108739104	1831	545	1	2470	0
108739705	3863	76	0	908	0
108740091	2144	3	0	2700	0
108744934	3910	476	1	460	0
108745206	1908	2837	0	102	0
108745406	4019	120	2	706	0
108745692	2201	3	0	2643	0
108745751	2068	484	1	2294	0
108753833	3716	228	1	902	0
108754099	2465	401	2	1979	0
108754611	1716	14	0	3117	0
108755434	1698	1313	2	1834	0
108854166	4015	298	2	532	0
108860573	2143	148	0	2556	0
108871245	2383	914	2	1548	0
108871875	3109	669	2	1067	0
108872823	4096	142	2	607	0
108873582	3917	370	2	558	0
108876270	4089	332	2	424	0
108879960	2597	169	0	2081	0
108888654	2491	284	0	2072	0
108889277	1731	370	0	2746	0
109023455	2777	580	0	1490	0
109027349	3340	110	0	1397	0
109028160	3405	85	0	1357	0
109041784	2408	138	0	2301	0
109042235	2245	6	0	2596	0
109043890	3375	0	0	1472	0
109044245	4289	101	0	457	0
109069856	1824	591	0	2432	0
109070032	2415	1852	1	579	0
109071248	3359	501	0	987	0
109073893	3302	362	0	1183	0
109075236	2490	160	0	2197	0
109082021	3145	6	0	1696	0
109084300	2036	355	0	2456	0
109092023	2091	18	0	2738	0
109093791	3260	156	0	1431	0
109097042	2200	0	0	2647	0
109098737	2328	287	0	2232	0
109098932	2801	182	0	1864	0
109101851	3571	93	0	1183	0
109104945	3414	153	0	1280	0
109108395	2845	179	2	1821	0
109108766	4295	541	0	11	0
109113463	2520	227	0	2100	0
109116067	2295	4	0	2548	0
109125459	1789	329	0	2729	0
109126153	4384	50	0	413	0
109126399	2027	193	0	2627	0
109126580	1982	31	0	2834	0
109128904	2190	338	0	2319	0
109139095	1811	308	0	2728	0
109140145	2346	11	0	2490	0
109150720	1815	298	0	2734	0
109153771	3196	213	0	1438	0
109155144	3086	1740	0	21	0
109155515	3953	791	0	103	0
109156284	1758	3086	0	3	0
109161046	1638	2836	0	373	0
109163713	3924	2	0	921	0
109165151	3117	1548	0	182	0
109170199	4045	721	0	81	0
109185439	1442	390	0	3015	0
109187595	1915	755	0	2177	0
109188382	1618	359	0	2870	0
109209011	1980	217	0	2650	0
109221612	1865	1212	0	1770	0
109247303	2273	1	0	2573	0
109256135	3005	104	1	1737	0
109257169	3664	814	0	369	0
109257747	3198	399	0	1250	0
109258150	1679	2067	1	1100	0
109260034	1839	2709	0	299	0
109260181	2276	2307	1	263	0
109260357	2862	1268	0	717	0
109261971	2064	603	0	2180	0
109264125	2935	1870	1	41	0
109266187	2723	318	0	1806	0
109266523	2898	1382	0	567	0
109267039	2288	1914	1	644	0
109268441	2172	416	1	2258	0
109268573	3017	1031	0	799	0
109268951	2602	44	0	2201	0
109270563	1657	42	0	3148	0
109271037	3432	232	0	1183	0
109278362	3672	768	1	406	0
109280810	2893	665	1	1288	0
109285825	1620	64	0	3163	0
109288950	1810	53	0	2984	0
109292334	3860	544	0	443	0
109302083	3589	805	0	453	0
109305002	2478	327	0	2042	0
109305600	2180	0	0	2667	0
109308814	3795	170	0	882	0
109311336	2689	1450	1	707	0
109312502	2716	1303	1	827	0
109330357	4133	433	0	281	0
109335362	2033	978	1	1835	0
109336411	4075	626	0	146	0
109342609	2048	3	0	2796	0
109343194	3898	66	0	883	0
109345084	2167	15	0	2665	0
109345831	3710	333	1	803	0
109349307	3169	600	1	1077	0
109352897	2267	166	0	2414	0
109352976	2144	947	1	1755	0
109356216	1808	1063	0	1976	0
109356233	1595	1921	1	1330	0
109356260	1886	1839	0	1122	0
109356362	3762	190	0	895	0
109356524	3252	363	0	1232	0
109356550	2453	2	0	2392	0
109359502	2526	1289	2	1030	0
109359695	3240	0	0	1607	0
109360683	1811	1004	0	2032	0
109362958	1944	2	0	2901	0
109364117	2730	666	0	1451	0
109364165	2191	1261	1	1394	0
109365881	1459	4	0	3384	0
109366286	1888	737	0	2222	0
109366554	2911	179	1	1756	0
109367944	3148	771	1	927	0
109368112	2649	176	0	2022	0
109368333	3984	380	1	482	0
109369915	2468	1219	1	1159	0
109371874	2467	592	0	1788	0
109372968	2197	1845	2	803	0
109374087	2569	252	0	2026	0
109383960	1866	2919	0	62	0
109384436	2041	714	0	2092	0
109386466	2509	2209	1	128	0
109389021	2213	449	0	2185	0
109391027	2517	2084	1	245	0
109391074	1700	2774	1	372	0
109391129	2325	140	0	2382	0
109392715	2210	114	0	2523	0
109392837	2092	2043	2	710	0
109392901	3345	315	1	1186	0
109393647	2664	753	0	1430	0
109397229	2876	328	0	1643	0
109398862	2251	6	0	2590	0
109398917	2214	377	1	2255	0
109399660	2056	634	1	2156	0
109399881	1907	249	0	2691	0
109400805	1822	175	0	2850	0
109400835	1660	259	0	2928	0
109404282	1831	290	1	2725	0
109405505	2340	212	0	2295	0
109408765	1377	131	0	3339	0
109415137	3306	6	0	1535	0
109416225	2113	1153	1	1580	0
109417679	4024	99	1	723	0
109426288	4056	165	1	625	0
109429197	2453	15	0	2379	0
109432582	2062	4	0	2781	0
109436128	3849	91	0	907	0
109440740	2539	38	0	2270	0
109443863	2085	9	0	2753	0
109444298	2443	153	1	2250	0
109444370	2659	126	0	2062	0
109444798	3396	4	0	1447	0
109449600	1884	44	0	2919	0
109450654	3196	5	0	1646	0
109453129	3175	156	0	1516	0
109466063	2385	27	0	2435	0
109467612	2222	657	1	1967	0
109468708	2868	367	0	1612	0
109471634	4335	104	0	408	0
109473017	4313	88	0	446	0
109473054	3959	1	0	887	0
109474581	3299	48	0	1500	0
109476363	3478	434	2	933	0
109479870	3213	6	0	1628	0
109480287	3008	12	0	1827	0
109482826	2612	437	1	1797	0
109483767	1932	966	3	1946	0
109483975	3867	163	1	816	0
109486196	1561	1651	0	1635	0
109495875	2826	1008	0	1013	0
109495998	2306	1255	0	1286	0
109498274	2290	1302	0	1255	0
109500439	3683	656	0	508	0
109501053	2266	17	0	2564	0
109504629	2176	2669	0	2	0
109504663	1976	258	0	2613	0
109505689	1544	2416	1	886	0
109511353	2796	68	0	1983	0
109513497	3780	785	1	281	0
109513826	1654	6	0	3187	0
109519561	2623	941	2	1281	0
109521317	3146	153	0	1548	0
109527108	3357	218	3	1269	0
109527861	3102	198	2	1545	0
109545226	3756	1086	0	5	0
109558723	1854	2982	0	11	0
109585354	2955	2	0	1890	0
109591051	4185	384	0	278	0
109605378	2216	593	0	2038	0
109618308	2304	1353	3	1187	0
109632328	2895	246	1	1705	0
109648608	2430	16	0	2401	0
109649830	1615	2	0	3230	0
109651201	2445	425	1	1976	0
109656946	1603	1308	4	1932	0
109663420	3153	142	0	1552	0
109671522	3890	2	0	955	0
109672711	1499	619	0	2729	0
109677028	2494	117	0	2236	0
109677309	2877	258	0	1712	0
109681567	4028	29	0	790	0
109685273	2534	1671	0	642	0
109689314	2019	2351	0	477	0
109691269	1558	2709	0	580	0
109696056	1979	2055	0	813	0
109696968	3751	297	0	799	0
109700028	2326	93	0	2428	0
109703430	3360	79	1	1407	0
109704361	1904	446	0	2497	0
109705022	2257	1722	1	867	0
109705955	2473	4	0	2370	0
109706393	2249	1623	1	974	0
109709032	1832	1114	1	1900	0
109709885	2060	1252	1	1534	0
109714403	1571	1489	1	1786	0
109714750	2249	1038	1	1559	0
109715950	1488	129	1	3229	0
109717321	1678	1285	1	1883	0
109718619	3128	524	1	1194	0
109718954	2004	1143	1	1699	0
109720385	1657	500	0	2690	0
109723188	3953	256	1	637	0
109724188	1765	2641	0	441	0
109727422	3461	403	1	982	0
109727832	1481	493	0	2873	0
109734225	1738	2423	0	686	0
109734541	1927	2563	0	357	0
109734809	3949	32	0	866	0
109735298	1577	2566	0	704	0
109735416	1571	2547	0	729	0
109735504	1647	2574	0	626	0
109737063	1518	2610	0	719	0
109737090	1435	2677	0	735	0
109739071	2059	2182	0	606	0
109739180	3586	985	0	276	0
109740364	3191	520	3	1133	0
109740548	1965	855	1	2026	0
109743167	1938	301	0	2608	0
109743622	1951	1555	2	1339	0
109744359	2452	724	1	1670	0
109745618	2216	2356	0	275	0
109748940	2383	1904	1	559	0
109750671	2969	244	1	1633	0
109751949	3058	1	0	1788	0
109759776	2698	738	0	1411	0
109768889	2673	761	4	1409	0
109771063	3178	1397	1	271	0
109772210	2299	24	0	2524	0
109778237	1563	1537	1	1746	0
109781909	2403	772	3	1669	0
109782037	1682	1051	3	2111	0
109782190	1690	1111	1	2045	0
109783205	1901	1058	1	1887	0
109783555	1787	1460	2	1598	0
109788713	1870	571	1	2405	0
109789795	2013	2193	2	639	0
109795608	1599	3110	0	138	0
109798721	2785	1207	3	852	0
109804646	2511	1011	1	1324	0
109806313	1893	240	1	2713	0
109808117	2371	213	1	2262	0
109810735	2007	11	0	2829	0
109810981	1911	492	0	2444	0
109812193	1580	6	0	3261	0
109814880	1665	507	1	2674	0
109815252	3277	453	2	1115	0
109817192	2567	487	1	1792	0
109817590	2578	454	1	1814	0
109817838	2147	2112	1	587	0
109818306	1880	2317	1	649	0
109818530	2622	1659	1	565	0
109820919	2202	193	0	2452	0
109821511	2658	1712	1	476	0
109822166	4091	528	1	227	0
109822509	1760	254	1	2832	0
109824250	1988	146	1	2712	0
109824879	2799	17	0	2031	0
109826136	2128	1441	1	1277	0
109832283	3708	607	1	531	0
109833187	2670	105	0	2072	0
109833998	2785	45	0	2017	0
109834938	2560	86	0	2201	0
109835602	1643	3	0	3201	0
109837423	2014	205	1	2627	0
109838264	1678	184	1	2984	0
109838594	1649	3191	0	7	0
109839738	1841	200	1	2805	0
109839896	1590	382	0	2875	0
109840629	1914	2307	2	624	0
109845252	1787	2384	2	674	0
109849144	1986	2290	2	569	0
109851339	2582	10	0	2255	0
109852063	3277	21	0	1549	0
109853852	2512	11	0	2324	0
109856306	1902	1654	1	1290	0
109866212	2713	0	0	2134	0
109866403	3622	5	0	1220	0
109866569	2260	2019	1	567	0
109867089	2832	1	0	2014	0
109876473	3391	3	0	1453	0
109879050	2087	6	0	2754	0
109880721	3212	307	1	1327	0
109884775	2837	1572	1	437	0
109887191	1659	1688	3	1497	0
109890258	1672	8	0	3167	0
109912051	3088	89	1	1669	0
109916890	4229	486	1	131	0
109922377	2893	189	2	1763	0
109923677	1664	636	0	2547	0
109955569	3391	39	0	1417	0
109956459	1825	5	0	3017	0
109968410	3286	827	4	730	0
109974450	2601	1741	1	504	0
109979202	3885	699	1	262	0
109985439	3193	1318	2	334	0
109999838	3837	770	1	239	0
