ind	co1	co2
42784	28.396163194603698	28.396163194603698
8161	30.064099914003766	30.064099914003766
12398	30.740891295876725	30.740891295876725
42047	30.152619193565652	30.152619193565652
43565	30.86374389132333	30.86374389132333
32738	32.91309922250397	32.91309922250397
43503	28.5211766393356	28.5211766393356
17147	30.94547297464586	30.94547297464586
11950	28.333864542682036	28.333864542682036
25801	30.34374458145268	30.34374458145268
9213	29.48755629071514	29.48755629071514
1367	31.32375895668857	31.32375895668857
12019	29.139719806414977	29.139719806414977
34824	30.51949319901836	30.51949319901836
1640	28.73485628245048	28.73485628245048
10621	27.840860988703657	27.840860988703657
43290	30.434733949991724	30.434733949991724
24719	31.733289319945904	31.733289319945904
40120	30.52013415623552	30.52013415623552
20319	28.99783420624556	28.99783420624556
16210	30.268345540392136	30.268345540392136
44272	30.767174700480098	30.767174700480098
37698	31.191272026786656	31.191272026786656
10482	28.842589192703052	28.842589192703052
6930	30.69627939525554	30.69627939525554
16816	30.35138368579213	30.35138368579213
42241	29.96758491698874	29.96758491698874
13669	30.01318157911874	30.01318157911874
42450	29.320750030304886	29.320750030304886
31033	29.37946797247327	29.37946797247327
8887	31.33121421656793	31.33121421656793
4578	30.258838512767674	30.258838512767674
26443	29.518516082880392	29.518516082880392
4025	27.508210381701748	27.508210381701748
3402	29.123436225930014	29.123436225930014
5788	29.49449087251314	29.49449087251314
7020	28.71687083004938	28.71687083004938
35324	28.66967157502062	28.66967157502062
17760	30.825992584379115	30.825992584379115
31990	29.752784985239987	29.752784985239987
37825	28.300293883870324	28.300293883870324
41228	28.66484713389531	28.66484713389531
21148	29.700361110426368	29.700361110426368
31419	31.11480689851173	31.11480689851173
41517	28.493591153425836	28.493591153425836
9048	31.590112075481635	31.590112075481635
3608	29.512674823311098	29.512674823311098
33452	28.28889781291068	28.28889781291068
36763	30.513090214549557	30.513090214549557
1478	31.437091918188703	31.437091918188703
31027	29.778195890793537	29.778195890793537
20360	30.64881650162428	30.64881650162428
556	29.68210880539459	29.68210880539459
45010	29.989021744817872	29.989021744817872
39491	31.665416503851894	31.665416503851894
20948	30.895786434257403	30.895786434257403
9397	28.79739881166638	28.79739881166638
35596	32.79962711470064	32.79962711470064
27745	28.978803753065158	28.978803753065158
4218	30.8481069967984	30.8481069967984
34412	30.498082605068365	30.498082605068365
20597	29.91555836124068	29.91555836124068
32045	30.202493325858164	30.202493325858164
32783	29.83619422210873	29.83619422210873
39881	30.837059709623507	30.837059709623507
26165	29.287560335081906	29.287560335081906
17661	28.825850130990148	28.825850130990148
2159	30.475267950059635	30.475267950059635
7542	31.737394806755795	31.737394806755795
23620	29.863356337385675	29.863356337385675
15622	31.70331673234523	31.70331673234523
43350	29.911781654141105	29.911781654141105
16711	31.557242153072643	31.557242153072643
43356	30.963409884794654	30.963409884794654
45375	30.522726156767224	30.522726156767224
45421	30.937150389252007	30.937150389252007
17890	29.16309069584861	29.16309069584861
43194	30.09806808897162	30.09806808897162
32832	28.429446613762327	28.429446613762327
33307	28.22012211283443	28.22012211283443
3777	30.918836304308734	30.918836304308734
33840	29.850932221578134	29.850932221578134
45210	31.005636460489725	31.005636460489725
38669	30.13101788751832	30.13101788751832
9026	29.2269528938944	29.2269528938944
6149	32.89430741939923	32.89430741939923
3823	31.377078448489346	31.377078448489346
30417	30.1714558248132	30.1714558248132
31504	30.022242230358312	30.022242230358312
24993	31.65268581626847	31.65268581626847
20503	29.678124799500907	29.678124799500907
30252	31.524564612166753	31.524564612166753
510	30.654605347896215	30.654605347896215
18306	28.678173982597162	28.678173982597162
35539	30.743245379786394	30.743245379786394
29427	31.117380755760674	31.117380755760674
27806	30.54645944267002	30.54645944267002
41417	30.964053058453167	30.964053058453167
33509	31.374778665068025	31.374778665068025
3560	29.508717136234885	29.508717136234885
14955	32.25392545863066	32.25392545863066
24605	30.161614195306832	30.161614195306832
26436	30.833778813700757	30.833778813700757
6409	28.419890527504286	28.419890527504286
22332	31.01058528586921	31.01058528586921
18689	30.721867861959772	30.721867861959772
15594	29.416367961081438	29.416367961081438
3053	30.682845383555424	30.682845383555424
5582	30.505365780851456	30.505365780851456
13337	31.001457778935354	31.001457778935354
10674	30.71579609566481	30.71579609566481
35560	29.44563539223	29.44563539223
6958	30.05488047162967	30.05488047162967
15855	28.301353079924386	28.301353079924386
35501	30.021462979796897	30.021462979796897
12443	29.48428360810992	29.48428360810992
614	31.06883923740506	31.06883923740506
9005	31.342574102607735	31.342574102607735
37861	30.64130954201933	30.64130954201933
42983	28.14810517061744	28.14810517061744
42954	30.520961657344913	30.520961657344913
17915	28.895083814920287	28.895083814920287
12783	30.437862282863275	30.437862282863275
17020	30.158265948989026	30.158265948989026
13652	28.909438175388136	28.909438175388136
2266	28.68028406135778	28.68028406135778
6833	30.83865146805141	30.83865146805141
14272	32.11976385766191	32.11976385766191
43387	29.9504275626209	29.9504275626209
16388	30.325697849886275	30.325697849886275
14599	29.451676630030896	29.451676630030896
35567	29.729680934622113	29.729680934622113
28637	28.32719461305752	28.32719461305752
4947	30.08283180438908	30.08283180438908
17910	30.190192736346766	30.190192736346766
6968	29.69179285335153	29.69179285335153
24599	30.107088344909286	30.107088344909286
31129	29.643019884056145	29.643019884056145
43833	31.337526806800643	31.337526806800643
32689	29.923781997438468	29.923781997438468
18213	30.263373197588617	30.263373197588617
14066	30.960938103976673	30.960938103976673
22492	30.190181487202473	30.190181487202473
37071	30.40407412651048	30.40407412651048
41313	28.174633844987504	28.174633844987504
7539	29.751097008439555	29.751097008439555
45301	31.914497504054626	31.914497504054626
28448	30.390608430246814	30.390608430246814
39056	31.023941039707427	31.023941039707427
39916	30.39309988993004	30.39309988993004
42390	31.881927660566685	31.881927660566685
15915	29.251741038813755	29.251741038813755
8835	29.19296990725263	29.19296990725263
6695	30.657375553019268	30.657375553019268
9318	30.78626124756249	30.78626124756249
42817	30.317279264499106	30.317279264499106
29356	30.29608768194376	30.29608768194376
28121	29.33434988188614	29.33434988188614
19875	31.035382797499512	31.035382797499512
42219	30.03640254439181	30.03640254439181
13064	30.498543301219776	30.498543301219776
1634	29.522009537651268	29.522009537651268
40714	32.05074306305453	32.05074306305453
42690	29.5500535740795	29.5500535740795
14765	30.166740568772457	30.166740568772457
29928	28.8973276848383	28.8973276848383
26699	29.18801702224925	29.18801702224925
18234	29.95429671712367	29.95429671712367
3687	29.177446236764016	29.177446236764016
20059	30.125976941007274	30.125976941007274
33009	29.160291472244825	29.160291472244825
23841	30.121813332762077	30.121813332762077
45105	30.027949878754654	30.027949878754654
15983	31.231797049700816	31.231797049700816
39460	29.495169924158468	29.495169924158468
45002	28.89985863352449	28.89985863352449
38420	29.19788654666254	29.19788654666254
31799	27.83623683002142	27.83623683002142
40366	27.811413414511385	27.811413414511385
21558	31.006090526168755	31.006090526168755
7498	32.12540125719126	32.12540125719126
27092	29.617079572764247	29.617079572764247
39293	30.092418465450073	30.092418465450073
31062	29.547985996174635	29.547985996174635
16404	30.95181511287725	30.95181511287725
32948	29.826811162317153	29.826811162317153
19281	29.87588351145531	29.87588351145531
9044	29.846646746418678	29.846646746418678
41440	28.381259073537805	28.381259073537805
41902	30.827491177205044	30.827491177205044
5233	28.777672341600358	28.777672341600358
39148	32.212017006559876	32.212017006559876
22359	31.347093207035478	31.347093207035478
42947	30.189515516235257	30.189515516235257
7499	27.269958676022593	27.269958676022593
1751	30.03664574183147	30.03664574183147
43540	30.738741160551612	30.738741160551612
43939	30.374717001473517	30.374717001473517
23297	29.353725061394055	29.353725061394055
42904	32.017684033367786	32.017684033367786
40332	30.731188672772515	30.731188672772515
38966	29.77035294381256	29.77035294381256
3471	32.14411198254273	32.14411198254273
40644	30.397145855597465	30.397145855597465
12537	30.159466581791694	30.159466581791694
7192	30.38766428752952	30.38766428752952
19872	31.2146710215318	31.2146710215318
6307	30.313031601239413	30.313031601239413
10921	30.21977824816048	30.21977824816048
3504	30.251344255484767	30.251344255484767
13388	31.899189689007663	31.899189689007663
24243	30.078720367406362	30.078720367406362
10238	28.64807952887348	28.64807952887348
28164	29.229259231760274	29.229259231760274
22203	29.509372599544353	29.509372599544353
31386	31.07957920831444	31.07957920831444
902	31.174550825319358	31.174550825319358
18116	29.665481294078948	29.665481294078948
2211	30.000751004537186	30.000751004537186
14248	29.705344241754695	29.705344241754695
27137	28.565328601994267	28.565328601994267
42742	28.898917649151315	28.898917649151315
44300	28.688692696808477	28.688692696808477
15797	30.272847887192825	30.272847887192825
7858	30.7988968423537	30.7988968423537
26532	29.85386452888695	29.85386452888695
44353	29.51475012452196	29.51475012452196
22894	30.687775839941438	30.687775839941438
28970	29.068300568132567	29.068300568132567
15120	28.010160305655603	28.010160305655603
6117	29.926414800881645	29.926414800881645
36832	30.32340528133487	30.32340528133487
879	28.915400056165737	28.915400056165737
20505	28.566004438081798	28.566004438081798
8328	29.29880180857874	29.29880180857874
37029	28.598551487276016	28.598551487276016
2532	29.69138161857993	29.69138161857993
14035	29.714539405227416	29.714539405227416
19950	30.140025365019717	30.140025365019717
42046	30.89272901891067	30.89272901891067
38159	29.970581096943256	29.970581096943256
6122	30.556432414490658	30.556432414490658
17237	30.437318394072527	30.437318394072527
44716	28.37870035552396	28.37870035552396
39656	29.755403682968016	29.755403682968016
44792	28.908593380199953	28.908593380199953
16308	28.81871603937631	28.81871603937631
13057	30.05728556994256	30.05728556994256
9545	31.046987419538812	31.046987419538812
7196	30.620833414146244	30.620833414146244
19948	30.42951046619497	30.42951046619497
16412	31.4137940168374	31.4137940168374
43863	29.941522018302713	29.941522018302713
25683	29.310698033758356	29.310698033758356
10009	29.536821606593268	29.536821606593268
22615	29.44833959675031	29.44833959675031
42267	28.076869603475004	28.076869603475004
38456	31.208225068517443	31.208225068517443
42286	29.825704361085673	29.825704361085673
19336	29.879537142921517	29.879537142921517
33578	29.524840325620715	29.524840325620715
13507	30.02424452146053	30.02424452146053
33453	29.422188107329333	29.422188107329333
30227	30.923009113402493	30.923009113402493
42453	28.37145127800612	28.37145127800612
4263	30.66764793715036	30.66764793715036
20681	30.076933154893823	30.076933154893823
4776	31.141028228961098	31.141028228961098
7808	31.385217864612766	31.385217864612766
32130	31.361965265898625	31.361965265898625
9908	29.996524811229964	29.996524811229964
18908	29.12081915675542	29.12081915675542
20453	31.448860951292446	31.448860951292446
22499	28.948504073324607	28.948504073324607
20592	30.2787309179901	30.2787309179901
84	29.50277086304265	29.50277086304265
18236	30.17855719739772	30.17855719739772
41103	31.9346340525681	31.9346340525681
6068	30.633524514360683	30.633524514360683
38498	30.36368981675022	30.36368981675022
25838	29.94755675501014	29.94755675501014
34293	30.395483809457794	30.395483809457794
1565	30.836657884212315	30.836657884212315
12058	30.595926287123742	30.595926287123742
5215	29.113493911742857	29.113493911742857
34320	29.36441847913816	29.36441847913816
26787	30.04349880160438	30.04349880160438
42760	30.769402667095477	30.769402667095477
1664	30.437064636668417	30.437064636668417
3156	29.841164304376562	29.841164304376562
14342	28.13198988092054	28.13198988092054
40282	28.78678919753405	28.78678919753405
15410	31.43514870048441	31.43514870048441
28781	29.520908653248863	29.520908653248863
37731	31.26949177955892	31.26949177955892
19362	30.281790576692572	30.281790576692572
40390	29.409153451281103	29.409153451281103
27028	28.30135481615576	28.30135481615576
4777	29.692163411676354	29.692163411676354
11237	29.348866716085944	29.348866716085944
32129	28.815402932783204	28.815402932783204
25682	29.645483967860073	29.645483967860073
16256	31.36731227006973	31.36731227006973
44637	31.700122061516623	31.700122061516623
30750	28.120411197954436	28.120411197954436
20027	29.71458900303461	29.71458900303461
41122	29.640558591605256	29.640558591605256
2530	30.324595608536892	30.324595608536892
4874	30.755334340611583	30.755334340611583
19784	30.362081938019852	30.362081938019852
34134	30.053440887136315	30.053440887136315
12116	28.47157056829529	28.47157056829529
24360	29.067559767125534	29.067559767125534
19696	29.57810067850947	29.57810067850947
12945	29.370869941476247	29.370869941476247
20857	28.418454416923737	28.418454416923737
45170	28.746362971089827	28.746362971089827
4822	30.714422420078936	30.714422420078936
42981	28.865794821658135	28.865794821658135
19137	29.54344029563635	29.54344029563635
39294	29.35796393217305	29.35796393217305
21977	30.334013462530756	30.334013462530756
35228	29.44537189439079	29.44537189439079
13450	28.86753743757895	28.86753743757895
12866	29.438492567847714	29.438492567847714
13270	30.964634448402276	30.964634448402276
9174	31.505541343042438	31.505541343042438
41358	30.66801333786277	30.66801333786277
11942	30.30357114485594	30.30357114485594
18210	29.485567615581704	29.485567615581704
39326	30.589793059297048	30.589793059297048
12053	31.5493283254868	31.5493283254868
9928	31.84939438763946	31.84939438763946
12063	28.640742797383744	28.640742797383744
21144	29.059396784944852	29.059396784944852
11156	32.433813990831524	32.433813990831524
26139	29.692788192857293	29.692788192857293
2074	31.13994860020834	31.13994860020834
32591	29.40228196867125	29.40228196867125
20697	31.07635401279119	31.07635401279119
12093	31.344562918421087	31.344562918421087
27841	28.48647859179689	28.48647859179689
38922	27.75379751423315	27.75379751423315
26883	30.096480844113927	30.096480844113927
18905	28.868730013585647	28.868730013585647
2814	29.76655521935438	29.76655521935438
32042	31.106254160388275	31.106254160388275
19660	30.996864641028065	30.996864641028065
20477	31.12867291333641	31.12867291333641
39151	28.33462312498381	28.33462312498381
19285	30.617932372428005	30.617932372428005
13838	28.704857481426362	28.704857481426362
25366	29.29703805770949	29.29703805770949
42576	30.714338333501075	30.714338333501075
17717	30.881722724783142	30.881722724783142
3284	30.266288555761022	30.266288555761022
21838	30.508362063547235	30.508362063547235
35011	29.8498999000709	29.8498999000709
27318	28.807210421676196	28.807210421676196
16575	29.368839583543288	29.368839583543288
33719	30.478161956677358	30.478161956677358
43254	28.97027505748002	28.97027505748002
29420	29.04725495997134	29.04725495997134
8036	28.482813102418802	28.482813102418802
39143	28.94400689005704	28.94400689005704
10363	29.7902658228487	29.7902658228487
21621	29.813316068827508	29.813316068827508
24842	31.803710706899025	31.803710706899025
42387	31.378223353461607	31.378223353461607
30914	28.6651203090678	28.6651203090678
30994	31.421606465288562	31.421606465288562
12451	29.659356417651026	29.659356417651026
24697	31.8149108705619	31.8149108705619
25841	29.370822404813218	29.370822404813218
7849	30.203731655409964	30.203731655409964
16772	30.557926301067543	30.557926301067543
33433	31.056614126126636	31.056614126126636
6194	31.063102871173363	31.063102871173363
31539	30.39879357058068	30.39879357058068
28992	28.889658899461356	28.889658899461356
33920	29.452860308741062	29.452860308741062
4760	29.33471073284105	29.33471073284105
43384	29.60503358824018	29.60503358824018
25864	29.0389348304942	29.0389348304942
11020	30.005653909908553	30.005653909908553
2973	27.917947794658623	27.917947794658623
6651	29.760906359151637	29.760906359151637
11946	29.775150352254062	29.775150352254062
11216	30.015408019817656	30.015408019817656
6193	30.347693258481698	30.347693258481698
15914	30.53703367541314	30.53703367541314
12371	29.950809932978434	29.950809932978434
44327	29.20268406891413	29.20268406891413
23581	32.42676967211352	32.42676967211352
41252	30.342631813522694	30.342631813522694
10384	31.524429226040837	31.524429226040837
41576	30.67520487651483	30.67520487651483
35303	28.460452886446152	28.460452886446152
32892	29.805870174268087	29.805870174268087
2787	29.685503459934928	29.685503459934928
39594	30.736664140224846	30.736664140224846
7475	29.937536196859597	29.937536196859597
2840	29.592968489036817	29.592968489036817
9429	31.36698556853718	31.36698556853718
41167	29.394305810048063	29.394305810048063
26104	29.947695735515097	29.947695735515097
30881	30.097652065153845	30.097652065153845
34665	29.465635397368985	29.465635397368985
12643	31.325128242783197	31.325128242783197
33137	32.55791745827939	32.55791745827939
35562	28.41881294037842	28.41881294037842
45441	29.920389256653767	29.920389256653767
26445	31.382368072611516	31.382368072611516
43230	29.91221416751056	29.91221416751056
6002	30.626389311715332	30.626389311715332
24202	29.401648880009272	29.401648880009272
6000	30.061817605222238	30.061817605222238
17146	30.395838095916723	30.395838095916723
28515	30.21599877760731	30.21599877760731
5230	29.4103218624194	29.4103218624194
7879	29.699602538169483	29.699602538169483
26753	29.86405539771803	29.86405539771803
16728	30.5829234393033	30.5829234393033
13389	30.805770933265617	30.805770933265617
18514	30.62005624245111	30.62005624245111
17686	29.81492545884248	29.81492545884248
6285	30.56495679219533	30.56495679219533
15338	29.65272421568588	29.65272421568588
18696	30.664220541538935	30.664220541538935
20504	29.561079309584212	29.561079309584212
22493	30.478441026530213	30.478441026530213
14769	29.871231363538016	29.871231363538016
15366	31.629850649521185	31.629850649521185
13832	30.525277506256536	30.525277506256536
12203	31.82856892205505	31.82856892205505
16799	30.094389088827782	30.094389088827782
22451	29.78138162126989	29.78138162126989
10924	31.66227846361961	31.66227846361961
6729	30.331710746601534	30.331710746601534
30125	29.538497760028672	29.538497760028672
34854	31.845085098682603	31.845085098682603
32400	30.0022938246096	30.0022938246096
13476	28.53399785992966	28.53399785992966
9459	30.126740986948818	30.126740986948818
8133	29.31792911688805	29.31792911688805
36360	30.188128413618017	30.188128413618017
2459	29.81493772531026	29.81493772531026
17363	29.22398835792881	29.22398835792881
39048	28.484381512859148	28.484381512859148
45068	29.44937294207119	29.44937294207119
43161	29.459566628042154	29.459566628042154
17364	28.446368698059164	28.446368698059164
25730	30.762521562529436	30.762521562529436
20727	30.917889938216284	30.917889938216284
810	30.387846432912355	30.387846432912355
19456	31.695955318524888	31.695955318524888
15799	29.95559111758511	29.95559111758511
32313	29.543310331928808	29.543310331928808
16155	29.685715669798302	29.685715669798302
17283	31.93245932396709	31.93245932396709
19843	29.927371068209688	29.927371068209688
12644	29.647753307571406	29.647753307571406
31128	30.826690513204827	30.826690513204827
24286	31.349699107292686	31.349699107292686
21585	28.975604133406875	28.975604133406875
36728	29.587659873082647	29.587659873082647
5680	29.173822210862173	29.173822210862173
23518	31.431253581648175	31.431253581648175
18620	29.264922441266194	29.264922441266194
34817	31.111883769329246	31.111883769329246
36416	29.30111556122107	29.30111556122107
28780	29.755541379661548	29.755541379661548
4462	30.123958880131266	30.123958880131266
30787	28.55727773205035	28.55727773205035
22646	31.632739803918238	31.632739803918238
45435	30.12775809893164	30.12775809893164
12370	30.405665333790335	30.405665333790335
15041	29.77696338038048	29.77696338038048
25903	30.61412117093005	30.61412117093005
28833	29.695620010600468	29.695620010600468
21523	28.35466531216767	28.35466531216767
3951	27.913746342454395	27.913746342454395
31986	31.421543019930805	31.421543019930805
557	28.69735726073004	28.69735726073004
27445	27.80105114092618	27.80105114092618
5144	30.259770348404352	30.259770348404352
15264	29.46234835981071	29.46234835981071
4759	30.289122469738718	30.289122469738718
5118	31.588699935720587	31.588699935720587
42087	30.733091465395436	30.733091465395436
41283	29.34282321863249	29.34282321863249
41308	31.66879605336151	31.66879605336151
13976	30.377436212571553	30.377436212571553
2387	31.082252253574975	31.082252253574975
27597	30.961028124082794	30.961028124082794
38990	31.65733618677369	31.65733618677369
16661	31.03932609880379	31.03932609880379
23770	31.124510376552504	31.124510376552504
5974	29.39373580471618	29.39373580471618
5391	28.81829376450262	28.81829376450262
2504	30.72783571822961	30.72783571822961
9692	30.66111774674173	30.66111774674173
29617	31.028791937815935	31.028791937815935
37155	30.467075499221053	30.467075499221053
17739	30.533234722114443	30.533234722114443
8079	28.458982097088406	28.458982097088406
32167	31.046847486272547	31.046847486272547
45174	28.184487592120295	28.184487592120295
42932	31.078809657289188	31.078809657289188
16254	29.183003201211722	29.183003201211722
8078	29.967402057138106	29.967402057138106
5791	32.0711927201894	32.0711927201894
1775	30.24132758283053	30.24132758283053
6217	28.121033006214283	28.121033006214283
25264	28.511657094253835	28.511657094253835
25769	29.477792197561598	29.477792197561598
1873	30.289076204169003	30.289076204169003
19748	29.597832162945203	29.597832162945203
8832	29.269641495162716	29.269641495162716
13570	30.960083244358025	30.960083244358025
19664	29.013377185886906	29.013377185886906
34507	32.90448681649405	32.90448681649405
847	29.578488688218346	29.578488688218346
38691	29.877470073532123	29.877470073532123
10410	29.556294369149107	29.556294369149107
28669	29.644456646857883	29.644456646857883
8126	31.501102062425787	31.501102062425787
23263	29.830085598241077	29.830085598241077
11604	29.052896176536304	29.052896176536304
22489	29.362741389520586	29.362741389520586
4471	30.383715092563836	30.383715092563836
25022	29.004294814707496	29.004294814707496
38272	31.472677161913666	31.472677161913666
24168	29.907698813471352	29.907698813471352
38394	29.191525929527046	29.191525929527046
45451	28.80767547473931	28.80767547473931
21891	31.77501442230766	31.77501442230766
36320	29.395754279840954	29.395754279840954
24934	30.837093946800216	30.837093946800216
25368	29.846818085360663	29.846818085360663
35472	29.726353638655514	29.726353638655514
13698	31.052155804921522	31.052155804921522
25167	31.753355026891494	31.753355026891494
22716	30.580869885315423	30.580869885315423
31681	29.72884566899896	29.72884566899896
16666	28.431962759061292	28.431962759061292
33987	30.992142417076682	30.992142417076682
42669	29.504802028966207	29.504802028966207
31133	28.27921931496203	28.27921931496203
1308	30.26563646186784	30.26563646186784
15445	29.953531613845758	29.953531613845758
6353	29.21098606693451	29.21098606693451
38589	29.00530880808333	29.00530880808333
44914	29.208482897294186	29.208482897294186
13776	28.391058623297997	28.391058623297997
35200	31.514733649104404	31.514733649104404
8333	30.75548360409949	30.75548360409949
10622	29.180346745692308	29.180346745692308
11693	30.28916716533082	30.28916716533082
25486	30.05385690875937	30.05385690875937
33605	30.280838880904085	30.280838880904085
9862	29.97792635099071	29.97792635099071
32337	31.150395734895888	31.150395734895888
757	29.05209679562978	29.05209679562978
14229	30.176615819705376	30.176615819705376
42201	29.18976499800434	29.18976499800434
42744	31.777445713402518	31.777445713402518
19780	28.473883342433947	28.473883342433947
39596	28.793779438881494	28.793779438881494
1417	31.171794057622208	31.171794057622208
34414	29.785299990128987	29.785299990128987
43841	30.695999354157628	30.695999354157628
929	29.166624855190697	29.166624855190697
14519	31.82811763857782	31.82811763857782
28032	29.913772485586573	29.913772485586573
16594	30.026308958126933	30.026308958126933
15266	29.804679263202615	29.804679263202615
3246	28.25391228932191	28.25391228932191
17482	28.662395538867468	28.662395538867468
2632	29.76761191649599	29.76761191649599
23517	29.145319355649296	29.145319355649296
3181	31.300715910232245	31.300715910232245
2849	30.841204144613798	30.841204144613798
27919	30.6041221355847	30.6041221355847
16664	31.99173258285059	31.99173258285059
26793	31.08960281802887	31.08960281802887
43414	30.456077443911923	30.456077443911923
24593	31.63279899190327	31.63279899190327
9260	28.018363216094027	28.018363216094027
30258	30.331642601485875	30.331642601485875
4715	29.79938984188663	29.79938984188663
41744	30.215324617887052	30.215324617887052
40119	30.065176080148692	30.065176080148692
42555	29.679533087041573	29.679533087041573
28163	31.16135031554069	31.16135031554069
36698	28.8604402945719	28.8604402945719
26226	31.21008007948381	31.21008007948381
2176	28.64042757564288	28.64042757564288
26758	28.739072047402807	28.739072047402807
20429	29.140794207003868	29.140794207003868
29950	30.10737857529281	30.10737857529281
27450	29.989221079725645	29.989221079725645
33847	29.704275125097553	29.704275125097553
12535	29.740625180614444	29.740625180614444
24241	28.67993422338397	28.67993422338397
29348	31.924850578025737	31.924850578025737
17098	30.51851584380404	30.51851584380404
38797	29.981018911982204	29.981018911982204
5660	29.68945764384871	29.68945764384871
33240	29.393813724443127	29.393813724443127
7358	30.56562276546179	30.56562276546179
931	28.928737938913898	28.928737938913898
5454	28.777922824006726	28.777922824006726
11404	28.761860758068153	28.761860758068153
10485	31.541888332529645	31.541888332529645
44487	30.729454943817544	30.729454943817544
22027	30.03488576307044	30.03488576307044
4411	29.55566245723525	29.55566245723525
10788	30.9217279013827	30.9217279013827
24990	30.88228775932773	30.88228775932773
12753	28.147206433377733	28.147206433377733
16192	30.026884132148282	30.026884132148282
9910	28.895007336031085	28.895007336031085
4920	28.924371735849306	28.924371735849306
41020	31.98615973808761	31.98615973808761
32312	31.80887551220777	31.80887551220777
9424	30.421781046937305	30.421781046937305
42000	29.597395315569845	29.597395315569845
15971	31.12580013664109	31.12580013664109
36894	31.760989073893477	31.760989073893477
7106	29.99478875286482	29.99478875286482
16604	28.731053274710717	28.731053274710717
32921	31.65616830622984	31.65616830622984
18398	28.43424228516607	28.43424228516607
25640	27.701063272757818	27.701063272757818
2945	29.62386343938058	29.62386343938058
32623	28.767532766132227	28.767532766132227
37295	29.355699011432847	29.355699011432847
12292	30.003638210918265	30.003638210918265
26012	30.707521688479506	30.707521688479506
812	30.792132774329474	30.792132774329474
7059	30.227186109426626	30.227186109426626
25450	29.89495975586055	29.89495975586055
16822	29.69765479031027	29.69765479031027
37455	29.255518723183418	29.255518723183418
10235	29.6713292947321	29.6713292947321
15003	29.506511770583966	29.506511770583966
36835	31.990569457327638	31.990569457327638
11432	29.895934618711806	29.895934618711806
225	29.835223151992302	29.835223151992302
31890	30.87271209515129	30.87271209515129
40527	29.85648219022671	29.85648219022671
4644	29.451402406982005	29.451402406982005
3713	28.9902446176162	28.9902446176162
13873	30.816048464753067	30.816048464753067
24126	29.689158117167377	29.689158117167377
19985	30.683329969983404	30.683329969983404
29023	28.274081102902265	28.274081102902265
35930	30.078301754294	30.078301754294
4548	30.494389020842277	30.494389020842277
28185	29.90188607020074	29.90188607020074
6426	31.94997974072445	31.94997974072445
26194	29.67958377339131	29.67958377339131
23497	28.716469808313278	28.716469808313278
27128	32.894888936201895	32.894888936201895
123	30.803679522453983	30.803679522453983
23618	30.025538258650773	30.025538258650773
11736	32.17618262838924	32.17618262838924
29313	31.054269136026665	31.054269136026665
29547	29.701662063779036	29.701662063779036
10739	30.256859937506903	30.256859937506903
33785	29.890553311582746	29.890553311582746
3867	30.485342391017934	30.485342391017934
7317	29.89081339084615	29.89081339084615
16160	30.88306314936829	30.88306314936829
33843	27.992707189746202	27.992707189746202
36071	30.658242670024183	30.658242670024183
3950	29.854035474458268	29.854035474458268
6279	29.936745465300664	29.936745465300664
37488	29.609596574479557	29.609596574479557
43812	29.72787225722118	29.72787225722118
20724	31.8371883708458	31.8371883708458
17048	30.499947511801725	30.499947511801725
37860	30.58216818127741	30.58216818127741
601	30.908046717054745	30.908046717054745
40933	30.978208085703123	30.978208085703123
38043	29.233894401716643	29.233894401716643
15858	29.347256891560917	29.347256891560917
28723	30.381807358077282	30.381807358077282
20654	30.560029977780037	30.560029977780037
10118	30.469942693971866	30.469942693971866
28869	29.88635681801595	29.88635681801595
14541	30.85656589721899	30.85656589721899
32858	30.143781708861326	30.143781708861326
26791	28.77708909424094	28.77708909424094
11433	30.34831649260481	30.34831649260481
2660	28.744190727583742	28.744190727583742
16550	29.44334060386638	29.44334060386638
2846	30.998750909729495	30.998750909729495
11540	29.6170248501274	29.6170248501274
2265	30.393305508055533	30.393305508055533
20370	30.75634808692012	30.75634808692012
45438	29.87668741968296	29.87668741968296
17592	30.89976086854997	30.89976086854997
18843	30.532894722995337	30.532894722995337
38671	30.641737961522484	30.641737961522484
9110	31.039538865065275	31.039538865065275
42758	29.107969115929627	29.107969115929627
36173	29.118059873665846	29.118059873665846
32284	31.69039476160922	31.69039476160922
33303	30.543381998601813	30.543381998601813
14593	29.24474512859328	29.24474512859328
43732	31.44364248661034	31.44364248661034
40553	28.696780256897352	28.696780256897352
21680	30.99419869583319	30.99419869583319
22454	29.45968399910866	29.45968399910866
43141	30.1549873952801	30.1549873952801
4495	31.8638877145593	31.8638877145593
23348	29.77236105207646	29.77236105207646
1246	29.34918627206737	29.34918627206737
1965	30.605306059645052	30.605306059645052
32626	29.27944101395066	29.27944101395066
25399	31.47188943665383	31.47188943665383
31687	31.669559857568675	31.669559857568675
35840	29.522471876392988	29.522471876392988
6121	29.154995787225513	29.154995787225513
10097	27.635411641727394	27.635411641727394
32374	31.387229362400145	31.387229362400145
10049	28.741273939001506	28.741273939001506
41996	30.334566061366896	30.334566061366896
32315	30.179909051960916	30.179909051960916
20855	30.989641051625004	30.989641051625004
17093	29.075841495345255	29.075841495345255
4130	31.215075603252775	31.215075603252775
19810	29.13037630606177	29.13037630606177
32888	30.241642546824156	30.241642546824156
23649	28.059960590848814	28.059960590848814
28751	28.76796279779468	28.76796279779468
10512	30.577744620342575	30.577744620342575
5044	30.311021989747218	30.311021989747218
23295	30.484677566014796	30.484677566014796
1386	31.47509789602626	31.47509789602626
31763	29.541246164485187	29.541246164485187
45071	29.870928643722024	29.870928643722024
2291	30.099416927040167	30.099416927040167
31136	28.617879988388857	28.617879988388857
24600	30.653119872935893	30.653119872935893
24059	30.003677296872354	30.003677296872354
27227	30.97226663641403	30.97226663641403
35965	30.65315438109635	30.65315438109635
2634	31.42000375600981	31.42000375600981
14225	30.19094387684881	30.19094387684881
3503	30.471333466321017	30.471333466321017
24455	30.45199585773785	30.45199585773785
27061	30.144581091769826	30.144581091769826
1730	28.48445805202358	28.48445805202358
16281	30.98285712268168	30.98285712268168
30028	28.892960882071243	28.892960882071243
24809	29.264178014444038	29.264178014444038
10516	29.515445664678815	29.515445664678815
15482	30.829373783781794	30.829373783781794
5334	32.352090192242684	32.352090192242684
28307	29.992779364036465	29.992779364036465
10673	31.789986189331753	31.789986189331753
14273	29.951147591977314	29.951147591977314
25267	31.026786285854683	31.026786285854683
10120	29.16409169818696	29.16409169818696
32307	30.115449099833913	30.115449099833913
5563	29.289833926186915	29.289833926186915
23123	29.107625328707826	29.107625328707826
37768	28.589127281871423	28.589127281871423
16026	31.147133185835248	31.147133185835248
17145	30.715456034104637	30.715456034104637
31282	30.18528525637027	30.18528525637027
33752	29.65890942414136	29.65890942414136
4520	29.893682782102868	29.893682782102868
32311	30.182238440203044	30.182238440203044
11720	29.144033499428684	29.144033499428684
40246	29.91571868694288	29.91571868694288
41208	29.11346202805905	29.11346202805905
40038	30.79824408337456	30.79824408337456
28420	28.978228808503072	28.978228808503072
5364	30.514899184066245	30.514899184066245
3673	30.491655180534234	30.491655180534234
4572	29.49173576426835	29.49173576426835
17365	30.420838782098453	30.420838782098453
5830	30.79298067365741	30.79298067365741
27031	30.393571621047464	30.393571621047464
29355	30.00892529188788	30.00892529188788
31417	29.641127532047047	29.641127532047047
6934	30.51730887083665	30.51730887083665
14170	28.14570860409646	28.14570860409646
19961	30.649417463727453	30.649417463727453
41998	29.54345811398186	29.54345811398186
23203	29.847172309921806	29.847172309921806
5480	29.968471740022668	29.968471740022668
2553	28.852068581383236	28.852068581383236
32277	29.84740238206551	29.84740238206551
13625	28.91191974224598	28.91191974224598
4581	28.616509047279894	28.616509047279894
28892	29.352244924711066	29.352244924711066
22928	31.337181014356904	31.337181014356904
2850	32.79768110450445	32.79768110450445
17770	29.7751116628966	29.7751116628966
35010	30.528565711216952	30.528565711216952
2923	28.866887460279354	28.866887460279354
34661	28.994883246048076	28.994883246048076
36515	29.95884186400097	29.95884186400097
3268	31.156896450860664	31.156896450860664
44476	27.88546283381163	27.88546283381163
42045	28.912121620295775	28.912121620295775
15187	30.570689013028396	30.570689013028396
24096	29.471114284671472	29.471114284671472
44297	29.61509858453514	29.61509858453514
41524	29.627610615329225	29.627610615329225
10240	31.275297599329765	31.275297599329765
11079	30.28204141721223	30.28204141721223
10509	29.62551049662289	29.62551049662289
44414	31.4685061404074	31.4685061404074
22806	30.35932139839954	30.35932139839954
3138	31.043156851063916	31.043156851063916
45004	28.388337250915576	28.388337250915576
32335	28.584815419157653	28.584815419157653
40497	31.832944314510822	31.832944314510822
38454	29.733389276651593	29.733389276651593
13190	28.51945512550827	28.51945512550827
31852	30.06002817717674	30.06002817717674
21861	30.600084176840085	30.600084176840085
38864	30.687898077763784	30.687898077763784
4797	30.43822003090233	30.43822003090233
11776	29.90322487414389	29.90322487414389
2420	30.07080009280176	30.07080009280176
13835	28.723622041725438	28.723622041725438
11898	28.917619696540186	28.917619696540186
4522	30.031165743718436	30.031165743718436
30536	30.389122819921447	30.389122819921447
8429	31.171064462918082	31.171064462918082
3081	27.23171331758544	27.23171331758544
1101	27.775533251023987	27.775533251023987
29390	30.245259555751677	30.245259555751677
16658	30.406349495095082	30.406349495095082
20197	29.952312302878788	29.952312302878788
16025	30.34712375262833	30.34712375262833
45376	29.96122324349186	29.96122324349186
22118	30.464630017717926	30.464630017717926
16824	29.87759372336115	29.87759372336115
43355	29.84545828578967	29.84545828578967
19749	28.906431408269743	28.906431408269743
8204	29.869023448532143	29.869023448532143
12889	30.878389360518597	30.878389360518597
26501	31.782353598274394	31.782353598274394
32489	29.839614087432114	29.839614087432114
39975	30.361984379724728	30.361984379724728
15236	30.190316601785035	30.190316601785035
7545	28.35813007037677	28.35813007037677
13750	29.798889465064505	29.798889465064505
16154	30.031505817901532	30.031505817901532
7104	34.08315848196844	34.08315848196844
28717	28.143328766010267	28.143328766010267
21522	29.175950540044205	29.175950540044205
14169	27.813494450327447	27.813494450327447
40795	29.62774569739549	29.62774569739549
13626	29.638483762053678	29.638483762053678
14300	30.01703648943019	30.01703648943019
9216	31.232558575524	31.232558575524
37676	29.691299109196564	29.691299109196564
24882	29.539562538932838	29.539562538932838
3707	28.33494219486559	28.33494219486559
43382	29.08544952165128	29.08544952165128
9787	29.90446547392742	29.90446547392742
16571	30.72696315525557	30.72696315525557
3712	28.65436493343544	28.65436493343544
13510	32.3222372962844	32.3222372962844
9618	30.517972878512442	30.517972878512442
17633	29.87530267169748	29.87530267169748
14492	29.869968657024422	29.869968657024422
32071	30.778881900610653	30.778881900610653
20589	29.652541112322577	29.652541112322577
6759	28.338062357753966	28.338062357753966
3780	29.01135589466862	29.01135589466862
18206	28.795864970332467	28.795864970332467
45213	30.249446151966477	30.249446151966477
13063	29.76712278053426	29.76712278053426
28482	30.489848970614833	30.489848970614833
5072	29.294535812595516	29.294535812595516
36594	31.089613398499374	31.089613398499374
20539	30.09231411679269	30.09231411679269
17182	29.502776249063192	29.502776249063192
5503	29.53336836421999	29.53336836421999
29842	29.156944077834936	29.156944077834936
18180	29.626725221394068	29.626725221394068
9377	30.292790620248127	30.292790620248127
19665	28.58674208093039	28.58674208093039
40642	29.65492692971786	29.65492692971786
16689	29.17827699048924	29.17827699048924
45409	29.22576884653005	29.22576884653005
38041	30.399332948415363	30.399332948415363
11940	30.17240205659893	30.17240205659893
5048	30.688638114183625	30.688638114183625
24124	30.218453104289853	30.218453104289853
32590	29.734613452063538	29.734613452063538
23708	29.70208368870615	29.70208368870615
1328	32.150909131206504	32.150909131206504
31533	30.006370512946685	30.006370512946685
36732	29.80481429825169	29.80481429825169
14301	29.912410641933306	29.912410641933306
28212	29.770978431428023	29.770978431428023
15055	29.62978648087503	29.62978648087503
10965	33.664260845051295	33.664260845051295
2108	31.430680411342568	31.430680411342568
32018	31.122336548190965	31.122336548190965
17690	29.387523671749797	29.387523671749797
36518	29.613541984604755	29.613541984604755
41826	30.397871524217425	30.397871524217425
15333	30.751757409211283	30.751757409211283
15259	30.22319085563027	30.22319085563027
11183	28.841828485972336	28.841828485972336
42386	29.54889965969543	29.54889965969543
17475	30.439096311820702	30.439096311820702
398	28.701685873469998	28.701685873469998
15570	32.3931430501704	32.3931430501704
21387	30.227942538848872	30.227942538848872
9812	30.161071358629876	30.161071358629876
20019	29.636168808705932	29.636168808705932
15341	30.88803566355935	30.88803566355935
3401	29.634603300978377	29.634603300978377
2689	29.360407779860616	29.360407779860616
24631	31.293911411168594	31.293911411168594
9667	30.315543212869155	30.315543212869155
37460	30.082753442722936	30.082753442722936
5583	29.4020745994061	29.4020745994061
206	30.818697836659357	30.818697836659357
23272	30.54896995989686	30.54896995989686
14482	30.96898130585713	30.96898130585713
207	28.825732916663526	28.825732916663526
13089	30.58376437575619	30.58376437575619
6885	28.9063972354785	28.9063972354785
40958	31.131943140848406	31.131943140848406
35933	30.07405179453371	30.07405179453371
37462	29.617728162129332	29.617728162129332
8104	30.18235294365679	30.18235294365679
34449	28.48217435695862	28.48217435695862
13903	30.421301486321468	30.421301486321468
23766	30.972685007128863	30.972685007128863
30749	28.930867905382687	28.930867905382687
35263	29.79357326983006	29.79357326983006
14167	30.362224034835258	30.362224034835258
41042	30.735293026781548	30.735293026781548
29778	28.457121828369914	28.457121828369914
16900	28.8979832235308	28.8979832235308
6652	31.237602406291128	31.237602406291128
43789	28.80088840889116	28.80088840889116
17281	30.270372394546822	30.270372394546822
7084	28.408360526644817	28.408360526644817
11377	30.287650576753773	30.287650576753773
42955	28.840642588069908	28.840642588069908
17357	29.716868066573777	29.716868066573777
26009	31.194204110822216	31.194204110822216
31987	30.386565922203165	30.386565922203165
23844	31.107154754380428	31.107154754380428
40474	29.83406200985104	29.83406200985104
8939	30.546524437198915	30.546524437198915
11468	28.97819808098083	28.97819808098083
42223	31.171134337304608	31.171134337304608
25403	30.358729464620012	30.358729464620012
16976	29.767563688771478	29.767563688771478
22694	31.81135808467334	31.81135808467334
1163	29.539178727226336	29.539178727226336
45085	28.793146269775548	28.793146269775548
39936	29.932380318400515	29.932380318400515
32219	30.245210181276278	30.245210181276278
8040	30.849618337998145	30.849618337998145
17403	29.204761629178435	29.204761629178435
41783	30.508840795019044	30.508840795019044
39516	29.686059734036615	29.686059734036615
31503	30.455311545389335	30.455311545389335
16189	30.219807178467455	30.219807178467455
34233	29.92928606182367	29.92928606182367
30255	28.73889550025194	28.73889550025194
33866	29.517928001307087	29.517928001307087
19539	28.94933798037053	28.94933798037053
12671	29.69650092614626	29.69650092614626
39411	32.90240261041061	32.90240261041061
13087	29.661041312648454	29.661041312648454
10643	29.300754348268047	29.300754348268047
22809	31.812804396368936	31.812804396368936
36361	29.464204134086078	29.464204134086078
41145	31.08056096791392	31.08056096791392
36699	30.889155435465803	30.889155435465803
4846	31.04447731410131	31.04447731410131
17094	29.82493943432639	29.82493943432639
25175	29.533112395031356	29.533112395031356
39438	30.051178310315176	30.051178310315176
36105	32.03916866666946	32.03916866666946
13364	30.281851302479897	30.281851302479897
26880	29.011982828537075	29.011982828537075
14832	30.784080255749604	30.784080255749604
41233	30.074809843617874	30.074809843617874
20055	30.373396010081432	30.373396010081432
6147	29.343566385567005	29.343566385567005
19930	30.134781207783607	30.134781207783607
1303	30.92714845910796	30.92714845910796
40421	30.998423175563342	30.998423175563342
555	29.994098172037685	29.994098172037685
9193	29.919238768289638	29.919238768289638
4971	29.87148934648166	29.87148934648166
11899	30.29149036216857	30.29149036216857
42271	30.349297869950153	30.349297869950153
9857	29.23278526064368	29.23278526064368
37326	30.92780001111126	30.92780001111126
17366	30.709566366992313	30.709566366992313
25230	29.93993007713941	29.93993007713941
21426	30.86473412596211	30.86473412596211
22112	29.94521332860874	29.94521332860874
10367	29.657057040658774	29.657057040658774
4463	29.473856360153032	29.473856360153032
22616	28.712462885378656	28.712462885378656
30821	30.5131639978307	30.5131639978307
19304	29.13957897761384	29.13957897761384
35592	29.634756662746312	29.634756662746312
20056	29.619793361965318	29.619793361965318
42714	30.673458065169932	30.673458065169932
23524	28.41881199338041	28.41881199338041
1691	31.047045572628257	31.047045572628257
15022	30.029501896601943	30.029501896601943
34482	28.680389001984224	28.680389001984224
41918	32.26417211643591	32.26417211643591
25102	30.070652946384893	30.070652946384893
33684	29.86813342165307	29.86813342165307
36966	30.231483001445447	30.231483001445447
29080	30.41326258582566	30.41326258582566
28115	30.810684164298976	30.810684164298976
19723	30.319565042638104	30.319565042638104
29923	31.224793978772723	31.224793978772723
19372	31.742024159124	31.742024159124
7197	28.494735884237375	28.494735884237375
24242	29.625584322127303	29.625584322127303
3924	31.96849633910479	31.96849633910479
18085	29.835320969187013	29.835320969187013
39547	27.326771553221402	27.326771553221402
13239	29.90736735172117	29.90736735172117
41523	30.093142291363534	30.093142291363534
15689	30.746311663355282	30.746311663355282
43229	27.888112308813422	27.888112308813422
824	30.683416073818663	30.683416073818663
34371	29.189785723925425	29.189785723925425
20659	30.593577325146068	30.593577325146068
5861	29.666652302588545	29.666652302588545
15771	31.82638682582908	31.82638682582908
12144	29.11370011467572	29.11370011467572
20372	28.935588843008144	28.935588843008144
2342	30.43772343271148	30.43772343271148
39687	29.21524144184864	29.21524144184864
4175	30.442674163527148	30.442674163527148
45052	30.026475518159348	30.026475518159348
31220	29.376802871578636	29.376802871578636
32370	30.027987275423616	30.027987275423616
37355	31.420374083647896	31.420374083647896
26280	29.15946117918496	29.15946117918496
512	29.168075543488783	29.168075543488783
31028	29.864810052346662	29.864810052346662
35497	31.673177343420495	31.673177343420495
8103	30.2816117131853	30.2816117131853
37214	30.020434497307903	30.020434497307903
82	29.94353366896294	29.94353366896294
34204	31.01761007542478	31.01761007542478
13275	30.54904696294264	30.54904696294264
8624	30.31589639136745	30.31589639136745
13986	30.225735462320284	30.225735462320284
41829	32.29525384302424	32.29525384302424
34660	29.285216017276355	29.285216017276355
13977	28.61179379947607	28.61179379947607
36288	29.42885747228045	29.42885747228045
29354	29.95038749401231	29.95038749401231
40210	30.451372278801966	30.451372278801966
17766	29.959050638718356	29.959050638718356
1687	30.931674951687025	30.931674951687025
13235	30.549002616475683	30.549002616475683
6005	32.02652625225397	32.02652625225397
36899	30.230097346627804	30.230097346627804
28450	29.63255690635022	29.63255690635022
8674	30.72743675483031	30.72743675483031
36795	29.583139304252775	29.583139304252775
3473	31.599018869353664	31.599018869353664
18556	31.63171303001048	31.63171303001048
40341	31.019341131166158	31.019341131166158
560	29.819222380303625	29.819222380303625
8150	29.935000677363178	29.935000677363178
37253	30.353343517602617	30.353343517602617
8394	30.025278165612445	30.025278165612445
683	30.50046895665191	30.50046895665191
23179	28.948369027173516	28.948369027173516
26641	29.425076272800236	29.425076272800236
44485	31.888253396154575	31.888253396154575
22812	29.948317626691924	29.948317626691924
14744	29.645270381562	29.645270381562
36619	30.616067954053523	30.616067954053523
1456	29.722442919347237	29.722442919347237
339	29.86880741205984	29.86880741205984
3674	29.625241484062027	29.625241484062027
15888	30.53709786098342	30.53709786098342
30628	30.100246894706256	30.100246894706256
34939	29.75389909559515	29.75389909559515
21892	31.82342036413355	31.82342036413355
37952	29.67439032446521	29.67439032446521
1966	30.329944235872304	30.329944235872304
23525	32.08776903177224	32.08776903177224
2338	29.41216750843463	29.41216750843463
44769	29.817581864050634	29.817581864050634
17207	30.553240048675057	30.553240048675057
39221	29.198928339065382	29.198928339065382
36136	30.161522432970447	30.161522432970447
32555	29.938527624580452	29.938527624580452
26228	28.699880378340847	28.699880378340847
21973	30.682733818272123	30.682733818272123
8699	30.76193272473262	30.76193272473262
16789	28.706905093352365	28.706905093352365
26533	29.757839296255543	29.757839296255543
2183	31.462868497013282	31.462868497013282
2904	29.3757257873338	29.3757257873338
30911	29.970902474972252	29.970902474972252
35014	30.37845885963341	30.37845885963341
7965	30.18026016709599	30.18026016709599
17737	29.941013274704943	29.941013274704943
44631	30.421520970896477	30.421520970896477
11571	28.680805282166542	28.680805282166542
24131	32.80225784684902	32.80225784684902
37922	30.021658815949436	30.021658815949436
10812	29.800525777156942	29.800525777156942
37892	29.84996251666553	29.84996251666553
16876	29.483189935008262	29.483189935008262
2366	30.38981068989355	30.38981068989355
36829	30.01224086992333	30.01224086992333
19576	28.56987608337804	28.56987608337804
14629	28.74597535663043	28.74597535663043
15001	30.40599756151082	30.40599756151082
481	29.761774981111298	29.761774981111298
11187	30.783131737293274	30.783131737293274
35125	29.90025707152976	29.90025707152976
13545	29.85831910431203	29.85831910431203
21307	28.375564069164696	28.375564069164696
40450	30.28129137450163	30.28129137450163
41470	30.262159033432244	30.262159033432244
37916	31.281651833475657	31.281651833475657
16850	28.903322844176312	28.903322844176312
5807	29.758890216781985	29.758890216781985
43987	29.486469993242952	29.486469993242952
38765	29.59575444401503	29.59575444401503
662	28.34405344916818	28.34405344916818
26504	30.320644315494604	30.320644315494604
42547	29.686999249744762	29.686999249744762
170	30.121926566395732	30.121926566395732
8335	31.988340310800016	31.988340310800016
7338	27.962565910845562	27.962565910845562
7080	31.609490701527836	31.609490701527836
43446	29.22680848924865	29.22680848924865
16213	30.000341962076813	30.000341962076813
5532	29.426911442458266	29.426911442458266
30372	29.18793166987831	29.18793166987831
18117	29.908032007107394	29.908032007107394
20510	29.484044464251706	29.484044464251706
4575	30.868530351987218	30.868530351987218
7895	29.88281908981183	29.88281908981183
20502	30.15093289582744	30.15093289582744
11612	30.6296987988661	30.6296987988661
11795	30.542677089907965	30.542677089907965
36798	31.66281958886348	31.66281958886348
45072	30.756989118408256	30.756989118408256
6732	30.713791734001706	30.713791734001706
36567	28.52715711833974	28.52715711833974
7259	31.204060862548015	31.204060862548015
3671	31.477784384776623	31.477784384776623
21685	29.090198179750917	29.090198179750917
12621	31.291562271465036	31.291562271465036
27323	28.898964329216415	28.898964329216415
27448	29.650168727575252	29.650168727575252
27254	30.04125939936135	30.04125939936135
32946	29.772040114995413	29.772040114995413
5122	31.06795052652832	31.06795052652832
26751	30.96316353413225	30.96316353413225
25770	29.759975332029423	29.759975332029423
23528	30.371901645259012	30.371901645259012
29699	30.467117126028054	30.467117126028054
28864	29.439994762229848	29.439994762229848
9988	30.1119589546297	30.1119589546297
31981	28.93433314411413	28.93433314411413
17612	30.262802652842073	30.262802652842073
14362	30.108390557965127	30.108390557965127
45054	30.935060781430142	30.935060781430142
21767	31.53594590232335	31.53594590232335
12022	32.2366135973314	32.2366135973314
12272	29.88551988314033	29.88551988314033
30027	29.185799169211887	29.185799169211887
43625	31.248910077039692	31.248910077039692
12348	31.55131143645066	31.55131143645066
1929	30.280827587586487	30.280827587586487
11939	29.955660768652837	29.955660768652837
14727	30.298160677491506	30.298160677491506
23965	30.999943379578504	30.999943379578504
3800	29.13878327735479	29.13878327735479
10897	31.220460653162704	31.220460653162704
11975	29.06013955322223	29.06013955322223
33988	29.287576863764286	29.287576863764286
20225	30.305773392174377	30.305773392174377
5416	29.459738936068284	29.459738936068284
36004	31.756295985261648	31.756295985261648
7383	29.73511135313209	29.73511135313209
27345	29.869887183543213	29.869887183543213
43630	29.262125256675876	29.262125256675876
20507	29.352885059138522	29.352885059138522
7064	31.142699877095325	31.142699877095325
42266	31.36991542044096	31.36991542044096
7405	30.149033913573245	30.149033913573245
33882	30.780195564507938	30.780195564507938
42743	29.552312052281863	29.552312052281863
5437	29.83908751451154	29.83908751451154
45222	31.273722829821573	31.273722829821573
1926	29.26214561848922	29.26214561848922
30877	30.71652595996884	30.71652595996884
45008	30.58772699868591	30.58772699868591
45194	30.056479122109938	30.056479122109938
5166	31.155372254443332	31.155372254443332
3470	32.06160090767944	32.06160090767944
37251	29.049161265161736	29.049161265161736
10428	31.465099836459242	31.465099836459242
25233	29.72493555322838	29.72493555322838
28891	28.236696308490664	28.236696308490664
26005	29.652942795590437	29.652942795590437
7695	29.373050461987415	29.373050461987415
10373	27.917224644815157	27.917224644815157
414	28.676394601064093	28.676394601064093
11513	29.727933582032357	29.727933582032357
26670	29.91760844531509	29.91760844531509
25905	28.57074908847725	28.57074908847725
8560	31.41264256766956	31.41264256766956
13219	30.09120024119629	30.09120024119629
43508	28.496462160056442	28.496462160056442
5719	30.999035678071557	30.999035678071557
20827	31.025873412795953	31.025873412795953
8039	28.922639088186923	28.922639088186923
38239	30.414386008375175	30.414386008375175
28092	29.165676393568717	29.165676393568717
27525	29.575889978648554	29.575889978648554
33957	30.062003660357103	30.062003660357103
5727	29.42353319614888	29.42353319614888
40902	29.794519647773598	29.794519647773598
13112	30.21221625831473	30.21221625831473
10486	29.18829129556476	29.18829129556476
15623	27.488812870156167	27.488812870156167
24995	29.996164627902658	29.996164627902658
45207	28.796899247363932	28.796899247363932
14707	29.723089339944284	29.723089339944284
127	31.019054636642124	31.019054636642124
37828	29.079982534571155	29.079982534571155
8558	30.13832289138116	30.13832289138116
29804	29.772406087638892	29.772406087638892
32196	28.95649252371682	28.95649252371682
10811	28.832850982235442	28.832850982235442
12187	30.25385291151301	30.25385291151301
21972	30.646530886317578	30.646530886317578
13311	29.585944549490648	29.585944549490648
42884	28.351632056065334	28.351632056065334
43197	30.133069673236015	30.133069673236015
44176	31.66633273332484	31.66633273332484
11951	30.779618402761976	30.779618402761976
44800	28.7543781887243	28.7543781887243
2077	28.503305131459285	28.503305131459285
128	30.02443731375653	30.02443731375653
5363	30.929557781946638	30.929557781946638
9886	28.575228705576308	28.575228705576308
31952	28.013937087255243	28.013937087255243
16972	29.190710229265648	29.190710229265648
24283	30.96056192463426	30.96056192463426
14681	29.516420344467797	29.516420344467797
5462	28.423486542163978	28.423486542163978
15528	30.421269476607637	30.421269476607637
9714	30.212079069804357	30.212079069804357
31711	31.08416725792626	31.08416725792626
30818	29.910270120787025	29.910270120787025
36901	31.418703547712337	31.418703547712337
23084	29.609700338814527	29.609700338814527
11576	29.489481082301356	29.489481082301356
41282	29.933444797530775	29.933444797530775
29620	31.77945311178866	31.77945311178866
16410	28.594971042647344	28.594971042647344
29740	30.942731852873415	30.942731852873415
31591	28.410347306755497	28.410347306755497
3319	30.51998689668941	30.51998689668941
25899	30.81920105492314	30.81920105492314
42029	30.014617344967203	30.014617344967203
44835	27.79464999340128	27.79464999340128
35300	30.69960004172332	30.69960004172332
7957	28.183575999319597	28.183575999319597
38991	30.133161016043296	30.133161016043296
42502	30.382933225188516	30.382933225188516
28749	30.097935575144064	30.097935575144064
28809	30.271561783660363	30.271561783660363
35997	28.86350481580427	28.86350481580427
16843	31.4814132549893	31.4814132549893
484	30.811820570264064	30.811820570264064
41053	30.876907901992478	30.876907901992478
23706	31.807982738094395	31.807982738094395
24089	29.48209126859686	29.48209126859686
28187	30.335953324595344	30.335953324595344
12589	30.012536236811073	30.012536236811073
36201	28.014567490072093	28.014567490072093
12701	31.989585601515593	31.989585601515593
19171	29.889817813057483	29.889817813057483
22453	31.01748402648878	31.01748402648878
12188	30.467813383082156	30.467813383082156
4666	29.349435401008847	29.349435401008847
44554	28.673222225165777	28.673222225165777
34202	28.342448560029236	28.342448560029236
28249	30.96182453732764	30.96182453732764
23767	29.98674644414202	29.98674644414202
2363	30.306799572639207	30.306799572639207
34317	30.04065216412434	30.04065216412434
19135	30.37828060773837	30.37828060773837
29024	28.389474367202958	28.389474367202958
26174	29.404254164024927	29.404254164024927
37186	30.317035350487927	30.317035350487927
20253	29.552416320952716	29.552416320952716
23118	29.925439995566943	29.925439995566943
41717	31.217112500698306	31.217112500698306
41443	28.992230455051484	28.992230455051484
45133	30.181349983476572	30.181349983476572
17401	30.957589741604437	30.957589741604437
416	30.516690471365656	30.516690471365656
15145	30.852176729037076	30.852176729037076
4284	30.237616413398452	30.237616413398452
44359	27.57716250623837	27.57716250623837
13062	29.585596201463606	29.585596201463606
8279	29.41711138490934	29.41711138490934
35376	31.043940173650185	31.043940173650185
39292	30.094517589234254	30.094517589234254
6171	29.127990627533876	29.127990627533876
32860	29.585210409623876	29.585210409623876
17427	29.098802559710595	29.098802559710595
4442	29.792290049675426	29.792290049675426
42764	28.228816341849548	28.228816341849548
40211	29.603583602158405	29.603583602158405
22486	29.120860925685406	29.120860925685406
14701	28.89995257442554	28.89995257442554
37730	28.6893234999774	28.6893234999774
44177	31.202878609413887	31.202878609413887
26945	28.27652404569761	28.27652404569761
10407	28.45774278702842	28.45774278702842
39434	30.415775470777838	30.415775470777838
10172	30.324231256460884	30.324231256460884
26171	29.95722235443132	29.95722235443132
3582	29.090236119950585	29.090236119950585
7540	28.958235721875617	28.958235721875617
2944	29.396343593878253	29.396343593878253
740	30.114573526847913	30.114573526847913
32784	29.882287046918748	29.882287046918748
38100	30.788729950789747	30.788729950789747
37982	31.02812910057311	31.02812910057311
9861	32.65175453052931	32.65175453052931
2369	28.6712563631461	28.6712563631461
13330	28.816432194541925	28.816432194541925
10922	29.74977668435851	29.74977668435851
16212	30.16801218069376	30.16801218069376
22123	29.914183123751567	29.914183123751567
2733	29.43767168325612	29.43767168325612
9086	31.15061985772085	31.15061985772085
42718	29.132805865852813	29.132805865852813
45212	31.108823173887778	31.108823173887778
23820	30.59458266918813	30.59458266918813
6094	28.586972178416215	28.586972178416215
36480	28.54638461502077	28.54638461502077
43420	29.479455777254337	29.479455777254337
40472	29.6356667272161	29.6356667272161
42244	31.278179725227528	31.278179725227528
27452	31.147922796456797	31.147922796456797
38240	30.583443574909403	30.583443574909403
14525	29.330719292078527	29.330719292078527
20314	31.501189452852294	31.501189452852294
37428	29.37745230602036	29.37745230602036
39943	29.505624989456702	29.505624989456702
9264	29.14225464143238	29.14225464143238
24204	30.454068824446864	30.454068824446864
43016	31.152845689202547	31.152845689202547
34235	29.707251171863756	29.707251171863756
33380	29.8957436905057	29.8957436905057
6469	32.26787677638172	32.26787677638172
25974	31.437643730552654	31.437643730552654
1690	31.568595453983743	31.568595453983743
27713	30.375627916755892	30.375627916755892
14420	28.33743885921267	28.33743885921267
13958	30.367915252336417	30.367915252336417
43226	28.553238255124917	28.553238255124917
25235	29.695146166877677	29.695146166877677
18337	29.699290768614535	29.699290768614535
38198	30.577231454918337	30.577231454918337
2240	30.017557179350142	30.017557179350142
33690	29.920340581790082	29.920340581790082
37795	30.284831111287925	30.284831111287925
16472	31.440008275554117	31.440008275554117
38580	29.276975116244365	29.276975116244365
18212	31.472853497219887	31.472853497219887
17129	28.649452831416742	28.649452831416742
31652	29.084026200533252	29.084026200533252
45121	30.3462305347663	30.3462305347663
27159	29.40215252759964	29.40215252759964
2140	30.770904151148425	30.770904151148425
1418	31.257684216346064	31.257684216346064
34818	30.410535586205473	30.410535586205473
13842	27.359566640604296	27.359566640604296
42333	30.297403730783984	30.297403730783984
39084	28.161013958666857	28.161013958666857
37762	30.089276676807145	30.089276676807145
10035	29.368784288150874	29.368784288150874
21518	30.58706622494575	30.58706622494575
32375	29.20580348572166	29.20580348572166
13866	29.948916331895866	29.948916331895866
20699	30.05244131273765	30.05244131273765
41314	29.223499143362623	29.223499143362623
12911	31.107423559773988	31.107423559773988
6234	30.171367450172347	30.171367450172347
20361	31.155093752526067	31.155093752526067
23036	29.603325801960054	29.603325801960054
4055	31.31377535214693	31.31377535214693
40371	30.41914146290723	30.41914146290723
13537	29.59722504952899	29.59722504952899
31312	29.667964119273773	29.667964119273773
36964	28.842365704562475	28.842365704562475
26230	32.73307501169749	32.73307501169749
32073	28.84621469345562	28.84621469345562
40799	29.87756196835233	29.87756196835233
40882	30.6076559993083	30.6076559993083
14902	30.126244683072898	30.126244683072898
3829	28.98988072429586	28.98988072429586
2949	30.728621276073206	30.728621276073206
8261	29.92387084595658	29.92387084595658
22936	31.921947786021892	31.921947786021892
28359	29.05537052948571	29.05537052948571
43843	28.96617740682117	28.96617740682117
4261	30.742133266248242	30.742133266248242
17718	29.043098431229858	29.043098431229858
43836	30.362045314350123	30.362045314350123
23007	29.88419223647553	29.88419223647553
6092	30.802755144655478	30.802755144655478
18617	28.835991937972334	28.835991937972334
33682	29.15570392111373	29.15570392111373
35320	30.13415652786076	30.13415652786076
42184	29.039471492119027	29.039471492119027
34744	29.74556778722877	29.74556778722877
16930	30.192483096192383	30.192483096192383
42598	29.925279860958916	29.925279860958916
44121	29.12292218555394	29.12292218555394
24285	31.781867867866204	31.781867867866204
28941	28.843506192467252	28.843506192467252
35542	29.444321811995867	29.444321811995867
2537	31.455936148644923	31.455936148644923
40937	28.14761062629952	28.14761062629952
8838	31.275487418767245	31.275487418767245
38068	31.291615343074263	31.291615343074263
35498	32.49718178843258	32.49718178843258
4057	29.461036269968886	29.461036269968886
4967	29.779259004942364	29.779259004942364
10507	28.09022129353343	28.09022129353343
3405	29.258766585826127	29.258766585826127
20511	30.16377260346341	30.16377260346341
29995	29.90032585231499	29.90032585231499
26437	28.550794243540086	28.550794243540086
22884	29.502186001986534	29.502186001986534
36001	29.52247740608407	29.52247740608407
42048	30.381091422501047	30.381091422501047
16714	30.324624744293512	30.324624744293512
396	29.10463931378696	29.10463931378696
40901	30.78085580505001	30.78085580505001
27882	30.447643720811065	30.447643720811065
33101	30.3506996560085	30.3506996560085
4996	28.83994695527622	28.83994695527622
10830	29.354040367874536	29.354040367874536
3079	30.894696121002653	30.894696121002653
31646	28.951481892501867	28.951481892501867
14394	28.474923118212345	28.474923118212345
41214	28.827815149602554	28.827815149602554
39074	29.549725393794397	29.549725393794397
37700	29.046493223660345	29.046493223660345
31538	30.721694305545878	30.721694305545878
15859	30.226391781444384	30.226391781444384
19900	30.192594160573243	30.192594160573243
25758	29.336218640009868	29.336218640009868
37529	31.451232769410623	31.451232769410623
6283	30.431946018729825	30.431946018729825
31592	31.25582693711699	31.25582693711699
40030	31.794698216301132	31.794698216301132
26135	29.049084341441745	29.049084341441745
9262	29.218837482765696	29.218837482765696
19991	29.93914508238849	29.93914508238849
5390	30.495546003652105	30.495546003652105
17266	31.37635178305834	31.37635178305834
36702	29.183308775178947	29.183308775178947
14808	29.106743578094143	29.106743578094143
44726	30.36155694642227	30.36155694642227
37158	28.976440068330056	28.976440068330056
38271	30.72050746950854	30.72050746950854
8963	32.2408015412952	32.2408015412952
