sim	exp	nam	typ	cro	sta	end	gro	ind	idx	snp	run	true_lat	true_lon	pred_lat	pred_lon	diff_space	true_tim	pred_tim	diff_time
AADR	16	contextpenalize	gt	1	10000000	20000000	0	I1709_enhanced	26	4463	3.4281573494275412	31.988	35.976	47.425697	10.455982	2755.2288	10050.0	5073.569	4976.43115234375
AADR	16	contextpenalize	gt	1	10000000	20000000	0	CAO031	827	4463	3.4281573494275412	23.038	-81.497	19.535395	-68.20351	1430.635	1320.0	1720.9404	-400.9404296875
AADR	16	contextpenalize	gt	1	10000000	20000000	0	I2606	2131	4463	3.4281573494275412	51.49275	-0.665402	51.48635	9.790051	723.2821	5065.0	2889.7673	2175.232666015625
AADR	16	contextpenalize	gt	1	10000000	20000000	1	PDA005	1189	4463	4.411814471085866	50.151931	14.493838	49.121014	19.782518	397.6345	4164.0	4152.826	11.173828125
AADR	16	contextpenalize	gt	1	10000000	20000000	1	I10371	4163	4463	4.411814471085866	37.68	12.789	41.530445	19.58275	722.16003	3100.0	2647.8098	452.190185546875
AADR	16	contextpenalize	gt	1	10000000	20000000	1	scy303_noUDG.SG	4740	4463	4.411814471085866	46.6684	29.8001	54.141148	-0.2831692	2266.9658	2231.0	1841.7457	389.2542724609375
AADR	16	contextpenalize	gt	1	10000000	20000000	2	I7272	1217	4463	3.4151827692985535	50.19	14.158	45.77604	21.805603	750.9085	5417.0	3511.9834	1905.0166015625
AADR	16	contextpenalize	gt	1	10000000	20000000	2	I6944	3547	4463	3.4151827692985535	30.24720461	79.73739624	51.32257	33.389645	4449.192	1125.0	3515.1643	-2390.164306640625
AADR	16	contextpenalize	gt	1	10000000	20000000	2	JpIw31.SG	4239	4463	3.4151827692985535	36.61895	136.70233	37.1926	113.97968	2016.5319	1338.0	3771.9746	-2433.974609375
AADR	16	contextpenalize	gt	1	10000000	20000000	3	91KLH11_noUDG	606	4463	3.4074889620145163	42.5043431	125.4145019	41.553368	96.65948	2366.0203	2650.0	3723.4792	-1073.479248046875
AADR	16	contextpenalize	gt	1	10000000	20000000	3	I14102	1808	4463	3.4074889620145163	53.919396	-0.766635	52.16175	0.55048704	214.35323	2175.0	2703.2341	-528.234130859375
AADR	16	contextpenalize	gt	1	10000000	20000000	3	AIG002	4399	4463	3.4074889620145163	43.7	51.33	49.127747	15.025852	2819.1924	2350.0	3773.2698	-1423.269775390625
AADR	16	contextpenalize	gt	1	10000000	20000000	4	I16175	1582	4463	3.4129486282666526	18.451	-69.686	14.552432	-73.79361	616.1236	675.0	843.7848	-168.7847900390625
AADR	16	contextpenalize	gt	1	10000000	20000000	4	OAI017	2202	4463	3.4129486282666526	52.2	0.1	49.009327	12.218863	924.4823	1200.0	3107.13	-1907.1298828125
AADR	16	contextpenalize	gt	1	10000000	20000000	4	I6800	4354	4463	3.4129486282666526	52.61	62.69	39.92484	26.962696	3044.8416	3656.0	4152.1636	-496.16357421875
AADR	16	contextpenalize	gt	1	10000000	20000000	5	I18279	261	4463	3.4084859172503155	40.516618	44.933321	51.61964	-5.2413836	3975.2273	3285.0	2244.4133	1040.586669921875
AADR	16	contextpenalize	gt	1	10000000	20000000	5	I14009	521	4463	3.4084859172503155	-17.804018	-69.310334	36.877975	8.053686	10115.128	750.0	3653.6125	-2903.612548828125
AADR	16	contextpenalize	gt	1	10000000	20000000	5	CSP003	4395	4463	3.4084859172503155	44.49	78.27	48.85684	10.857794	4995.5513	2654.0	4437.423	-1783.4228515625
AADR	16	contextpenalize	gt	1	10000000	20000000	6	OTTM_142_noUDG	2967	4463	4.416908093293508	48.22519	10.84977	56.563675	43.73494	2387.396	3527.0	3842.668	-315.66796875
AADR	16	contextpenalize	gt	1	10000000	20000000	6	I1894	3480	4463	4.416908093293508	45.5853	18.30771	48.718346	16.375366	377.74915	7150.0	2212.2964	4937.70361328125
AADR	16	contextpenalize	gt	1	10000000	20000000	6	R71.SG	3924	4463	4.416908093293508	41.8336869	12.468561	40.40659	13.912995	199.5453	1750.0	1769.7155	-19.7154541015625
AADR	16	contextpenalize	gt	1	10000000	20000000	7	I14340	125	4463	3.419195059935252	41.03	45.08	37.857918	40.758694	511.83102	4340.0	3056.2837	1283.71630859375
AADR	16	contextpenalize	gt	1	10000000	20000000	7	I13736	314	4463	3.419195059935252	25.366574	-76.520014	49.21062	59.808693	10662.444	750.0	2273.137	-1523.136962890625
AADR	16	contextpenalize	gt	1	10000000	20000000	7	VLI064	1199	4463	3.419195059935252	50.365945	14.446606	40.77427	23.97118	1296.6277	4018.0	3664.191	353.80908203125
AADR	16	contextpenalize	gt	1	10000000	20000000	8	MIB051	1111	4463	3.410486050446828	49.992004	15.776861	51.75765	18.312073	264.89987	3792.0	3634.211	157.7890625
AADR	16	contextpenalize	gt	1	10000000	20000000	8	I21400	2463	4463	3.410486050446828	48.80181	4.27874	43.892094	4.763052	547.19653	2200.0	2743.721	-543.720947265625
AADR	16	contextpenalize	gt	1	10000000	20000000	8	R123.SG	3901	4463	3.410486050446828	41.684979	13.149861	46.732212	15.523804	592.188	1780.0	2217.149	-437.14892578125
AADR	16	contextpenalize	gt	1	10000000	20000000	9	I10072	686	4463	4.412588906288147	45.4482	17.6388	44.780434	22.20188	365.62662	6050.0	3999.4885	2050.511474609375
AADR	16	contextpenalize	gt	1	10000000	20000000	9	VLI050	1160	4463	4.412588906288147	50.365945	14.446606	49.53408	-0.21530898	1051.393	3796.0	4058.3018	-262.3017578125
AADR	16	contextpenalize	gt	1	10000000	20000000	9	I14985	1233	4463	4.412588906288147	50.410265	14.074597	50.069973	1.8165057	871.591	2225.0	5661.674	-3436.673828125
AADR	16	contextpenalize	gt	1	10000000	20000000	10	I5080	737	4463	3.409261246522268	44.92	16.05	47.776905	3.6386378	1002.87134	3631.0	3211.08	419.919921875
AADR	16	contextpenalize	gt	1	10000000	20000000	10	I18416	770	4463	3.409261246522268	44.8520052	15.4199444	41.643814	7.222284	753.21265	3100.0	3077.3494	22.650634765625
AADR	16	contextpenalize	gt	1	10000000	20000000	10	RISE42_noUDG.SG	1393	4463	3.409261246522268	55.657	12.148	55.521904	19.912066	487.8574	4021.0	3957.8718	63.128173828125
AADR	16	contextpenalize	gt	1	10000000	20000000	11	I20513	1273	4463	3.41733295917511	50.054385	14.363387	42.049305	26.022224	1262.8473	2250.0	3034.068	-784.068115234375
AADR	16	contextpenalize	gt	1	10000000	20000000	11	I20988	2101	4463	3.41733295917511	51.138291	-1.53093	51.680183	1.9274983	247.29634	2225.0	2884.2266	-659.2265625
AADR	16	contextpenalize	gt	1	10000000	20000000	11	I3596	2698	4463	3.41733295917511	48.8833	12.5332	50.799175	6.3597054	491.0858	4175.0	3329.0706	845.929443359375
