sim	exp	nam	typ	cro	sta	end	gro	ind	idx	snp	run	true_lat	true_lon	pred_lat	pred_lon	diff_space	true_tim	pred_tim	diff_time
AADR	17	contextpenalize	gt	1	10000000	20000000	0	I1709_enhanced	26	4463	3.428481415907542	31.988	35.976	50.487778	16.461544	2608.8164	10050.0	4875.215	5174.78515625
AADR	17	contextpenalize	gt	1	10000000	20000000	0	CAO031	827	4463	3.428481415907542	23.038	-81.497	19.665747	-73.431915	915.30927	1320.0	1248.2087	71.791259765625
AADR	17	contextpenalize	gt	1	10000000	20000000	0	I2606	2131	4463	3.428481415907542	51.49275	-0.665402	52.261772	-2.972573	179.97643	5065.0	3707.8547	1357.145263671875
AADR	17	contextpenalize	gt	1	10000000	20000000	1	PDA005	1189	4463	4.411815373102824	50.151931	14.493838	48.46662	19.584993	413.817	4164.0	4798.6685	-634.66845703125
AADR	17	contextpenalize	gt	1	10000000	20000000	1	I10371	4163	4463	4.411815373102824	37.68	12.789	45.375736	12.90761	855.7835	3100.0	1762.0238	1337.9761962890625
AADR	17	contextpenalize	gt	1	10000000	20000000	1	scy303_noUDG.SG	4740	4463	4.411815373102824	46.6684	29.8001	53.251003	1.9686257	2104.9421	2231.0	1457.0637	773.936279296875
AADR	17	contextpenalize	gt	1	10000000	20000000	2	I7272	1217	4463	3.4151844024658202	50.19	14.158	48.171387	16.6164	286.86703	5417.0	5556.032	-139.0322265625
AADR	17	contextpenalize	gt	1	10000000	20000000	2	I6944	3547	4463	3.4151844024658202	30.24720461	79.73739624	53.354248	9.07687	6105.296	1125.0	2288.393	-1163.39306640625
AADR	17	contextpenalize	gt	1	10000000	20000000	2	JpIw31.SG	4239	4463	3.4151844024658202	36.61895	136.70233	39.992302	115.55121	1878.574	1338.0	4131.972	-2793.97216796875
AADR	17	contextpenalize	gt	1	10000000	20000000	3	91KLH11_noUDG	606	4463	3.4077650626500446	42.5043431	125.4145019	40.549854	120.25169	481.4845	2650.0	6181.683	-3531.68310546875
AADR	17	contextpenalize	gt	1	10000000	20000000	3	I14102	1808	4463	3.4077650626500446	53.919396	-0.766635	52.806946	-1.9350696	145.98315	2175.0	3117.0862	-942.086181640625
AADR	17	contextpenalize	gt	1	10000000	20000000	3	AIG002	4399	4463	3.4077650626500446	43.7	51.33	48.48392	14.920112	2829.75	2350.0	2899.4934	-549.493408203125
AADR	17	contextpenalize	gt	1	10000000	20000000	4	I16175	1582	4463	3.413008975982666	18.451	-69.686	20.750574	-72.86909	420.1631	675.0	1142.9219	-467.921875
AADR	17	contextpenalize	gt	1	10000000	20000000	4	OAI017	2202	4463	3.413008975982666	52.2	0.1	52.879345	16.882828	1134.937	1200.0	2631.1597	-1431.15966796875
AADR	17	contextpenalize	gt	1	10000000	20000000	4	I6800	4354	4463	3.413008975982666	52.61	62.69	36.696293	38.463154	2585.2336	3656.0	4273.9897	-617.98974609375
AADR	17	contextpenalize	gt	1	10000000	20000000	5	I18279	261	4463	3.408977508544922	40.516618	44.933321	51.76913	-3.6168969	3862.8887	3285.0	2172.9736	1112.0263671875
AADR	17	contextpenalize	gt	1	10000000	20000000	5	I14009	521	4463	3.408977508544922	-17.804018	-69.310334	0.059110865	-29.406864	4793.3506	750.0	5870.738	-5120.73779296875
AADR	17	contextpenalize	gt	1	10000000	20000000	5	CSP003	4395	4463	3.408977508544922	44.49	78.27	50.905033	13.442947	4745.073	2654.0	3933.137	-1279.136962890625
AADR	17	contextpenalize	gt	1	10000000	20000000	6	OTTM_142_noUDG	2967	4463	3.4174633224805198	48.22519	10.84977	47.185524	10.526825	118.10384	3527.0	3124.7449	402.255126953125
AADR	17	contextpenalize	gt	1	10000000	20000000	6	I1894	3480	4463	3.4174633224805198	45.5853	18.30771	50.882397	16.076591	611.6748	7150.0	2545.9707	4604.029296875
AADR	17	contextpenalize	gt	1	10000000	20000000	6	R71.SG	3924	4463	3.4174633224805198	41.8336869	12.468561	38.285175	17.239573	566.0006	1750.0	2177.1978	-427.19775390625
AADR	17	contextpenalize	gt	1	10000000	20000000	7	I14340	125	4463	4.419178875287374	41.03	45.08	44.607307	17.328297	2286.7021	4340.0	1540.1119	2799.8880615234375
AADR	17	contextpenalize	gt	1	10000000	20000000	7	I13736	314	4463	4.419178875287374	25.366574	-76.520014	43.455936	52.306747	10751.97	750.0	3851.7747	-3101.774658203125
AADR	17	contextpenalize	gt	1	10000000	20000000	7	VLI064	1199	4463	4.419178875287374	50.365945	14.446606	34.13341	31.373339	2268.7568	4018.0	4798.214	-780.2138671875
AADR	17	contextpenalize	gt	1	10000000	20000000	8	MIB051	1111	4463	3.4109753410021466	49.992004	15.776861	51.221714	15.620943	137.17935	3792.0	4125.889	-333.88916015625
AADR	17	contextpenalize	gt	1	10000000	20000000	8	I21400	2463	4463	3.4109753410021466	48.80181	4.27874	47.23775	11.570519	569.26434	2200.0	4321.3184	-2121.318359375
AADR	17	contextpenalize	gt	1	10000000	20000000	8	R123.SG	3901	4463	3.4109753410021466	41.684979	13.149861	50.066242	6.9506545	1047.3875	1780.0	2947.0981	-1167.09814453125
AADR	17	contextpenalize	gt	1	10000000	20000000	9	I10072	686	4463	4.413180394967397	45.4482	17.6388	42.82128	22.005598	454.5984	6050.0	5885.301	164.69921875
AADR	17	contextpenalize	gt	1	10000000	20000000	9	VLI050	1160	4463	4.413180394967397	50.365945	14.446606	49.752853	1.938492	894.4441	3796.0	4636.295	-840.294921875
AADR	17	contextpenalize	gt	1	10000000	20000000	9	I14985	1233	4463	4.413180394967397	50.410265	14.074597	50.939358	9.062459	357.98132	2225.0	5784.5264	-3559.5263671875
AADR	17	contextpenalize	gt	1	10000000	20000000	10	I5080	737	4463	3.4102795282999674	44.92	16.05	51.162186	7.574487	936.24774	3631.0	3002.9648	628.03515625
AADR	17	contextpenalize	gt	1	10000000	20000000	10	I18416	770	4463	3.4102795282999674	44.8520052	15.4199444	47.20335	14.511787	270.68985	3100.0	2393.6438	706.356201171875
AADR	17	contextpenalize	gt	1	10000000	20000000	10	RISE42_noUDG.SG	1393	4463	3.4102795282999674	55.657	12.148	46.01097	19.52466	1189.5752	4021.0	5536.2905	-1515.29052734375
AADR	17	contextpenalize	gt	1	10000000	20000000	11	I20513	1273	4463	3.4175667762756348	50.054385	14.363387	42.635025	22.238352	1021.5275	2250.0	2665.8755	-415.87548828125
AADR	17	contextpenalize	gt	1	10000000	20000000	11	I20988	2101	4463	3.4175667762756348	51.138291	-1.53093	47.802063	9.851225	901.00507	2225.0	3456.1926	-1231.192626953125
AADR	17	contextpenalize	gt	1	10000000	20000000	11	I3596	2698	4463	3.4175667762756348	48.8833	12.5332	56.763966	4.280642	1035.3773	4175.0	2813.0867	1361.913330078125
AADR	17	contextpenalize	gt	1	10000000	20000000	12	I15108	1496	4463	3.413389599323273	18.394444	-68.61	16.945404	-68.37255	163.07787	512.0	704.4891	-192.48907470703125
AADR	17	contextpenalize	gt	1	10000000	20000000	12	SED006	2210	4463	3.413389599323273	52.9	0.5	48.874012	6.878403	632.47156	1200.0	5401.6763	-4201.67626953125
AADR	17	contextpenalize	gt	1	10000000	20000000	12	ADN004_noUDG	2632	4463	3.413389599323273	52.359733	9.869503	53.11997	6.707592	229.01025	1150.0	1852.0669	-702.06689453125
AADR	17	contextpenalize	gt	1	10000000	20000000	13	GRG028	2536	4463	3.407671868801117	47.97	3.56	48.435204	12.1571045	638.89905	6671.0	5542.1694	1128.83056640625
AADR	17	contextpenalize	gt	1	10000000	20000000	13	I5014	2663	4463	3.407671868801117	48.711	11.453	55.956192	21.2611	1043.5117	4200.0	2569.767	1630.23291015625
AADR	17	contextpenalize	gt	1	10000000	20000000	13	I1293_noUDG_d	3636	4463	3.407671868801117	35.591	53.501	49.041794	4.4626436	4215.5596	10800.0	3866.9133	6933.086669921875
AADR	17	contextpenalize	gt	1	10000000	20000000	14	I19351	186	4463	3.4113267143567403	40.416667	45.2	53.315487	16.253872	2598.8997	3285.0	3102.6746	182.325439453125
AADR	17	contextpenalize	gt	1	10000000	20000000	14	VLI025	930	4463	3.4113267143567403	50.365945	14.446606	40.688557	23.056519	1266.079	4150.0	2538.902	1611.097900390625
AADR	17	contextpenalize	gt	1	10000000	20000000	14	KPL002	4480	4463	3.4113267143567403	0.673467	34.358388	27.94316	25.233152	3184.204	213.0	2283.693	-2070.693115234375
AADR	17	contextpenalize	gt	1	10000000	20000000	15	I14175	944	4463	3.4068639993667604	50.145766	14.221421	42.100445	13.582666	895.9431	5850.0	2693.0889	3156.9111328125
AADR	17	contextpenalize	gt	1	10000000	20000000	15	I15962	1566	4463	3.4068639993667604	18.451	-69.686	20.412123	-73.93528	496.04684	517.0	1135.268	-618.2679443359375
AADR	17	contextpenalize	gt	1	10000000	20000000	15	I1536	2714	4463	3.4068639993667604	51.42	11.68	50.186012	22.533184	774.18555	4225.0	6173.7983	-1948.79833984375
AADR	17	contextpenalize	gt	1	10000000	20000000	16	I18437	1520	4463	3.413404377301534	19.2	-69.218889	16.79072	-70.54791	302.52463	956.0	892.53217	63.46783447265625
AADR	17	contextpenalize	gt	1	10000000	20000000	16	I20649	1739	4463	3.413404377301534	54.170989	-0.605739	48.120853	11.2999	1066.3993	1450.0	2002.637	-552.636962890625
AADR	17	contextpenalize	gt	1	10000000	20000000	16	KKM001	4429	4463	3.413404377301534	48.94	79.27	47.821865	73.38861	451.66708	2550.0	2454.6245	95.37548828125
AADR	17	contextpenalize	gt	1	10000000	20000000	17	RISE396_noUDG.SG	246	4463	3.4176655411720276	39.2	46.4	49.8977	11.603256	2969.1084	3009.0	2949.028	59.971923828125
AADR	17	contextpenalize	gt	1	10000000	20000000	17	VPR001	1357	4463	3.4176655411720276	50.155159	14.318068	48.61515	14.222523	171.3807	4756.0	4469.7373	286.2626953125
AADR	17	contextpenalize	gt	1	10000000	20000000	17	EBA2_noUDG.SG	4286	4463	3.4176655411720276	52.629778	76.727647	57.264214	7.8289175	4239.2373	4480.0	2844.9658	1635.0341796875
AADR	17	contextpenalize	gt	1	10000000	20000000	18	STR316b_noUDG.SG	2795	4463	3.4118781606356303	48.89	12.57	51.55834	-4.7608056	1264.8431	1455.0	4051.7107	-2596.710693359375
AADR	17	contextpenalize	gt	1	10000000	20000000	18	I18504_noUDG	3153	4463	3.4118781606356303	13.519983	144.806559	42.17813	1.9492545	12750.667	2550.0	3354.4724	-804.472412109375
AADR	17	contextpenalize	gt	1	10000000	20000000	18	I3447	4293	4463	3.4118781606356303	45.13237778	79.36439444	42.466793	77.984245	316.4067	4577.0	2884.245	1692.7548828125
AADR	17	contextpenalize	gt	1	10000000	20000000	19	I9123	3072	4463	3.415362044175466	35.45	24.16666667	43.974968	8.112633	1663.9054	3305.0	3458.7327	-153.732666015625
AADR	17	contextpenalize	gt	1	10000000	20000000	19	I1183_d	3789	4463	3.415362044175466	32.974167	35.331389	38.301174	30.850456	717.2948	5950.0	5792.2793	157.720703125
AADR	17	contextpenalize	gt	1	10000000	20000000	19	SOL001	4780	4463	3.415362044175466	47.742186	101.773072	49.952724	58.446842	3135.2983	2000.0	3650.6328	-1650.6328125
AADR	17	contextpenalize	gt	1	10000000	20000000	20	PB672.SG	3747	4463	3.411930767695109	52.985499	-9.111454	54.994476	-5.6236095	319.1353	5442.0	3360.4612	2081.538818359375
AADR	17	contextpenalize	gt	1	10000000	20000000	20	I11736	4347	4463	3.411930767695109	50.77023611	49.34004167	37.173676	53.820248	1553.049	5021.0	2440.183	2580.81689453125
AADR	17	contextpenalize	gt	1	10000000	20000000	20	BRV001	4470	4463	3.411930767695109	53.05	70.18	44.48008	59.859615	1214.1415	2000.0	3433.5598	-1433.559814453125
AADR	17	contextpenalize	gt	1	10000000	20000000	21	VK141_noUDG.SG	1407	4463	3.4215415318806968	55.5	10.33	48.075615	7.3937645	849.69904	1000.0	4383.3506	-3383.3505859375
AADR	17	contextpenalize	gt	1	10000000	20000000	21	I7967	1513	4463	3.4215415318806968	19.24	-69.2	17.429384	-74.39263	583.8459	1228.0	1598.7744	-370.7744140625
AADR	17	contextpenalize	gt	1	10000000	20000000	21	Latvia_MN2_noUDG.SG	4605	4463	3.4215415318806968	56.2833	25.1333	50.24361	13.134276	1040.5048	5997.0	2863.698	3133.302001953125
AADR	17	contextpenalize	gt	1	10000000	20000000	22	SWG007.A_noUDG	2997	4463	3.4205121755599976	54.520535	9.559718	49.245567	10.612584	590.9661	850.0	4717.391	-3867.39111328125
AADR	17	contextpenalize	gt	1	10000000	20000000	22	I18835	3327	4463	3.4205121755599976	47.647501	16.629722	44.26463	15.173346	392.6249	2210.0	4527.974	-2317.97412109375
AADR	17	contextpenalize	gt	1	10000000	20000000	22	Kretuonas1	4652	4463	3.4205121755599976	55.26	26.098	50.73894	16.497135	814.58746	6123.0	3283.089	2839.910888671875
AADR	17	contextpenalize	gt	1	10000000	20000000	23	I11575	1720	4463	3.411816648642222	50.60009092	-2.036950526	47.20233	9.203006	903.07086	1350.0	3680.9204	-2330.92041015625
AADR	17	contextpenalize	gt	1	10000000	20000000	23	I2937	3102	4463	3.411816648642222	36.63833333	22.3825	31.388588	28.371035	803.01385	7360.0	5609.438	1750.56201171875
AADR	17	contextpenalize	gt	1	10000000	20000000	23	R113.SG	3898	4463	3.411816648642222	41.9179937	12.4912439	47.56733	86.87231	5679.674	1850.0	2514.6692	-664.669189453125
AADR	17	contextpenalize	gt	1	10000000	20000000	24	I2232	74	4463	3.4173835794130962	-38.3605556	-60.2441667	46.572933	24.3569	12629.314	8373.0	3010.44	5362.56005859375
AADR	17	contextpenalize	gt	1	10000000	20000000	24	I15969	1571	4463	3.4173835794130962	18.451	-69.686	15.985122	-69.691475	274.1938	995.0	1119.1084	-124.1083984375
AADR	17	contextpenalize	gt	1	10000000	20000000	24	I1902	3418	4463	3.4173835794130962	47.01938	17.96243	42.899754	8.064559	902.5237	6550.0	3533.3323	3016.667724609375
AADR	17	contextpenalize	gt	1	10000000	20000000	25	I5502	1787	4463	3.411433478196462	53.916717	-0.666972	51.595234	44.03342	2968.9563	2054.0	5198.654	-3144.65380859375
AADR	17	contextpenalize	gt	1	10000000	20000000	25	I0176	3471	4463	3.411433478196462	46.4	18.74	44.65624	12.451417	526.661	7002.0	7354.2554	-352.25537109375
AADR	17	contextpenalize	gt	1	10000000	20000000	25	I4280_noUDG	3630	4463	3.411433478196462	37.005	45.459	42.896454	11.194632	2971.541	2737.0	2039.539	697.4610595703125
AADR	17	contextpenalize	gt	1	10000000	20000000	26	VK289_noUDG.SG	1422	4463	3.418605637550354	54.8	10.69	53.080875	5.998882	361.57413	1100.0	2779.7605	-1679.760498046875
AADR	17	contextpenalize	gt	1	10000000	20000000	26	I30299	2160	4463	3.418605637550354	51.861211	-1.883011	45.00915	8.361062	1071.2311	5575.0	4529.0435	1045.95654296875
AADR	17	contextpenalize	gt	1	10000000	20000000	26	FOV-A-1_38_noUDG.SG	3485	4463	3.418605637550354	65.437602	-14.602639	51.93143	-1.0566216	1685.3398	603.0	3042.1162	-2439.1162109375
AADR	17	contextpenalize	gt	1	10000000	20000000	27	I4947	925	4463	3.4139743208885194	50.0504153	14.3667267	46.967304	11.051158	420.84225	4300.0	3376.5461	923.453857421875
AADR	17	contextpenalize	gt	1	10000000	20000000	27	POST_47	2927	4463	3.4139743208885194	48.29573	10.89103	38.885338	10.372464	1047.2142	3997.0	3583.1956	413.804443359375
AADR	17	contextpenalize	gt	1	10000000	20000000	27	R43.SG	3915	4463	3.4139743208885194	41.7478821	12.2594749	42.225044	20.853416	711.9766	1750.0	2963.7598	-1213.759765625
AADR	17	contextpenalize	gt	1	10000000	20000000	28	I1658	114	4463	3.4088961203893025	40.382958	43.873663	44.221516	47.298637	511.27942	5162.0	3210.7893	1951.210693359375
AADR	17	contextpenalize	gt	1	10000000	20000000	28	MIB054	1113	4463	3.4088961203893025	49.992004	15.776861	48.81303	14.005924	183.31168	3835.0	3040.1807	794.8193359375
AADR	17	contextpenalize	gt	1	10000000	20000000	28	BC23_noUDG.SG	4712	4463	3.4088961203893025	31.89	-116.47	54.888344	24.97423	9687.1875	500.0	3856.8027	-3356.802734375
AADR	17	contextpenalize	gt	1	10000000	20000000	29	I1633	112	4463	4.418065313498179	40.65	45.1167	37.129147	38.738537	676.46045	4465.0	3346.3206	1118.679443359375
AADR	17	contextpenalize	gt	1	10000000	20000000	29	I18718_d	790	4463	4.418065313498179	44.8520052	15.4199444	55.21432	11.594782	1183.725	3100.0	1889.502	1210.498046875
AADR	17	contextpenalize	gt	1	10000000	20000000	29	VLI071	995	4463	4.418065313498179	50.365945	14.446606	54.528385	-2.484723	1233.4452	4715.0	1581.911	3133.0889892578125
AADR	17	contextpenalize	gt	1	10000000	20000000	30	OAI003.SG	2243	4463	3.412535810470581	52.2	0.1	49.280926	17.490196	1262.5958	1200.0	2801.3325	-1601.33251953125
AADR	17	contextpenalize	gt	1	10000000	20000000	30	Jeb8.SG	2448	4463	3.412535810470581	48.00894	7.38445	42.278854	11.131655	701.4512	2450.0	2796.7358	-346.73583984375
AADR	17	contextpenalize	gt	1	10000000	20000000	30	I5762	4364	4463	3.412535810470581	48.74175	76.99573333	50.619846	15.055304	4329.2246	3500.0	4630.9243	-1130.92431640625
AADR	17	contextpenalize	gt	1	10000000	20000000	31	I19323	229	4463	3.4196595470110576	40.416667	45.2	50.71462	1.5888662	3524.3203	3390.0	2334.8809	1055.119140625
AADR	17	contextpenalize	gt	1	10000000	20000000	31	MJ-52_noUDG.SG	4287	4463	3.4196595470110576	48.7493583	73.6997028	49.13623	14.010737	4243.0103	2621.0	2937.659	-316.658935546875
AADR	17	contextpenalize	gt	1	10000000	20000000	31	HUD001	4777	4463	3.4196595470110576	47.834494	101.714282	47.75726	-9.322289	7477.7524	2000.0	2692.4937	-692.49365234375
AADR	17	contextpenalize	gt	1	10000000	20000000	32	I20660	1747	4463	4.4202232758204145	54.170989	-0.605739	51.402832	-0.987403	308.87207	1450.0	1585.0333	-135.0333251953125
AADR	17	contextpenalize	gt	1	10000000	20000000	32	Tamula1	2373	4463	4.4202232758204145	57.505	26.584	26.06779	-10.511728	4550.7983	5407.0	6066.9927	-659.99267578125
AADR	17	contextpenalize	gt	1	10000000	20000000	32	I10438	4751	4463	4.4202232758204145	45.845833	28.194722	41.621056	84.62725	4463.3833	3450.0	3997.7317	-547.731689453125
AADR	17	contextpenalize	gt	1	10000000	20000000	33	I18725	776	4463	3.4130224188168845	44.8520052	15.4199444	51.82799	2.260168	1240.9121	3100.0	2770.4182	329.581787109375
AADR	17	contextpenalize	gt	1	10000000	20000000	33	I3642	4116	4463	3.4130224188168845	40.54667	8.3215639	46.262806	-5.872228	1308.2786	2994.0	3156.3425	-162.342529296875
AADR	17	contextpenalize	gt	1	10000000	20000000	33	I8931	4484	4463	3.4130224188168845	-0.45	34.316667	43.47971	16.300577	5203.327	4450.0	4645.711	-195.7109375
AADR	17	contextpenalize	gt	1	10000000	20000000	34	I14104	1810	4463	4.416293088595072	53.919396	-0.766635	50.87374	12.690687	972.0173	2175.0	3241.5442	-1066.544189453125
AADR	17	contextpenalize	gt	1	10000000	20000000	34	I0804	2806	4463	4.416293088595072	51.167663	11.847527	47.50329	10.0203495	428.39288	4010.0	5809.5854	-1799.58544921875
AADR	17	contextpenalize	gt	1	10000000	20000000	34	JpOd282.SG	4237	4463	4.416293088595072	36.72122	137.16677	27.671959	124.00644	1592.814	5818.0	1983.5963	3834.4036865234375
AADR	17	contextpenalize	gt	1	10000000	20000000	35	I16427	515	4463	3.4122501174608866	49.497153	-2.506461	53.491383	27.571571	2112.307	6057.0	6381.4653	-324.46533203125
AADR	17	contextpenalize	gt	1	10000000	20000000	35	I0074	3092	4463	3.4122501174608866	35.08	25.83	47.540146	12.512209	1771.524	4000.0	3931.8042	68.19580078125
AADR	17	contextpenalize	gt	1	10000000	20000000	35	prs018_noUDG.SG	3726	4463	3.4122501174608866	54.2469	-8.55609	46.11849	22.622639	2372.6445	5643.0	3958.28	1684.719970703125
AADR	17	contextpenalize	gt	1	10000000	20000000	36	I12363	98	4463	3.4184024612108868	-53.28	-68.47	-16.738022	-69.73261	4064.7703	380.0	2139.8042	-1759.80419921875
AADR	17	contextpenalize	gt	1	10000000	20000000	36	I7200	1018	4463	3.4184024612108868	50.0504153	14.3667267	50.37675	15.512499	89.23871	4250.0	3269.145	980.85498046875
AADR	17	contextpenalize	gt	1	10000000	20000000	36	I1168	3779	4463	3.4184024612108868	32.974167	35.331389	51.994022	4.185957	3272.5825	5950.0	5466.7275	483.2724609375
AADR	17	contextpenalize	gt	1	10000000	20000000	37	I14606	205	4463	3.4179398894309996	40.91666	44.5	46.861923	21.88444	1920.8862	2875.0	4204.1187	-1329.11865234375
AADR	17	contextpenalize	gt	1	10000000	20000000	37	I25191	3134	4463	3.4179398894309996	13.576983	144.831288	17.292603	134.43022	1188.6019	616.0	1711.8005	-1095.800537109375
AADR	17	contextpenalize	gt	1	10000000	20000000	37	I3912_noUDG	3592	4463	3.4179398894309996	37.00786335	45.16575874	39.988415	46.32694	346.47543	3743.0	4219.7637	-476.763671875
AADR	17	contextpenalize	gt	1	10000000	20000000	38	I20502	667	4463	3.4119622151056928	45.312965	18.402813	40.002026	40.69374	1908.8414	5950.0	3386.9976	2563.00244140625
AADR	17	contextpenalize	gt	1	10000000	20000000	38	CSN008	4194	4463	3.4119622151056928	43.033319	11.33294	37.01924	35.24137	2134.1316	2350.0	3958.3362	-1608.336181640625
AADR	17	contextpenalize	gt	1	10000000	20000000	38	MOL001	4488	4463	3.4119622151056928	-0.33733	36.0685	26.150246	36.721775	2946.1174	1364.0	3741.3635	-2377.363525390625
AADR	17	contextpenalize	gt	1	10000000	20000000	39	I11585	1725	4463	4.417213487625122	54.170989	-0.605739	54.181583	14.77252	998.8644	1450.0	1663.6866	-213.6866455078125
AADR	17	contextpenalize	gt	1	10000000	20000000	39	OBKR_93	2948	4463	4.417213487625122	48.26656	10.87857	52.90958	3.7637198	719.64606	3933.0	5468.521	-1535.52099609375
AADR	17	contextpenalize	gt	1	10000000	20000000	39	R24.SG	4142	4463	4.417213487625122	40.8101044	8.4422073	50.505974	10.28027	1087.4609	5396.0	2104.9265	3291.073486328125
AADR	17	contextpenalize	gt	1	10000000	20000000	40	VLI076	997	4463	4.4128207802772526	50.365945	14.446606	49.529736	11.898648	204.63885	4906.0	3863.2598	1042.740234375
AADR	17	contextpenalize	gt	1	10000000	20000000	40	I11160	1168	4463	4.4128207802772526	50.054385	14.363387	51.130405	13.036908	151.92683	3850.0	4259.721	-409.72119140625
AADR	17	contextpenalize	gt	1	10000000	20000000	40	6DT3_noUDG.SG	1881	4463	4.4128207802772526	53.958333	-1.080278	48.369663	5.5044365	771.9544	1750.0	2001.6771	-251.6771240234375
AADR	17	contextpenalize	gt	1	10000000	20000000	41	I17499	126	4463	3.420971878369649	40.783	43.95	54.189888	8.95503	2979.1323	4950.0	3578.0928	1371.9072265625
AADR	17	contextpenalize	gt	1	10000000	20000000	41	I17184	147	4463	3.420971878369649	40.8716	43.8445	51.770092	-1.4288374	3614.612	2614.0	2864.997	-250.9970703125
AADR	17	contextpenalize	gt	1	10000000	20000000	41	HAD016	2176	4463	3.420971878369649	52.2	0.2	56.486095	22.380533	1506.8337	1200.0	3097.2053	-1897.205322265625
AADR	17	contextpenalize	gt	1	10000000	20000000	42	I13319	312	4463	3.4219054500261943	22.83	-74.32	18.019928	-72.57269	564.97296	750.0	1462.68	-712.6800537109375
AADR	17	contextpenalize	gt	1	10000000	20000000	42	MA974_noUDG.SG	2375	4463	3.4219054500261943	59.45	28.08	56.740135	11.642765	1008.85266	5586.0	5339.311	246.68896484375
AADR	17	contextpenalize	gt	1	10000000	20000000	42	R1014_oEEF.SG	3868	4463	3.4219054500261943	41.3670176	13.2913509	48.223705	8.645853	845.5733	7074.0	5211.6953	1862.3046875
AADR	17	contextpenalize	gt	1	10000000	20000000	43	R107.SG	3941	4463	3.4151586413383486	41.8947764	12.4762658	44.601147	8.95199	414.69626	1450.0	4069.9656	-2619.965576171875
AADR	17	contextpenalize	gt	1	10000000	20000000	43	LSC002.SG	3957	4463	3.4151586413383486	41.425119	13.236332	51.13102	-2.0147984	1587.5363	4619.0	2783.5757	1835.42431640625
AADR	17	contextpenalize	gt	1	10000000	20000000	43	BRE005	4260	4463	3.4151586413383486	49.33	85.79	46.33389	82.4366	416.62137	1905.0	3417.0835	-1512.08349609375
AADR	17	contextpenalize	gt	1	10000000	20000000	44	MIB086	1188	4463	3.4178456465403237	49.992004	15.776861	41.03151	30.177574	1495.9806	3906.0	3952.216	-46.216064453125
AADR	17	contextpenalize	gt	1	10000000	20000000	44	KIL031.B_noUDG	3698	4463	3.4178456465403237	54.00684	-8.202308	48.307472	20.853075	2105.9475	950.0	3511.1414	-2561.141357421875
AADR	17	contextpenalize	gt	1	10000000	20000000	44	NOM001	4759	4463	3.4178456465403237	47.450958	103.148961	52.652172	0.94195545	6679.7085	1250.0	2585.47	-1335.469970703125
AADR	17	contextpenalize	gt	1	10000000	20000000	45	I5514	883	4463	4.412432750066121	50.0504153	14.3667267	49.76197	16.9304	186.36588	4155.0	3263.2656	891.734375
AADR	17	contextpenalize	gt	1	10000000	20000000	45	VK285_noUDG.SG	1418	4463	4.412432750066121	54.85	10.78	41.9571	14.479334	1458.8776	1000.0	884.6728	115.32720947265625
AADR	17	contextpenalize	gt	1	10000000	20000000	45	I1550	2867	4463	4.412432750066121	51.89583333	11.04666667	49.946835	7.432144	333.33548	7125.0	4459.2583	2665.74169921875
AADR	17	contextpenalize	gt	1	10000000	20000000	46	I30293	2159	4463	3.4201523343722027	51.861211	-1.883011	41.235996	12.44205	1605.519	5575.0	3027.3054	2547.694580078125
AADR	17	contextpenalize	gt	1	10000000	20000000	46	VK78_noUDG.SG	3126	4463	3.4201523343722027	64.25	-50.1	51.172375	12.1532	3786.8547	843.0	4215.7217	-3372.7216796875
AADR	17	contextpenalize	gt	1	10000000	20000000	46	I6797	4337	4463	3.4201523343722027	50.09	74.44	46.538628	8.172608	4753.0874	3695.0	2812.375	882.625
AADR	17	contextpenalize	gt	1	10000000	20000000	47	I18719	788	4463	3.4192694743474323	44.8520052	15.4199444	47.21898	17.50186	308.35416	3100.0	3085.5654	14.4345703125
AADR	17	contextpenalize	gt	1	10000000	20000000	47	I19042	2080	4463	3.4192694743474323	51.07	-1.29	41.48749	36.741657	3070.3938	2245.0	2451.3208	-206.32080078125
AADR	17	contextpenalize	gt	1	10000000	20000000	47	I24520	3178	4463	3.4192694743474323	13.519983	144.806559	14.931114	148.33728	411.62436	475.0	1867.5312	-1392.53125
AADR	17	contextpenalize	gt	1	10000000	20000000	48	I1944	3600	4463	3.4128859003384906	34.45	48.116	43.02346	38.912712	1241.7754	9800.0	4732.585	5067.4150390625
AADR	17	contextpenalize	gt	1	10000000	20000000	48	R31.SG	3939	4463	3.4128859003384906	41.9060311	12.4742324	56.83216	-7.651213	2191.9185	1538.0	3037.7249	-1499.724853515625
AADR	17	contextpenalize	gt	1	10000000	20000000	48	KNT002	4466	4463	3.4128859003384906	41.41	68.8	41.614647	34.39803	2845.2898	1650.0	1891.0312	-241.03125
AADR	17	contextpenalize	gt	1	10000000	20000000	49	I15730	239	4463	4.418285449345906	40.91666	44.5	54.495075	-15.51052	4579.9683	3285.0	2315.9746	969.025390625
AADR	17	contextpenalize	gt	1	10000000	20000000	49	I18280	262	4463	4.418285449345906	40.516618	44.933321	44.696133	30.510513	1266.388	3285.0	2085.8816	1199.118408203125
AADR	17	contextpenalize	gt	1	10000000	20000000	49	VK264_noUDG.SG	2294	4463	4.418285449345906	50.67	-2.47	52.97413	-3.2573535	261.85577	953.0	1462.8093	-509.809326171875
AADR	17	contextpenalize	gt	1	10000000	20000000	50	MGS-M6_noUDG	560	4463	3.412817033131917	46.8613	119.655	55.87411	0.38671842	7270.5537	1800.0	1505.227	294.77294921875
AADR	17	contextpenalize	gt	1	10000000	20000000	50	PMI002	1200	4463	3.412817033131917	50.156484	14.538727	51.810062	7.755204	508.9764	4171.0	1469.3322	2701.6678466796875
AADR	17	contextpenalize	gt	1	10000000	20000000	50	I12347	1523	4463	3.412817033131917	18.447	-69.187	20.17624	-68.77645	197.04955	1150.0	1082.5634	67.4366455078125
AADR	17	contextpenalize	gt	1	10000000	20000000	51	AITI_92	2941	4463	3.419206206003825	48.22281	10.84499	49.991283	9.501616	219.60887	3761.0	3982.9934	-221.993408203125
AADR	17	contextpenalize	gt	1	10000000	20000000	51	I4238_noUDG	3595	4463	3.419206206003825	37.00786335	45.16575874	39.579582	42.178444	386.9146	3112.0	2683.9028	428.09716796875
AADR	17	contextpenalize	gt	1	10000000	20000000	51	I10379	4675	4463	3.419206206003825	42.03	21.64	48.31784	15.698919	839.49603	2591.0	4165.244	-1574.244140625
AADR	17	contextpenalize	gt	1	10000000	20000000	52	I0104	2711	4463	4.42082093556722	51.42	11.68	51.069523	13.379888	124.57382	4358.0	3563.035	794.965087890625
AADR	17	contextpenalize	gt	1	10000000	20000000	52	I24264	3175	4463	4.42082093556722	13.519983	144.806559	16.306808	146.4162	354.86905	525.0	2451.0837	-1926.083740234375
AADR	17	contextpenalize	gt	1	10000000	20000000	52	TAQ006	3966	4463	4.42082093556722	42.249972	11.767892	47.412052	6.4442677	710.7591	2151.0	3805.023	-1654.02294921875
AADR	17	contextpenalize	gt	1	10000000	20000000	53	I14676	4070	4463	3.414397958914439	40.789722	8.591389	50.526436	16.909525	1259.1903	4053.0	4875.7017	-822.70166015625
AADR	17	contextpenalize	gt	1	10000000	20000000	53	R8.SG	4184	4463	3.414397958914439	41.96	13.54	54.12678	-2.659529	1802.6487	7708.0	3302.2266	4405.7734375
AADR	17	contextpenalize	gt	1	10000000	20000000	53	SFI-42_noUDG.SG	4624	4463	3.414397958914439	33.896389	35.508333	43.568203	31.122887	1140.2948	2415.0	3761.705	-1346.705078125
AADR	17	contextpenalize	gt	1	10000000	20000000	54	I10771	3812	4463	3.4188122312227884	32.58472222	35.01694444	38.508816	27.323307	957.64844	3550.0	4045.0078	-495.0078125
AADR	17	contextpenalize	gt	1	10000000	20000000	54	R15.SG	4018	4463	3.4188122312227884	41.96	13.54	56.57321	6.179312	1708.0797	9086.0	3076.1433	6009.856689453125
AADR	17	contextpenalize	gt	1	10000000	20000000	54	AIG001	4398	4463	3.4188122312227884	43.7	51.33	48.607777	10.1498375	3178.7664	2350.0	3439.3462	-1089.34619140625
AADR	17	contextpenalize	gt	1	10000000	20000000	55	I16174	1581	4463	3.411405940850576	18.451	-69.686	21.670399	-69.37809	359.422	894.0	1350.557	-456.5570068359375
AADR	17	contextpenalize	gt	1	10000000	20000000	55	VK534_noUDG.SG	4013	4463	3.411405940850576	41.42	15.58	50.475452	1.449618	1481.1647	766.0	3075.359	-2309.35888671875
AADR	17	contextpenalize	gt	1	10000000	20000000	55	I6707	4356	4463	3.411405940850576	49.709894	73.882838	50.48081	12.310994	4263.5493	3432.0	3970.9187	-538.918701171875
AADR	17	contextpenalize	gt	1	10000000	20000000	56	GoyetQ376-19_noUDG_d	337	4463	4.416423360506694	50.26	4.28	53.40747	10.42081	547.87067	27505.0	3060.1328	24444.8671875
AADR	17	contextpenalize	gt	1	10000000	20000000	56	MIB031	1097	4463	4.416423360506694	49.992004	15.776861	48.057587	11.364791	386.88647	3791.0	3488.2437	302.75634765625
AADR	17	contextpenalize	gt	1	10000000	20000000	56	I6799	4355	4463	4.416423360506694	49.12	75.81	48.541016	17.228043	4178.6274	3715.0	3993.1924	-278.1923828125
AADR	17	contextpenalize	gt	1	10000000	20000000	57	I4885	873	4463	3.4162883520126344	50.1217475	14.4569508	50.40252	14.953137	47.10362	4170.0	4261.6704	-91.67041015625
AADR	17	contextpenalize	gt	1	10000000	20000000	57	VK87_noUDG.SG	1469	4463	3.4162883520126344	55.95	10.2	47.0404	5.3739934	1044.8809	1075.0	3315.7417	-2240.74169921875
AADR	17	contextpenalize	gt	1	10000000	20000000	57	IK002_noUDG.SG	4246	4463	3.4162883520126344	35.0183	137.294	43.881737	107.13381	2752.011	2782.0	3666.4568	-884.456787109375
AADR	17	contextpenalize	gt	1	10000000	20000000	58	I14351	1919	4463	3.408854675292969	53.9085	-1.384997	49.127594	4.8661523	684.8077	2048.0	2125.2815	-77.281494140625
AADR	17	contextpenalize	gt	1	10000000	20000000	58	I19363	2469	4463	3.408854675292969	48.80181	4.27874	46.093086	7.371132	380.44843	2200.0	3380.819	-1180.819091796875
AADR	17	contextpenalize	gt	1	10000000	20000000	58	SZ27	3370	4463	3.408854675292969	46.28333333	17.85	50.32563	1.5348866	1284.4619	1467.0	2438.241	-971.240966796875
AADR	17	contextpenalize	gt	1	10000000	20000000	59	I24260	3173	4463	2.4133214116096497	13.519983	144.806559	13.072335	153.28535	918.8281	475.0	2738.644	-2263.64404296875
AADR	17	contextpenalize	gt	1	10000000	20000000	59	PN10_PN113.SG	3671	4463	2.4133214116096497	53.04866	-9.140049	42.381668	7.229698	1697.3665	5746.0	2893.9084	2852.091552734375
AADR	17	contextpenalize	gt	1	10000000	20000000	59	DA171_noUDG.SG	4657	4463	2.4133214116096497	55.743786	24.228036	51.05941	-3.9775753	1926.045	1600.0	3581.9993	-1981.999267578125
AADR	17	contextpenalize	gt	1	10000000	20000000	60	MIB013	1091	4463	3.4111981709798176	49.992004	15.776861	49.194473	12.976409	220.45346	3762.0	2756.1528	1005.84716796875
AADR	17	contextpenalize	gt	1	10000000	20000000	60	I8919	4499	4463	3.4111981709798176	-0.663	36.41	19.735924	29.44316	2392.0525	2233.0	3160.6206	-927.62060546875
AADR	17	contextpenalize	gt	1	10000000	20000000	60	Kivutkalns42	4585	4463	3.4111981709798176	56.852	24.272	49.254684	10.820445	1229.679	2697.0	4264.7344	-1567.734375
AADR	17	contextpenalize	gt	1	10000000	20000000	61	RISE21_noUDG.SG	1378	4463	3.4161592960357665	55.55	12.209	48.734272	24.961405	1150.8285	3301.0	6601.5195	-3300.51953125
AADR	17	contextpenalize	gt	1	10000000	20000000	61	VK84_noUDG.SG	1468	4463	3.4161592960357665	55.95	10.2	53.1301	-1.2097478	798.8114	1075.0	2542.5493	-1467.54931640625
AADR	17	contextpenalize	gt	1	10000000	20000000	61	I1904	3474	4463	3.4161592960357665	46.20487	18.7004	47.49514	8.18417	811.83704	7010.0	4201.487	2808.51318359375
AADR	17	contextpenalize	gt	1	10000000	20000000	62	BLP10.SG	2492	4463	4.417667138576507	49.39246	3.73641	50.826008	12.857533	669.2146	6065.0	4755.992	1309.0078125
AADR	17	contextpenalize	gt	1	10000000	20000000	62	WEHR_1193	2957	4463	4.417667138576507	48.25283	10.80879	47.83265	28.494991	1312.7528	3823.0	2192.2249	1630.775146484375
AADR	17	contextpenalize	gt	1	10000000	20000000	62	ALT_1_noUDG	3026	4463	4.417667138576507	49.468332	9.744072	52.802025	17.260605	641.7055	4463.0	4459.137	3.86279296875
AADR	17	contextpenalize	gt	1	10000000	20000000	63	DA121_noUDG.SG	4308	4463	3.410202991962433	42.73305556	68.34055556	28.243595	-50.53712	9952.614	1588.0	1229.6846	358.3154296875
AADR	17	contextpenalize	gt	1	10000000	20000000	63	I0595_noUDG	4471	4463	3.410202991962433	-3.7	39.7	56.42289	17.014631	6994.8823	402.0	3859.3813	-3457.38134765625
AADR	17	contextpenalize	gt	1	10000000	20000000	63	SHT001	4793	4463	3.410202991962433	46.30561667	100.7613889	43.152554	58.926678	3284.723	5009.0	3384.315	1624.68505859375
AADR	17	contextpenalize	gt	1	10000000	20000000	64	CK-13_noUDG.SG	492	4463	3.4129620830218	42.216667	-83.066667	-3.1467438	-38.534595	6743.0596	4842.0	3491.4236	1350.576416015625
AADR	17	contextpenalize	gt	1	10000000	20000000	64	GRG047	2541	4463	3.4129620830218	47.97	3.56	43.46494	15.856846	1076.3846	6450.0	5220.453	1229.546875
AADR	17	contextpenalize	gt	1	10000000	20000000	64	SFI-12_noUDG.SG	4613	4463	3.4129620830218	33.896528	35.511667	54.496956	11.956212	2932.9944	2123.0	4229.4297	-2106.4296875
AADR	17	contextpenalize	gt	1	10000000	20000000	65	VK90_noUDG.SG	1470	4463	3.406116994222005	55.6	11.95	54.25384	9.280412	226.90971	1075.0	3166.6785	-2091.678466796875
AADR	17	contextpenalize	gt	1	10000000	20000000	65	HBS009	2815	4463	3.406116994222005	51.9	11.05	44.04716	12.752985	882.28345	6975.0	3396.4705	3578.529541015625
AADR	17	contextpenalize	gt	1	10000000	20000000	65	I1882	3473	4463	3.406116994222005	47.50163	18.910468	52.845592	8.108507	970.34546	7050.0	3145.2368	3904.76318359375
AADR	17	contextpenalize	gt	1	10000000	20000000	66	I14585	1052	4463	3.4114596048990884	50.054385	14.363387	50.27175	12.11429	162.01411	3850.0	2941.9993	908.000732421875
AADR	17	contextpenalize	gt	1	10000000	20000000	66	I13729	1982	4463	3.4114596048990884	52.170279	0.105604	50.962475	0.7986153	142.58665	2350.0	2176.9749	173.025146484375
AADR	17	contextpenalize	gt	1	10000000	20000000	66	I8724	3643	4463	3.4114596048990884	30.649857	61.400311	41.500908	22.688356	3647.2305	4900.0	3471.8555	1428.14453125
AADR	17	contextpenalize	gt	1	10000000	20000000	67	LJM3_noUDG	601	4463	3.4123118837674458	36.508904	101.796482	49.47881	77.32541	2439.6018	4479.0	2879.635	1599.364990234375
AADR	17	contextpenalize	gt	1	10000000	20000000	67	OTTM_156_noUDG	2963	4463	3.4123118837674458	48.22519	10.84977	49.81989	7.8266497	282.86783	3448.0	3200.8872	247.11279296875
AADR	17	contextpenalize	gt	1	10000000	20000000	67	I4262	4369	4463	3.4123118837674458	48.78176667	76.45303333	47.984676	36.220814	2937.6113	3743.0	2986.2825	756.717529296875
AADR	17	contextpenalize	gt	1	10000000	20000000	68	I1109	455	4463	3.4104443987210593	43.98	26.4	49.915756	13.690631	1166.4672	7550.0	5275.0684	2274.931640625
AADR	17	contextpenalize	gt	1	10000000	20000000	68	HUGO_190	2903	4463	3.4104443987210593	48.32852	10.89819	59.650963	50.364746	2815.2935	4103.0	3642.992	460.008056640625
AADR	17	contextpenalize	gt	1	10000000	20000000	68	I4553	4595	4463	3.4104443987210593	56.2833	25.1333	49.93715	13.150796	1063.9629	7370.0	6650.513	719.48681640625
AADR	17	contextpenalize	gt	1	10000000	20000000	69	I15029	2574	4463	3.41521680355072	47.523479	-3.154599	45.954483	21.677565	1892.2073	5700.0	3387.7302	2312.269775390625
AADR	17	contextpenalize	gt	1	10000000	20000000	69	I19917	2607	4463	3.41521680355072	43.53	5.27	39.57212	7.460251	476.2953	2250.0	2396.8096	-146.8095703125
AADR	17	contextpenalize	gt	1	10000000	20000000	69	I4183	3426	4463	3.41521680355072	46.025398	18.325056	53.525238	14.376538	880.4771	6743.0	6033.4688	709.53125
AADR	17	contextpenalize	gt	1	10000000	20000000	70	MIB055	1114	4463	4.410906247297922	49.992004	15.776861	63.333397	-20.765932	2625.341	3773.0	1470.285	2302.7149658203125
AADR	17	contextpenalize	gt	1	10000000	20000000	70	LAK002_noUDG	2180	4463	4.410906247297922	52.4	0.5	45.567577	9.85575	1019.79144	1200.0	2648.691	-1448.69091796875
AADR	17	contextpenalize	gt	1	10000000	20000000	70	GRG023	2533	4463	4.410906247297922	47.97	3.56	44.229523	9.039089	592.5538	6450.0	2689.978	3760.02197265625
AADR	17	contextpenalize	gt	1	10000000	20000000	71	VEN022	3860	4463	3.4133997281392414	40.968228	15.827097	49.301704	7.3882036	1137.2493	1250.0	2010.4596	-760.4595947265625
AADR	17	contextpenalize	gt	1	10000000	20000000	71	TAQ002	3964	4463	3.4133997281392414	42.249972	11.767892	48.679794	13.084469	722.2667	1960.0	3447.218	-1487.218017578125
AADR	17	contextpenalize	gt	1	10000000	20000000	71	R61.SG	3992	4463	3.4133997281392414	41.6877312	13.0864953	45.864956	19.143358	672.1078	595.0	4831.563	-4236.56298828125
AADR	17	contextpenalize	gt	1	10000000	20000000	72	I10275	691	4463	3.416101356347402	45.4482	17.6388	29.675508	29.797064	2050.032	6050.0	6137.422	-87.421875
AADR	17	contextpenalize	gt	1	10000000	20000000	72	MIB014	1166	4463	3.416101356347402	49.992004	15.776861	47.240078	20.08081	440.02008	3789.0	2804.1458	984.854248046875
AADR	17	contextpenalize	gt	1	10000000	20000000	72	BC27_noUDG.SG	4713	4463	3.416101356347402	31.89	-116.47	43.3175	15.064192	10308.236	500.0	3817.0537	-3317.0537109375
AADR	17	contextpenalize	gt	1	10000000	20000000	73	CP25	383	4463	3.411161184310913	-19.47718333	-44.03805556	19.984741	-57.92242	4641.408	9601.0	2435.4602	7165.539794921875
AADR	17	contextpenalize	gt	1	10000000	20000000	73	I2371	3386	4463	3.411161184310913	47.31875	19.16692	36.576668	26.530651	1339.2775	5169.0	4148.7695	1020.23046875
AADR	17	contextpenalize	gt	1	10000000	20000000	73	I6263	4833	4463	3.411161184310913	48.68	88.38	41.413277	51.05097	3008.795	2221.0	3343.7534	-1122.75341796875
AADR	17	contextpenalize	gt	1	10000000	20000000	74	I3256	1623	4463	3.411195933818817	52.170279	0.105604	53.051907	-1.3468795	138.66115	4063.0	2838.3228	1224.67724609375
AADR	17	contextpenalize	gt	1	10000000	20000000	74	I1181	3792	4463	3.411195933818817	32.974167	35.331389	47.432323	6.5996785	2895.9111	5950.0	3244.4192	2705.580810546875
AADR	17	contextpenalize	gt	1	10000000	20000000	74	TAQ008	3968	4463	3.411195933818817	42.249972	11.767892	49.670013	13.891027	841.13916	2151.0	5659.4614	-3508.46142578125
AADR	17	contextpenalize	gt	1	10000000	20000000	75	HAD015.SG	2240	4463	3.408774558703105	52.2	0.2	52.054268	-3.2702353	237.42229	1200.0	2908.8833	-1708.88330078125
AADR	17	contextpenalize	gt	1	10000000	20000000	75	In662.SG	3568	4463	3.408774558703105	4.6454	96.856	65.721756	41.968937	8002.4697	2161.0	10036.325	-7875.3251953125
AADR	17	contextpenalize	gt	1	10000000	20000000	75	prs017_noUDG.SG	3727	4463	3.408774558703105	54.2469	-8.55609	48.282494	15.482653	1788.2858	5657.0	4674.584	982.416015625
AADR	17	contextpenalize	gt	1	10000000	20000000	76	I16441	1867	4463	3.4196089625358583	50.539905	-4.997809	50.79357	9.130619	994.63617	2329.0	2803.3303	-474.330322265625
AADR	17	contextpenalize	gt	1	10000000	20000000	76	LAK003_noUDG	2181	4463	3.4196089625358583	52.4	0.5	49.33546	-0.06847258	343.0856	1200.0	5557.147	-4357.14697265625
AADR	17	contextpenalize	gt	1	10000000	20000000	76	TSI001	4775	4463	3.4196089625358583	47.11078	102.078841	39.974712	83.41657	1694.653	2797.0	2899.0015	-102.00146484375
AADR	17	contextpenalize	gt	1	10000000	20000000	77	I12365	102	4463	3.4151410380999248	-53.82	-67.65	23.561996	13.7955475	11565.89	740.0	2362.4246	-1622.424560546875
AADR	17	contextpenalize	gt	1	10000000	20000000	77	I15648	1330	4463	3.4151410380999248	49.991622	14.162575	43.19001	14.499847	756.7416	5397.0	2751.6177	2645.38232421875
AADR	17	contextpenalize	gt	1	10000000	20000000	77	ELY004.SG	2227	4463	3.4151410380999248	52.4	0.3	50.90142	16.106438	1100.8796	1200.0	2534.2405	-1334.240478515625
AADR	17	contextpenalize	gt	1	10000000	20000000	78	WGM70_noUDG	654	4463	3.4102294127146404	34.8191841	113.3959228	51.401226	9.135012	7931.775	5250.0	3180.0496	2069.950439453125
AADR	17	contextpenalize	gt	1	10000000	20000000	78	DA57_noUDG.SG	4568	4463	3.4102294127146404	41.49972222	75.80416667	45.494434	21.04119	4353.512	2065.0	1931.4507	133.54931640625
AADR	17	contextpenalize	gt	1	10000000	20000000	78	scy193_noUDG.SG	4739	4463	3.4102294127146404	46.6684	29.8001	54.030376	10.915416	1562.906	2225.0	5193.283	-2968.283203125
AADR	17	contextpenalize	gt	1	10000000	20000000	79	I9056_noUDG_d	379	4463	3.4174037615458173	-28.55	-49.00583333	54.251133	-7.2503824	10039.654	1339.0	3695.2104	-2356.21044921875
AADR	17	contextpenalize	gt	1	10000000	20000000	79	L5705_noUDG	579	4463	3.4174037615458173	26.2	119.1	40.279163	128.00052	1768.5447	4333.0	6751.398	-2418.39794921875
AADR	17	contextpenalize	gt	1	10000000	20000000	79	I7635	1677	4463	3.4174037615458173	54.522812	-1.308134	50.903522	15.770695	1215.1654	4030.0	4222.0156	-192.015625
AADR	17	contextpenalize	gt	1	10000000	20000000	80	VK282_noUDG.SG	1416	4463	3.4092753370602926	54.96	10.83	51.338066	-4.737895	1110.6329	1000.0	2616.063	-1616.06298828125
AADR	17	contextpenalize	gt	1	10000000	20000000	80	I1540	2720	4463	3.4092753370602926	51.42	11.68	50.37195	10.275944	152.56487	4225.0	6194.6685	-1969.66845703125
AADR	17	contextpenalize	gt	1	10000000	20000000	80	ETR012	4219	4463	3.4092753370602926	43.017037	11.948444	49.129555	4.9859877	865.4958	1000.0	3873.479	-2873.47900390625
AADR	17	contextpenalize	gt	1	10000000	20000000	81	I1525	34	4463	3.4144278367360434	66.161126	-169.822297	46.627853	113.66221	4797.613	1695.0	3782.4893	-2087.4892578125
AADR	17	contextpenalize	gt	1	10000000	20000000	81	I7544	352	4463	3.4144278367360434	16.497398	-88.90496	-18.026789	-50.811577	5667.938	4757.0	3872.5542	884.44580078125
AADR	17	contextpenalize	gt	1	10000000	20000000	81	I15675	1561	4463	3.4144278367360434	18.451	-69.686	17.737862	-65.289986	471.34354	800.0	1186.716	-386.7159423828125
AADR	17	contextpenalize	gt	1	10000000	20000000	82	I10292	702	4463	3.4176469922065733	45.4482	17.6388	51.85688	7.9968877	1003.1219	6050.0	4088.862	1961.137939453125
AADR	17	contextpenalize	gt	1	10000000	20000000	82	RISE374_noUDG.SG	3435	4463	3.4176469922065733	46.22	20.199	53.561764	9.8051	1102.7261	3643.0	3691.7349	-48.73486328125
AADR	17	contextpenalize	gt	1	10000000	20000000	82	DA50_noUDG.SG	4565	4463	3.4176469922065733	41.42805556	75.32972222	42.93919	40.524704	2852.1777	2300.0	2444.5745	-144.574462890625
AADR	17	contextpenalize	gt	1	10000000	20000000	83	I14091	2260	4463	3.4093000729878744	54.3955	-1.614	50.74435	-3.4851127	425.18768	1392.0	3287.3977	-1895.397705078125
AADR	17	contextpenalize	gt	1	10000000	20000000	83	I2352	3417	4463	3.4093000729878744	47.102645	17.912987	46.479992	19.26799	124.23472	6550.0	7284.687	-734.68701171875
AADR	17	contextpenalize	gt	1	10000000	20000000	83	JpFu1.SG	4234	4463	3.4093000729878744	34.5922	133.7732	44.027042	106.82464	2529.6934	5526.0	5921.3486	-395.3486328125
AADR	17	contextpenalize	gt	1	10000000	20000000	84	I18163	213	4463	3.4133581797281902	40.833333	43.916667	43.68479	62.14525	1529.952	3125.0	2945.3188	179.68115234375
AADR	17	contextpenalize	gt	1	10000000	20000000	84	AEHIb_noUDG.SG	2766	4463	3.4133581797281902	48.909	12.201	41.42745	19.717184	1018.3466	1503.0	6305.5435	-4802.54345703125
AADR	17	contextpenalize	gt	1	10000000	20000000	84	ZAA002	4797	4463	3.4133581797281902	47.854689	104.04602	50.690853	19.214142	5811.873	1324.0	2452.644	-1128.64404296875
AADR	17	contextpenalize	gt	1	10000000	20000000	85	DA111_noUDG.SG	1229	4463	3.4140172719955446	50.5099972	14.05	60.248543	0.63387126	1369.7196	2752.0	3284.3462	-532.34619140625
AADR	17	contextpenalize	gt	1	10000000	20000000	85	I13757	1803	4463	3.4140172719955446	53.919396	-0.766635	51.777725	17.703129	1259.1584	2175.0	3901.7812	-1726.78125
AADR	17	contextpenalize	gt	1	10000000	20000000	85	DA237_noUDG.SG	2401	4463	3.4140172719955446	62.9	22.4	59.595364	15.430023	522.9308	1388.0	3349.0288	-1961.02880859375
AADR	17	contextpenalize	gt	1	10000000	20000000	86	TAP003	2611	4463	3.4151609500249225	-16.83625	-151.3585722	55.42897	27.656	15722.951	366.0	6121.971	-5755.97119140625
AADR	17	contextpenalize	gt	1	10000000	20000000	86	VK77_noUDG.SG	3121	4463	3.4151609500249225	64.25	-50.1	56.230904	17.517384	3645.7244	845.0	4621.233	-3776.23291015625
AADR	17	contextpenalize	gt	1	10000000	20000000	86	I18225	3241	4463	3.4151609500249225	47.244951	19.628051	50.240887	80.31941	4338.1562	1225.0	3637.461	-2412.4609375
AADR	17	contextpenalize	gt	1	10000000	20000000	87	I14326	2128	4463	3.4140488624572756	54.11173333	-0.284113889	49.311207	9.446876	855.71594	4908.0	3565.6675	1342.33251953125
AADR	17	contextpenalize	gt	1	10000000	20000000	87	s19_V8_1_noUDG.SG	2357	4463	3.4140488624572756	59.4489	24.4831	52.590992	8.349558	1254.2498	2462.0	3252.6619	-790.661865234375
AADR	17	contextpenalize	gt	1	10000000	20000000	87	DRU006.A_noUDG	2730	4463	3.4140488624572756	52.81474	8.192343	49.304955	-1.7148476	793.81604	1200.0	2998.618	-1798.617919921875
AADR	17	contextpenalize	gt	1	10000000	20000000	88	DUN010.A_noUDG	2748	4463	3.411220959822337	53.596232	7.645448	49.02241	7.5078897	508.67545	1050.0	4653.415	-3603.4150390625
AADR	17	contextpenalize	gt	1	10000000	20000000	88	I25187	3132	4463	3.411220959822337	13.576983	144.831288	53.42748	86.29705	6738.731	616.0	8741.707	-8125.70703125
AADR	17	contextpenalize	gt	1	10000000	20000000	88	I8557	4708	4463	3.411220959822337	20.24	-90.46	2.1919193	-68.91168	3081.8113	340.0	2987.993	-2647.992919921875
AADR	17	contextpenalize	gt	1	10000000	20000000	89	I13559	7	4463	3.4137723485628766	24.1	-77.55	47.673237	-13.815612	6113.2456	750.0	2102.318	-1352.318115234375
AADR	17	contextpenalize	gt	1	10000000	20000000	89	I4209	865	4463	3.4137723485628766	34.83	32.4	50.7414	15.296848	2242.0388	9600.0	3866.1138	5733.88623046875
AADR	17	contextpenalize	gt	1	10000000	20000000	89	DA87_noUDG.SG	4318	4463	3.4137723485628766	52.64305556	76.71055556	53.124073	18.60557	3789.7773	1259.0	3158.0469	-1899.046875
AADR	17	contextpenalize	gt	1	10000000	20000000	90	CAH005	960	4463	3.4138297994931537	50.373091	13.365431	52.370296	5.2800674	603.1718	4349.0	2154.3684	2194.631591796875
AADR	17	contextpenalize	gt	1	10000000	20000000	90	MIB028	1096	4463	3.4138297994931537	49.992004	15.776861	50.121944	3.9430919	844.05133	3855.0	2384.3726	1470.62744140625
AADR	17	contextpenalize	gt	1	10000000	20000000	90	AITI_98	2918	4463	3.4138297994931537	48.22281	10.84499	51.332706	12.041846	356.31036	3605.0	2687.489	917.510986328125
AADR	17	contextpenalize	gt	1	10000000	20000000	91	Iboussieres25-1_noUDG	2494	4463	3.414032967885335	44.29	4.46	48.72316	11.730052	742.75195	11675.0	3276.1045	8398.8955078125
AADR	17	contextpenalize	gt	1	10000000	20000000	91	JpKa6904.SG	4247	4463	3.414032967885335	33.6134	132.9746	27.437674	139.07664	901.34515	8820.0	4063.5557	4756.4443359375
AADR	17	contextpenalize	gt	1	10000000	20000000	91	RISE598_noUDG.SG	4658	4463	3.414032967885335	54.358	23.302	49.610596	32.28398	809.4832	2653.0	3647.4863	-994.486328125
AADR	17	contextpenalize	gt	1	10000000	20000000	92	I9006	3063	4463	3.4135727405548097	37.966284	23.495244	34.03348	51.410103	2539.1384	3283.0	6260.309	-2977.30908203125
AADR	17	contextpenalize	gt	1	10000000	20000000	92	VET011	4208	4463	3.4135727405548097	42.920709	10.971394	43.160286	27.190836	1316.3492	2533.0	4725.899	-2192.89892578125
AADR	17	contextpenalize	gt	1	10000000	20000000	92	SRK001	4436	4463	3.4135727405548097	49.21	75.17	47.91463	75.64682	148.24991	2400.0	3237.1235	-837.12353515625
AADR	17	contextpenalize	gt	1	10000000	20000000	93	GoyetQ56-16_noUDG	339	4463	3.409870445728302	50.26	4.28	48.15361	7.6138625	336.86005	26300.0	4483.029	21816.97119140625
AADR	17	contextpenalize	gt	1	10000000	20000000	93	CSN013	4197	4463	3.409870445728302	43.033319	11.33294	50.120155	16.183033	870.39966	2350.0	3490.4685	-1140.468505859375
AADR	17	contextpenalize	gt	1	10000000	20000000	93	DA28_noUDG.SG	4297	4463	3.409870445728302	43.06861111	68.24888889	31.688107	125.125916	5081.822	550.0	3405.8293	-2855.829345703125
AADR	17	contextpenalize	gt	1	10000000	20000000	94	MA572_noUDG.SG	94	4463	3.413466664155324	-53.26	-70.45	56.90976	5.016077	14023.5205	100.0	2801.3848	-2701.384765625
AADR	17	contextpenalize	gt	1	10000000	20000000	94	I2163	464	4463	3.413466664155324	42.132897	25.496288	44.39184	79.57025	4305.303	3639.0	2578.2156	1060.784423828125
AADR	17	contextpenalize	gt	1	10000000	20000000	94	I14188	1169	4463	3.413466664155324	50.054385	14.363387	49.338577	16.966286	203.4164	3850.0	4908.7427	-1058.74267578125
AADR	17	contextpenalize	gt	1	10000000	20000000	95	I19918	2608	4463	3.410231324036916	43.53	5.27	51.264008	6.281281	863.3215	2250.0	3233.9949	-983.994873046875
AADR	17	contextpenalize	gt	1	10000000	20000000	95	AED1119_noUDG.SG	2781	4463	3.410231324036916	48.296	11.903	49.07099	15.295743	263.52933	1430.0	2958.9543	-1528.954345703125
AADR	17	contextpenalize	gt	1	10000000	20000000	95	I16170_enhanced	4120	4463	3.410231324036916	40.626667	8.323056	50.938286	-3.984295	1487.7722	3337.0	4136.9556	-799.95556640625
AADR	17	contextpenalize	gt	1	10000000	20000000	96	MIB068	1121	4463	3.4162728150685626	49.992004	15.776861	51.37719	5.9309344	709.96906	3757.0	2312.2715	1444.728515625
AADR	17	contextpenalize	gt	1	10000000	20000000	96	I20589	2035	4463	3.4162728150685626	51.7977	-1.313464	52.259857	3.0244434	301.1437	2250.0	2896.2083	-646.208251953125
AADR	17	contextpenalize	gt	1	10000000	20000000	96	SFI-24_noUDG.SG	4611	4463	3.4162728150685626	33.896528	35.511389	46.27118	14.348175	2253.9302	1946.0	3629.2546	-1683.254638671875
AADR	17	contextpenalize	gt	1	10000000	20000000	97	I13737	323	4463	3.415357740720113	23.1	-74.98	19.346062	-66.4395	978.4244	752.0	827.2603	-75.26031494140625
AADR	17	contextpenalize	gt	1	10000000	20000000	97	NTR-A-2_38_noUDG.SG	3496	4463	3.415357740720113	63.6637	-20.0902	48.770832	9.159522	2413.0115	1015.0	6716.158	-5701.158203125
AADR	17	contextpenalize	gt	1	10000000	20000000	97	I3343	3533	4463	3.415357740720113	30.24720461	79.73739624	42.720764	84.10222	1440.2848	1109.0	2472.8684	-1363.868408203125
AADR	17	contextpenalize	gt	1	10000000	20000000	98	CIP002	836	4463	3.413961287339528	22.958	-83.275	47.94976	4.9125075	8005.173	1414.0	2693.2048	-1279.204833984375
AADR	17	contextpenalize	gt	1	10000000	20000000	98	VDP-A-7_38_noUDG.SG	3508	4463	3.413961287339528	65.5707	-24.0658	36.22635	74.04069	6737.542	1000.0	2175.7478	-1175.747802734375
AADR	17	contextpenalize	gt	1	10000000	20000000	98	Loschbour.DG	4665	4463	3.413961287339528	49.81	6.4	59.664215	-12.668726	1632.2057	8025.0	3347.2998	4677.7001953125
AADR	17	contextpenalize	gt	1	10000000	20000000	99	GUY002	845	4463	3.4141542355219525	22.301	-80.924	24.215755	-86.03606	563.91284	2510.0	1749.1816	760.818359375
AADR	17	contextpenalize	gt	1	10000000	20000000	99	I14675	4067	4463	3.4141542355219525	40.789722	8.591389	40.812622	11.519027	246.42839	4021.0	4482.0854	-461.08544921875
AADR	17	contextpenalize	gt	1	10000000	20000000	99	I4552	4594	4463	3.4141542355219525	56.2833	25.1333	51.570107	15.36171	825.7128	7369.0	6993.2554	375.74462890625
AADR	17	contextpenalize	gt	1	10000000	20000000	100	I19326	232	4463	3.413433301448822	40.416667	45.2	44.364574	49.15409	545.88776	3150.0	2727.161	422.839111328125
AADR	17	contextpenalize	gt	1	10000000	20000000	100	I2354	3260	4463	3.413433301448822	47.45925	20.51282	48.839405	16.268026	350.2496	6200.0	3839.5952	2360.40478515625
AADR	17	contextpenalize	gt	1	10000000	20000000	100	DA204_noUDG.SG	4314	4463	3.413433301448822	43.2025	76.98166667	52.266422	34.985355	3246.5483	1017.0	2522.9565	-1505.95654296875
AADR	17	contextpenalize	gt	1	10000000	20000000	101	I23996	706	4463	3.4145442485809325	44.555384	15.310516	51.92785	0.015440339	1393.668	2744.0	3132.3704	-388.370361328125
AADR	17	contextpenalize	gt	1	10000000	20000000	101	PJU002	4083	4463	3.4145442485809325	40.066667	8.600556	41.013313	12.769313	367.61865	4145.0	3263.3157	881.684326171875
AADR	17	contextpenalize	gt	1	10000000	20000000	101	OLN007	4768	4463	3.4145442485809325	47.11078	102.078841	46.50539	80.47568	1640.2881	1075.0	2495.7307	-1420.730712890625
AADR	17	contextpenalize	gt	1	10000000	20000000	102	IO2	361	4463	3.4150028586387635	-17.9634243	-67.1522097	-0.71467316	-40.2664	3507.846	985.0	4423.7983	-3438.79833984375
AADR	17	contextpenalize	gt	1	10000000	20000000	102	VK372_noUDG.SG	1460	4463	3.4150028586387635	55.5	10.33	66.01884	95.13429	4370.022	1000.0	7051.7666	-6051.7666015625
AADR	17	contextpenalize	gt	1	10000000	20000000	102	KIL023.B_noUDG	3692	4463	3.4150028586387635	54.00684	-8.202308	49.10373	71.839386	5259.846	950.0	2925.495	-1975.4951171875
AADR	17	contextpenalize	gt	1	10000000	20000000	103	I5207	303	4463	3.4102412899335226	48.579752	16.46931	47.03878	17.588228	190.63145	7150.0	5065.3774	2084.62255859375
AADR	17	contextpenalize	gt	1	10000000	20000000	103	I11158	1024	4463	3.4102412899335226	50.054385	14.363387	49.746464	8.033433	454.52182	4025.0	3143.3904	881.609619140625
AADR	17	contextpenalize	gt	1	10000000	20000000	103	I14348	1987	4463	3.4102412899335226	53.9085	-1.384997	50.19556	16.646446	1296.0328	2222.0	2760.9932	-538.9931640625
AADR	17	contextpenalize	gt	1	10000000	20000000	104	I7196	1015	4463	3.418617069721222	50.0504153	14.3667267	48.985756	13.82706	124.62913	4250.0	3632.8794	617.12060546875
AADR	17	contextpenalize	gt	1	10000000	20000000	104	I16819	3136	4463	3.418617069721222	13.519983	144.806559	51.588276	23.620466	10835.71	2518.0	6067.5015	-3549.50146484375
AADR	17	contextpenalize	gt	1	10000000	20000000	104	DKS-A-1_38_noUDG.SG	3488	4463	3.418617069721222	64.885055	-24.04446	42.892033	28.333517	4034.572	1025.0	3083.2087	-2058.208740234375
AADR	17	contextpenalize	gt	1	10000000	20000000	105	I5834	2674	4463	3.4140771905581158	48.841	12.75	49.584953	16.125484	258.74	4200.0	4047.618	152.382080078125
AADR	17	contextpenalize	gt	1	10000000	20000000	105	I1499	3452	4463	3.4140771905581158	48.52	21.168	45.206604	18.221878	431.099	7077.0	3950.8428	3126.1572265625
AADR	17	contextpenalize	gt	1	10000000	20000000	105	DA202_noUDG.SG	4419	4463	3.4140771905581158	46.03972222	53.44222222	56.96934	8.612942	3261.0916	2476.0	1742.4021	733.597900390625
AADR	17	contextpenalize	gt	1	10000000	20000000	106	I15676	1562	4463	3.4200194478034973	18.451	-69.686	19.383545	-66.77727	323.05273	464.0	606.4417	-142.44171142578125
AADR	17	contextpenalize	gt	1	10000000	20000000	106	POH001.SG	2248	4463	3.4200194478034973	51.3	0.2	46.18474	66.44551	4723.582	1200.0	2453.4426	-1253.442626953125
AADR	17	contextpenalize	gt	1	10000000	20000000	106	NIEcap9	2755	4463	3.4200194478034973	48.541111	10.233056	41.27644	-13.152189	2000.6129	1345.0	1766.3191	-421.319091796875
AADR	17	contextpenalize	gt	1	10000000	20000000	107	I16792	2407	4463	3.420114823182424	47.530731	-3.138309	53.20347	9.21313	1077.1377	3750.0	2753.227	996.77294921875
AADR	17	contextpenalize	gt	1	10000000	20000000	107	I5663	2697	4463	3.420114823182424	48.841	12.75	52.291306	18.711401	569.2888	4200.0	2377.0984	1822.901611328125
AADR	17	contextpenalize	gt	1	10000000	20000000	107	I4468	4694	4463	3.420114823182424	-10.786153	33.765371	56.06427	39.35537	7451.4873	6039.0	2895.0046	3143.995361328125
AADR	17	contextpenalize	gt	1	10000000	20000000	108	STD001	981	4463	3.4111894090970356	50.612939	13.961205	47.24335	12.005559	400.95844	4500.0	2506.1487	1993.851318359375
AADR	17	contextpenalize	gt	1	10000000	20000000	108	I20621	2085	4463	3.4111894090970356	53.235833	-1.736944	53.33359	19.49162	1406.0385	2175.0	4697.967	-2522.966796875
AADR	17	contextpenalize	gt	1	10000000	20000000	108	I1500	3448	4463	3.4111894090970356	47.167	20.833	46.99953	19.528662	100.49893	7058.0	5045.0	2013.0
AADR	17	contextpenalize	gt	1	10000000	20000000	109	I17272	1709	4463	2.4137364943822224	54.594544	-1.309398	51.211636	17.857656	1334.6274	1400.0	3036.668	-1636.66796875
AADR	17	contextpenalize	gt	1	10000000	20000000	109	RISE371_noUDG.SG	3433	4463	2.4137364943822224	46.22	20.199	49.398598	5.640276	1141.084	3982.0	3028.5864	953.41357421875
AADR	17	contextpenalize	gt	1	10000000	20000000	109	ZAM002	4821	4463	2.4137364943822224	45.530682	104.074358	44.47277	96.3795	616.0756	700.0	3348.8364	-2648.83642578125
AADR	17	contextpenalize	gt	1	10000000	20000000	110	3DT16_noUDG.SG	1876	4463	3.409631681442261	53.958333	-1.080278	48.285633	10.368625	1015.9473	1750.0	1552.1068	197.8931884765625
AADR	17	contextpenalize	gt	1	10000000	20000000	110	I13680	1976	4463	3.409631681442261	50.949985	-2.735842	49.791466	14.657553	1237.3683	2224.0	3441.3782	-1217.378173828125
AADR	17	contextpenalize	gt	1	10000000	20000000	110	I2379	3467	4463	3.409631681442261	47.86071	21.00058	50.06226	16.49659	409.8218	6984.0	5239.752	1744.248046875
AADR	17	contextpenalize	gt	1	10000000	20000000	111	NIED.SG	2477	4463	3.4149059375127155	47.98479	7.39916	49.640575	5.942073	212.78558	2825.0	4110.059	-1285.05908203125
AADR	17	contextpenalize	gt	1	10000000	20000000	111	WEZ51_noUDG.SG	3037	4463	3.4149059375127155	53.74	13.31	52.590057	15.93567	216.74237	3200.0	3330.38	-130.3798828125
AADR	17	contextpenalize	gt	1	10000000	20000000	111	I1172	3783	4463	3.4149059375127155	32.974167	35.331389	49.880657	15.482883	2488.7493	5950.0	6162.751	-212.7509765625
AADR	17	contextpenalize	gt	1	10000000	20000000	112	I15818	1216	4463	3.4140325586001077	50.590618	13.876321	43.79792	20.48517	904.64966	7200.0	5261.0425	1938.95751953125
AADR	17	contextpenalize	gt	1	10000000	20000000	112	VIL009	4098	4463	3.4140325586001077	39.618016	8.958117	57.87354	18.20414	2135.5188	2400.0	4087.0918	-1687.091796875
AADR	17	contextpenalize	gt	1	10000000	20000000	112	VEU001	4209	4463	3.4140325586001077	42.8596186	10.9688559	49.003307	12.05224	688.24536	2615.0	5901.4585	-3286.45849609375
AADR	17	contextpenalize	gt	1	10000000	20000000	113	I15970	1572	4463	3.409535765647888	18.451	-69.686	17.93366	-72.010475	252.19588	800.0	1833.599	-1033.5989990234375
AADR	17	contextpenalize	gt	1	10000000	20000000	113	I1560_d	2984	4463	3.409535765647888	51.6	8.25	48.65928	7.893117	327.98	5350.0	4474.8057	875.1943359375
AADR	17	contextpenalize	gt	1	10000000	20000000	113	I24243	3161	4463	3.409535765647888	13.519983	144.806559	24.958838	125.82936	2359.0488	475.0	2675.6877	-2200.687744140625
AADR	17	contextpenalize	gt	1	10000000	20000000	114	VK134_noUDG.SG	1403	4463	3.4144938866297405	55.5	10.33	53.865402	8.13086	230.23787	1000.0	2321.2466	-1321.24658203125
AADR	17	contextpenalize	gt	1	10000000	20000000	114	I7977	1516	4463	3.4144938866297405	17.87	-71.65	35.111816	37.74119	10530.548	1887.0	4267.413	-2380.4130859375
AADR	17	contextpenalize	gt	1	10000000	20000000	114	IND015.A_noUDG	2626	4463	3.4144938866297405	50.846122	6.357818	53.13822	-1.0539346	567.51587	1350.0	2565.5642	-1215.564208984375
AADR	17	contextpenalize	gt	1	10000000	20000000	115	I16554	163	4463	3.4089701692263286	40.91666	44.5	38.00318	36.448235	762.983	3083.0	3284.5994	-201.599365234375
AADR	17	contextpenalize	gt	1	10000000	20000000	115	XN180	2849	4463	3.4089701692263286	48.78	9.18	43.13937	16.386808	838.12885	7068.0	3843.7007	3224.29931640625
AADR	17	contextpenalize	gt	1	10000000	20000000	115	I25519	3323	4463	3.4089701692263286	46.875901	17.96734	49.038246	18.134342	240.7631	2150.0	3944.6267	-1794.626708984375
AADR	17	contextpenalize	gt	1	10000000	20000000	116	I3443	360	4463	3.4149684508641562	16.497398	-88.90496	-18.583845	-59.329308	5068.194	9301.0	2616.5774	6684.422607421875
AADR	17	contextpenalize	gt	1	10000000	20000000	116	I15943	4144	4463	3.4149684508641562	40.626667	8.323056	46.970474	0.12833735	963.3955	5723.0	6901.202	-1178.2021484375
AADR	17	contextpenalize	gt	1	10000000	20000000	116	EBA1_noUDG.SG	4285	4463	3.4149684508641562	51.631339	74.66445	48.317383	86.19853	902.1068	4108.0	2250.7883	1857.211669921875
AADR	17	contextpenalize	gt	1	10000000	20000000	117	I6757	2142	4463	3.41550745566686	54.081683	-2.27362	49.403343	13.444465	1197.2815	5493.0	3683.909	1809.091064453125
AADR	17	contextpenalize	gt	1	10000000	20000000	117	I11458	3653	4463	3.41550745566686	30.649857	61.400311	45.90061	13.446566	4437.762	4600.0	3600.6921	999.307861328125
AADR	17	contextpenalize	gt	1	10000000	20000000	117	I8892	4479	4463	3.41550745566686	-0.603	36.374	32.16111	36.03139	3643.3813	1013.0	5909.876	-4896.8759765625
AADR	17	contextpenalize	gt	1	10000000	20000000	118	I18162	212	4463	3.4142367005348206	40.833333	43.916667	45.7116	36.008163	838.44446	3125.0	2974.9595	150.04052734375
AADR	17	contextpenalize	gt	1	10000000	20000000	118	KO1013	1078	4463	3.4142367005348206	50.033343	15.168084	50.06889	9.704702	390.01144	3914.0	4022.9333	-108.933349609375
AADR	17	contextpenalize	gt	1	10000000	20000000	118	OBKR_95	2949	4463	3.4142367005348206	48.26656	10.87857	39.474213	10.636655	977.8552	3917.0	5178.5757	-1261.57568359375
AADR	17	contextpenalize	gt	1	10000000	20000000	119	I21931	2465	4463	3.4200610518455505	48.80181	4.27874	51.171505	21.496084	1255.717	2200.0	2559.291	-359.291015625
AADR	17	contextpenalize	gt	1	10000000	20000000	119	I10268	3809	4463	3.4200610518455505	32.58472222	35.01694444	44.621677	26.752127	1517.021	3853.0	2098.7517	1754.248291015625
AADR	17	contextpenalize	gt	1	10000000	20000000	119	I13504	4830	4463	3.4200610518455505	50.7	99.2	52.96238	71.275505	1922.8408	2368.0	3399.4756	-1031.4755859375
AADR	17	contextpenalize	gt	1	10000000	20000000	120	VLI067	993	4463	3.415217065811157	50.365945	14.446606	50.563377	24.968285	744.4397	4718.0	2836.9495	1881.050537109375
AADR	17	contextpenalize	gt	1	10000000	20000000	120	DRU015.A_noUDG	2737	4463	3.415217065811157	52.81474	8.192343	53.570946	-1.5652164	654.9301	1200.0	2769.4158	-1569.415771484375
AADR	17	contextpenalize	gt	1	10000000	20000000	120	I30479	4727	4463	3.415217065811157	6.844504	158.335674	17.855936	140.3139	2305.6948	288.0	2735.532	-2447.531982421875
AADR	17	contextpenalize	gt	1	10000000	20000000	121	SED004	2209	4463	3.4223159352938333	52.9	0.5	51.10217	12.894678	870.52954	1200.0	3527.3079	-2327.307861328125
AADR	17	contextpenalize	gt	1	10000000	20000000	121	I2364	3265	4463	3.4223159352938333	47.59916	19.05456	51.616413	23.291899	540.87177	4220.0	6308.2964	-2088.29638671875
AADR	17	contextpenalize	gt	1	10000000	20000000	121	OLN010	4763	4463	3.4223159352938333	47.11078	102.078841	46.296482	11.6545	6477.3335	1075.0	3490.9783	-2415.978271484375
AADR	17	contextpenalize	gt	1	10000000	20000000	122	I14200	13	4463	4.4200480580329895	51.168023	-1.7725402	51.07268	12.1065035	967.3152	4328.0	7301.54	-2973.5400390625
AADR	17	contextpenalize	gt	1	10000000	20000000	122	SSG-A-4_38_noUDG.SG	3501	4463	4.4200480580329895	65.722858	-18.186543	57.278507	15.7090025	1994.6456	1025.0	1638.4879	-613.4879150390625
AADR	17	contextpenalize	gt	1	10000000	20000000	122	SI-44_noUDG.SG	4636	4463	4.4200480580329895	33.560556	35.398056	52.580696	-2.6275597	3678.1592	800.0	1966.3408	-1166.3408203125
AADR	17	contextpenalize	gt	1	10000000	20000000	123	EDM124_noUDG	611	4463	3.4100467642148335	42.0996111	118.9483178	48.33296	-5.7686515	8595.077	3544.0	4392.286	-848.2861328125
AADR	17	contextpenalize	gt	1	10000000	20000000	123	I2443	1614	4463	3.4100467642148335	51.7977	-1.313464	50.81361	13.449242	1030.2562	4091.0	3432.8218	658.17822265625
AADR	17	contextpenalize	gt	1	10000000	20000000	123	KKB002	4416	4463	3.4100467642148335	49.21	84.51	49.028263	76.3054	597.14557	1250.0	2480.86	-1230.860107421875
AADR	17	contextpenalize	gt	1	10000000	20000000	124	I13032	288	4463	3.418314043680827	40.15118	44.44316667	52.703358	14.174907	2677.839	2789.0	2153.3152	635.684814453125
AADR	17	contextpenalize	gt	1	10000000	20000000	124	IND006.A_noUDG	2619	4463	3.418314043680827	50.846122	6.357818	48.18282	15.004047	690.3247	1350.0	2474.468	-1124.468017578125
AADR	17	contextpenalize	gt	1	10000000	20000000	124	I0550	2974	4463	3.418314043680827	51.28305556	11.65	48.298397	15.356673	425.26114	4469.0	4135.479	333.52099609375
AADR	17	contextpenalize	gt	1	10000000	20000000	125	I19346	181	4463	3.410867655277252	40.416667	45.2	42.157825	44.14816	212.61621	3125.0	3728.3333	-603.333251953125
AADR	17	contextpenalize	gt	1	10000000	20000000	125	I14169	938	4463	3.410867655277252	50.145766	14.221421	44.85239	28.775444	1238.7382	5850.0	4427.427	1422.5732421875
AADR	17	contextpenalize	gt	1	10000000	20000000	125	I7233	4684	4463	3.410867655277252	41.58	21.87	45.542633	40.90719	1591.6403	2800.0	4776.3115	-1976.3115234375
AADR	17	contextpenalize	gt	1	10000000	20000000	126	I17899	1500	4463	3.4197956045468647	18.394444	-68.61	16.470716	-73.58494	569.43744	471.0	2385.643	-1914.64306640625
AADR	17	contextpenalize	gt	1	10000000	20000000	126	I11570	1721	4463	3.4197956045468647	50.60009092	-2.036950526	52.43419	19.559938	1502.4784	1350.0	3625.9546	-2275.95458984375
AADR	17	contextpenalize	gt	1	10000000	20000000	126	I0795	2821	4463	3.4197956045468647	51.28305556	11.65	50.926937	-2.1902635	965.68774	7071.0	2714.3318	4356.668212890625
AADR	17	contextpenalize	gt	1	10000000	20000000	127	MIS006	1140	4463	3.419595495859782	49.992004	15.776861	49.990044	14.574159	85.97823	4235.0	3875.307	359.693115234375
AADR	17	contextpenalize	gt	1	10000000	20000000	127	I14539	1722	4463	3.419595495859782	50.789115	0.082351	51.236294	-0.3605191	58.586197	1350.0	2601.9558	-1251.955810546875
AADR	17	contextpenalize	gt	1	10000000	20000000	127	R125.SG	3902	4463	3.419595495859782	41.684979	13.149861	48.53036	10.265655	793.9557	1750.0	2616.7976	-866.797607421875
AADR	17	contextpenalize	gt	1	10000000	20000000	128	I6913	299	4463	4.4143239458401995	48.120396	16.291722	47.324932	11.831456	345.1104	7366.0	3086.784	4279.216064453125
AADR	17	contextpenalize	gt	1	10000000	20000000	128	I13195	1528	4463	4.4143239458401995	18.447	-69.187	4.8411694	-54.285576	2215.389	601.0	2743.1812	-2142.18115234375
AADR	17	contextpenalize	gt	1	10000000	20000000	128	s19_0LS11_1_noUDG.SG	2299	4463	4.4143239458401995	59.4403	25.1349	47.628338	17.75662	1398.9895	2918.0	6483.9517	-3565.95166015625
AADR	17	contextpenalize	gt	1	10000000	20000000	129	I13513_d	3069	4463	3.418579626083374	37.026797	21.694586	52.869217	20.720331	1763.2217	3165.0	4525.735	-1360.73486328125
AADR	17	contextpenalize	gt	1	10000000	20000000	129	R115.SG	3900	4463	3.418579626083374	41.9179937	12.4912439	39.80566	66.52537	4473.8545	1850.0	1848.5587	1.4412841796875
AADR	17	contextpenalize	gt	1	10000000	20000000	129	KBU002	4406	4463	3.418579626083374	48.24	58.94	58.979607	29.055218	2276.344	2300.0	3655.0222	-1355.022216796875
AADR	17	contextpenalize	gt	1	10000000	20000000	130	I7538	799	4463	3.4156160434087117	45.300857	18.779447	46.32939	17.230684	165.78596	6875.0	3555.8435	3319.156494140625
AADR	17	contextpenalize	gt	1	10000000	20000000	130	ADN002_noUDG	2631	4463	3.4156160434087117	52.359733	9.869503	47.643173	54.324158	3168.5295	1150.0	2654.5903	-1504.59033203125
AADR	17	contextpenalize	gt	1	10000000	20000000	130	R29.SG	4066	4463	3.4156160434087117	40.8101044	8.4422073	51.43981	2.1905692	1275.2377	4150.0	3966.1724	183.82763671875
AADR	17	contextpenalize	gt	1	10000000	20000000	131	I14982	1228	4463	4.4175738334655765	50.511157	14.063419	50.13493	11.907089	158.69179	2625.0	3712.7769	-1087.77685546875
AADR	17	contextpenalize	gt	1	10000000	20000000	131	KOB007	1369	4463	4.4175738334655765	50.00873	15.23091	46.81613	19.507582	474.8791	5632.0	2250.4473	3381.552734375
AADR	17	contextpenalize	gt	1	10000000	20000000	131	KGH6.SG	3728	4463	4.4175738334655765	52.598517	-8.328355	49.334248	13.160911	1541.7062	6658.0	4695.0415	1962.95849609375
AADR	17	contextpenalize	gt	1	10000000	20000000	132	I10063	680	4463	4.418928690751394	45.4482	17.6388	46.967674	13.7217865	345.48532	6050.0	6034.637	15.36279296875
AADR	17	contextpenalize	gt	1	10000000	20000000	132	R34.SG	3954	4463	4.418928690751394	41.9060311	12.4742324	53.866955	8.044132	1369.7163	1450.0	2132.85	-682.85009765625
AADR	17	contextpenalize	gt	1	10000000	20000000	132	CSN010	4196	4463	4.418928690751394	43.033319	11.33294	45.825176	14.771794	413.3642	2060.0	3652.1394	-1592.139404296875
AADR	17	contextpenalize	gt	1	10000000	20000000	133	I1710	27	4463	3.41193874279658	31.988	35.976	45.35154	30.15515	1568.4281	9565.0	4572.4243	4992.57568359375
AADR	17	contextpenalize	gt	1	10000000	20000000	133	I8549	1491	4463	3.41193874279658	18.44	-69.64	18.74491	-70.30518	77.87282	688.0	1301.1644	-613.1644287109375
AADR	17	contextpenalize	gt	1	10000000	20000000	133	I11992	2054	4463	3.41193874279658	51.357334	-2.988282	54.75021	-2.4746773	378.82617	2095.0	2684.4836	-589.483642578125
AADR	17	contextpenalize	gt	1	10000000	20000000	134	I14619	236	4463	3.418303203582764	40.91666	44.5	38.37206	45.67575	300.31345	2875.0	3657.9531	-782.953125
AADR	17	contextpenalize	gt	1	10000000	20000000	134	I20641	1733	4463	3.418303203582764	54.170989	-0.605739	44.057854	16.114824	1649.3365	1450.0	3258.4663	-1808.46630859375
AADR	17	contextpenalize	gt	1	10000000	20000000	134	I5508	1821	4463	3.418303203582764	53.919396	-0.766635	45.340603	27.048449	2199.7305	2175.0	2685.7786	-510.778564453125
AADR	17	contextpenalize	gt	1	10000000	20000000	135	R38.SG	3911	4463	3.409798812866211	41.7478821	12.2594749	49.03265	16.531622	875.67303	1750.0	5065.29	-3315.2900390625
AADR	17	contextpenalize	gt	1	10000000	20000000	135	R3.SG	4183	4463	3.409798812866211	41.96	13.54	41.367157	16.36326	243.6015	7716.0	3853.2327	3862.767333984375
AADR	17	contextpenalize	gt	1	10000000	20000000	135	I0563	4303	4463	3.409798812866211	49.3356	86.350367	38.938904	20.674133	5195.575	2300.0	2438.1672	-138.167236328125
AADR	17	contextpenalize	gt	1	10000000	20000000	136	I5457	356	4463	3.4162678678830463	16.515784	-88.875258	-14.449305	-63.96644	4397.2607	7376.0	2002.4545	5373.5455322265625
AADR	17	contextpenalize	gt	1	10000000	20000000	136	NOR4.SG	2452	4463	3.4162678678830463	48.44526	7.67118	51.988506	2.3441508	546.4302	2500.0	2314.6606	185.33935546875
AADR	17	contextpenalize	gt	1	10000000	20000000	136	I0676	4688	4463	3.4162678678830463	41.9	21.35	47.569145	8.713555	1178.3373	7792.0	6792.7646	999.2353515625
AADR	17	contextpenalize	gt	1	10000000	20000000	137	I2510	425	4463	3.4146134575208027	43.16089	25.88341	45.15271	15.269572	874.4817	4794.0	3849.4004	944.599609375
AADR	17	contextpenalize	gt	1	10000000	20000000	137	ROU003	1151	4463	3.4146134575208027	50.416843	14.245509	48.267178	12.377279	274.67078	3995.0	3419.9062	575.09375
AADR	17	contextpenalize	gt	1	10000000	20000000	137	I4236_noUDG	3590	4463	3.4146134575208027	37.00786335	45.16575874	39.883923	33.086777	1098.4376	3450.0	3710.4797	-260.479736328125
AADR	17	contextpenalize	gt	1	10000000	20000000	138	MX275	3022	4463	3.4100666999816895	47.767097	8.872239	49.52058	14.899127	483.64407	4002.0	4396.6943	-394.6943359375
AADR	17	contextpenalize	gt	1	10000000	20000000	138	SVK-A-1_38_noUDG.SG	3504	4463	3.4100666999816895	65.906	-16.5408	60.944294	8.5852375	1354.2742	1015.0	2561.636	-1546.635986328125
AADR	17	contextpenalize	gt	1	10000000	20000000	138	PN13.SG	3668	4463	3.4100666999816895	53.04866	-9.140049	42.964012	8.496865	1717.7323	5572.0	2335.9905	3236.009521484375
AADR	17	contextpenalize	gt	1	10000000	20000000	139	SED003.SG	2251	4463	3.4187527855237323	52.9	0.5	44.518276	3.5651917	958.52484	1200.0	3755.696	-2555.696044921875
AADR	17	contextpenalize	gt	1	10000000	20000000	139	I9010	3064	4463	3.4187527855237323	37.501	23.451	40.267834	23.700678	308.41562	3250.0	4522.0454	-1272.04541015625
AADR	17	contextpenalize	gt	1	10000000	20000000	139	CSP001	4397	4463	3.4187527855237323	44.49	78.27	47.164318	8.17873	5251.7905	2241.0	3534.583	-1293.5830078125
AADR	17	contextpenalize	gt	1	10000000	20000000	140	I13560	332	4463	3.414152284463247	24.1	-77.55	22.5057	-54.140858	2394.457	663.0	2100.7327	-1437.732666015625
AADR	17	contextpenalize	gt	1	10000000	20000000	140	I2460	1657	4463	3.414152284463247	51.168023	-1.7725402	52.473938	11.752232	939.4201	3875.0	2892.3052	982.69482421875
AADR	17	contextpenalize	gt	1	10000000	20000000	140	I2037	2875	4463	3.414152284463247	51.89583333	11.04666667	45.656925	4.653592	836.383	7050.0	3845.386	3204.614013671875
AADR	17	contextpenalize	gt	1	10000000	20000000	141	VK165_noUDG.SG	2275	4463	3.4196255922317507	51.76	-1.26	52.682648	17.00498	1245.0529	1010.0	2903.4822	-1893.482177734375
AADR	17	contextpenalize	gt	1	10000000	20000000	141	I24615	3213	4463	3.4196255922317507	13.519983	144.806559	29.70343	120.05147	3115.9106	525.0	3424.1436	-2899.1435546875
AADR	17	contextpenalize	gt	1	10000000	20000000	141	TAL004	4443	4463	3.4196255922317507	49.09	75.85	49.8104	73.98146	157.03397	2619.0	3360.3145	-741.314453125
AADR	17	contextpenalize	gt	1	10000000	20000000	142	Aconcagua_noUDG.SG	70	4463	3.4165525078773498	-32.65	-70.01	27.74047	-55.037098	6899.037	500.0	2445.967	-1945.967041015625
AADR	17	contextpenalize	gt	1	10000000	20000000	142	s19_X14_1_noUDG.SG	2308	4463	3.4165525078773498	59.4708	25.0972	55.111004	21.869	522.0024	2580.0	2770.0732	-190.0732421875
AADR	17	contextpenalize	gt	1	10000000	20000000	142	I2376	3464	4463	3.4165525078773498	48.00363	21.17651	32.03287	36.344345	2187.2864	7050.0	3731.8403	3318.15966796875
AADR	17	contextpenalize	gt	1	10000000	20000000	143	PDA004	1210	4463	3.4104276140530905	50.151931	14.493838	47.32573	5.8039193	709.93256	4053.0	2979.8193	1073.1806640625
AADR	17	contextpenalize	gt	1	10000000	20000000	143	I10333	1515	4463	3.4104276140530905	17.87	-71.65	49.230934	22.040174	8774.088	2500.0	3985.4636	-1485.463623046875
AADR	17	contextpenalize	gt	1	10000000	20000000	143	KNS-A-1_38_noUDG.SG	3493	4463	3.4104276140530905	64.0	-20.15	49.42866	10.260678	2421.9363	950.0	4095.333	-3145.3330078125
AADR	17	contextpenalize	gt	1	10000000	20000000	144	I13599	117	4463	3.4165984908739726	40.783	43.95	43.20645	20.803568	1925.4291	4337.0	3899.773	437.22705078125
AADR	17	contextpenalize	gt	1	10000000	20000000	144	I22057	1784	4463	3.4165984908739726	54.12647222	-0.287966667	49.692234	17.641294	1320.4766	1970.0	4101.089	-2131.0888671875
AADR	17	contextpenalize	gt	1	10000000	20000000	144	SWG009.A_noUDG	2999	4463	3.4165984908739726	54.520535	9.559718	64.257675	49.697865	2462.533	850.0	5934.2354	-5084.2353515625
AADR	17	contextpenalize	gt	1	10000000	20000000	145	Goyet_noUDG.SG	3053	4463	3.4113177696863812	50.446	5.008	253.96107	252.06094	14705.945	42436.0	34788.043	7647.95703125
AADR	17	contextpenalize	gt	1	10000000	20000000	145	I3976	4464	4463	3.4113177696863812	50.2249	81.83678333	24.58954	77.027275	2880.539	3035.0	2958.0703	76.9296875
AADR	17	contextpenalize	gt	1	10000000	20000000	145	I10388	4682	4463	3.4113177696863812	41.11	20.79	45.542717	23.442997	537.50433	2658.0	2962.8394	-304.83935546875
AADR	17	contextpenalize	gt	1	10000000	20000000	146	SED013	2212	4463	3.415275470415751	52.9	0.5	47.4604	13.129584	1081.4084	1200.0	2712.3535	-1512.353515625
AADR	17	contextpenalize	gt	1	10000000	20000000	146	I9129	3096	4463	3.415275470415751	35.05138889	24.81361111	49.638824	4.6037774	2307.4797	3895.0	2560.395	1334.60498046875
AADR	17	contextpenalize	gt	1	10000000	20000000	146	DA48_noUDG.SG	4563	4463	3.415275470415751	41.42805556	75.32972222	53.488907	7.2314453	5083.31	2200.0	2955.9321	-755.93212890625
AADR	17	contextpenalize	gt	1	10000000	20000000	147	ARM001	115	4463	3.4164743701616924	40.866667	43.716667	48.21454	15.604905	2357.0198	5417.0	6215.9277	-798.927734375
AADR	17	contextpenalize	gt	1	10000000	20000000	147	I12344	1522	4463	3.4164743701616924	18.447	-69.187	1.7605958	-64.644424	1920.4257	1150.0	1449.7251	-299.72509765625
AADR	17	contextpenalize	gt	1	10000000	20000000	147	DA23_noUDG.SG	4320	4463	3.4164743701616924	52.6925	62.64722222	44.137848	48.842457	1389.5244	840.0	2768.435	-1928.43505859375
AADR	17	contextpenalize	gt	1	10000000	20000000	148	I4145	872	4463	3.4144227663675943	50.118	14.258	33.41474	15.096928	1858.5887	4089.0	3694.0103	394.98974609375
AADR	17	contextpenalize	gt	1	10000000	20000000	148	I12927	1914	4463	3.4144227663675943	51.95241	-2.078732	52.19692	2.7810187	333.1834	1825.0	2756.0771	-931.0771484375
AADR	17	contextpenalize	gt	1	10000000	20000000	148	AED92b_noUDG.SG	2784	4463	3.4144227663675943	48.296	11.903	54.414696	9.005625	709.33405	1455.0	2899.8386	-1444.838623046875
AADR	17	contextpenalize	gt	1	10000000	20000000	149	NIEcap10	2763	4463	3.418829345703125	48.541111	10.233056	45.427807	9.142289	355.92386	1345.0	3173.0066	-1828.006591796875
AADR	17	contextpenalize	gt	1	10000000	20000000	149	SNN002	4123	4463	3.418829345703125	40.726921	8.558378	45.491932	10.516727	553.13165	604.0	5025.3545	-4421.3544921875
AADR	17	contextpenalize	gt	1	10000000	20000000	149	DA224_noUDG.SG	4450	4463	3.418829345703125	43.06861111	68.24888889	54.49928	14.533708	4024.8984	1627.0	3036.6768	-1409.6767578125
AADR	17	contextpenalize	gt	1	10000000	20000000	150	I1565	2705	4463	3.413452084859212	51.358333	7.551111	55.16767	7.735044	423.75525	5674.0	3846.248	1827.751953125
AADR	17	contextpenalize	gt	1	10000000	20000000	150	ALT_3_noUDG	3028	4463	3.413452084859212	49.468332	9.744072	47.14108	12.760984	341.6419	4425.0	3843.3186	581.681396484375
AADR	17	contextpenalize	gt	1	10000000	20000000	150	BC25_noUDG.SG	4716	4463	3.413452084859212	31.89	-116.47	38.067547	13.136043	10648.303	500.0	1721.4954	-1221.495361328125
AADR	17	contextpenalize	gt	1	10000000	20000000	151	WGM76S_noUDG	655	4463	3.420231580734253	34.8191841	113.3959228	46.6483	16.891457	7720.239	5250.0	1811.2926	3438.7073974609375
AADR	17	contextpenalize	gt	1	10000000	20000000	151	I15824	1056	4463	3.420231580734253	50.054385	14.363387	49.01342	19.589428	394.40408	3900.0	5259.8594	-1359.859375
AADR	17	contextpenalize	gt	1	10000000	20000000	151	I11488_enhanced	3652	4463	3.420231580734253	30.649857	61.400311	48.58096	13.409759	4476.053	4600.0	3170.1904	1429.8095703125
AADR	17	contextpenalize	gt	1	10000000	20000000	152	I12614	1886	4463	3.4202233076095583	51.330985	-2.050187	49.113018	19.650791	1557.5564	2900.0	7834.111	-4934.11083984375
AADR	17	contextpenalize	gt	1	10000000	20000000	152	IND003.A_noUDG	2616	4463	3.4202233076095583	50.846122	6.357818	54.08682	-2.2369428	684.0302	1350.0	2687.7314	-1337.7314453125
AADR	17	contextpenalize	gt	1	10000000	20000000	152	XN211	2857	4463	3.4202233076095583	48.78	9.18	50.145897	-0.5828254	721.1557	7068.0	4394.6455	2673.3544921875
AADR	17	contextpenalize	gt	1	10000000	20000000	153	I0309	72	4463	3.4155626972516377	-38.3605556	-60.2441667	15.767396	-63.21558	6026.726	7652.0	1995.5889	5656.4111328125
AADR	17	contextpenalize	gt	1	10000000	20000000	153	POH003	2203	4463	3.4155626972516377	51.3	0.2	51.405533	2.8049078	181.26544	1200.0	2929.2917	-1729.291748046875
AADR	17	contextpenalize	gt	1	10000000	20000000	153	SZ16	3350	4463	3.4155626972516377	46.28333333	17.85	46.707176	69.706825	3896.1025	1442.0	2630.275	-1188.27490234375
AADR	17	contextpenalize	gt	1	10000000	20000000	154	I2165	426	4463	3.4195048292477925	42.132897	25.496288	41.765907	23.130905	199.8201	4910.0	7289.757	-2379.7568359375
AADR	17	contextpenalize	gt	1	10000000	20000000	154	I14533_d	1694	4463	3.4195048292477925	50.789115	0.082351	42.696148	78.124535	5733.309	1350.0	3152.3618	-1802.36181640625
AADR	17	contextpenalize	gt	1	10000000	20000000	154	SFI-33_noUDG.SG	4612	4463	3.4195048292477925	33.896528	35.511389	44.43892	17.304209	1951.6119	1804.0	1866.1296	-62.129638671875
AADR	17	contextpenalize	gt	1	10000000	20000000	155	I14381	1838	4463	4.409470339616139	51.329195	1.3693088	50.707638	29.3272	1945.0007	2443.0	4434.8364	-1991.83642578125
AADR	17	contextpenalize	gt	1	10000000	20000000	155	I2605	2130	4463	4.409470339616139	51.49275	-0.665402	47.22259	12.020512	1032.2988	5397.0	4458.3345	938.66552734375
AADR	17	contextpenalize	gt	1	10000000	20000000	155	CHK003	4532	4463	4.409470339616139	42.49	78.38	50.636524	13.250723	4896.427	2539.0	1247.2748	1291.7252197265625
AADR	17	contextpenalize	gt	1	10000000	20000000	156	I12786	1644	4463	3.4231791893641152	51.697969	-1.692092	49.5293	18.733862	1456.2789	4137.0	3614.7131	522.286865234375
AADR	17	contextpenalize	gt	1	10000000	20000000	156	I7578	1954	4463	3.4231791893641152	52.122402	-0.511365	48.63573	14.73297	1145.7639	3080.0	3537.718	-457.718017578125
AADR	17	contextpenalize	gt	1	10000000	20000000	156	R111.SG	3887	4463	3.4231791893641152	41.9179937	12.4912439	50.633698	15.140299	990.1219	1850.0	3978.0188	-2128.018798828125
AADR	17	contextpenalize	gt	1	10000000	20000000	157	I15132	122	4463	3.4212990164756776	41.03	45.08	45.594837	23.944082	1777.8135	4479.0	2461.74	2017.260009765625
AADR	17	contextpenalize	gt	1	10000000	20000000	157	I18831	726	4463	3.4212990164756776	43.88741	15.72534	43.82947	16.42845	56.74035	2201.0	2229.8088	-28.808837890625
AADR	17	contextpenalize	gt	1	10000000	20000000	157	I13891	2151	4463	3.4212990164756776	51.861211	-1.883011	51.919094	-0.5433094	92.16246	5526.0	4726.325	799.6748046875
AADR	17	contextpenalize	gt	1	10000000	20000000	158	Bul6	395	4463	3.413555558522542	42.429624	25.898354	51.68927	13.455235	1392.1393	4450.0	3674.9023	775.09765625
AADR	17	contextpenalize	gt	1	10000000	20000000	158	I6747	2138	4463	3.413555558522542	53.079803	-1.640942	52.016987	9.184058	740.688	5528.0	3481.6836	2046.31640625
AADR	17	contextpenalize	gt	1	10000000	20000000	158	R970.SG	3983	4463	3.413555558522542	41.9559175	12.7542816	49.397182	61.56007	3811.103	300.0	3953.03	-3653.030029296875
AADR	17	contextpenalize	gt	1	10000000	20000000	159	I19022	750	4463	4.4190415700276695	43.9672237	16.4326708	38.33512	69.48732	4409.012	3750.0	3824.4854	-74.4853515625
AADR	17	contextpenalize	gt	1	10000000	20000000	159	I0025	2817	4463	4.4190415700276695	48.78	9.18	41.04926	20.417654	1231.2579	7125.0	5484.1895	1640.810546875
AADR	17	contextpenalize	gt	1	10000000	20000000	159	KIL024.B_noUDG	3693	4463	4.4190415700276695	54.00684	-8.202308	51.173927	10.665196	1308.576	950.0	5199.405	-4249.40478515625
AADR	17	contextpenalize	gt	1	10000000	20000000	160	I17322	1266	4463	3.409128427505493	50.054385	14.363387	55.153183	8.957851	673.86804	2250.0	2951.0076	-701.007568359375
AADR	17	contextpenalize	gt	1	10000000	20000000	160	DA17_noUDG.SG	4290	4463	3.409128427505493	51.08368	75.42763	54.649845	9.968569	4250.5986	2704.0	2384.391	319.60888671875
AADR	17	contextpenalize	gt	1	10000000	20000000	160	I7028	4846	4463	3.409128427505493	49.96	92.05	49.25445	14.557705	5321.6157	2232.0	3533.9424	-1301.9423828125
AADR	17	contextpenalize	gt	1	10000000	20000000	161	I18487	227	4463	3.4188775300979612	40.416667	45.2	50.536602	14.327313	2631.907	3390.0	2647.1433	742.856689453125
AADR	17	contextpenalize	gt	1	10000000	20000000	161	MIB035	1100	4463	3.4188775300979612	49.992004	15.776861	48.000084	15.593423	221.89522	3795.0	1803.3774	1991.62255859375
AADR	17	contextpenalize	gt	1	10000000	20000000	161	I16111	1321	4463	3.4188775300979612	50.533635	13.61765	52.79687	-1.9227675	1098.593	3325.0	2357.2087	967.791259765625
AADR	17	contextpenalize	gt	1	10000000	20000000	162	VK86_noUDG.SG	1400	4463	4.4181007742881775	55.95	10.2	49.76777	5.406743	758.5898	1075.0	3484.0813	-2409.081298828125
AADR	17	contextpenalize	gt	1	10000000	20000000	162	MA975_noUDG.SG	2376	4463	4.4181007742881775	59.45	28.08	49.115864	5.662416	1838.8223	5488.0	3520.5588	1967.441162109375
AADR	17	contextpenalize	gt	1	10000000	20000000	162	CLK001	4404	4463	4.4181007742881775	51.44	64.05	50.330704	11.740682	3592.5166	2400.0	3944.6677	-1544.667724609375
AADR	17	contextpenalize	gt	1	10000000	20000000	163	I15591	1546	4463	3.413780121008555	18.451	-69.686	10.095024	-52.39322	2080.1455	615.0	4897.9814	-4282.9814453125
AADR	17	contextpenalize	gt	1	10000000	20000000	163	I2448	1946	4463	3.413780121008555	51.7977	-1.313464	50.92347	-1.0143205	99.40378	3200.0	3772.8667	-572.86669921875
AADR	17	contextpenalize	gt	1	10000000	20000000	163	I19873	2023	4463	3.413780121008555	51.3603	1.3405	47.895256	11.289645	812.6604	2250.0	3227.6133	-977.61328125
AADR	17	contextpenalize	gt	1	10000000	20000000	164	I12359	91	4463	2.419378066062927	-54.7	-65.35	-19.742945	-59.945637	3913.85	590.0	-1496.1351	2086.1351318359375
AADR	17	contextpenalize	gt	1	10000000	20000000	164	I11571	1686	4463	2.419378066062927	50.60009092	-2.036950526	51.51752	8.080466	713.81964	1350.0	2646.6768	-1296.6767578125
AADR	17	contextpenalize	gt	1	10000000	20000000	164	I13893	2153	4463	2.419378066062927	51.861211	-1.883011	51.264027	9.398258	781.85223	5517.0	2640.111	2876.888916015625
AADR	17	contextpenalize	gt	1	10000000	20000000	165	KON003	973	4463	3.414833970864614	50.555735	13.660563	50.22528	13.023849	58.20327	4650.0	3994.6372	655.36279296875
AADR	17	contextpenalize	gt	1	10000000	20000000	165	I17276	1712	4463	3.414833970864614	54.594544	-1.309398	42.39045	13.692405	1742.8064	1400.0	2773.3806	-1373.380615234375
AADR	17	contextpenalize	gt	1	10000000	20000000	165	I6938	3543	4463	3.414833970864614	30.24720461	79.73739624	54.985542	65.33569	2979.0833	1152.0	4692.7783	-3540.7783203125
AADR	17	contextpenalize	gt	1	10000000	20000000	166	VK314_noUDG.SG	1433	4463	4.419584325949351	55.05	10.53	42.113144	21.651173	1650.3214	1075.0	2087.9382	-1012.938232421875
AADR	17	contextpenalize	gt	1	10000000	20000000	166	OBN006	2550	4463	4.419584325949351	48.46	7.48	45.250034	17.385862	832.6883	7026.0	2163.7864	4862.213623046875
AADR	17	contextpenalize	gt	1	10000000	20000000	166	R78.SG	3929	4463	4.419584325949351	41.9206851	12.4894765	42.790413	31.126759	1531.3619	1850.0	6254.2065	-4404.20654296875
AADR	17	contextpenalize	gt	1	10000000	20000000	167	IPY08b_noUDG.SG	535	4463	4.420811454455058	-55.25	-69.016667	-17.586433	-75.45383	4223.5874	1000.0	1278.887	-278.886962890625
AADR	17	contextpenalize	gt	1	10000000	20000000	167	I10062	679	4463	4.420811454455058	45.4482	17.6388	49.63541	13.995668	539.8105	6050.0	7303.7153	-1253.71533203125
AADR	17	contextpenalize	gt	1	10000000	20000000	167	I19908	2025	4463	4.420811454455058	51.3603	1.3405	52.972946	-0.36716688	213.80829	2250.0	2464.6812	-214.68115234375
AADR	17	contextpenalize	gt	1	10000000	20000000	168	VK363_noUDG.SG	1451	4463	3.413280991713206	54.87	10.72	42.074154	10.432979	1422.9873	1000.0	2553.601	-1553.60107421875
AADR	17	contextpenalize	gt	1	10000000	20000000	168	DA27_noUDG.SG	4389	4463	3.413280991713206	52.836944	62.893611	41.029247	78.53408	1762.7625	1508.0	3030.3218	-1522.32177734375
AADR	17	contextpenalize	gt	1	10000000	20000000	168	I20086	4750	4463	3.413280991713206	46.646667	29.808611	35.81649	44.45784	1712.4805	2824.0	3801.4937	-977.49365234375
AADR	17	contextpenalize	gt	1	10000000	20000000	169	Enoque65_noUDG.SG	376	4463	3.418177262941996	-8.666667	-42.55	55.643703	-30.323708	7240.1494	3516.0	3407.1382	108.86181640625
AADR	17	contextpenalize	gt	1	10000000	20000000	169	VK508_noUDG.SG	2341	4463	3.418177262941996	58.17	22.25	57.73167	-12.020638	2000.8949	1200.0	2844.9822	-1644.982177734375
AADR	17	contextpenalize	gt	1	10000000	20000000	169	ADN006_noUDG	2634	4463	3.418177262941996	52.359733	9.869503	50.01022	15.592881	476.6285	1150.0	2763.2148	-1613.21484375
AADR	17	contextpenalize	gt	1	10000000	20000000	170	LAR002	388	4463	3.4145684758822124	-24.28372	-47.48565	-12.42519	-35.69048	1811.1965	6808.0	4696.959	2111.041015625
AADR	17	contextpenalize	gt	1	10000000	20000000	170	I19027	747	4463	3.4145684758822124	43.9672237	16.4326708	43.09016	19.362885	255.55276	3750.0	4428.437	-678.43701171875
AADR	17	contextpenalize	gt	1	10000000	20000000	170	I0802	2987	4463	3.4145684758822124	51.53305556	11.83305556	55.685993	12.767754	465.8727	5163.0	2933.423	2229.576904296875
AADR	17	contextpenalize	gt	1	10000000	20000000	171	I14343_d	120	4463	3.4194026748339335	41.03	45.08	50.933487	4.9283886	3245.0608	4325.0	3249.85	1075.14990234375
AADR	17	contextpenalize	gt	1	10000000	20000000	171	I10294	694	4463	3.4194026748339335	45.4482	17.6388	45.65101	19.324734	133.20193	6050.0	4620.748	1429.251953125
AADR	17	contextpenalize	gt	1	10000000	20000000	171	VK506_noUDG.SG	2339	4463	3.4194026748339335	58.17	22.25	56.81526	-4.9954767	1623.8356	1237.0	1986.2098	-749.2098388671875
AADR	17	contextpenalize	gt	1	10000000	20000000	172	CL47	4034	4463	3.4183140357335406	45.0792	7.5783	47.723843	17.8006	836.40155	1345.0	3112.7214	-1767.721435546875
AADR	17	contextpenalize	gt	1	10000000	20000000	172	BDY002	4523	4463	3.4183140357335406	49.33	75.12	35.7461	-58.102592	9491.7705	2255.0	2095.8872	159.11279296875
AADR	17	contextpenalize	gt	1	10000000	20000000	172	I7024	4844	4463	3.4183140357335406	49.96	92.05	49.87015	72.48597	1396.8383	2244.0	3789.191	-1545.19091796875
