ind	co1	co2
42784	3.3961631946036985	3.3961631946036985
8161	5.064099914003764	5.064099914003764
12398	5.740891295876726	5.740891295876726
42047	5.152619193565653	5.152619193565653
43565	5.863743891323332	5.863743891323332
32738	7.913099222503972	7.913099222503972
43503	3.5211766393355983	3.5211766393355983
17147	5.94547297464586	5.94547297464586
11950	3.3338645426820355	3.3338645426820355
25801	5.34374458145268	5.34374458145268
9213	4.487556290715142	4.487556290715142
1367	6.323758956688572	6.323758956688572
12019	4.139719806414977	4.139719806414977
34824	5.51949319901836	5.51949319901836
1640	3.734856282450478	3.734856282450478
10621	2.8408609887036573	2.8408609887036573
43290	5.434733949991724	5.434733949991724
24719	6.733289319945902	6.733289319945902
40120	5.52013415623552	5.52013415623552
20319	3.99783420624556	3.99783420624556
16210	5.2683455403921355	5.2683455403921355
44272	5.767174700480096	5.767174700480096
37698	6.191272026786657	6.191272026786657
10482	3.842589192703052	3.842589192703052
6930	5.696279395255543	5.696279395255543
16816	5.35138368579213	5.35138368579213
42241	4.967584916988742	4.967584916988742
13669	5.01318157911874	5.01318157911874
42450	4.320750030304887	4.320750030304887
31033	4.379467972473271	4.379467972473271
8887	6.33121421656793	6.33121421656793
4578	5.2588385127676744	5.2588385127676744
26443	4.518516082880392	4.518516082880392
4025	2.508210381701749	2.508210381701749
3402	4.123436225930014	4.123436225930014
5788	4.494490872513139	4.494490872513139
7020	3.71687083004938	3.71687083004938
35324	3.6696715750206184	3.6696715750206184
17760	5.825992584379115	5.825992584379115
31990	4.752784985239988	4.752784985239988
37825	3.3002938838703253	3.3002938838703253
41228	3.664847133895309	3.664847133895309
21148	4.700361110426368	4.700361110426368
31419	6.114806898511729	6.114806898511729
41517	3.4935911534258377	3.4935911534258377
9048	6.590112075481635	6.590112075481635
3608	4.512674823311097	4.512674823311097
33452	3.2888978129106796	3.2888978129106796
36763	5.513090214549558	5.513090214549558
1478	6.437091918188703	6.437091918188703
31027	4.778195890793538	4.778195890793538
20360	5.648816501624282	5.648816501624282
556	4.682108805394592	4.682108805394592
45010	4.989021744817871	4.989021744817871
39491	6.665416503851893	6.665416503851893
20948	5.895786434257404	5.895786434257404
9397	3.797398811666379	3.797398811666379
35596	7.799627114700639	7.799627114700639
27745	3.9788037530651588	3.9788037530651588
4218	5.848106996798401	5.848106996798401
34412	5.498082605068365	5.498082605068365
20597	4.915558361240682	4.915558361240682
32045	5.202493325858163	5.202493325858163
32783	4.836194222108732	4.836194222108732
39881	5.837059709623508	5.837059709623508
26165	4.287560335081906	4.287560335081906
17661	3.8258501309901476	3.8258501309901476
2159	5.475267950059634	5.475267950059634
7542	6.737394806755796	6.737394806755796
23620	4.863356337385675	4.863356337385675
15622	6.703316732345229	6.703316732345229
43350	4.911781654141106	4.911781654141106
16711	6.557242153072642	6.557242153072642
43356	5.963409884794653	5.963409884794653
45375	5.522726156767223	5.522726156767223
45421	5.937150389252007	5.937150389252007
17890	4.1630906958486085	4.1630906958486085
43194	5.098068088971617	5.098068088971617
32832	3.429446613762326	3.429446613762326
33307	3.2201221128344315	3.2201221128344315
3777	5.9188363043087335	5.9188363043087335
33840	4.850932221578136	4.850932221578136
45210	6.005636460489724	6.005636460489724
38669	5.1310178875183166	5.1310178875183166
9026	4.226952893894398	4.226952893894398
6149	7.894307419399231	7.894307419399231
3823	6.377078448489347	6.377078448489347
30417	5.1714558248132	5.1714558248132
31504	5.022242230358312	5.022242230358312
24993	6.6526858162684706	6.6526858162684706
20503	4.678124799500906	4.678124799500906
30252	6.524564612166752	6.524564612166752
510	5.654605347896217	5.654605347896217
18306	3.678173982597163	3.678173982597163
35539	5.743245379786394	5.743245379786394
29427	6.117380755760675	6.117380755760675
27806	5.546459442670022	5.546459442670022
41417	5.964053058453169	5.964053058453169
33509	6.374778665068025	6.374778665068025
3560	4.5087171362348855	4.5087171362348855
14955	7.253925458630661	7.253925458630661
24605	5.161614195306833	5.161614195306833
26436	5.833778813700757	5.833778813700757
6409	3.419890527504286	3.419890527504286
22332	6.01058528586921	6.01058528586921
18689	5.721867861959773	5.721867861959773
15594	4.416367961081439	4.416367961081439
3053	5.682845383555426	5.682845383555426
5582	5.505365780851457	5.505365780851457
13337	6.001457778935355	6.001457778935355
10674	5.715796095664809	5.715796095664809
35560	4.445635392229998	4.445635392229998
6958	5.0548804716296685	5.0548804716296685
15855	3.301353079924385	3.301353079924385
35501	5.021462979796898	5.021462979796898
12443	4.4842836081099176	4.4842836081099176
614	6.068839237405061	6.068839237405061
9005	6.342574102607733	6.342574102607733
37861	5.641309542019328	5.641309542019328
42983	3.148105170617441	3.148105170617441
42954	5.520961657344913	5.520961657344913
17915	3.895083814920288	3.895083814920288
12783	5.437862282863274	5.437862282863274
17020	5.158265948989025	5.158265948989025
13652	3.9094381753881358	3.9094381753881358
2266	3.6802840613577796	3.6802840613577796
6833	5.83865146805141	5.83865146805141
14272	7.119763857661907	7.119763857661907
43387	4.950427562620897	4.950427562620897
16388	5.325697849886274	5.325697849886274
14599	4.451676630030898	4.451676630030898
35567	4.729680934622115	4.729680934622115
28637	3.3271946130575207	3.3271946130575207
4947	5.082831804389079	5.082831804389079
17910	5.1901927363467655	5.1901927363467655
6968	4.69179285335153	4.69179285335153
24599	5.107088344909285	5.107088344909285
31129	4.643019884056145	4.643019884056145
43833	6.337526806800642	6.337526806800642
32689	4.923781997438468	4.923781997438468
18213	5.263373197588617	5.263373197588617
14066	5.960938103976675	5.960938103976675
22492	5.190181487202471	5.190181487202471
37071	5.404074126510479	5.404074126510479
41313	3.1746338449875022	3.1746338449875022
7539	4.751097008439554	4.751097008439554
45301	6.914497504054625	6.914497504054625
28448	5.390608430246815	5.390608430246815
39056	6.023941039707428	6.023941039707428
39916	5.393099889930037	5.393099889930037
42390	6.881927660566685	6.881927660566685
15915	4.251741038813753	4.251741038813753
8835	4.192969907252628	4.192969907252628
6695	5.657375553019266	5.657375553019266
9318	5.78626124756249	5.78626124756249
42817	5.317279264499105	5.317279264499105
29356	5.296087681943761	5.296087681943761
28121	4.33434988188614	4.33434988188614
19875	6.03538279749951	6.03538279749951
42219	5.03640254439181	5.03640254439181
13064	5.498543301219775	5.498543301219775
1634	4.522009537651269	4.522009537651269
40714	7.050743063054534	7.050743063054534
42690	4.5500535740795005	4.5500535740795005
14765	5.166740568772456	5.166740568772456
29928	3.8973276848382987	3.8973276848382987
26699	4.1880170222492525	4.1880170222492525
18234	4.954296717123667	4.954296717123667
3687	4.177446236764016	4.177446236764016
20059	5.1259769410072735	5.1259769410072735
33009	4.160291472244824	4.160291472244824
23841	5.121813332762078	5.121813332762078
45105	5.027949878754654	5.027949878754654
15983	6.231797049700817	6.231797049700817
39460	4.495169924158469	4.495169924158469
45002	3.8998586335244925	3.8998586335244925
38420	4.197886546662541	4.197886546662541
31799	2.8362368300214214	2.8362368300214214
40366	2.811413414511387	2.811413414511387
21558	6.006090526168755	6.006090526168755
7498	7.125401257191259	7.125401257191259
27092	4.617079572764249	4.617079572764249
39293	5.092418465450073	5.092418465450073
31062	4.547985996174634	4.547985996174634
16404	5.951815112877249	5.951815112877249
32948	4.826811162317152	4.826811162317152
19281	4.875883511455311	4.875883511455311
9044	4.846646746418678	4.846646746418678
41440	3.3812590735378056	3.3812590735378056
41902	5.827491177205044	5.827491177205044
5233	3.7776723416003586	3.7776723416003586
39148	7.212017006559879	7.212017006559879
22359	6.347093207035478	6.347093207035478
42947	5.189515516235256	5.189515516235256
7499	2.269958676022594	2.269958676022594
1751	5.03664574183147	5.03664574183147
43540	5.738741160551612	5.738741160551612
43939	5.374717001473518	5.374717001473518
23297	4.353725061394055	4.353725061394055
42904	7.017684033367788	7.017684033367788
40332	5.731188672772515	5.731188672772515
38966	4.7703529438125605	4.7703529438125605
3471	7.144111982542732	7.144111982542732
40644	5.397145855597464	5.397145855597464
12537	5.159466581791695	5.159466581791695
7192	5.387664287529521	5.387664287529521
19872	6.214671021531801	6.214671021531801
6307	5.313031601239412	5.313031601239412
10921	5.219778248160481	5.219778248160481
3504	5.251344255484766	5.251344255484766
13388	6.899189689007661	6.899189689007661
24243	5.078720367406364	5.078720367406364
10238	3.648079528873481	3.648079528873481
28164	4.229259231760273	4.229259231760273
22203	4.509372599544352	4.509372599544352
31386	6.079579208314438	6.079579208314438
902	6.174550825319356	6.174550825319356
18116	4.665481294078949	4.665481294078949
2211	5.000751004537186	5.000751004537186
14248	4.705344241754696	4.705344241754696
27137	3.565328601994266	3.565328601994266
42742	3.8989176491513153	3.8989176491513153
44300	3.6886926968084763	3.6886926968084763
15797	5.272847887192825	5.272847887192825
7858	5.798896842353699	5.798896842353699
26532	4.853864528886953	4.853864528886953
44353	4.514750124521961	4.514750124521961
22894	5.6877758399414375	5.6877758399414375
28970	4.068300568132567	4.068300568132567
15120	3.010160305655603	3.010160305655603
6117	4.926414800881647	4.926414800881647
36832	5.323405281334871	5.323405281334871
879	3.915400056165738	3.915400056165738
20505	3.5660044380817966	3.5660044380817966
8328	4.298801808578739	4.298801808578739
37029	3.5985514872760156	3.5985514872760156
2532	4.69138161857993	4.69138161857993
14035	4.7145394052274145	4.7145394052274145
19950	5.140025365019716	5.140025365019716
42046	5.892729018910671	5.892729018910671
38159	4.970581096943257	4.970581096943257
6122	5.55643241449066	5.55643241449066
17237	5.437318394072525	5.437318394072525
44716	3.37870035552396	3.37870035552396
39656	4.755403682968016	4.755403682968016
44792	3.908593380199954	3.908593380199954
16308	3.8187160393763073	3.8187160393763073
13057	5.05728556994256	5.05728556994256
9545	6.046987419538812	6.046987419538812
7196	5.6208334141462455	5.6208334141462455
19948	5.429510466194969	5.429510466194969
16412	6.4137940168374	6.4137940168374
43863	4.941522018302711	4.941522018302711
25683	4.310698033758357	4.310698033758357
10009	4.536821606593268	4.536821606593268
22615	4.4483395967503085	4.4483395967503085
42267	3.0768696034750023	3.0768696034750023
38456	6.208225068517441	6.208225068517441
42286	4.825704361085674	4.825704361085674
19336	4.879537142921518	4.879537142921518
33578	4.524840325620717	4.524840325620717
13507	5.02424452146053	5.02424452146053
33453	4.422188107329332	4.422188107329332
30227	5.923009113402494	5.923009113402494
42453	3.3714512780061208	3.3714512780061208
4263	5.66764793715036	5.66764793715036
20681	5.0769331548938235	5.0769331548938235
4776	6.141028228961098	6.141028228961098
7808	6.385217864612766	6.385217864612766
32130	6.3619652658986245	6.3619652658986245
9908	4.996524811229962	4.996524811229962
18908	4.120819156755421	4.120819156755421
20453	6.448860951292445	6.448860951292445
22499	3.9485040733246057	3.9485040733246057
20592	5.278730917990098	5.278730917990098
84	4.502770863042649	4.502770863042649
18236	5.17855719739772	5.17855719739772
41103	6.9346340525681	6.9346340525681
6068	5.633524514360683	5.633524514360683
38498	5.36368981675022	5.36368981675022
25838	4.94755675501014	4.94755675501014
34293	5.395483809457792	5.395483809457792
1565	5.836657884212316	5.836657884212316
12058	5.595926287123741	5.595926287123741
5215	4.113493911742857	4.113493911742857
34320	4.364418479138159	4.364418479138159
26787	5.04349880160438	5.04349880160438
42760	5.769402667095477	5.769402667095477
1664	5.437064636668416	5.437064636668416
3156	4.841164304376562	4.841164304376562
14342	3.13198988092054	3.13198988092054
40282	3.7867891975340475	3.7867891975340475
15410	6.435148700484412	6.435148700484412
28781	4.520908653248863	4.520908653248863
37731	6.269491779558918	6.269491779558918
19362	5.281790576692572	5.281790576692572
40390	4.409153451281103	4.409153451281103
27028	3.3013548161557624	3.3013548161557624
4777	4.692163411676354	4.692163411676354
11237	4.348866716085945	4.348866716085945
32129	3.815402932783204	3.815402932783204
25682	4.645483967860075	4.645483967860075
16256	6.367312270069727	6.367312270069727
44637	6.700122061516624	6.700122061516624
30750	3.1204111979544367	3.1204111979544367
20027	4.714589003034609	4.714589003034609
41122	4.640558591605257	4.640558591605257
2530	5.324595608536893	5.324595608536893
4874	5.755334340611583	5.755334340611583
19784	5.362081938019852	5.362081938019852
34134	5.053440887136315	5.053440887136315
12116	3.471570568295291	3.471570568295291
24360	4.067559767125533	4.067559767125533
19696	4.578100678509467	4.578100678509467
12945	4.370869941476245	4.370869941476245
20857	3.4184544169237365	3.4184544169237365
45170	3.7463629710898267	3.7463629710898267
4822	5.714422420078937	5.714422420078937
42981	3.8657948216581346	3.8657948216581346
19137	4.543440295636353	4.543440295636353
39294	4.357963932173051	4.357963932173051
21977	5.334013462530757	5.334013462530757
35228	4.44537189439079	4.44537189439079
13450	3.8675374375789504	3.8675374375789504
12866	4.438492567847716	4.438492567847716
13270	5.964634448402275	5.964634448402275
9174	6.505541343042437	6.505541343042437
41358	5.668013337862771	5.668013337862771
11942	5.303571144855941	5.303571144855941
18210	4.485567615581704	4.485567615581704
39326	5.589793059297048	5.589793059297048
12053	6.5493283254868	6.5493283254868
9928	6.84939438763946	6.84939438763946
12063	3.640742797383744	3.640742797383744
21144	4.059396784944852	4.059396784944852
11156	7.433813990831526	7.433813990831526
26139	4.692788192857292	4.692788192857292
2074	6.139948600208339	6.139948600208339
32591	4.402281968671249	4.402281968671249
20697	6.076354012791189	6.076354012791189
12093	6.3445629184210866	6.3445629184210866
27841	3.4864785917968875	3.4864785917968875
38922	2.75379751423315	2.75379751423315
26883	5.096480844113925	5.096480844113925
18905	3.8687300135856484	3.8687300135856484
2814	4.76655521935438	4.76655521935438
32042	6.106254160388275	6.106254160388275
19660	5.996864641028065	5.996864641028065
20477	6.128672913336409	6.128672913336409
39151	3.334623124983812	3.334623124983812
19285	5.617932372428004	5.617932372428004
13838	3.7048574814263633	3.7048574814263633
25366	4.297038057709491	4.297038057709491
42576	5.714338333501075	5.714338333501075
17717	5.881722724783141	5.881722724783141
3284	5.266288555761021	5.266288555761021
21838	5.508362063547237	5.508362063547237
35011	4.849899900070899	4.849899900070899
27318	3.8072104216761957	3.8072104216761957
16575	4.36883958354329	4.36883958354329
33719	5.478161956677357	5.478161956677357
43254	3.970275057480019	3.970275057480019
29420	4.04725495997134	4.04725495997134
8036	3.4828131024188025	3.4828131024188025
39143	3.9440068900570386	3.9440068900570386
10363	4.790265822848701	4.790265822848701
21621	4.813316068827507	4.813316068827507
24842	6.8037107068990235	6.8037107068990235
42387	6.378223353461609	6.378223353461609
30914	3.665120309067798	3.665120309067798
30994	6.421606465288562	6.421606465288562
12451	4.659356417651026	4.659356417651026
24697	6.8149108705618975	6.8149108705618975
25841	4.37082240481322	4.37082240481322
7849	5.203731655409966	5.203731655409966
16772	5.5579263010675435	5.5579263010675435
33433	6.056614126126636	6.056614126126636
6194	6.063102871173365	6.063102871173365
31539	5.398793570580681	5.398793570580681
28992	3.889658899461357	3.889658899461357
33920	4.452860308741061	4.452860308741061
4760	4.3347107328410495	4.3347107328410495
43384	4.60503358824018	4.60503358824018
25864	4.038934830494199	4.038934830494199
11020	5.0056539099085535	5.0056539099085535
2973	2.917947794658625	2.917947794658625
6651	4.760906359151637	4.760906359151637
11946	4.775150352254062	4.775150352254062
11216	5.015408019817654	5.015408019817654
6193	5.347693258481699	5.347693258481699
15914	5.537033675413141	5.537033675413141
12371	4.9508099329784345	4.9508099329784345
44327	4.202684068914131	4.202684068914131
23581	7.426769672113524	7.426769672113524
41252	5.342631813522694	5.342631813522694
10384	6.524429226040837	6.524429226040837
41576	5.675204876514829	5.675204876514829
35303	3.4604528864461517	3.4604528864461517
32892	4.805870174268087	4.805870174268087
2787	4.685503459934926	4.685503459934926
39594	5.736664140224847	5.736664140224847
7475	4.937536196859597	4.937536196859597
2840	4.592968489036818	4.592968489036818
9429	6.3669855685371815	6.3669855685371815
41167	4.394305810048062	4.394305810048062
26104	4.947695735515098	4.947695735515098
30881	5.097652065153847	5.097652065153847
34665	4.465635397368985	4.465635397368985
12643	6.325128242783199	6.325128242783199
33137	7.5579174582793875	7.5579174582793875
35562	3.4188129403784187	3.4188129403784187
45441	4.920389256653768	4.920389256653768
26445	6.382368072611516	6.382368072611516
43230	4.912214167510561	4.912214167510561
6002	5.6263893117153305	5.6263893117153305
24202	4.401648880009274	4.401648880009274
6000	5.061817605222239	5.061817605222239
17146	5.395838095916722	5.395838095916722
28515	5.21599877760731	5.21599877760731
5230	4.410321862419402	4.410321862419402
7879	4.699602538169481	4.699602538169481
26753	4.8640553977180305	4.8640553977180305
16728	5.582923439303299	5.582923439303299
13389	5.805770933265617	5.805770933265617
18514	5.620056242451111	5.620056242451111
17686	4.814925458842479	4.814925458842479
6285	5.5649567921953285	5.5649567921953285
15338	4.65272421568588	4.65272421568588
18696	5.664220541538933	5.664220541538933
20504	4.561079309584213	4.561079309584213
22493	5.478441026530213	5.478441026530213
14769	4.871231363538014	4.871231363538014
15366	6.629850649521185	6.629850649521185
13832	5.525277506256536	5.525277506256536
12203	6.828568922055051	6.828568922055051
16799	5.094389088827783	5.094389088827783
22451	4.781381621269889	4.781381621269889
10924	6.662278463619611	6.662278463619611
6729	5.331710746601534	5.331710746601534
30125	4.538497760028672	4.538497760028672
34854	6.845085098682604	6.845085098682604
32400	5.002293824609599	5.002293824609599
13476	3.533997859929661	3.533997859929661
9459	5.126740986948818	5.126740986948818
8133	4.317929116888048	4.317929116888048
36360	5.188128413618017	5.188128413618017
2459	4.8149377253102585	4.8149377253102585
17363	4.223988357928809	4.223988357928809
39048	3.4843815128591484	3.4843815128591484
45068	4.44937294207119	4.44937294207119
43161	4.459566628042155	4.459566628042155
17364	3.446368698059163	3.446368698059163
25730	5.762521562529435	5.762521562529435
20727	5.917889938216283	5.917889938216283
810	5.387846432912354	5.387846432912354
19456	6.695955318524888	6.695955318524888
15799	4.9555911175851115	4.9555911175851115
32313	4.543310331928809	4.543310331928809
16155	4.685715669798303	4.685715669798303
17283	6.932459323967091	6.932459323967091
19843	4.927371068209688	4.927371068209688
12644	4.647753307571407	4.647753307571407
31128	5.826690513204827	5.826690513204827
24286	6.349699107292684	6.349699107292684
21585	3.975604133406875	3.975604133406875
36728	4.587659873082648	4.587659873082648
5680	4.173822210862174	4.173822210862174
23518	6.431253581648175	6.431253581648175
18620	4.264922441266193	4.264922441266193
34817	6.111883769329245	6.111883769329245
36416	4.301115561221072	4.301115561221072
28780	4.755541379661546	4.755541379661546
4462	5.1239588801312665	5.1239588801312665
30787	3.55727773205035	3.55727773205035
22646	6.632739803918238	6.632739803918238
45435	5.127758098931641	5.127758098931641
12370	5.405665333790334	5.405665333790334
15041	4.776963380380478	4.776963380380478
25903	5.6141211709300505	5.6141211709300505
28833	4.695620010600467	4.695620010600467
21523	3.3546653121676693	3.3546653121676693
3951	2.913746342454396	2.913746342454396
31986	6.421543019930806	6.421543019930806
557	3.6973572607300405	3.6973572607300405
27445	2.801051140926179	2.801051140926179
5144	5.259770348404352	5.259770348404352
15264	4.462348359810711	4.462348359810711
4759	5.28912246973872	5.28912246973872
5118	6.588699935720588	6.588699935720588
42087	5.733091465395438	5.733091465395438
41283	4.34282321863249	4.34282321863249
41308	6.668796053361512	6.668796053361512
13976	5.377436212571552	5.377436212571552
2387	6.082252253574976	6.082252253574976
27597	5.961028124082795	5.961028124082795
38990	6.6573361867736915	6.6573361867736915
16661	6.039326098803791	6.039326098803791
23770	6.124510376552504	6.124510376552504
5974	4.39373580471618	4.39373580471618
5391	3.8182937645026187	3.8182937645026187
2504	5.72783571822961	5.72783571822961
9692	5.661117746741731	5.661117746741731
29617	6.028791937815935	6.028791937815935
37155	5.467075499221052	5.467075499221052
17739	5.533234722114444	5.533234722114444
8079	3.4589820970884064	3.4589820970884064
32167	6.046847486272547	6.046847486272547
45174	3.184487592120294	3.184487592120294
42932	6.078809657289189	6.078809657289189
16254	4.183003201211722	4.183003201211722
8078	4.967402057138107	4.967402057138107
5791	7.0711927201894	7.0711927201894
1775	5.24132758283053	5.24132758283053
6217	3.121033006214282	3.121033006214282
25264	3.5116570942538363	3.5116570942538363
25769	4.477792197561598	4.477792197561598
1873	5.289076204169001	5.289076204169001
19748	4.597832162945203	4.597832162945203
8832	4.269641495162717	4.269641495162717
13570	5.960083244358026	5.960083244358026
19664	4.013377185886905	4.013377185886905
34507	7.904486816494046	7.904486816494046
847	4.578488688218347	4.578488688218347
38691	4.877470073532124	4.877470073532124
10410	4.556294369149108	4.556294369149108
28669	4.644456646857884	4.644456646857884
8126	6.501102062425788	6.501102062425788
23263	4.830085598241076	4.830085598241076
11604	4.052896176536303	4.052896176536303
22489	4.362741389520588	4.362741389520588
4471	5.383715092563837	5.383715092563837
25022	4.004294814707496	4.004294814707496
38272	6.472677161913666	6.472677161913666
24168	4.907698813471353	4.907698813471353
38394	4.191525929527046	4.191525929527046
45451	3.807675474739309	3.807675474739309
21891	6.7750144223076605	6.7750144223076605
36320	4.395754279840953	4.395754279840953
24934	5.8370939468002145	5.8370939468002145
25368	4.846818085360664	4.846818085360664
35472	4.726353638655514	4.726353638655514
13698	6.0521558049215205	6.0521558049215205
25167	6.753355026891496	6.753355026891496
22716	5.580869885315422	5.580869885315422
31681	4.72884566899896	4.72884566899896
16666	3.431962759061291	3.431962759061291
33987	5.992142417076683	5.992142417076683
42669	4.504802028966206	4.504802028966206
31133	3.279219314962031	3.279219314962031
1308	5.265636461867837	5.265636461867837
15445	4.95353161384576	4.95353161384576
6353	4.21098606693451	4.21098606693451
38589	4.00530880808333	4.00530880808333
44914	4.208482897294187	4.208482897294187
13776	3.391058623297998	3.391058623297998
35200	6.514733649104405	6.514733649104405
8333	5.755483604099489	5.755483604099489
10622	4.180346745692309	4.180346745692309
11693	5.289167165330819	5.289167165330819
25486	5.053856908759371	5.053856908759371
33605	5.280838880904086	5.280838880904086
9862	4.9779263509907095	4.9779263509907095
32337	6.150395734895889	6.150395734895889
757	4.0520967956297795	4.0520967956297795
14229	5.176615819705377	5.176615819705377
42201	4.189764998004338	4.189764998004338
42744	6.777445713402519	6.777445713402519
19780	3.4738833424339477	3.4738833424339477
39596	3.7937794388814936	3.7937794388814936
1417	6.1717940576222095	6.1717940576222095
34414	4.785299990128988	4.785299990128988
43841	5.695999354157627	5.695999354157627
929	4.166624855190699	4.166624855190699
14519	6.828117638577818	6.828117638577818
28032	4.913772485586572	4.913772485586572
16594	5.026308958126933	5.026308958126933
15266	4.804679263202615	4.804679263202615
3246	3.2539122893219092	3.2539122893219092
17482	3.66239553886747	3.66239553886747
2632	4.767611916495991	4.767611916495991
23517	4.1453193556492955	4.1453193556492955
3181	6.300715910232244	6.300715910232244
2849	5.841204144613799	5.841204144613799
27919	5.6041221355846975	5.6041221355846975
16664	6.991732582850591	6.991732582850591
26793	6.08960281802887	6.08960281802887
43414	5.456077443911924	5.456077443911924
24593	6.632798991903272	6.632798991903272
9260	3.018363216094027	3.018363216094027
30258	5.331642601485875	5.331642601485875
4715	4.79938984188663	4.79938984188663
41744	5.215324617887053	5.215324617887053
40119	5.065176080148692	5.065176080148692
42555	4.679533087041573	4.679533087041573
28163	6.161350315540689	6.161350315540689
36698	3.8604402945719016	3.8604402945719016
26226	6.210080079483809	6.210080079483809
2176	3.6404275756428817	3.6404275756428817
26758	3.739072047402807	3.739072047402807
20429	4.140794207003869	4.140794207003869
29950	5.107378575292809	5.107378575292809
27450	4.989221079725646	4.989221079725646
33847	4.704275125097554	4.704275125097554
12535	4.740625180614443	4.740625180614443
24241	3.6799342233839716	3.6799342233839716
29348	6.924850578025739	6.924850578025739
17098	5.518515843804039	5.518515843804039
38797	4.981018911982203	4.981018911982203
5660	4.689457643848709	4.689457643848709
33240	4.3938137244431275	4.3938137244431275
7358	5.565622765461789	5.565622765461789
931	3.9287379389138968	3.9287379389138968
5454	3.7779228240067253	3.7779228240067253
11404	3.7618607580681536	3.7618607580681536
10485	6.541888332529643	6.541888332529643
44487	5.729454943817545	5.729454943817545
22027	5.034885763070443	5.034885763070443
4411	4.5556624572352495	4.5556624572352495
10788	5.9217279013827	5.9217279013827
24990	5.882287759327732	5.882287759327732
12753	3.1472064333777316	3.1472064333777316
16192	5.026884132148282	5.026884132148282
9910	3.895007336031084	3.895007336031084
4920	3.9243717358493058	3.9243717358493058
41020	6.986159738087613	6.986159738087613
32312	6.808875512207772	6.808875512207772
9424	5.421781046937305	5.421781046937305
42000	4.5973953155698455	4.5973953155698455
15971	6.125800136641091	6.125800136641091
36894	6.760989073893477	6.760989073893477
7106	4.99478875286482	4.99478875286482
16604	3.7310532747107166	3.7310532747107166
32921	6.656168306229841	6.656168306229841
18398	3.434242285166072	3.434242285166072
25640	2.7010632727578168	2.7010632727578168
2945	4.623863439380582	4.623863439380582
32623	3.7675327661322258	3.7675327661322258
37295	4.355699011432845	4.355699011432845
12292	5.003638210918266	5.003638210918266
26012	5.707521688479505	5.707521688479505
812	5.792132774329476	5.792132774329476
7059	5.227186109426626	5.227186109426626
25450	4.894959755860552	4.894959755860552
16822	4.697654790310271	4.697654790310271
37455	4.255518723183416	4.255518723183416
10235	4.6713292947321	4.6713292947321
15003	4.506511770583965	4.506511770583965
36835	6.990569457327636	6.990569457327636
11432	4.895934618711808	4.895934618711808
225	4.835223151992304	4.835223151992304
31890	5.872712095151291	5.872712095151291
40527	4.8564821902267115	4.8564821902267115
4644	4.4514024069820035	4.4514024069820035
3713	3.990244617616198	3.990244617616198
13873	5.816048464753067	5.816048464753067
24126	4.689158117167377	4.689158117167377
19985	5.683329969983405	5.683329969983405
29023	3.2740811029022656	3.2740811029022656
35930	5.0783017542939985	5.0783017542939985
4548	5.494389020842276	5.494389020842276
28185	4.901886070200738	4.901886070200738
6426	6.9499797407244515	6.9499797407244515
26194	4.679583773391312	4.679583773391312
23497	3.716469808313277	3.716469808313277
27128	7.894888936201894	7.894888936201894
123	5.803679522453983	5.803679522453983
23618	5.025538258650773	5.025538258650773
11736	7.176182628389242	7.176182628389242
29313	6.054269136026666	6.054269136026666
29547	4.701662063779036	4.701662063779036
10739	5.256859937506904	5.256859937506904
33785	4.890553311582745	4.890553311582745
3867	5.485342391017935	5.485342391017935
7317	4.89081339084615	4.89081339084615
16160	5.883063149368291	5.883063149368291
33843	2.9927071897462008	2.9927071897462008
36071	5.658242670024183	5.658242670024183
3950	4.854035474458269	4.854035474458269
6279	4.936745465300663	4.936745465300663
37488	4.609596574479555	4.609596574479555
43812	4.72787225722118	4.72787225722118
20724	6.837188370845801	6.837188370845801
17048	5.499947511801726	5.499947511801726
37860	5.58216818127741	5.58216818127741
601	5.908046717054745	5.908046717054745
40933	5.9782080857031215	5.9782080857031215
38043	4.233894401716645	4.233894401716645
15858	4.347256891560917	4.347256891560917
28723	5.381807358077282	5.381807358077282
20654	5.560029977780035	5.560029977780035
10118	5.4699426939718645	5.4699426939718645
28869	4.88635681801595	4.88635681801595
14541	5.856565897218988	5.856565897218988
32858	5.143781708861325	5.143781708861325
26791	3.777089094240939	3.777089094240939
11433	5.348316492604808	5.348316492604808
2660	3.7441907275837423	3.7441907275837423
16550	4.443340603866378	4.443340603866378
2846	5.9987509097294955	5.9987509097294955
11540	4.617024850127399	4.617024850127399
2265	5.3933055080555325	5.3933055080555325
20370	5.756348086920121	5.756348086920121
45438	4.876687419682959	4.876687419682959
17592	5.8997608685499685	5.8997608685499685
18843	5.532894722995337	5.532894722995337
38671	5.641737961522485	5.641737961522485
9110	6.039538865065273	6.039538865065273
42758	4.107969115929628	4.107969115929628
36173	4.118059873665844	4.118059873665844
32284	6.69039476160922	6.69039476160922
33303	5.543381998601813	5.543381998601813
14593	4.244745128593281	4.244745128593281
43732	6.443642486610341	6.443642486610341
40553	3.6967802568973527	3.6967802568973527
21680	5.994198695833189	5.994198695833189
22454	4.459683999108661	4.459683999108661
43141	5.154987395280098	5.154987395280098
4495	6.863887714559299	6.863887714559299
23348	4.772361052076457	4.772361052076457
1246	4.349186272067369	4.349186272067369
1965	5.605306059645051	5.605306059645051
32626	4.279441013950659	4.279441013950659
25399	6.4718894366538295	6.4718894366538295
31687	6.669559857568677	6.669559857568677
35840	4.522471876392989	4.522471876392989
6121	4.154995787225513	4.154995787225513
10097	2.635411641727396	2.635411641727396
32374	6.387229362400144	6.387229362400144
10049	3.741273939001505	3.741273939001505
41996	5.334566061366895	5.334566061366895
32315	5.179909051960915	5.179909051960915
20855	5.989641051625003	5.989641051625003
17093	4.075841495345254	4.075841495345254
4130	6.215075603252775	6.215075603252775
19810	4.13037630606177	4.13037630606177
32888	5.241642546824156	5.241642546824156
23649	3.059960590848814	3.059960590848814
28751	3.76796279779468	3.76796279779468
10512	5.577744620342576	5.577744620342576
5044	5.3110219897472195	5.3110219897472195
23295	5.484677566014795	5.484677566014795
1386	6.475097896026258	6.475097896026258
31763	4.541246164485186	4.541246164485186
45071	4.870928643722026	4.870928643722026
2291	5.099416927040167	5.099416927040167
31136	3.6178799883888573	3.6178799883888573
24600	5.6531198729358945	5.6531198729358945
24059	5.003677296872353	5.003677296872353
27227	5.972266636414029	5.972266636414029
35965	5.653154381096348	5.653154381096348
2634	6.420003756009807	6.420003756009807
14225	5.19094387684881	5.19094387684881
3503	5.471333466321016	5.471333466321016
24455	5.45199585773785	5.45199585773785
27061	5.144581091769828	5.144581091769828
1730	3.4844580520235793	3.4844580520235793
16281	5.98285712268168	5.98285712268168
30028	3.892960882071243	3.892960882071243
24809	4.264178014444039	4.264178014444039
10516	4.515445664678817	4.515445664678817
15482	5.8293737837817945	5.8293737837817945
5334	7.3520901922426845	7.3520901922426845
28307	4.992779364036464	4.992779364036464
10673	6.789986189331754	6.789986189331754
14273	4.951147591977314	4.951147591977314
25267	6.0267862858546835	6.0267862858546835
10120	4.164091698186962	4.164091698186962
32307	5.115449099833912	5.115449099833912
5563	4.2898339261869145	4.2898339261869145
23123	4.107625328707826	4.107625328707826
37768	3.5891272818714226	3.5891272818714226
16026	6.147133185835248	6.147133185835248
17145	5.715456034104638	5.715456034104638
31282	5.185285256370273	5.185285256370273
33752	4.658909424141361	4.658909424141361
4520	4.893682782102869	4.893682782102869
32311	5.182238440203045	5.182238440203045
11720	4.144033499428683	4.144033499428683
40246	4.915718686942883	4.915718686942883
41208	4.113462028059051	4.113462028059051
40038	5.798244083374558	5.798244083374558
28420	3.978228808503071	3.978228808503071
5364	5.5148991840662465	5.5148991840662465
3673	5.491655180534234	5.491655180534234
4572	4.4917357642683475	4.4917357642683475
17365	5.420838782098453	5.420838782098453
5830	5.792980673657412	5.792980673657412
27031	5.393571621047464	5.393571621047464
29355	5.008925291887879	5.008925291887879
31417	4.641127532047046	4.641127532047046
6934	5.517308870836652	5.517308870836652
14170	3.145708604096458	3.145708604096458
19961	5.649417463727454	5.649417463727454
41998	4.543458113981858	4.543458113981858
23203	4.847172309921807	4.847172309921807
5480	4.96847174002267	4.96847174002267
2553	3.8520685813832354	3.8520685813832354
32277	4.8474023820655106	4.8474023820655106
13625	3.9119197422459813	3.9119197422459813
4581	3.6165090472798944	3.6165090472798944
28892	4.3522449247110675	4.3522449247110675
22928	6.337181014356905	6.337181014356905
2850	7.797681104504452	7.797681104504452
17770	4.775111662896597	4.775111662896597
35010	5.528565711216953	5.528565711216953
2923	3.8668874602793553	3.8668874602793553
34661	3.9948832460480777	3.9948832460480777
36515	4.958841864000969	4.958841864000969
3268	6.156896450860664	6.156896450860664
44476	2.88546283381163	2.88546283381163
42045	3.912121620295775	3.912121620295775
15187	5.570689013028398	5.570689013028398
24096	4.47111428467147	4.47111428467147
44297	4.615098584535141	4.615098584535141
41524	4.627610615329226	4.627610615329226
10240	6.275297599329765	6.275297599329765
11079	5.282041417212229	5.282041417212229
10509	4.625510496622891	4.625510496622891
44414	6.4685061404074	6.4685061404074
22806	5.3593213983995405	5.3593213983995405
3138	6.043156851063915	6.043156851063915
45004	3.3883372509155754	3.3883372509155754
32335	3.5848154191576524	3.5848154191576524
40497	6.832944314510822	6.832944314510822
38454	4.733389276651594	4.733389276651594
13190	3.51945512550827	3.51945512550827
31852	5.06002817717674	5.06002817717674
21861	5.6000841768400855	5.6000841768400855
38864	5.687898077763785	5.687898077763785
4797	5.43822003090233	5.43822003090233
11776	4.903224874143892	4.903224874143892
2420	5.07080009280176	5.07080009280176
13835	3.723622041725439	3.723622041725439
11898	3.917619696540185	3.917619696540185
4522	5.031165743718438	5.031165743718438
30536	5.389122819921446	5.389122819921446
8429	6.171064462918081	6.171064462918081
3081	2.231713317585442	2.231713317585442
1101	2.7755332510239876	2.7755332510239876
29390	5.2452595557516775	5.2452595557516775
16658	5.406349495095083	5.406349495095083
20197	4.952312302878786	4.952312302878786
16025	5.347123752628333	5.347123752628333
45376	4.961223243491863	4.961223243491863
22118	5.464630017717926	5.464630017717926
16824	4.877593723361152	4.877593723361152
43355	4.845458285789672	4.845458285789672
19749	3.9064314082697438	3.9064314082697438
8204	4.869023448532145	4.869023448532145
12889	5.878389360518598	5.878389360518598
26501	6.782353598274393	6.782353598274393
32489	4.839614087432113	4.839614087432113
39975	5.3619843797247295	5.3619843797247295
15236	5.190316601785037	5.190316601785037
7545	3.358130070376771	3.358130070376771
13750	4.798889465064505	4.798889465064505
16154	5.031505817901533	5.031505817901533
7104	9.08315848196844	9.08315848196844
28717	3.143328766010268	3.143328766010268
21522	4.175950540044205	4.175950540044205
14169	2.813494450327446	2.813494450327446
40795	4.627745697395492	4.627745697395492
13626	4.638483762053679	4.638483762053679
14300	5.01703648943019	5.01703648943019
9216	6.232558575523999	6.232558575523999
37676	4.691299109196563	4.691299109196563
24882	4.539562538932839	4.539562538932839
3707	3.3349421948655906	3.3349421948655906
43382	4.085449521651283	4.085449521651283
9787	4.904465473927418	4.904465473927418
16571	5.7269631552555715	5.7269631552555715
3712	3.6543649334354393	3.6543649334354393
13510	7.322237296284397	7.322237296284397
9618	5.51797287851244	5.51797287851244
17633	4.875302671697479	4.875302671697479
14492	4.869968657024422	4.869968657024422
32071	5.778881900610653	5.778881900610653
20589	4.652541112322577	4.652541112322577
6759	3.3380623577539668	3.3380623577539668
3780	4.01135589466862	4.01135589466862
18206	3.7958649703324676	3.7958649703324676
45213	5.249446151966478	5.249446151966478
13063	4.7671227805342635	4.7671227805342635
28482	5.489848970614833	5.489848970614833
5072	4.294535812595515	4.294535812595515
36594	6.089613398499376	6.089613398499376
20539	5.092314116792688	5.092314116792688
17182	4.502776249063194	4.502776249063194
5503	4.53336836421999	4.53336836421999
29842	4.156944077834935	4.156944077834935
18180	4.626725221394069	4.626725221394069
9377	5.292790620248128	5.292790620248128
19665	3.5867420809303887	3.5867420809303887
40642	4.654926929717858	4.654926929717858
16689	4.178276990489239	4.178276990489239
45409	4.225768846530047	4.225768846530047
38041	5.399332948415364	5.399332948415364
11940	5.172402056598931	5.172402056598931
5048	5.6886381141836235	5.6886381141836235
24124	5.218453104289855	5.218453104289855
32590	4.734613452063536	4.734613452063536
23708	4.702083688706151	4.702083688706151
1328	7.150909131206503	7.150909131206503
31533	5.006370512946684	5.006370512946684
36732	4.8048142982516895	4.8048142982516895
14301	4.912410641933307	4.912410641933307
28212	4.7709784314280235	4.7709784314280235
15055	4.629786480875029	4.629786480875029
10965	8.664260845051297	8.664260845051297
2108	6.430680411342567	6.430680411342567
32018	6.122336548190965	6.122336548190965
17690	4.387523671749795	4.387523671749795
36518	4.613541984604756	4.613541984604756
41826	5.397871524217425	5.397871524217425
15333	5.751757409211283	5.751757409211283
15259	5.223190855630272	5.223190855630272
11183	3.8418284859723353	3.8418284859723353
42386	4.548899659695428	4.548899659695428
17475	5.439096311820702	5.439096311820702
398	3.701685873469999	3.701685873469999
15570	7.393143050170398	7.393143050170398
21387	5.227942538848872	5.227942538848872
9812	5.161071358629877	5.161071358629877
20019	4.636168808705931	4.636168808705931
15341	5.888035663559348	5.888035663559348
3401	4.634603300978378	4.634603300978378
2689	4.3604077798606165	4.3604077798606165
24631	6.293911411168594	6.293911411168594
9667	5.315543212869153	5.315543212869153
37460	5.082753442722938	5.082753442722938
5583	4.4020745994061	4.4020745994061
206	5.818697836659356	5.818697836659356
23272	5.5489699598968585	5.5489699598968585
14482	5.96898130585713	5.96898130585713
207	3.8257329166635268	3.8257329166635268
13089	5.5837643757561874	5.5837643757561874
6885	3.9063972354785026	3.9063972354785026
40958	6.131943140848408	6.131943140848408
35933	5.074051794533708	5.074051794533708
37462	4.617728162129332	4.617728162129332
8104	5.182352943656792	5.182352943656792
34449	3.4821743569586197	3.4821743569586197
13903	5.42130148632147	5.42130148632147
23766	5.972685007128863	5.972685007128863
30749	3.9308679053826863	3.9308679053826863
35263	4.793573269830061	4.793573269830061
14167	5.362224034835258	5.362224034835258
41042	5.73529302678155	5.73529302678155
29778	3.457121828369913	3.457121828369913
16900	3.8979832235308	3.8979832235308
6652	6.2376024062911295	6.2376024062911295
43789	3.8008884088911628	3.8008884088911628
17281	5.270372394546821	5.270372394546821
7084	3.4083605266448185	3.4083605266448185
11377	5.287650576753773	5.287650576753773
42955	3.8406425880699073	3.8406425880699073
17357	4.716868066573777	4.716868066573777
26009	6.1942041108222154	6.1942041108222154
31987	5.386565922203165	5.386565922203165
23844	6.107154754380427	6.107154754380427
40474	4.8340620098510385	4.8340620098510385
8939	5.546524437198914	5.546524437198914
11468	3.9781980809808335	3.9781980809808335
42223	6.171134337304608	6.171134337304608
25403	5.358729464620011	5.358729464620011
16976	4.76756368877148	4.76756368877148
22694	6.811358084673342	6.811358084673342
1163	4.539178727226335	4.539178727226335
45085	3.793146269775548	3.793146269775548
39936	4.932380318400516	4.932380318400516
32219	5.245210181276278	5.245210181276278
8040	5.849618337998145	5.849618337998145
17403	4.204761629178433	4.204761629178433
41783	5.5088407950190454	5.5088407950190454
39516	4.686059734036614	4.686059734036614
31503	5.455311545389334	5.455311545389334
16189	5.219807178467455	5.219807178467455
34233	4.929286061823672	4.929286061823672
30255	3.7388955002519375	3.7388955002519375
33866	4.5179280013070855	4.5179280013070855
19539	3.949337980370531	3.949337980370531
12671	4.696500926146261	4.696500926146261
39411	7.902402610410612	7.902402610410612
13087	4.661041312648454	4.661041312648454
10643	4.300754348268049	4.300754348268049
22809	6.812804396368934	6.812804396368934
36361	4.464204134086076	4.464204134086076
41145	6.080560967913922	6.080560967913922
36699	5.889155435465802	5.889155435465802
4846	6.044477314101313	6.044477314101313
17094	4.824939434326388	4.824939434326388
25175	4.533112395031357	4.533112395031357
39438	5.051178310315175	5.051178310315175
36105	7.039168666669464	7.039168666669464
13364	5.2818513024798985	5.2818513024798985
26880	4.011982828537074	4.011982828537074
14832	5.784080255749603	5.784080255749603
41233	5.074809843617874	5.074809843617874
20055	5.373396010081432	5.373396010081432
6147	4.343566385567005	4.343566385567005
19930	5.134781207783607	5.134781207783607
1303	5.9271484591079595	5.9271484591079595
40421	5.998423175563341	5.998423175563341
555	4.994098172037684	4.994098172037684
9193	4.919238768289636	4.919238768289636
4971	4.871489346481659	4.871489346481659
11899	5.291490362168571	5.291490362168571
42271	5.349297869950153	5.349297869950153
9857	4.232785260643682	4.232785260643682
37326	5.92780001111126	5.92780001111126
17366	5.7095663669923145	5.7095663669923145
25230	4.939930077139412	4.939930077139412
21426	5.86473412596211	5.86473412596211
22112	4.945213328608741	4.945213328608741
10367	4.657057040658774	4.657057040658774
4463	4.4738563601530315	4.4738563601530315
22616	3.712462885378656	3.712462885378656
30821	5.5131639978307	5.5131639978307
19304	4.139578977613841	4.139578977613841
35592	4.6347566627463115	4.6347566627463115
20056	4.619793361965316	4.619793361965316
42714	5.673458065169932	5.673458065169932
23524	3.418811993380407	3.418811993380407
1691	6.047045572628258	6.047045572628258
15022	5.029501896601944	5.029501896601944
34482	3.6803890019842234	3.6803890019842234
41918	7.2641721164359065	7.2641721164359065
25102	5.070652946384891	5.070652946384891
33684	4.868133421653069	4.868133421653069
36966	5.231483001445447	5.231483001445447
29080	5.413262585825658	5.413262585825658
28115	5.8106841642989755	5.8106841642989755
19723	5.319565042638105	5.319565042638105
29923	6.224793978772723	6.224793978772723
19372	6.742024159124	6.742024159124
7197	3.4947358842373744	3.4947358842373744
24242	4.625584322127303	4.625584322127303
3924	6.96849633910479	6.96849633910479
18085	4.835320969187013	4.835320969187013
39547	2.3267715532214015	2.3267715532214015
13239	4.907367351721171	4.907367351721171
41523	5.093142291363535	5.093142291363535
15689	5.746311663355283	5.746311663355283
43229	2.888112308813422	2.888112308813422
824	5.6834160738186625	5.6834160738186625
34371	4.189785723925423	4.189785723925423
20659	5.593577325146069	5.593577325146069
5861	4.666652302588546	4.666652302588546
15771	6.826386825829079	6.826386825829079
12144	4.113700114675721	4.113700114675721
20372	3.9355888430081434	3.9355888430081434
2342	5.43772343271148	5.43772343271148
39687	4.215241441848642	4.215241441848642
4175	5.442674163527148	5.442674163527148
45052	5.026475518159346	5.026475518159346
31220	4.3768028715786365	4.3768028715786365
32370	5.027987275423618	5.027987275423618
37355	6.420374083647897	6.420374083647897
26280	4.159461179184959	4.159461179184959
512	4.168075543488781	4.168075543488781
31028	4.8648100523466615	4.8648100523466615
35497	6.673177343420496	6.673177343420496
8103	5.281611713185299	5.281611713185299
37214	5.020434497307902	5.020434497307902
82	4.94353366896294	4.94353366896294
34204	6.0176100754247805	6.0176100754247805
13275	5.549046962942638	5.549046962942638
8624	5.315896391367448	5.315896391367448
13986	5.225735462320284	5.225735462320284
41829	7.295253843024245	7.295253843024245
34660	4.285216017276354	4.285216017276354
13977	3.6117937994760716	3.6117937994760716
36288	4.428857472280448	4.428857472280448
29354	4.950387494012312	4.950387494012312
40210	5.451372278801966	5.451372278801966
17766	4.959050638718356	4.959050638718356
1687	5.931674951687025	5.931674951687025
13235	5.549002616475681	5.549002616475681
6005	7.026526252253974	7.026526252253974
36899	5.230097346627803	5.230097346627803
28450	4.632556906350219	4.632556906350219
8674	5.72743675483031	5.72743675483031
36795	4.583139304252776	4.583139304252776
3473	6.599018869353664	6.599018869353664
18556	6.6317130300104825	6.6317130300104825
40341	6.019341131166158	6.019341131166158
560	4.819222380303626	4.819222380303626
8150	4.935000677363177	4.935000677363177
37253	5.3533435176026165	5.3533435176026165
8394	5.025278165612446	5.025278165612446
683	5.500468956651913	5.500468956651913
23179	3.9483690271735163	3.9483690271735163
26641	4.425076272800236	4.425076272800236
44485	6.888253396154576	6.888253396154576
22812	4.948317626691923	4.948317626691923
14744	4.645270381561998	4.645270381561998
36619	5.616067954053523	5.616067954053523
1456	4.7224429193472375	4.7224429193472375
339	4.868807412059841	4.868807412059841
3674	4.625241484062029	4.625241484062029
15888	5.53709786098342	5.53709786098342
30628	5.100246894706257	5.100246894706257
34939	4.7538990955951475	4.7538990955951475
21892	6.8234203641335505	6.8234203641335505
37952	4.674390324465212	4.674390324465212
1966	5.329944235872304	5.329944235872304
23525	7.087769031772242	7.087769031772242
2338	4.412167508434632	4.412167508434632
44769	4.817581864050634	4.817581864050634
17207	5.553240048675056	5.553240048675056
39221	4.1989283390653815	4.1989283390653815
36136	5.1615224329704485	5.1615224329704485
32555	4.938527624580452	4.938527624580452
26228	3.6998803783408483	3.6998803783408483
21973	5.682733818272122	5.682733818272122
8699	5.76193272473262	5.76193272473262
16789	3.706905093352363	3.706905093352363
26533	4.757839296255543	4.757839296255543
2183	6.462868497013282	6.462868497013282
2904	4.375725787333801	4.375725787333801
30911	4.970902474972252	4.970902474972252
35014	5.3784588596334135	5.3784588596334135
7965	5.180260167095989	5.180260167095989
17737	4.941013274704945	4.941013274704945
44631	5.421520970896477	5.421520970896477
11571	3.6808052821665416	3.6808052821665416
24131	7.802257846849017	7.802257846849017
37922	5.0216588159494355	5.0216588159494355
10812	4.800525777156941	4.800525777156941
37892	4.849962516665531	4.849962516665531
16876	4.483189935008263	4.483189935008263
2366	5.389810689893552	5.389810689893552
36829	5.012240869923328	5.012240869923328
19576	3.5698760833780407	3.5698760833780407
14629	3.745975356630431	3.745975356630431
15001	5.405997561510818	5.405997561510818
481	4.761774981111297	4.761774981111297
11187	5.783131737293274	5.783131737293274
35125	4.900257071529763	4.900257071529763
13545	4.85831910431203	4.85831910431203
21307	3.375564069164694	3.375564069164694
40450	5.28129137450163	5.28129137450163
41470	5.262159033432245	5.262159033432245
37916	6.281651833475657	6.281651833475657
16850	3.9033228441763113	3.9033228441763113
5807	4.7588902167819835	4.7588902167819835
43987	4.4864699932429515	4.4864699932429515
38765	4.59575444401503	4.59575444401503
662	3.344053449168177	3.344053449168177
26504	5.3206443154946035	5.3206443154946035
42547	4.68699924974476	4.68699924974476
170	5.121926566395731	5.121926566395731
8335	6.988340310800017	6.988340310800017
7338	2.9625659108455635	2.9625659108455635
7080	6.609490701527838	6.609490701527838
43446	4.226808489248651	4.226808489248651
16213	5.000341962076815	5.000341962076815
5532	4.426911442458268	4.426911442458268
30372	4.187931669878311	4.187931669878311
18117	4.908032007107396	4.908032007107396
20510	4.484044464251708	4.484044464251708
4575	5.86853035198722	5.86853035198722
7895	4.88281908981183	4.88281908981183
20502	5.15093289582744	5.15093289582744
11612	5.6296987988661025	5.6296987988661025
11795	5.542677089907965	5.542677089907965
36798	6.662819588863481	6.662819588863481
45072	5.756989118408257	5.756989118408257
6732	5.713791734001708	5.713791734001708
36567	3.5271571183397414	3.5271571183397414
7259	6.204060862548016	6.204060862548016
3671	6.477784384776623	6.477784384776623
21685	4.090198179750917	4.090198179750917
12621	6.291562271465034	6.291562271465034
27323	3.898964329216414	3.898964329216414
27448	4.650168727575253	4.650168727575253
27254	5.041259399361353	5.041259399361353
32946	4.772040114995415	4.772040114995415
5122	6.067950526528321	6.067950526528321
26751	5.963163534132248	5.963163534132248
25770	4.759975332029423	4.759975332029423
23528	5.371901645259013	5.371901645259013
29699	5.467117126028053	5.467117126028053
28864	4.439994762229846	4.439994762229846
9988	5.111958954629701	5.111958954629701
31981	3.9343331441141323	3.9343331441141323
17612	5.262802652842071	5.262802652842071
14362	5.108390557965128	5.108390557965128
45054	5.935060781430141	5.935060781430141
21767	6.53594590232335	6.53594590232335
12022	7.236613597331396	7.236613597331396
12272	4.88551988314033	4.88551988314033
30027	4.185799169211885	4.185799169211885
43625	6.248910077039692	6.248910077039692
12348	6.551311436450661	6.551311436450661
1929	5.280827587586486	5.280827587586486
11939	4.955660768652837	4.955660768652837
14727	5.2981606774915075	5.2981606774915075
23965	5.999943379578502	5.999943379578502
3800	4.138783277354789	4.138783277354789
10897	6.220460653162703	6.220460653162703
11975	4.060139553222228	4.060139553222228
33988	4.287576863764287	4.287576863764287
20225	5.305773392174375	5.305773392174375
5416	4.459738936068283	4.459738936068283
36004	6.756295985261649	6.756295985261649
7383	4.735111353132091	4.735111353132091
27345	4.869887183543213	4.869887183543213
43630	4.262125256675875	4.262125256675875
20507	4.35288505913852	4.35288505913852
7064	6.142699877095326	6.142699877095326
42266	6.369915420440961	6.369915420440961
7405	5.149033913573243	5.149033913573243
33882	5.780195564507938	5.780195564507938
42743	4.552312052281863	4.552312052281863
5437	4.83908751451154	4.83908751451154
45222	6.273722829821573	6.273722829821573
1926	4.262145618489222	4.262145618489222
30877	5.716525959968841	5.716525959968841
45008	5.58772699868591	5.58772699868591
45194	5.056479122109936	5.056479122109936
5166	6.15537225444333	6.15537225444333
3470	7.061600907679439	7.061600907679439
37251	4.049161265161735	4.049161265161735
10428	6.465099836459243	6.465099836459243
25233	4.7249355532283825	4.7249355532283825
28891	3.2366963084906635	3.2366963084906635
26005	4.652942795590436	4.652942795590436
7695	4.373050461987414	4.373050461987414
10373	2.917224644815158	2.917224644815158
414	3.676394601064093	3.676394601064093
11513	4.727933582032356	4.727933582032356
26670	4.9176084453150875	4.9176084453150875
25905	3.570749088477251	3.570749088477251
8560	6.412642567669561	6.412642567669561
13219	5.091200241196289	5.091200241196289
43508	3.4964621600564434	3.4964621600564434
5719	5.9990356780715555	5.9990356780715555
20827	6.025873412795954	6.025873412795954
8039	3.9226390881869246	3.9226390881869246
38239	5.414386008375174	5.414386008375174
28092	4.165676393568716	4.165676393568716
27525	4.575889978648556	4.575889978648556
33957	5.062003660357101	5.062003660357101
5727	4.423533196148881	4.423533196148881
40902	4.794519647773598	4.794519647773598
13112	5.21221625831473	5.21221625831473
10486	4.188291295564758	4.188291295564758
15623	2.488812870156167	2.488812870156167
24995	4.996164627902658	4.996164627902658
45207	3.7968992473639327	3.7968992473639327
14707	4.723089339944283	4.723089339944283
127	6.0190546366421245	6.0190546366421245
37828	4.079982534571154	4.079982534571154
8558	5.138322891381162	5.138322891381162
29804	4.772406087638891	4.772406087638891
32196	3.9564925237168183	3.9564925237168183
10811	3.832850982235441	3.832850982235441
12187	5.253852911513011	5.253852911513011
21972	5.646530886317579	5.646530886317579
13311	4.585944549490649	4.585944549490649
42884	3.351632056065334	3.351632056065334
43197	5.1330696732360135	5.1330696732360135
44176	6.6663327333248406	6.6663327333248406
11951	5.779618402761974	5.779618402761974
44800	3.7543781887242993	3.7543781887242993
2077	3.5033051314592853	3.5033051314592853
128	5.02443731375653	5.02443731375653
5363	5.929557781946639	5.929557781946639
9886	3.5752287055763095	3.5752287055763095
31952	3.013937087255242	3.013937087255242
16972	4.190710229265647	4.190710229265647
24283	5.960561924634259	5.960561924634259
14681	4.5164203444677975	4.5164203444677975
5462	3.4234865421639764	3.4234865421639764
15528	5.421269476607637	5.421269476607637
9714	5.212079069804355	5.212079069804355
31711	6.084167257926261	6.084167257926261
30818	4.910270120787024	4.910270120787024
36901	6.4187035477123375	6.4187035477123375
23084	4.609700338814529	4.609700338814529
11576	4.489481082301355	4.489481082301355
41282	4.933444797530776	4.933444797530776
29620	6.77945311178866	6.77945311178866
16410	3.5949710426473436	3.5949710426473436
29740	5.9427318528734165	5.9427318528734165
31591	3.410347306755499	3.410347306755499
3319	5.51998689668941	5.51998689668941
25899	5.81920105492314	5.81920105492314
42029	5.014617344967203	5.014617344967203
44835	2.79464999340128	2.79464999340128
35300	5.699600041723318	5.699600041723318
7957	3.183575999319597	3.183575999319597
38991	5.133161016043297	5.133161016043297
42502	5.382933225188517	5.382933225188517
28749	5.097935575144063	5.097935575144063
28809	5.271561783660363	5.271561783660363
35997	3.8635048158042684	3.8635048158042684
16843	6.481413254989298	6.481413254989298
484	5.811820570264066	5.811820570264066
41053	5.876907901992476	5.876907901992476
23706	6.807982738094395	6.807982738094395
24089	4.482091268596861	4.482091268596861
28187	5.335953324595345	5.335953324595345
12589	5.012536236811073	5.012536236811073
36201	3.0145674900720927	3.0145674900720927
12701	6.989585601515595	6.989585601515595
19171	4.8898178130574825	4.8898178130574825
22453	6.0174840264887814	6.0174840264887814
12188	5.467813383082154	5.467813383082154
4666	4.349435401008847	4.349435401008847
44554	3.673222225165778	3.673222225165778
34202	3.342448560029238	3.342448560029238
28249	5.96182453732764	5.96182453732764
23767	4.986746444142022	4.986746444142022
2363	5.306799572639209	5.306799572639209
34317	5.040652164124337	5.040652164124337
19135	5.3782806077383665	5.3782806077383665
29024	3.3894743672029595	3.3894743672029595
26174	4.404254164024925	4.404254164024925
37186	5.317035350487926	5.317035350487926
20253	4.552416320952716	4.552416320952716
23118	4.925439995566943	4.925439995566943
41717	6.217112500698307	6.217112500698307
41443	3.9922304550514838	3.9922304550514838
45133	5.181349983476572	5.181349983476572
17401	5.957589741604437	5.957589741604437
416	5.5166904713656555	5.5166904713656555
15145	5.852176729037076	5.852176729037076
4284	5.237616413398453	5.237616413398453
44359	2.57716250623837	2.57716250623837
13062	4.5855962014636065	4.5855962014636065
8279	4.41711138490934	4.41711138490934
35376	6.043940173650186	6.043940173650186
39292	5.094517589234255	5.094517589234255
6171	4.127990627533874	4.127990627533874
32860	4.585210409623878	4.585210409623878
17427	4.0988025597105935	4.0988025597105935
4442	4.792290049675424	4.792290049675424
42764	3.2288163418495484	3.2288163418495484
40211	4.6035836021584045	4.6035836021584045
22486	4.120860925685407	4.120860925685407
14701	3.899952574425539	3.899952574425539
37730	3.6893234999774003	3.6893234999774003
44177	6.202878609413886	6.202878609413886
26945	3.2765240456976112	3.2765240456976112
10407	3.457742787028419	3.457742787028419
39434	5.415775470777837	5.415775470777837
10172	5.324231256460882	5.324231256460882
26171	4.957222354431319	4.957222354431319
3582	4.0902361199505854	4.0902361199505854
7540	3.958235721875618	3.958235721875618
2944	4.396343593878251	4.396343593878251
740	5.114573526847912	5.114573526847912
32784	4.882287046918748	4.882287046918748
38100	5.7887299507897465	5.7887299507897465
37982	6.028129100573111	6.028129100573111
9861	7.65175453052931	7.65175453052931
2369	3.6712563631460995	3.6712563631460995
13330	3.8164321945419237	3.8164321945419237
10922	4.749776684358509	4.749776684358509
16212	5.168012180693762	5.168012180693762
22123	4.914183123751566	4.914183123751566
2733	4.43767168325612	4.43767168325612
9086	6.1506198577208515	6.1506198577208515
42718	4.132805865852813	4.132805865852813
45212	6.108823173887776	6.108823173887776
23820	5.5945826691881315	5.5945826691881315
6094	3.586972178416214	3.586972178416214
36480	3.546384615020772	3.546384615020772
43420	4.479455777254338	4.479455777254338
40472	4.635666727216102	4.635666727216102
42244	6.278179725227529	6.278179725227529
27452	6.147922796456799	6.147922796456799
38240	5.583443574909401	5.583443574909401
14525	4.330719292078526	4.330719292078526
20314	6.501189452852295	6.501189452852295
37428	4.37745230602036	4.37745230602036
39943	4.505624989456702	4.505624989456702
9264	4.142254641432379	4.142254641432379
24204	5.454068824446864	5.454068824446864
43016	6.152845689202548	6.152845689202548
34235	4.707251171863756	4.707251171863756
33380	4.8957436905057	4.8957436905057
6469	7.267876776381721	7.267876776381721
25974	6.437643730552655	6.437643730552655
1690	6.568595453983743	6.568595453983743
27713	5.375627916755893	5.375627916755893
14420	3.3374388592126714	3.3374388592126714
13958	5.367915252336416	5.367915252336416
43226	3.553238255124918	3.553238255124918
25235	4.695146166877677	4.695146166877677
18337	4.699290768614537	4.699290768614537
38198	5.577231454918336	5.577231454918336
2240	5.017557179350144	5.017557179350144
33690	4.920340581790083	4.920340581790083
37795	5.284831111287927	5.284831111287927
16472	6.440008275554117	6.440008275554117
38580	4.276975116244365	4.276975116244365
18212	6.4728534972198855	6.4728534972198855
17129	3.649452831416741	3.649452831416741
31652	4.084026200533254	4.084026200533254
45121	5.346230534766299	5.346230534766299
27159	4.402152527599639	4.402152527599639
2140	5.770904151148423	5.770904151148423
1418	6.257684216346064	6.257684216346064
34818	5.410535586205471	5.410535586205471
13842	2.359566640604295	2.359566640604295
42333	5.297403730783984	5.297403730783984
39084	3.1610139586668584	3.1610139586668584
37762	5.089276676807146	5.089276676807146
10035	4.368784288150873	4.368784288150873
21518	5.587066224945752	5.587066224945752
32375	4.205803485721658	4.205803485721658
13866	4.948916331895865	4.948916331895865
20699	5.052441312737651	5.052441312737651
41314	4.223499143362624	4.223499143362624
12911	6.10742355977399	6.10742355977399
6234	5.171367450172348	5.171367450172348
20361	6.155093752526068	6.155093752526068
23036	4.603325801960054	4.603325801960054
4055	6.313775352146929	6.313775352146929
40371	5.41914146290723	5.41914146290723
13537	4.597225049528992	4.597225049528992
31312	4.667964119273772	4.667964119273772
36964	3.8423657045624733	3.8423657045624733
26230	7.733075011697489	7.733075011697489
32073	3.8462146934556207	3.8462146934556207
40799	4.877561968352333	4.877561968352333
40882	5.6076559993082995	5.6076559993082995
14902	5.126244683072898	5.126244683072898
3829	3.9898807242958583	3.9898807242958583
2949	5.728621276073207	5.728621276073207
8261	4.923870845956579	4.923870845956579
22936	6.921947786021894	6.921947786021894
28359	4.0553705294857085	4.0553705294857085
43843	3.9661774068211715	3.9661774068211715
4261	5.742133266248241	5.742133266248241
17718	4.043098431229857	4.043098431229857
43836	5.362045314350123	5.362045314350123
23007	4.88419223647553	4.88419223647553
6092	5.80275514465548	5.80275514465548
18617	3.835991937972335	3.835991937972335
33682	4.155703921113728	4.155703921113728
35320	5.1341565278607595	5.1341565278607595
42184	4.039471492119029	4.039471492119029
34744	4.745567787228769	4.745567787228769
16930	5.192483096192385	5.192483096192385
42598	4.925279860958917	4.925279860958917
44121	4.1229221855539375	4.1229221855539375
24285	6.781867867866203	6.781867867866203
28941	3.8435061924672533	3.8435061924672533
35542	4.444321811995866	4.444321811995866
2537	6.455936148644922	6.455936148644922
40937	3.14761062629952	3.14761062629952
8838	6.275487418767244	6.275487418767244
38068	6.2916153430742625	6.2916153430742625
35498	7.4971817884325755	7.4971817884325755
4057	4.461036269968886	4.461036269968886
4967	4.779259004942364	4.779259004942364
10507	3.0902212935334292	3.0902212935334292
3405	4.258766585826127	4.258766585826127
20511	5.16377260346341	5.16377260346341
29995	4.90032585231499	4.90032585231499
26437	3.5507942435400848	3.5507942435400848
22884	4.502186001986534	4.502186001986534
36001	4.522477406084072	4.522477406084072
42048	5.381091422501047	5.381091422501047
16714	5.324624744293512	5.324624744293512
396	4.104639313786962	4.104639313786962
40901	5.780855805050011	5.780855805050011
27882	5.447643720811067	5.447643720811067
33101	5.3506996560085005	5.3506996560085005
4996	3.8399469552762167	3.8399469552762167
10830	4.354040367874536	4.354040367874536
3079	5.894696121002652	5.894696121002652
31646	3.951481892501868	3.951481892501868
14394	3.474923118212346	3.474923118212346
41214	3.8278151496025528	3.8278151496025528
39074	4.5497253937943976	4.5497253937943976
37700	4.046493223660345	4.046493223660345
31538	5.721694305545878	5.721694305545878
15859	5.226391781444385	5.226391781444385
19900	5.192594160573242	5.192594160573242
25758	4.336218640009869	4.336218640009869
37529	6.451232769410624	6.451232769410624
6283	5.431946018729825	5.431946018729825
31592	6.255826937116988	6.255826937116988
40030	6.794698216301133	6.794698216301133
26135	4.049084341441743	4.049084341441743
9262	4.218837482765696	4.218837482765696
19991	4.939145082388489	4.939145082388489
5390	5.495546003652106	5.495546003652106
17266	6.3763517830583405	6.3763517830583405
36702	4.183308775178946	4.183308775178946
14808	4.106743578094141	4.106743578094141
44726	5.361556946422268	5.361556946422268
37158	3.976440068330056	3.976440068330056
38271	5.720507469508539	5.720507469508539
8963	7.240801541295195	7.240801541295195
