sim	exp	nam	typ	gro	ind	idx	snp	run	true_lat	true_lon	pred_lat	pred_lon	diff_space	true_tim	pred_tim	diff_time
europe	46	loss	gt	0	41517	44	1344	2.43369068702062	35.8414074795135	57.5975768739416	38.319244	58.664116	291.30844	5468.0	534.97284	4933.027160644531
europe	46	loss	gt	0	37861	118	1344	2.43369068702062	3.39797248970252	47.6666244743717	20.91953	49.4269	1957.5985	9250.0	427.75406	8822.24594116211
europe	46	loss	gt	0	5791	511	1344	2.43369068702062	51.2378383782838	29.9269557257894	48.46744	30.8949	315.7659	43807.0	330.6997	43476.30029296875
europe	46	loss	gt	1	10238	212	1344	1.4005285898844402	57.7028001632235	40.4796735690085	59.636806	37.613956	271.4268	38132.0	360.48935	37771.510650634766
europe	46	loss	gt	1	6002	414	1344	1.4005285898844402	52.1199928476129	32.505825223989	50.74191	31.907433	158.75018	43543.0	305.15884	43237.84115600586
europe	46	loss	gt	1	24096	812	1344	1.4005285898844402	35.1358329463194	55.8107399249241	29.368156	49.166748	894.8902	22740.0	391.32404	22348.67596435547
europe	46	loss	gt	2	35501	114	1344	1.4051609635353088	38.1263306403452	38.0222815780417	37.580357	40.177593	198.7256	11513.0	355.1611	11157.838897705078
europe	46	loss	gt	2	32167	506	1344	1.4051609635353088	34.4866881035754	39.6266680318994	34.50703	42.237972	239.30956	14869.0	364.4403	14504.559692382812
europe	46	loss	gt	2	45376	843	1344	1.4051609635353088	-2.54539501818286	39.0347939040604	19.707859	45.972034	2587.8235	771.0	367.87668	403.1233215332031
europe	46	loss	gt	3	32783	63	1344	1.3995176633199056	23.5268834814022	47.9716303305564	19.830769	45.499165	483.88782	14253.0	301.69174	13951.30825805664
europe	46	loss	gt	3	27031	787	1344	1.3995176633199056	34.1380915796521	38.1917168596371	33.356697	38.15389	86.95752	19931.0	276.74423	19654.255767822266
europe	46	loss	gt	3	14167	946	1344	1.3995176633199056	59.0806298327452	41.1733359052756	60.538452	38.83592	208.20496	33376.0	323.55627	33052.44372558594
europe	46	loss	gt	4	38456	257	1344	1.401413094997406	35.4420214621576	38.5987428412494	21.905352	43.97221	1593.1073	8681.0	275.31006	8405.68994140625
europe	46	loss	gt	4	9174	326	1344	1.401413094997406	56.8615219497753	41.8499460399477	60.475624	39.768227	419.45462	39467.0	308.67868	39158.32131958008
europe	46	loss	gt	4	38068	1456	1344	1.401413094997406	12.1069691204493	48.4693675860482	15.909797	49.73179	444.23965	9031.0	299.79736	8731.20263671875
europe	46	loss	gt	5	42576	353	1344	1.400388280550639	18.3710671340034	44.4680168446108	20.071508	39.99451	506.29703	4162.0	302.48764	3859.5123596191406
europe	46	loss	gt	5	11736	667	1344	1.400388280550639	64.3181039884999	39.6359597497797	62.21967	40.939655	242.26237	36279.0	384.58347	35894.41653442383
europe	46	loss	gt	5	27061	754	1344	1.400388280550639	53.07852135555	57.0931123841306	46.2158	61.89392	837.2672	19899.0	493.83102	19405.168975830078
europe	46	loss	gt	6	14248	219	1344	2.4024246176083883	61.9388608792826	39.0935802129445	61.464798	42.278812	175.96257	33287.0	735.87585	32551.124145507812
europe	46	loss	gt	6	8328	234	1344	2.4024246176083883	57.5518963903799	38.4952504696221	59.111397	37.49007	183.06271	40522.0	662.45404	39859.545959472656
europe	46	loss	gt	6	29420	362	1344	2.4024246176083883	51.3870324676535	54.6894321288411	54.933422	52.00471	432.98215	17563.0	851.1101	16711.889892578125
europe	46	loss	gt	7	13698	541	1344	1.4036275386810302	56.7472923618419	39.7878993465107	61.336742	40.225727	510.9347	33902.0	307.51035	33594.489654541016
europe	46	loss	gt	7	4442	1338	1344	1.4036275386810302	42.3177685565776	30.0023654354624	48.29474	30.24927	664.88824	45493.0	232.45601	45260.54399108887
europe	46	loss	gt	7	2240	1394	1344	1.4036275386810302	38.8152264154067	29.3103256455832	35.968105	29.936281	321.3763	48221.0	211.2821	48009.71789550781
europe	46	loss	gt	8	4572	784	1344	1.397457766532898	44.2145705091229	32.2107071188628	47.241016	32.40931	336.87814	45352.0	201.55588	45150.44412231445
europe	46	loss	gt	8	43789	951	1344	1.397457766532898	15.9972365866472	50.4703016185216	24.54073	53.709198	1008.1299	2856.0	264.89844	2591.1015625
europe	46	loss	gt	8	17718	1438	1344	1.397457766532898	61.4908655562683	41.2676107985385	57.460712	37.805397	488.7691	28917.0	240.64026	28676.359741210938
europe	46	loss	gt	9	39916	149	1344	1.4027312437693278	49.2496085737833	53.7005236094667	36.37019	52.971474	1433.3416	7236.0	502.02237	6733.977630615234
europe	46	loss	gt	9	45071	743	1344	1.4027312437693278	23.5974050959309	47.4761251101504	19.387356	49.14317	498.87878	1351.0	443.00626	907.9937438964844
europe	46	loss	gt	9	44800	1265	1344	1.4027312437693278	22.615858010325	42.7127682634756	26.58499	43.619343	450.75812	1743.0	408.87604	1334.1239624023438
europe	46	loss	gt	10	18843	704	1344	1.398757028579712	42.4091434519272	58.8884548521039	56.524376	42.32557	1962.9574	27913.0	354.336	27558.664001464844
europe	46	loss	gt	10	7197	1035	1344	1.398757028579712	51.6718074463212	34.0842242550324	56.379387	35.29608	529.3878	41997.0	309.61267	41687.38732910156
europe	46	loss	gt	10	8335	1152	1344	1.398757028579712	58.5785073388961	35.1410545835864	56.590942	37.16099	251.64882	40506.0	321.48468	40184.51531982422
europe	46	loss	gt	11	6958	112	1344	1.4036234299341837	55.1215619693074	31.2006759405829	56.821514	36.13553	360.4604	42321.0	302.7534	42018.24661254883
europe	46	loss	gt	11	14593	711	1344	1.4036234299341837	61.8679915925219	37.5253955694613	60.933636	39.014782	130.67926	32864.0	326.612	32537.38800048828
europe	46	loss	gt	11	20253	1321	1344	1.4036234299341837	61.7434576079314	39.8841100646229	54.24453	44.845963	883.00964	26471.0	350.38614	26120.613861083984
europe	46	loss	gt	12	5391	499	1344	1.4039362072944641	50.1656911909317	31.8066945939006	49.470505	32.016872	78.75817	44307.0	242.1155	44064.884506225586
europe	46	loss	gt	12	25368	539	1344	1.4039362072944641	58.3583282706988	56.9964098763196	57.054993	46.86747	618.27783	21578.0	328.09726	21249.902740478516
europe	46	loss	gt	12	40527	651	1344	1.4039362072944641	40.2136627225098	51.7582150933054	41.758595	57.811398	536.2009	6603.0	361.1094	6241.890594482422
europe	46	loss	gt	13	4495	717	1344	1.4002045750617982	46.4261353683186	27.2392454851372	45.022522	29.731405	248.54439	45418.0	256.5322	45161.46780395508
europe	46	loss	gt	13	16689	894	1344	1.4002045750617982	61.8864364009685	40.9007328923811	57.80159	39.740524	458.79523	30214.0	340.91486	29873.08514404297
europe	46	loss	gt	13	32860	1336	1344	1.4002045750617982	23.9408972014245	47.6541625833349	17.834654	51.814705	804.7198	14156.0	356.09167	13799.908325195312
europe	46	loss	gt	14	33987	546	1344	1.4014261404673258	31.2937899710193	38.9495468339423	40.78027	41.19798	1073.934	13013.0	337.89297	12675.107025146484
europe	46	loss	gt	14	3138	820	1344	1.4014261404673258	43.5342202655114	30.098955670498	44.78121	31.702318	188.63577	47155.0	279.84842	46875.15158081055
europe	46	loss	gt	14	15570	920	1344	1.4014261404673258	61.0805604499696	40.4608842388757	60.152794	38.683224	141.58379	31541.0	350.86157	31190.138427734375
europe	46	loss	gt	15	4175	1053	1344	1.3982046842575073	46.5954393441919	26.8596151584228	46.428806	30.031126	243.3878	45817.0	104.28482	45712.71517944336
europe	46	loss	gt	15	8103	1062	1344	1.3982046842575073	58.0659533933643	38.2773182241327	59.539547	38.930027	168.11151	40836.0	136.8982	40699.101806640625
europe	46	loss	gt	15	17612	1186	1344	1.3982046842575073	58.4891940565177	39.6497563666324	60.16054	43.005848	265.99426	29060.0	145.54076	28914.459243774414
europe	46	loss	gt	16	27841	341	1344	1.4030768394470214	43.2247583169473	60.9228437170131	43.14938	59.51191	114.696495	19145.0	430.3846	18714.61538696289
europe	46	loss	gt	16	31987	958	1344	1.4030768394470214	35.1865034448227	40.0883709184305	30.563417	39.017227	523.6942	15052.0	282.0008	14769.999206542969
europe	46	loss	gt	16	29740	1285	1344	1.4030768394470214	35.5889805175688	41.1287267632951	35.687984	37.85088	296.40707	17273.0	282.1035	16990.896514892578
europe	46	loss	gt	17	42954	120	1344	1.4013569911321004	24.7008968320247	53.039752654526	21.068308	50.873432	460.84683	3686.0	386.4969	3299.5031127929688
europe	46	loss	gt	17	29313	668	1344	1.4013569911321004	0.323681116947311	48.1542102534225	23.410854	47.14812	2569.474	17640.0	363.6592	17276.340789794922
europe	46	loss	gt	17	44631	1124	1344	1.4013569911321004	24.7149514246735	42.6813117344114	20.915125	44.002007	443.66373	1941.0	337.543	1603.4570007324219
europe	46	loss	gt	18	15797	223	1344	2.397522306442261	57.0801751338074	42.7599316478913	60.114643	40.466515	362.5846	31299.0	520.83057	30778.16943359375
europe	46	loss	gt	18	43230	413	1344	2.397522306442261	23.3973173471527	42.5414680085358	25.205053	48.449364	631.4824	3434.0	512.74615	2921.2538452148438
europe	46	loss	gt	18	7965	1122	1344	2.397522306442261	54.8227926963746	37.9301503809517	57.4174	37.276203	291.33728	40980.0	485.09097	40494.90902709961
europe	46	loss	gt	19	3284	355	1344	1.4004860599835713	44.0601571404228	29.0049520909327	45.74284	28.7424	188.24464	46984.0	367.70825	46616.291748046875
europe	46	loss	gt	19	12451	371	1344	1.4004860599835713	62.1440912718244	37.3966377810528	61.682076	39.200836	107.51516	35308.0	502.10355	34805.89645385742
europe	46	loss	gt	19	8261	1433	1344	1.4004860599835713	56.1487061259151	37.4853315166887	54.03208	35.327236	272.46295	40612.0	449.58276	40162.417236328125
europe	46	loss	gt	20	38966	201	1344	1.3981444835662842	58.2178121381502	59.862226177942	39.85257	54.800457	2073.77	8189.0	306.78748	7882.2125244140625
europe	46	loss	gt	20	5532	1157	1344	1.3981444835662842	51.9520905503001	32.0652887834136	43.48503	29.571564	959.64404	44149.0	194.4018	43954.598205566406
europe	46	loss	gt	20	42029	1289	1344	1.3981444835662842	36.9190893583756	55.5651798123675	34.61578	52.967945	347.10843	4827.0	291.87952	4535.1204833984375
europe	46	loss	gt	21	26787	286	1344	1.4024259328842164	4.0544720597662	44.9185514762032	3.3075995	46.456314	189.77388	20166.0	287.63147	19878.368530273438
europe	46	loss	gt	21	9787	869	1344	1.4024259328842164	62.2438100780812	37.8942457031233	56.80731	40.586624	623.15027	38653.0	339.0612	38313.93881225586
europe	46	loss	gt	21	14701	1342	1344	1.4024259328842164	57.6388944887385	40.7737875513231	59.43412	39.475395	213.3601	32714.0	333.15573	32380.844268798828
europe	46	loss	gt	22	12398	2	1344	1.4024746100107828	62.8855568099032	37.8928083391232	59.651432	40.0021	376.82715	35375.0	301.74448	35073.25552368164
europe	46	loss	gt	22	35497	1061	1344	1.4024746100107828	26.2906066511456	43.5444757661429	20.508476	41.917477	664.00867	11497.0	257.55243	11239.447570800781
europe	46	loss	gt	22	32946	1177	1344	1.4024746100107828	22.8988279321058	45.8658245912951	22.97021	45.344032	54.020523	14082.0	278.82227	13803.177734375
europe	46	loss	gt	23	3707	867	1344	1.3986168265342713	39.7349427362737	29.7370682161472	48.720657	31.918653	1014.0553	46398.0	337.74408	46060.255920410156
europe	46	loss	gt	23	22809	985	1344	1.3986168265342713	33.6051930211286	37.0000413994579	35.03915	39.808258	303.17978	24011.0	372.4717	23638.528289794922
europe	46	loss	gt	23	7259	1170	1344	1.3986168265342713	51.2123813616227	35.0489457941201	56.701427	39.323257	671.0554	41934.0	409.5131	41524.486907958984
europe	46	loss	gt	24	23581	393	1344	1.4002259771029155	40.3240019625088	36.5073861563494	57.15587	42.1906	1915.8298	23274.0	266.0214	23007.978607177734
europe	46	loss	gt	24	29842	889	1344	1.4002259771029155	40.3324160059173	57.442602365508	48.26042	56.673367	883.6642	17163.0	319.34125	16843.658752441406
europe	46	loss	gt	24	824	1044	1344	1.4002259771029155	33.9582496587757	28.7439940654516	34.4892	30.040125	132.98946	49980.0	181.8423	49798.15769958496
europe	46	loss	gt	25	812	640	1344	1.3975731094678243	35.8971269110075	29.3189300742952	32.635956	29.747292	364.75443	49998.0	259.25156	49738.748443603516
europe	46	loss	gt	25	12889	849	1344	1.3975731094678243	59.3701250853255	42.1953612313936	60.6912	40.684937	169.15715	34816.0	378.86084	34437.13916015625
europe	46	loss	gt	25	24204	1380	1344	1.3975731094678243	33.1046526007912	38.1094846530522	31.978024	39.753643	198.60664	22674.0	321.17102	22352.828979492188
europe	46	loss	gt	26	35567	131	1344	1.401082944869995	55.7055368223132	55.5550858296316	43.989532	58.695473	1321.7238	11430.0	372.7696	11057.230407714844
europe	46	loss	gt	26	44359	1330	1344	1.401082944869995	4.57441028411522	50.134759592963	4.148555	45.952118	466.15125	2215.0	251.56845	1963.4315490722656
europe	46	loss	gt	26	26945	1345	1344	1.401082944869995	3.87883557505204	49.306586734097	10.592021	45.215534	872.14124	20019.0	256.69583	19762.304168701172
europe	46	loss	gt	27	25450	642	1344	1.4005564332008362	36.9360585183485	38.6545559850178	31.547281	39.11632	600.70355	21501.0	200.7862	21300.213806152344
europe	46	loss	gt	27	1730	755	1344	1.4005564332008362	38.2598695319389	30.7931930225153	36.29165	29.896479	232.79056	48884.0	171.90552	48712.094482421875
europe	46	loss	gt	27	43229	1043	1344	1.4005564332008362	25.2306748204435	49.5288157834728	17.840038	50.311733	825.7733	3417.0	231.92383	3185.076171875
europe	46	loss	gt	28	3687	168	1344	1.3972334742546082	42.8890106540521	30.5634476661995	47.572556	30.53551	520.79095	46416.0	465.33395	45950.66604614258
europe	46	loss	gt	28	45170	316	1344	1.3972334742546082	10.4197343270622	46.2128342163623	8.704086	46.145493	190.91415	1182.0	561.7408	620.2592163085938
europe	46	loss	gt	28	9086	1364	1344	1.3972334742546082	62.7728414102351	40.094181123295	60.73366	38.061768	250.67691	39580.0	586.0827	38993.91729736328
europe	46	loss	gt	29	37825	40	1344	1.400272750854492	28.3558878359928	57.3192390131375	24.846403	50.402267	790.4832	9283.0	385.88763	8897.112365722656
europe	46	loss	gt	29	41902	189	1344	1.400272750854492	20.8211675627391	49.4961974305701	23.73258	50.410656	337.1272	5019.0	384.1845	4634.815490722656
europe	46	loss	gt	29	1965	720	1344	1.400272750854492	36.2047911628619	30.2951785697669	36.993607	29.212383	130.52339	48550.0	260.70963	48289.29037475586
europe	46	loss	gt	30	18213	140	1344	1.398378837108612	60.2287062548792	37.2867753730074	35.605583	46.517353	2816.8403	28352.0	328.8031	28023.196899414062
europe	46	loss	gt	30	9618	873	1344	1.398378837108612	59.5760491858753	39.9732798710599	60.092793	38.542767	98.43666	38883.0	319.01187	38563.98812866211
europe	46	loss	gt	30	40474	960	1344	1.398378837108612	38.8102154156313	52.5549817901685	32.751095	56.02742	742.8368	6656.0	379.70142	6276.298583984375
europe	46	loss	gt	31	20027	305	1344	1.4007356762886047	63.532082628515	38.844216559936	58.02511	40.61053	619.7478	26704.0	401.97873	26302.021270751953
europe	46	loss	gt	31	9910	622	1344	1.4007356762886047	60.4794293095517	43.4080165045691	61.904472	39.92583	244.73305	38486.0	406.34552	38079.65447998047
europe	46	loss	gt	31	11540	699	1344	1.4007356762886047	57.9476441163655	41.0189855448563	59.809704	39.753975	219.43454	36569.0	399.49408	36169.505920410156
europe	46	loss	gt	32	28970	228	1344	1.4026500900586447	29.7525621613549	38.0415465042751	41.488922	38.545715	1305.8121	18011.0	331.01257	17679.987426757812
europe	46	loss	gt	32	40958	937	1344	1.4026500900586447	4.51986010200089	43.963852002117	15.592052	52.31797	1532.8071	6140.0	378.34207	5761.657928466797
europe	46	loss	gt	32	20510	1160	1344	1.4026500900586447	35.7954262629384	61.0708590216556	34.93446	59.981487	137.55872	26200.0	463.60013	25736.399871826172
europe	46	loss	gt	33	3608	46	1344	1.3987718900044759	41.4352911257506	31.6671216170332	43.770832	29.178263	330.0245	46534.0	326.4966	46207.50338745117
europe	46	loss	gt	33	4760	381	1344	1.3987718900044759	45.8584430539363	29.4696542375928	42.379166	28.377123	396.57507	45092.0	316.14716	44775.85284423828
europe	46	loss	gt	33	5048	898	1344	1.3987718900044759	47.4571626360757	32.9384695766704	43.140373	30.143759	527.34204	44737.0	331.54388	44405.456115722656
europe	46	loss	gt	34	32623	636	1344	1.4012840032577514	16.2926963368971	51.0661269732994	7.9764085	50.43543	927.2624	14406.0	195.8289	14210.171096801758
europe	46	loss	gt	34	17094	990	1344	1.4012840032577514	58.3465891949218	39.7660708145085	59.485718	40.54879	134.3974	29716.0	219.83577	29496.16423034668
europe	46	loss	gt	34	17766	1075	1344	1.4012840032577514	60.5115555335946	38.537185296817	58.763752	40.098347	213.2224	28871.0	217.13239	28653.867614746094
europe	46	loss	gt	35	6968	135	1344	1.3973274906476338	49.7441161920597	34.1280961161117	55.4754	34.60807	638.10876	42300.0	291.24094	42008.7590637207
europe	46	loss	gt	35	29023	657	1344	1.3973274906476338	34.8404714207673	39.407321742185	30.436035	38.6425	494.95383	17961.0	278.2811	17682.71890258789
europe	46	loss	gt	35	39943	1378	1344	1.3973274906476338	11.340270986062	51.8682472942717	20.790182	54.379314	1084.4034	7195.0	362.0585	6832.941497802734
europe	46	loss	gt	36	22716	543	1344	1.4013642191886901	31.960318000661	37.9177821018626	29.747667	38.92688	264.21558	24109.0	275.30176	23833.6982421875
europe	46	loss	gt	36	29699	1182	1344	1.4013642191886901	12.475087199989	52.7772160194142	7.6027102	47.943783	757.24414	17276.0	296.36182	16979.63818359375
europe	46	loss	gt	36	20827	1238	1344	1.4013642191886901	58.7719653396085	40.1881492226444	56.05862	39.964016	302.0081	25857.0	326.43887	25530.561126708984
europe	46	loss	gt	37	41417	97	1344	1.4006184260050456	32.2982975635039	38.5371889848687	35.54553	37.39147	376.22336	5594.0	162.92398	5431.076019287109
europe	46	loss	gt	37	23518	467	1344	1.4006184260050456	15.7701519661394	48.624414145636	12.156926	49.337547	409.07288	23309.0	177.6273	23131.37269592285
europe	46	loss	gt	37	23084	1280	1344	1.4006184260050456	53.5244892534217	56.7111684374824	49.497833	59.823147	496.72702	23771.0	254.80807	23516.191925048828
europe	46	loss	gt	38	16160	674	1344	1.39843647480011	59.6442086716036	42.4701371923765	62.41612	40.172832	332.0776	30835.0	523.6379	30311.36212158203
europe	46	loss	gt	38	32284	709	1344	1.39843647480011	37.5614480062224	38.0436179398776	30.528727	39.311234	790.6505	14745.0	446.60907	14298.390930175781
europe	46	loss	gt	38	17770	803	1344	1.39843647480011	61.140059143674	40.6609897936912	55.55307	35.84604	681.39355	28861.0	465.33997	28395.660034179688
europe	46	loss	gt	39	34293	281	1344	1.4012812376022339	57.4046444968106	57.8447346218322	43.06856	58.957985	1596.0096	12692.0	179.29892	12512.701080322266
europe	46	loss	gt	39	37214	1063	1344	1.4012812376022339	46.8443091755263	54.3725498299168	45.08184	57.945244	338.5658	9841.0	178.62712	9662.37287902832
europe	46	loss	gt	39	5363	1268	1344	1.4012812376022339	49.4770866273395	31.9580869320177	48.209713	32.55669	147.57538	44339.0	124.98355	44214.01644897461
europe	46	loss	gt	40	41228	41	1344	2.3992207566897075	37.4670919315262	55.2381350436215	34.92862	58.5849	412.085	5799.0	598.12	5200.8800048828125
europe	46	loss	gt	40	24243	211	1344	2.3992207566897075	29.0503960385467	38.3938590509022	36.537716	44.630978	1015.7993	22639.0	471.93796	22167.062042236328
europe	46	loss	gt	40	40421	1002	1344	2.3992207566897075	20.9296532534105	45.0957485715603	26.708887	47.575645	690.29895	6730.0	481.89923	6248.100769042969
europe	46	loss	gt	41	1308	549	1344	1.4046924273173014	33.3898606552031	29.9239460377425	40.92769	31.101076	844.60895	49408.0	236.25594	49171.744064331055
europe	46	loss	gt	41	37460	929	1344	1.4046924273173014	0.10996956724538	41.9786536818092	15.164571	50.272453	1905.9493	9628.0	303.8469	9324.153106689453
europe	46	loss	gt	41	3674	1099	1344	1.4046924273173014	40.5863647192968	30.6542097909327	46.61517	30.03242	672.2333	46450.0	239.77753	46210.22247314453
europe	46	loss	gt	42	13669	27	1344	1.405450427532196	60.8453688842901	42.3983953918645	61.051144	40.41519	109.4981	33938.0	344.5938	33593.406188964844
europe	46	loss	gt	42	33578	260	1344	1.405450427532196	34.108865796616	59.9400082439797	40.00548	55.717236	754.95844	13414.0	406.89786	13007.102142333984
europe	46	loss	gt	42	3951	481	1344	1.405450427532196	43.4202792282665	27.2496862051241	46.52816	30.448282	427.3901	46075.0	258.23285	45816.767150878906
europe	46	loss	gt	43	38669	83	1344	2.400604550043742	37.9264784152636	36.1473903457824	33.10045	39.094482	599.1759	8469.0	442.23474	8026.7652587890625
europe	46	loss	gt	43	1246	719	1344	2.400604550043742	30.6226688989019	29.3284450437507	33.006664	32.821247	423.25952	49490.0	382.32367	49107.676330566406
europe	46	loss	gt	43	7383	1206	1344	2.400604550043742	55.7816330774376	37.2005455744135	53.26505	33.572033	364.78088	41781.0	433.56625	41347.43374633789
europe	46	loss	gt	44	37071	143	1344	1.4037617723147073	54.33591031685	55.6748113597961	58.804962	45.408085	800.1089	9974.0	371.08304	9602.916961669922
europe	46	loss	gt	44	13835	832	1344	1.4037617723147073	59.8284993772756	37.7561374652921	58.171017	39.571667	211.5916	33769.0	337.59753	33431.40246582031
europe	46	loss	gt	44	4463	1015	1344	1.4037617723147073	46.6530395433573	29.980627536301	42.680977	29.064661	447.5644	45468.0	244.8237	45223.17630004883
europe	46	loss	gt	45	2846	698	1344	1.399003024895986	39.4998442513729	30.0678762072653	41.537285	29.798916	227.69069	47489.0	219.11552	47269.88447570801
europe	46	loss	gt	45	42266	1211	1344	1.399003024895986	33.7914171683136	53.2524696165944	31.156546	49.331413	470.17856	4541.0	309.99515	4231.004852294922
europe	46	loss	gt	45	34317	1316	1344	1.399003024895986	38.7254320209636	36.0731608118679	42.521385	41.74423	637.882	12680.0	282.66766	12397.332336425781
europe	46	loss	gt	46	17283	459	1344	1.404557228088379	56.6437490515101	37.9000863101754	58.736485	37.76312	232.84375	29437.0	178.14769	29258.852310180664
europe	46	loss	gt	46	32315	730	1344	1.404557228088379	30.3895301941145	38.5525167918675	44.19548	38.926384	1535.5033	14709.0	163.0945	14545.905502319336
europe	46	loss	gt	46	36899	1079	1344	1.404557228088379	1.5966681352435	45.7839163408973	12.911846	47.832195	1278.2472	10108.0	155.6715	9952.328506469727
europe	46	loss	gt	47	35324	37	1344	2.405213669935862	33.7105589131166	39.8186013649101	30.077347	40.5082	409.20322	11674.0	326.12906	11347.87094116211
europe	46	loss	gt	47	19576	1133	1344	2.405213669935862	61.9545606978955	42.4012977809682	57.970585	40.288624	458.2774	27146.0	372.75705	26773.242950439453
europe	46	loss	gt	47	28864	1183	1344	2.405213669935862	37.994168154985	40.5866472774199	43.739433	40.021584	640.6042	18137.0	345.50995	17791.49005126953
europe	46	loss	gt	48	33719	360	1344	1.4007294019063314	35.513591789614	39.4813897269994	34.337585	37.58751	216.58334	13282.0	238.1683	13043.83169555664
europe	46	loss	gt	48	27525	1242	1344	1.4007294019063314	15.3766789234186	46.2562571899274	31.857813	46.07161	1832.7141	19417.0	279.15836	19137.84164428711
europe	46	loss	gt	48	26171	1349	1344	1.4007294019063314	33.4621716003017	39.4914797441092	29.382906	39.470215	453.59833	20837.0	240.70386	20596.296142578125
europe	46	loss	gt	49	31128	462	1344	1.4004601836204529	16.9080645459211	43.5243138590634	23.231197	42.507576	711.063	15898.0	461.51788	15436.482116699219
europe	46	loss	gt	49	7358	610	1344	1.4004601836204529	58.1745964614186	35.879052304637	57.3499	36.878967	109.207886	41814.0	472.87735	41341.122650146484
europe	46	loss	gt	49	28749	1295	1344	1.4004601836204529	48.22271082944	56.5873214092718	42.59708	56.901066	626.0191	18260.0	643.58484	17616.415161132812
europe	46	loss	gt	50	2265	700	1344	1.3987033009529113	37.1076366417861	29.8096906741168	37.531635	30.054699	51.886536	48195.0	284.43597	47910.564025878906
europe	46	loss	gt	50	2420	831	1344	1.3987033009529113	39.194221488985	29.7217558257891	36.239235	30.21073	331.38077	48007.0	283.17075	47723.82925415039
europe	46	loss	gt	50	5719	1237	1344	1.3987033009529113	50.8618111448785	31.9503818505106	50.122303	30.371483	138.69202	43914.0	309.71002	43604.289978027344
europe	46	loss	gt	51	3156	289	1344	1.4044239044189453	38.3844422267715	31.0456631856041	36.493874	32.49243	245.97655	47147.0	144.85478	47002.14521789551
europe	46	loss	gt	51	44297	813	1344	1.4044239044189453	21.0351107436926	49.7228502767608	20.26973	51.872467	239.30685	2297.0	190.72298	2106.2770233154297
europe	46	loss	gt	51	16658	840	1344	1.4044239044189453	58.4709747142494	41.9048767716217	59.076675	39.139305	173.04887	30249.0	193.6459	30055.354095458984
europe	46	loss	gt	52	42758	707	1344	1.4116328756014507	3.86788440615629	44.9050407413113	-0.12256177	48.927334	629.78613	3914.0	279.35754	3634.6424560546875
europe	46	loss	gt	52	2183	1118	1344	1.4116328756014507	36.6072875780568	27.060506161638	37.420185	28.463161	153.88101	48270.0	215.55861	48054.44139099121
europe	46	loss	gt	52	10812	1128	1344	1.4116328756014507	63.2924921219095	37.6449655842233	62.68437	41.54044	207.98476	37409.0	329.7715	37079.22848510742
europe	46	loss	gt	53	27445	484	1344	2.4011619170506795	17.9732424450043	48.8190543544055	28.055428	54.47584	1261.2037	19503.0	752.7031	18750.296875
europe	46	loss	gt	53	37455	644	1344	2.4011619170506795	32.995493031091	57.0368710966394	32.29598	60.236782	309.52026	9649.0	835.3427	8813.657287597656
europe	46	loss	gt	53	29354	1073	1344	2.4011619170506795	13.5562568280747	49.5981084834829	18.69895	53.354897	698.4992	17611.0	715.49506	16895.504943847656
europe	46	loss	gt	54	16789	1116	1344	1.4047100782394408	62.9250837664835	38.6547028635066	60.824074	41.180965	268.4949	30085.0	340.24277	29744.757232666016
europe	46	loss	gt	54	2944	1352	1344	1.4047100782394408	42.0354568331213	28.0235125682626	45.09584	30.011545	376.07974	47391.0	246.71725	47144.28274536133
europe	46	loss	gt	54	2537	1453	1344	1.4047100782394408	38.2251913385464	27.2965339316751	39.03599	29.83884	238.51808	47847.0	235.9488	47611.051193237305
europe	46	loss	gt	55	20319	19	1344	1.3980462352434795	58.9323482314784	40.1841913506379	51.86819	40.852203	786.61945	26407.0	454.812	25952.18798828125
europe	46	loss	gt	55	24286	463	1344	1.3980462352434795	3.57544779882376	47.6694497998946	3.9286106	48.937553	146.0816	22587.0	433.40048	22153.599517822266
europe	46	loss	gt	55	8939	961	1344	1.3980462352434795	59.7652983907721	39.1808497551777	61.166935	39.73529	158.78874	39783.0	467.6719	39315.32809448242
europe	46	loss	gt	56	43939	197	1344	1.4047383626302083	24.0917232816806	46.4626033733088	20.828045	50.826107	576.76843	2678.0	251.25441	2426.745590209961
europe	46	loss	gt	56	20504	429	1344	1.4047383626302083	58.7426170584084	40.4214331829931	58.099403	41.837177	109.13602	26194.0	262.64197	25931.358032226562
europe	46	loss	gt	56	5437	1215	1344	1.4047383626302083	52.6142398574082	30.8334357621735	47.314194	29.150154	601.4659	44261.0	192.1339	44068.86610412598
europe	46	loss	gt	57	614	116	1344	1.4051546573638916	29.7464217427556	30.6592303443916	32.14723	29.24946	298.89087	50245.0	284.2672	49960.73278808594
europe	46	loss	gt	57	14342	290	1344	1.4051546573638916	60.3984569383438	37.7722030658983	59.720127	39.629807	127.731804	33164.0	413.04114	32750.958862304688
europe	46	loss	gt	57	24242	1036	1344	1.4051546573638916	51.1127010762339	57.9936462771047	58.281334	43.74234	1209.7667	22632.0	441.69034	22190.309661865234
europe	46	loss	gt	58	30914	369	1344	1.4002251625061035	48.8098256773811	54.0538447626591	38.535114	57.91252	1183.4805	16118.0	385.74207	15732.257934570312
europe	46	loss	gt	58	8126	526	1344	1.4002251625061035	54.3072594716743	38.5850481629365	58.34492	38.079876	450.0432	40824.0	303.80148	40520.1985168457
europe	46	loss	gt	58	9862	561	1344	1.4002251625061035	59.9023024487892	41.9767691903289	58.776237	38.597336	228.86769	38557.0	307.51025	38249.48974609375
europe	46	loss	gt	59	35560	111	1344	2.4023414691289267	38.9490912407123	38.3382164606435	32.617622	40.366207	727.3455	11448.0	516.8641	10931.135925292969
europe	46	loss	gt	59	12272	1191	1344	2.4023414691289267	61.4930289799497	40.793486383194	60.30676	39.821156	141.9976	35530.0	578.0272	34951.97277832031
europe	46	loss	gt	59	4284	1329	1344	2.4023414691289267	44.0947854286361	32.677828351082	42.61682	28.846052	350.63968	45682.0	414.4719	45267.52810668945
europe	46	loss	gt	60	7808	268	1344	2.3995131611824037	54.7884771199743	36.8920244663837	54.818176	36.789276	7.3668523	41189.0	532.0868	40656.91320800781
europe	46	loss	gt	60	38454	824	1344	2.3995131611824037	9.90151374449749	48.8393262942235	20.223324	47.85509	1152.5721	8666.0	571.14655	8094.853454589844
europe	46	loss	gt	60	16212	1361	1344	2.3995131611824037	64.317222076522	39.287974106335	58.775047	39.25917	616.2636	30782.0	563.7462	30218.253784179688
europe	46	loss	gt	61	42742	221	1344	1.4027574857076008	33.7485035291215	54.5522599718956	38.976246	53.7932	585.2512	3939.0	429.67743	3509.3225708007812
europe	46	loss	gt	61	3470	1222	1344	1.4027574857076008	42.1441509481027	28.8393673687414	40.206112	32.016136	342.2057	46718.0	281.4367	46436.56329345703
europe	46	loss	gt	61	27882	1471	1344	1.4027574857076008	36.0195497460217	38.3262201204768	34.82953	38.645077	135.44147	19129.0	317.74976	18811.250244140625
europe	46	loss	gt	62	6149	85	1344	1.4005276004473368	48.1939244715332	33.5239613128816	51.908623	32.044434	426.32495	43348.0	377.0608	42970.939208984375
europe	46	loss	gt	62	19696	313	1344	1.4005276004473368	38.0893971120982	60.4237639400631	53.97838	45.286205	2108.491	27030.0	492.49564	26537.504364013672
europe	46	loss	gt	62	21680	714	1344	1.4005276004473368	35.406279978665	38.6956275131793	33.54954	37.308693	242.45462	25103.0	383.0782	24719.921813964844
europe	46	loss	gt	63	36763	48	1344	1.397380562623342	39.4062672356537	59.4062482058229	42.416393	58.081276	352.73004	10229.0	450.03226	9778.967742919922
europe	46	loss	gt	63	28780	471	1344	1.397380562623342	6.34077903618231	45.9736373080727	0.7190574	48.098938	668.0944	18218.0	315.34412	17902.655883789062
europe	46	loss	gt	63	5563	768	1344	1.397380562623342	47.4966355590317	32.1814457867461	51.017162	30.903063	402.29126	44098.0	286.9312	43811.068786621094
europe	46	loss	gt	64	39148	191	1344	1.4004666646321615	56.8776406880613	56.3858279534795	53.06052	59.96059	481.73267	8025.0	559.42816	7465.571838378906
europe	46	loss	gt	64	22806	819	1344	1.4004666646321615	51.6102829937124	56.3147808499144	55.21397	58.79247	432.98624	24008.0	554.89026	23453.109741210938
europe	46	loss	gt	64	18206	880	1344	1.4004666646321615	60.7615887149824	38.583742198595	60.419636	49.095825	574.61865	28369.0	491.71774	27877.282257080078
europe	46	loss	gt	65	16550	697	1344	1.397306207815806	58.5093698927776	41.929790045762	58.486713	42.859745	54.090874	30376.0	495.52652	29880.47348022461
europe	46	loss	gt	65	25770	1180	1344	1.397306207815806	-0.89922859532587	48.1653612870039	1.7063143	45.57389	408.60275	21179.0	405.3867	20773.613311767578
europe	46	loss	gt	65	14394	1477	1344	1.397306207815806	62.870853667753	39.1246928584518	60.889416	38.190502	225.69374	33091.0	460.07812	32630.921875
europe	46	loss	gt	66	16256	302	1344	1.400702702999115	61.617101855413	42.2377966483683	63.83583	41.131462	253.05981	30739.0	364.8191	30374.180908203125
europe	46	loss	gt	66	7104	857	1344	1.400702702999115	58.6235681740933	34.3986196843035	58.261604	38.274357	229.0742	42128.0	336.97375	41791.02624511719
europe	46	loss	gt	66	30818	1278	1344	1.400702702999115	23.8887100180359	47.4006052665605	15.761569	48.456593	910.4072	16207.0	335.5112	15871.488800048828
europe	46	loss	gt	67	9318	154	1344	1.4004878163337708	57.9124112413997	39.419047351088	61.32598	39.162956	379.84406	39289.0	175.91663	39113.08337402344
europe	46	loss	gt	67	20056	1020	1344	1.4004878163337708	30.6564661125161	57.0848491249935	38.34997	49.3836	1108.0668	26681.0	176.70456	26504.295440673828
europe	46	loss	gt	67	29620	1283	1344	1.4004878163337708	18.8174867758209	51.3831200594489	23.063326	49.424408	514.0454	17370.0	162.57881	17207.421188354492
europe	46	loss	gt	68	36698	595	1344	1.3973437706629435	27.3657043934015	38.2588977663363	33.45838	39.150375	682.8371	10310.0	225.41174	10084.588256835938
europe	46	loss	gt	68	41524	814	1344	1.3973437706629435	19.5118291268948	46.9737142372247	25.29674	47.052204	643.3032	5482.0	251.57045	5230.429550170898
europe	46	loss	gt	68	32071	876	1344	1.3973437706629435	35.3107180080906	38.9708103501024	31.860466	39.201717	384.246	14954.0	223.23091	14730.769088745117
europe	46	loss	gt	69	16308	246	1344	1.400157908598582	63.0052883930909	37.9553487952806	59.819756	39.972046	370.065	30669.0	149.14789	30519.852111816406
europe	46	loss	gt	69	20697	339	1344	1.400157908598582	60.761223711425	36.9167535081999	63.090343	40.736687	327.044	25994.0	154.75386	25839.246139526367
europe	46	loss	gt	69	15341	924	1344	1.400157908598582	59.104244053058	40.1574256577991	56.828712	39.84518	253.69614	31828.0	145.76468	31682.235321044922
europe	46	loss	gt	70	43540	196	1344	2.3978354811668394	25.2288650413003	51.874253397936	28.444927	52.294758	360.03436	3122.0	477.60876	2644.3912353515625
europe	46	loss	gt	70	6759	878	1344	2.3978354811668394	51.0215659212981	33.3775683144714	55.776207	35.97442	555.9177	42567.0	399.47842	42167.521575927734
europe	46	loss	gt	70	26533	1117	1344	2.3978354811668394	44.6681899749903	55.0714090750925	39.639668	56.16923	566.40625	20434.0	532.1374	19901.86260986328
europe	46	loss	gt	71	32626	721	1344	1.4006819486618043	19.6555315982325	44.0336656251732	21.943584	44.363403	256.718	14400.0	266.36935	14133.630645751953
europe	46	loss	gt	71	44414	818	1344	1.4006819486618043	19.0355156249929	49.6692567821895	18.925764	51.551258	198.2656	2158.0	299.83136	1858.1686401367188
europe	46	loss	gt	71	13235	1077	1344	1.4006819486618043	63.4614580507288	37.6341050396161	61.63549	40.028763	237.2241	34430.0	303.86044	34126.139556884766
europe	46	loss	gt	72	41358	327	1344	1.400547162691752	9.70563284599875	52.2791013254469	13.273404	48.796146	548.973	5646.0	317.3465	5328.653503417969
europe	46	loss	gt	72	560	1086	1344	1.400547162691752	32.0121060792082	30.4653969291557	36.797035	29.567488	538.39014	50309.0	239.76591	50069.23408508301
europe	46	loss	gt	72	43630	1208	1344	1.400547162691752	23.8519628047214	51.5199878839635	22.20108	51.909435	187.84581	3030.0	352.50085	2677.4991455078125
europe	46	loss	gt	73	41996	729	1344	1.3973749995231628	28.9783301065986	48.893595412461	22.588404	45.41111	791.33325	4885.0	322.03094	4562.969055175781
europe	46	loss	gt	73	15771	1048	1344	1.3973749995231628	59.3049000291879	40.0967399840994	61.694435	40.491302	266.57962	31325.0	351.42224	30973.577758789062
europe	46	loss	gt	73	2342	1051	1344	1.3973749995231628	38.6937400161132	26.5062192443276	41.749153	31.919325	571.33905	48097.0	263.22595	47833.77404785156
europe	46	loss	gt	74	16661	496	1344	1.4001286387443543	56.2378442029786	41.712121451075	59.287415	40.145744	351.56937	30245.0	464.58322	29780.416778564453
europe	46	loss	gt	74	10516	759	1344	1.4001286387443543	61.6694741662679	38.5653111442788	61.466755	40.597504	109.91832	37801.0	473.25235	37327.747650146484
europe	46	loss	gt	74	31533	903	1344	1.4001286387443543	30.3084802007884	38.9935514917485	29.424204	41.072662	223.29066	15502.0	411.87665	15090.123352050781
europe	46	loss	gt	75	16816	25	1344	1.3973004857699076	56.9744200363919	38.6144334889621	57.63536	37.534573	98.01899	30054.0	369.73126	29684.26873779297
europe	46	loss	gt	75	6285	426	1344	1.3973004857699076	49.7282499073238	32.3068493467227	51.125317	31.793491	159.54543	43170.0	316.3109	42853.68908691406
europe	46	loss	gt	75	23123	769	1344	1.3973004857699076	38.4938188624319	39.0135420974688	37.507324	44.659332	506.62076	23750.0	382.8101	23367.189910888672
europe	46	loss	gt	76	22454	715	1344	1.4008368174235026	31.9188277621715	40.905748809388	39.060314	46.474155	940.1365	24350.0	281.1128	24068.88720703125
europe	46	loss	gt	76	20055	998	1344	1.4008368174235026	45.0878001365271	54.9037414213589	48.80825	53.486713	427.42905	26682.0	328.42624	26353.573760986328
europe	46	loss	gt	76	1418	1405	1344	1.4008368174235026	35.7176946200374	30.8688700136358	37.41429	32.16203	221.19041	49297.0	208.35295	49088.647048950195
europe	46	loss	gt	77	28121	157	1344	1.4007108807563782	33.0538043500846	56.0990220956335	40.369045	59.33411	862.8441	18887.0	308.92853	18578.07147216797
europe	46	loss	gt	77	18908	271	1344	1.4007108807563782	29.8537729156525	59.601579912272	59.367413	38.652115	3641.7856	27852.0	244.90135	27607.09864807129
europe	46	loss	gt	77	28115	1031	1344	1.4007108807563782	34.8332272140819	57.7636595115783	40.058537	57.75662	581.028	18890.0	300.77768	18589.22232055664
europe	46	loss	gt	78	7879	420	1344	1.3976351300875345	54.989622842949	38.3424496773879	59.58216	38.062355	510.94287	41099.0	408.5358	40690.46420288086
europe	46	loss	gt	78	24241	604	1344	1.3976351300875345	23.5763127772687	46.7494810222036	24.58036	40.14212	679.9303	22624.0	361.18655	22262.813446044922
europe	46	loss	gt	78	127	1252	1344	1.3976351300875345	31.8114429721999	30.6116344145386	28.06813	29.480024	430.27225	50886.0	282.65793	50603.3420715332
europe	46	loss	gt	79	17890	76	1344	1.4000057975451152	57.9543262703576	42.8991943212781	54.98957	37.611618	462.5011	28724.0	209.1747	28514.825302124023
europe	46	loss	gt	79	19948	250	1344	1.4000057975451152	38.2101449141647	38.3389329869541	54.09599	45.09079	1839.3425	26784.0	234.95166	26549.04833984375
europe	46	loss	gt	79	34854	440	1344	1.4000057975451152	49.2303236596422	58.0415409400303	39.127155	59.287594	1127.7634	12154.0	268.7992	11885.200805664062
europe	46	loss	gt	80	4218	59	1344	1.397272785504659	44.5203052817378	29.4660985788241	45.663624	28.704762	140.47676	45756.0	119.00983	45636.990173339844
europe	46	loss	gt	80	25403	964	1344	1.397272785504659	33.2666291494735	57.1904272955622	43.07203	61.340435	1148.6761	21546.0	198.66199	21347.338012695312
europe	46	loss	gt	80	1690	1386	1344	1.397272785504659	38.9286349421461	29.2180377210672	33.056267	27.321278	674.8577	48937.0	101.200325	48835.79967498779
europe	46	loss	gt	81	7192	205	1344	1.400850760936737	53.4127477583585	33.4056395863909	50.991333	34.51788	279.70538	42010.0	345.57144	41664.42855834961
europe	46	loss	gt	81	11404	613	1344	1.400850760936737	60.618646923642	42.2704758052198	57.62263	41.960045	333.6117	36728.0	408.99747	36319.002532958984
europe	46	loss	gt	81	36901	1279	1344	1.400850760936737	7.75187684714359	46.367607734186	8.087229	46.792686	59.85165	10107.0	355.76334	9751.23666381836
europe	46	loss	gt	82	30252	91	1344	1.4006790359814962	32.1948022092947	40.8263666787524	33.02236	37.41621	332.39227	16820.0	363.2044	16456.79559326172
europe	46	loss	gt	82	22694	966	1344	1.4006790359814962	39.0856074857051	37.2834854446089	33.0174	38.52446	683.8924	24123.0	372.57565	23750.424346923828
europe	46	loss	gt	82	512	1059	1344	1.4006790359814962	29.7424515522716	30.0639392541449	29.083347	31.62204	167.77248	50367.0	309.50388	50057.49612426758
europe	46	loss	gt	83	6000	416	1344	1.3973719477653503	52.5600337595578	30.6340413108501	57.906765	36.322628	694.84784	43549.0	292.39032	43256.60968017578
europe	46	loss	gt	83	8832	518	1344	1.3973719477653503	60.4091788144674	39.7511555580933	59.10959	39.725323	144.51517	39953.0	313.88776	39639.112243652344
europe	46	loss	gt	83	20511	1462	1344	1.3973719477653503	50.8834785974971	60.0886627400448	59.158607	39.57605	1588.4097	26200.0	312.28656	25887.713439941406
europe	46	loss	gt	84	22489	529	1344	1.4001486857732137	25.016772639471	50.6867858864473	59.00405	46.940037	3790.5657	24302.0	366.8489	23935.151092529297
europe	46	loss	gt	84	15003	646	1344	1.4001486857732137	61.0404819667293	39.3939958588496	60.099266	40.05258	110.66998	32279.0	332.13297	31946.86703491211
europe	46	loss	gt	84	25758	1484	1344	1.4001486857732137	21.1491621836816	41.5424652299799	21.594677	47.544018	623.38367	21194.0	318.41556	20875.584442138672
europe	46	loss	gt	85	12783	122	1344	1.3982678810755411	58.3956863241714	39.3050186958958	58.59048	39.326725	21.696768	34926.0	288.25992	34637.74008178711
europe	46	loss	gt	85	22451	436	1344	1.3982678810755411	31.1680337800479	38.4404125939192	30.752949	38.645714	50.135017	24354.0	240.27098	24113.72901916504
europe	46	loss	gt	85	16594	575	1344	1.3982678810755411	60.5245188575479	38.6426771015072	60.325882	42.380547	206.2963	30320.0	304.7119	30015.2880859375
europe	46	loss	gt	86	8133	444	1344	1.4011170625686646	59.3937609301873	39.5714978119557	57.02955	37.2435	296.10864	40813.0	307.54282	40505.45718383789
europe	46	loss	gt	86	14420	1388	1344	1.4011170625686646	57.6779642146306	40.0284882042109	60.63168	39.13532	332.35403	33056.0	321.86172	32734.138275146484
europe	46	loss	gt	86	45121	1402	1344	1.4011170625686646	10.953148408517	51.0025341418908	21.098185	49.95358	1133.6152	1267.0	325.43112	941.5688781738281
europe	46	loss	gt	87	2108	909	1344	1.4006688356399537	36.681966328076	28.0719310110859	42.345516	29.042048	635.21936	48361.0	238.18929	48122.81071472168
europe	46	loss	gt	87	19135	1317	1344	1.4006688356399537	38.7181880478641	59.0925290137479	49.39698	50.53615	1368.1702	27606.0	382.00803	27223.991973876953
europe	46	loss	gt	87	37700	1480	1344	1.4006688356399537	48.8904269910975	59.609401995274	51.88664	55.983517	420.69357	9404.0	419.03235	8984.967651367188
europe	46	loss	gt	88	11433	695	1344	1.397449513276418	62.9053089784978	38.0373707035056	59.978687	40.851532	358.0803	36700.0	232.45961	36467.54039001465
europe	46	loss	gt	88	17690	911	1344	1.397449513276418	59.5279368634159	40.8599786693553	53.175518	46.065475	775.1995	28961.0	240.53185	28720.468154907227
europe	46	loss	gt	88	11183	916	1344	1.397449513276418	60.3264655814706	38.0852247681693	59.14309	41.438442	229.36873	36972.0	232.45747	36739.54252624512
europe	46	loss	gt	89	11776	830	1344	1.4000550667444864	59.918581622629	39.3369979991895	60.20911	39.228302	32.86339	36212.0	401.65332	35810.3466796875
europe	46	loss	gt	89	20507	1209	1344	1.4000550667444864	52.3691640246555	57.1546620881454	48.419888	51.252888	606.13574	26201.0	466.56485	25734.435150146484
europe	46	loss	gt	89	38240	1374	1344	1.4000550667444864	35.8595302891731	37.1695770665751	30.159872	38.62186	648.0526	8896.0	338.06873	8557.931274414062
europe	46	loss	gt	90	1367	11	1344	1.3980388879776	36.3479143846692	31.6366235888778	43.9135	30.849691	843.89886	49348.0	378.91092	48969.08908081055
europe	46	loss	gt	90	10512	738	1344	1.3980388879776	62.9467993229409	38.9208975768011	60.815216	39.269146	237.72202	37805.0	492.49643	37312.50357055664
europe	46	loss	gt	90	37768	770	1344	1.3980388879776	30.3543638544334	58.7913725264386	47.960297	59.767666	1959.4565	9330.0	658.2982	8671.701782226562
europe	46	loss	gt	91	41744	591	1344	1.4013487776120503	17.3562232868628	48.9447584933681	21.067001	46.052685	512.27655	5223.0	372.594	4850.406005859375
europe	46	loss	gt	91	37828	1253	1344	1.4013487776120503	27.6452755755861	38.8489713758556	34.911922	36.92382	828.4103	9288.0	324.69888	8963.30111694336
europe	46	loss	gt	91	22123	1362	1344	1.4013487776120503	32.4196898216134	37.9711113229943	34.745193	35.668266	335.19705	24682.0	315.3612	24366.638793945312
europe	46	loss	gt	92	3053	107	1344	1.4024518529574077	42.5602581446502	32.2378142156357	38.75438	28.403225	532.5254	47248.0	192.99805	47055.001953125
europe	46	loss	gt	92	8560	1234	1344	1.4024518529574077	59.4090493324524	39.4394684825426	59.841408	39.492607	48.168743	40259.0	273.05295	39985.94705200195
europe	46	loss	gt	92	26437	1464	1344	1.4024518529574077	45.8724242260313	57.1448846660861	49.906662	55.39636	467.1127	20529.0	332.22058	20196.779418945312
europe	46	loss	gt	93	28992	379	1344	1.3971942861874898	17.6763830960745	45.1951364285902	6.8632793	48.618233	1258.3883	17977.0	195.52397	17781.476028442383
europe	46	loss	gt	93	11975	1201	1344	1.3971942861874898	61.8667845133972	42.1814564883432	55.769672	35.76567	771.22296	35932.0	205.34299	35726.65701293945
europe	46	loss	gt	93	35997	1297	1344	1.3971942861874898	45.8259336194753	57.0473578534791	49.454243	54.71614	439.57672	10986.0	271.04312	10714.95687866211
europe	46	loss	gt	94	5230	419	1344	2.4000020662943524	47.4612169783369	27.7807968375251	49.55184	35.073093	585.0473	44514.0	635.20325	43878.79675292969
europe	46	loss	gt	94	225	649	1344	2.4000020662943524	30.5476467932425	28.5267824490908	35.836388	32.484577	693.7111	50751.0	555.82513	50195.174865722656
europe	46	loss	gt	94	37916	1143	1344	2.4000020662943524	6.66015295749808	45.4602733760151	21.186882	44.975876	1616.139	9188.0	687.30273	8500.697265625
europe	46	loss	gt	95	810	454	1344	1.3971546649932862	32.6542692398227	29.7522443454417	34.632927	29.528246	220.99129	50003.0	348.3576	49654.64239501953
europe	46	loss	gt	95	25022	531	1344	1.3971546649932862	38.5175540744211	56.3236504406875	35.544502	57.039318	336.63342	21906.0	603.47327	21302.526733398438
europe	46	loss	gt	95	39292	1334	1344	1.3971546649932862	10.7677844147459	45.5361206019841	7.7797556	49.84823	578.1605	7858.0	478.87143	7379.128570556641
europe	46	loss	gt	96	43356	73	1344	1.4007519602775573	24.784820895427	49.7002452505462	28.150852	49.888332	374.75336	3296.0	445.1346	2850.8653869628906
europe	46	loss	gt	96	15410	292	1344	1.4007519602775573	60.7340740284351	41.4789564125037	60.55959	39.262352	122.36187	31762.0	416.62833	31345.371673583984
europe	46	loss	gt	96	16850	1144	1344	1.4007519602775573	57.1700775504198	42.0745217919429	58.2479	40.02168	170.96498	30003.0	414.8734	29588.126586914062
europe	46	loss	gt	97	42241	26	1344	1.4005669673283896	35.7339465218012	49.7445034257679	39.286762	56.22286	694.38574	4568.0	381.90952	4186.090484619141
europe	46	loss	gt	97	31133	548	1344	1.4005669673283896	23.1737091077761	47.3610419768415	21.462952	45.798466	249.03624	15895.0	296.30356	15598.69644165039
europe	46	loss	gt	97	3246	577	1344	1.4005669673283896	39.9219834964681	31.0281062279508	40.670048	30.573896	91.66755	47040.0	235.3046	46804.695404052734
