ind	co1	co2
22182	14.20688608155303	14.20688608155303
44312	15.367877657523588	15.367877657523588
36328	15.430393379604183	15.430393379604183
33946	14.267257188250296	14.267257188250296
38639	14.176864739622774	14.176864739622774
4639	14.739723480873604	14.739723480873604
29565	15.593127861958498	15.593127861958498
23163	14.568481600078707	14.568481600078707
7807	14.370842551256715	14.370842551256715
7572	15.212819760733277	15.212819760733277
1629	15.25596648699188	15.25596648699188
34120	15.128989343099445	15.128989343099445
45324	15.59789043926216	15.59789043926216
8016	15.345217987646242	15.345217987646242
20176	14.978242043068954	14.978242043068954
15384	14.657437213581673	14.657437213581673
34833	15.669824766357323	15.669824766357323
19888	14.755029910627082	14.755029910627082
29663	14.56049778775955	14.56049778775955
22812	14.362104478834754	14.362104478834754
20242	15.411164936440398	15.411164936440398
16659	14.160704805367281	14.160704805367281
6370	14.845147652813298	14.845147652813298
584	14.2539210036814	14.2539210036814
7822	14.752141197960556	14.752141197960556
39766	15.252404592920156	15.252404592920156
20389	14.883832524880313	14.883832524880313
29418	14.836085745500649	14.836085745500649
38264	15.842508990782191	15.842508990782191
2627	14.401255893492374	14.401255893492374
1423	14.489712789572353	14.489712789572353
2165	15.244817579185098	15.244817579185098
839	15.095896745603758	15.095896745603758
33622	15.4168002653181	15.4168002653181
5276	14.41510547240083	14.41510547240083
5419	15.87986597345537	15.87986597345537
29813	15.862172021505584	15.862172021505584
35963	15.786476467078831	15.786476467078831
30411	15.257277317693342	15.257277317693342
17299	14.579945411088822	14.579945411088822
20355	14.22294252739889	14.22294252739889
26395	15.458483140635852	15.458483140635852
29597	15.50280878641075	15.50280878641075
11187	14.611301570708825	14.611301570708825
22341	15.297149661945662	15.297149661945662
42137	15.080316282514369	15.080316282514369
28654	15.835907828342211	15.835907828342211
23841	15.769576079466596	15.769576079466596
43344	14.347484137576192	14.347484137576192
9818	15.369073984187613	15.369073984187613
36307	15.269283247238066	15.269283247238066
41188	15.692263235851055	15.692263235851055
11559	16.149672485028816	16.149672485028816
9257	15.41512950499112	15.41512950499112
9334	15.505338521073824	15.505338521073824
30345	14.704568370264022	14.704568370264022
33909	15.248499233793451	15.248499233793451
3773	15.355128337663926	15.355128337663926
32961	15.021892632464203	15.021892632464203
18474	15.005172799149005	15.005172799149005
21785	15.535137408860717	15.535137408860717
6146	15.317327880987655	15.317327880987655
3484	15.25638496402713	15.25638496402713
27441	15.214398849424342	15.214398849424342
30130	14.45584598904635	14.45584598904635
36776	15.417610894388973	15.417610894388973
43536	14.969672775140253	14.969672775140253
27339	14.721997938538244	14.721997938538244
19755	14.173653051543786	14.173653051543786
13561	15.044790268216413	15.044790268216413
38844	14.840893223475401	14.840893223475401
44568	14.816691287155683	14.816691287155683
33071	14.9563710899356	14.9563710899356
40682	15.479972406736978	15.479972406736978
15450	15.19734938689107	15.19734938689107
36493	14.870356415461643	14.870356415461643
2885	15.190558166514604	15.190558166514604
31758	15.191814543877554	15.191814543877554
36397	14.623484589707077	14.623484589707077
35965	15.325475807853103	15.325475807853103
18776	14.056567625805348	14.056567625805348
1991	15.142945028381133	15.142945028381133
25848	15.518018630626866	15.518018630626866
5208	15.24505044410419	15.24505044410419
27554	16.043179580808122	16.043179580808122
42178	15.07795021812118	15.07795021812118
13553	14.592178820261553	14.592178820261553
3098	14.586990025988415	14.586990025988415
32049	14.578572028112205	14.578572028112205
5178	15.008417429322611	15.008417429322611
3696	14.74348665608415	14.74348665608415
26932	14.597024503671177	14.597024503671177
25545	13.926762721644092	13.926762721644092
41329	16.082255166795374	16.082255166795374
41164	15.040688900395512	15.040688900395512
16467	15.475314231953863	15.475314231953863
7358	14.932479603155338	14.932479603155338
34336	14.19970002039166	14.19970002039166
13667	14.391658623627398	14.391658623627398
23260	15.67800097853618	15.67800097853618
40055	13.670687788712806	13.670687788712806
21333	15.366785030186627	15.366785030186627
13241	14.67367957614583	14.67367957614583
4330	15.362947517533529	15.362947517533529
34571	16.092058171489136	16.092058171489136
45310	15.074300695980558	15.074300695980558
32180	15.60990282824141	15.60990282824141
24328	15.104578228346853	15.104578228346853
30623	15.964052466860458	15.964052466860458
17667	14.32871554185404	14.32871554185404
18744	14.75050829664416	14.75050829664416
44597	15.5893100214182	15.5893100214182
43515	14.994816174037302	14.994816174037302
12640	14.288619744468624	14.288619744468624
13821	14.348421510937706	14.348421510937706
24921	15.39737371121461	15.39737371121461
5353	14.753167465736906	14.753167465736906
6356	14.53348654123547	14.53348654123547
1813	14.957685055858258	14.957685055858258
22807	14.458754719774161	14.458754719774161
34197	14.64663292801106	14.64663292801106
45243	14.840689051965926	14.840689051965926
41990	15.06454949455393	15.06454949455393
17724	14.979738825462512	14.979738825462512
17478	15.214124302808427	15.214124302808427
17328	14.872497554275165	14.872497554275165
35362	14.41163189353235	14.41163189353235
4119	15.523954983576724	15.523954983576724
28558	15.21018334633432	15.21018334633432
45164	14.96522617652249	14.96522617652249
31218	14.764085093869115	14.764085093869115
25325	14.053467833529417	14.053467833529417
44618	14.90747785586521	14.90747785586521
15250	14.758157901246534	14.758157901246534
3456	14.70744044571004	14.70744044571004
12423	14.194972489152674	14.194972489152674
17580	15.032933095150977	15.032933095150977
45072	15.697643271013487	15.697643271013487
21700	14.992703533259009	14.992703533259009
41043	15.73046953637774	15.73046953637774
19356	15.134212702439408	15.134212702439408
26721	15.083880141731594	15.083880141731594
15498	15.313380719922105	15.313380719922105
5492	14.968239265194482	14.968239265194482
44159	15.416595633635728	15.416595633635728
26299	14.55562452317634	14.55562452317634
14699	15.016196626285257	15.016196626285257
9385	15.213996211141959	15.213996211141959
583	14.079873394664467	14.079873394664467
22183	15.72339307166079	15.72339307166079
13992	15.638070434279896	15.638070434279896
31336	14.701008735738366	14.701008735738366
40455	14.841077201382385	14.841077201382385
21416	14.410018936629253	14.410018936629253
18036	15.688416045255495	15.688416045255495
19203	14.074323842399611	14.074323842399611
33686	14.815470652401654	14.815470652401654
26188	15.375218476356268	15.375218476356268
28631	15.02117210654283	15.02117210654283
27655	14.53312384673422	14.53312384673422
44308	14.682129294977761	14.682129294977761
1306	14.37643483379226	14.37643483379226
22662	14.434564803622042	14.434564803622042
11751	14.675768368185471	14.675768368185471
31156	14.718884694873562	14.718884694873562
7343	14.715488222492061	14.715488222492061
28577	15.759743059421938	15.759743059421938
4676	15.14671105485138	15.14671105485138
13581	15.291220629100778	15.291220629100778
39875	15.938110916056154	15.938110916056154
13457	14.529127668934386	14.529127668934386
8132	14.841387401431817	14.841387401431817
40421	14.69761888516457	14.69761888516457
17887	15.676697923238821	15.676697923238821
8502	13.899363070665443	13.899363070665443
10152	14.435995393360106	14.435995393360106
38881	15.554296555150861	15.554296555150861
5042	15.565784126408666	15.565784126408666
32778	15.305477240014714	15.305477240014714
38261	14.64576493037721	14.64576493037721
33422	15.43955643357756	15.43955643357756
43489	15.250014030687343	15.250014030687343
22568	14.406031001512945	14.406031001512945
23189	15.234750695332094	15.234750695332094
24360	14.853195758083812	14.853195758083812
38505	14.523185009790947	14.523185009790947
14610	14.472717085529174	14.472717085529174
34859	14.90130969405443	14.90130969405443
6292	15.694038383924486	15.694038383924486
36241	15.716406431293048	15.716406431293048
44677	15.920162740696188	15.920162740696188
40274	15.096518595247392	15.096518595247392
1622	15.528880681887054	15.528880681887054
32213	15.194685976977581	15.194685976977581
23061	14.722582481528068	14.722582481528068
18954	14.797860122155878	14.797860122155878
7344	14.997267346681692	14.997267346681692
29777	14.875233605559648	14.875233605559648
29161	15.002144639357127	15.002144639357127
19525	15.26451429121247	15.26451429121247
44648	14.599380351760667	14.599380351760667
30132	15.166378341684629	15.166378341684629
34363	15.3345213882869	15.3345213882869
14393	14.897603183784112	14.897603183784112
42589	15.365729606673362	15.365729606673362
34251	14.791882363781397	14.791882363781397
38228	14.693684728076658	14.693684728076658
6983	15.043310747978724	15.043310747978724
38982	15.666691806648444	15.666691806648444
751	14.217811360459848	14.217811360459848
44961	15.69617445575058	15.69617445575058
19560	15.309763628833155	15.309763628833155
16354	15.025365057979386	15.025365057979386
30590	15.102679676287794	15.102679676287794
11992	14.844770963216412	14.844770963216412
16787	15.287741524007817	15.287741524007817
33863	15.306553645516452	15.306553645516452
26559	15.278644848729357	15.278644848729357
24494	15.328948143000122	15.328948143000122
22084	15.234891692424025	15.234891692424025
2163	15.824071852383543	15.824071852383543
44537	15.927269946884374	15.927269946884374
38387	14.885417304254593	14.885417304254593
7548	15.160877802708365	15.160877802708365
39157	15.935867255416802	15.935867255416802
4595	14.273458431232594	14.273458431232594
32299	14.656048286145065	14.656048286145065
40024	14.902117024020614	14.902117024020614
41559	14.24947046159317	14.24947046159317
20081	14.725894594837639	14.725894594837639
15924	15.378872323721009	15.378872323721009
20419	15.18916544516964	15.18916544516964
34631	14.972251376752697	14.972251376752697
23115	14.83787618946619	14.83787618946619
45246	14.958162323873742	14.958162323873742
7439	15.411520277960037	15.411520277960037
5637	14.488149455515106	14.488149455515106
31098	14.585211413661405	14.585211413661405
5852	14.62996581973987	14.62996581973987
35062	14.647771650966682	14.647771650966682
41891	15.056494146054284	15.056494146054284
26561	15.825569039310261	15.825569039310261
40752	15.198152022016624	15.198152022016624
18058	15.303545799150836	15.303545799150836
685	14.186883792830866	14.186883792830866
12026	15.716373703765173	15.716373703765173
42405	13.921832213591014	13.921832213591014
14278	14.727268580845342	14.727268580845342
6841	15.802757422315448	15.802757422315448
9003	14.668308376612101	14.668308376612101
15276	15.18391691673955	15.18391691673955
29596	15.4800183754214	15.4800183754214
29738	15.520035659419174	15.520035659419174
38875	14.693403605788616	14.693403605788616
13535	15.361244044703641	15.361244044703641
125	15.51464774587906	15.51464774587906
35088	15.262592496163057	15.262592496163057
17123	15.523883391589184	15.523883391589184
30344	15.540241445321954	15.540241445321954
10658	14.978150696177343	14.978150696177343
435	15.11540620812731	15.11540620812731
25629	14.262654030372548	14.262654030372548
40748	15.139417093630708	15.139417093630708
17231	14.632286620827417	14.632286620827417
11362	14.506612546165929	14.506612546165929
34309	14.784710347576002	14.784710347576002
18108	14.77372174311109	14.77372174311109
28080	15.7574490091804	15.7574490091804
29033	14.525945828534072	14.525945828534072
37853	15.187082399451295	15.187082399451295
24761	15.742765388467928	15.742765388467928
44904	14.593901480796577	14.593901480796577
21650	15.899414042120481	15.899414042120481
19385	15.41681770086233	15.41681770086233
20881	14.858058799599	14.858058799599
41791	15.888157333347241	15.888157333347241
2062	14.859297047543148	14.859297047543148
30419	15.495912316326981	15.495912316326981
37086	14.150566405136669	14.150566405136669
41850	14.971222856070067	14.971222856070067
6191	14.502667486173943	14.502667486173943
15144	14.204424625968157	14.204424625968157
15001	15.37529435319445	15.37529435319445
31533	15.139462858651651	15.139462858651651
10121	15.135273056077821	15.135273056077821
80	15.576920493701119	15.576920493701119
9074	15.082905795864322	15.082905795864322
22086	15.90067795215062	15.90067795215062
27029	14.399494686121198	14.399494686121198
26898	14.887366697648142	14.887366697648142
8385	14.581679498836658	14.581679498836658
43976	14.951376297413194	14.951376297413194
11828	14.897010414277686	14.897010414277686
42998	14.335659770193626	14.335659770193626
20646	14.571227724381224	14.571227724381224
1647	15.418910946133217	15.418910946133217
7338	16.012338754024892	16.012338754024892
7569	15.22359548884061	15.22359548884061
4379	14.025476311111651	14.025476311111651
27112	14.89437782372176	14.89437782372176
9439	15.027046355919637	15.027046355919637
42347	15.582538456989786	15.582538456989786
2572	15.607545480633432	15.607545480633432
15983	14.372891256215153	14.372891256215153
35035	15.04818419394496	15.04818419394496
13726	14.847091364126237	14.847091364126237
5842	14.34417027230607	14.34417027230607
16512	15.255148109509227	15.255148109509227
23561	14.539924809053204	14.539924809053204
36550	14.839733854069149	14.839733854069149
43191	15.278981972533936	15.278981972533936
6009	14.391780460909372	14.391780460909372
3429	15.778534172182457	15.778534172182457
12867	15.01188715161877	15.01188715161877
1233	15.459958409786205	15.459958409786205
42786	14.087168762692635	14.087168762692635
4356	14.448806970257303	14.448806970257303
45051	16.009428246776732	16.009428246776732
45333	15.206282686956467	15.206282686956467
2740	15.564311773665532	15.564311773665532
23106	14.991835748884556	14.991835748884556
29978	15.837713399359076	15.837713399359076
17721	13.874316470359616	13.874316470359616
2085	14.386727204961513	14.386727204961513
12864	14.996259579963416	14.996259579963416
7251	15.393932211917475	15.393932211917475
10660	14.941991670002093	14.941991670002093
34045	14.625341862466795	14.625341862466795
40845	14.74909375608175	14.74909375608175
20246	14.942477878440954	14.942477878440954
38265	15.434963641669189	15.434963641669189
14998	14.721862519572971	14.721862519572971
4646	15.406102609035452	15.406102609035452
9285	15.338644777763703	15.338644777763703
6840	15.033618449547385	15.033618449547385
40573	14.94544636686019	14.94544636686019
3652	14.834832407852975	14.834832407852975
8078	16.48870545670187	16.48870545670187
19355	15.00721112567466	15.00721112567466
10334	15.52768072443495	15.52768072443495
1003	15.12321402253947	15.12321402253947
32809	15.238378810808754	15.238378810808754
45050	15.440239736882463	15.440239736882463
8592	15.325915651126442	15.325915651126442
4469	14.962841574330122	14.962841574330122
2836	14.858813367417373	14.858813367417373
14558	15.245760235420363	15.245760235420363
12919	15.452979210553279	15.452979210553279
3024	15.34337202913414	15.34337202913414
13138	14.614712539751244	14.614712539751244
42883	15.186120573001913	15.186120573001913
7715	15.230598390138464	15.230598390138464
10292	15.426736071964697	15.426736071964697
30449	14.391374928632223	14.391374928632223
24395	14.375379006288139	14.375379006288139
35430	15.499289496840227	15.499289496840227
27143	15.191918234767947	15.191918234767947
12173	14.932880377693403	14.932880377693403
27526	15.262420507018712	15.262420507018712
5497	15.520144495962711	15.520144495962711
14664	14.557862412322125	14.557862412322125
3795	15.26772610871231	15.26772610871231
17431	15.727776199245982	15.727776199245982
13107	15.496963097074138	15.496963097074138
22993	15.072053681001355	15.072053681001355
36051	14.880930207100649	14.880930207100649
10611	15.299079099636668	15.299079099636668
44316	15.742358598558607	15.742358598558607
39614	14.756986406900122	14.756986406900122
35671	13.843176741325893	13.843176741325893
35346	14.373961371086883	14.373961371086883
20490	15.084558640333784	15.084558640333784
44192	14.53717890577901	14.53717890577901
5989	14.563900140453262	14.563900140453262
1995	14.045374139088251	14.045374139088251
13956	15.285119070794165	15.285119070794165
14313	15.238042865152684	15.238042865152684
17048	14.766274343652125	14.766274343652125
22454	15.288250626456223	15.288250626456223
42968	15.044194949843579	15.044194949843579
20784	15.323317245181299	15.323317245181299
10335	15.485758026786977	15.485758026786977
12195	15.715579706839653	15.715579706839653
42490	15.231300944033034	15.231300944033034
20238	15.06683414928312	15.06683414928312
22250	15.491168022070635	15.491168022070635
8506	14.629599737726988	14.629599737726988
20932	15.412886481697258	15.412886481697258
27926	14.886716078841388	14.886716078841388
43821	14.954878847651374	14.954878847651374
44853	15.907198200303693	15.907198200303693
3354	15.513622055308517	15.513622055308517
4885	15.052228711495756	15.052228711495756
13578	14.552748524766434	14.552748524766434
2996	15.5752475843982	15.5752475843982
39932	15.087257169941639	15.087257169941639
25289	14.941354801081927	14.941354801081927
33635	14.5705970857545	14.5705970857545
43622	14.555608897013299	14.555608897013299
41185	14.48943186338491	14.48943186338491
1731	15.241569000538595	15.241569000538595
32650	15.205807217675504	15.205807217675504
925	15.192052433234828	15.192052433234828
31071	14.815752802457864	14.815752802457864
24959	14.086450537050066	14.086450537050066
33740	14.767368886724567	14.767368886724567
31890	14.978685057165615	14.978685057165615
20853	14.918285458807716	14.918285458807716
6264	14.313409665412872	14.313409665412872
13111	15.672896781934686	15.672896781934686
1695	14.882298346406667	14.882298346406667
35185	14.435097336144707	14.435097336144707
33378	14.973874902558167	14.973874902558167
7279	13.962030334910692	13.962030334910692
9258	15.281546731417189	15.281546731417189
24534	14.802848144960466	14.802848144960466
23721	15.641055522728925	15.641055522728925
10472	14.808009272889004	14.808009272889004
5568	15.174786842171203	15.174786842171203
16682	14.203112479797824	14.203112479797824
45223	15.929547206492279	15.929547206492279
35456	14.266424680121279	14.266424680121279
42218	15.29643353291321	15.29643353291321
14343	15.214579436881165	15.214579436881165
13328	15.029862093712724	15.029862093712724
33685	14.45983775565238	14.45983775565238
2790	15.18980904542518	15.18980904542518
35494	13.652719817760985	13.652719817760985
33022	14.84545193239513	14.84545193239513
5751	15.198497134645503	15.198497134645503
24762	15.168641152236924	15.168641152236924
43514	15.227914870718283	15.227914870718283
11518	14.917316907583208	14.917316907583208
18914	14.929059929344469	14.929059929344469
15273	15.903229527076299	15.903229527076299
11051	15.176128785685602	15.176128785685602
10469	14.188553112826153	14.188553112826153
41794	15.010196244710698	15.010196244710698
5560	14.687774259041907	14.687774259041907
9895	14.08530942871212	14.08530942871212
36082	13.927753046704966	13.927753046704966
29590	14.814441729246559	14.814441729246559
42853	15.61908995877401	15.61908995877401
10063	14.765441268372589	14.765441268372589
16911	14.541884318139411	14.541884318139411
5757	15.360800758635587	15.360800758635587
31216	16.185582040098176	16.185582040098176
10818	14.932190040008713	14.932190040008713
45148	15.387191769352716	15.387191769352716
25876	14.178886310109775	14.178886310109775
28044	14.400509500035076	14.400509500035076
34896	14.878324950532274	14.878324950532274
15851	14.644533555227321	14.644533555227321
8394	15.040636628523837	15.040636628523837
28223	14.762376596748693	14.762376596748693
15472	14.808611483505219	14.808611483505219
253	14.298988156292355	14.298988156292355
29278	14.587397766643088	14.587397766643088
18117	15.1949580144079	15.1949580144079
28769	15.341338997996479	15.341338997996479
43608	14.862163225945517	14.862163225945517
28794	16.095620350021285	16.095620350021285
8434	14.897077626448095	14.897077626448095
19638	14.880242530575886	14.880242530575886
6433	16.901888401307158	16.901888401307158
30269	15.562536742185117	15.562536742185117
23629	14.802076650010793	14.802076650010793
43227	15.373400248092333	15.373400248092333
35997	14.422887336576327	14.422887336576327
13240	15.21502178033616	15.21502178033616
45093	16.222911436834995	16.222911436834995
21679	15.075105797784454	15.075105797784454
17203	15.442774733359116	15.442774733359116
16125	14.676972715278005	14.676972715278005
10630	15.152737255372207	15.152737255372207
14703	14.697516593540188	14.697516593540188
10691	15.270553608119315	15.270553608119315
4999	14.415048396402513	14.415048396402513
27229	14.454362500981768	14.454362500981768
20566	15.031490262616472	15.031490262616472
5592	15.085785286305509	15.085785286305509
38523	15.206040698186873	15.206040698186873
5429	14.466303120028373	14.466303120028373
38470	15.17624955782841	15.17624955782841
23724	14.236302701717797	14.236302701717797
25226	15.621681145382347	15.621681145382347
310	15.130008661501437	15.130008661501437
41735	15.138699833974131	15.138699833974131
9254	14.853346208119563	14.853346208119563
16981	15.188519783876409	15.188519783876409
5471	14.911640112186351	14.911640112186351
36592	14.48941684957761	14.48941684957761
2816	15.17448856255073	15.17448856255073
28341	15.918314333167517	15.918314333167517
23110	14.399186597203165	14.399186597203165
34142	15.117357663158856	15.117357663158856
17976	14.600400627163092	14.600400627163092
32094	14.838046990148491	14.838046990148491
22484	15.104592761603213	15.104592761603213
39317	14.372805456957904	14.372805456957904
4739	14.475320067248283	14.475320067248283
14595	16.492707655664	16.492707655664
27523	14.647593874623944	14.647593874623944
17794	14.72818525448346	14.72818525448346
19704	15.443345633344777	15.443345633344777
12167	14.907096947582431	14.907096947582431
12709	15.020039711619244	15.020039711619244
4051	15.135782344941951	15.135782344941951
31186	15.389835829243387	15.389835829243387
13724	15.181880290819002	15.181880290819002
27832	15.0619198844649	15.0619198844649
1773	15.499122001170864	15.499122001170864
42889	14.954103859724745	14.954103859724745
23027	15.140631753101491	15.140631753101491
22936	14.614167486218271	14.614167486218271
16980	15.351964491221068	15.351964491221068
36710	15.430897966054701	15.430897966054701
28821	14.823654050805967	14.823654050805967
25898	14.359963458984327	14.359963458984327
1578	14.568412539436137	14.568412539436137
7461	14.805175171895135	14.805175171895135
14581	14.21781090355095	14.21781090355095
7363	15.009193790113095	15.009193790113095
33250	16.15505546485782	16.15505546485782
44791	14.928616298001641	14.928616298001641
22852	15.201984609842656	15.201984609842656
18136	15.154762022413804	15.154762022413804
8127	15.882270632151053	15.882270632151053
5499	14.808045872073563	14.808045872073563
36819	14.9122671632942	14.9122671632942
44852	14.948180690046454	14.948180690046454
4828	15.370632338198131	15.370632338198131
45328	15.338688478408727	15.338688478408727
19035	15.293137388454799	15.293137388454799
38068	15.92613431287836	15.92613431287836
23633	14.468607488541045	14.468607488541045
26292	14.605547915454633	14.605547915454633
6765	15.007679939577244	15.007679939577244
5707	15.008436135820517	15.008436135820517
1997	14.578164678054799	14.578164678054799
35040	14.926959851841078	14.926959851841078
27028	15.13566182083615	15.13566182083615
8414	16.268097756243527	16.268097756243527
36329	15.508929917491779	15.508929917491779
34797	15.15291505382529	15.15291505382529
44369	16.171391262527724	16.171391262527724
24789	14.311124574188595	14.311124574188595
28635	14.969652766638854	14.969652766638854
952	14.973979175283336	14.973979175283336
719	15.270570133322163	15.270570133322163
39495	15.10976266084793	15.10976266084793
17867	15.361041359229006	15.361041359229006
15497	15.808100418501345	15.808100418501345
11821	15.509814998239284	15.509814998239284
41486	14.961970585730985	14.961970585730985
25540	15.007081029785432	15.007081029785432
29442	14.4748469386554	14.4748469386554
4052	15.958352641970315	15.958352641970315
21477	14.817807440575338	14.817807440575338
30180	14.856115767756581	14.856115767756581
16409	14.807875909727494	14.807875909727494
1230	15.044610778479806	15.044610778479806
1305	15.924590556144786	15.924590556144786
40031	15.159988201410597	15.159988201410597
13556	14.702495799689318	14.702495799689318
1771	15.272714501600534	15.272714501600534
22308	15.07533210280368	15.07533210280368
11477	14.353853075167462	14.353853075167462
6267	15.37857294796617	15.37857294796617
30309	14.873708553203224	14.873708553203224
29774	14.684523050009304	14.684523050009304
14150	15.184432451863183	15.184432451863183
15328	14.964972184006491	14.964972184006491
20038	14.344593034235231	14.344593034235231
29884	15.005270746018937	15.005270746018937
11079	14.919560985102436	14.919560985102436
17844	15.190155901759196	15.190155901759196
33598	14.290821216463492	14.290821216463492
16102	15.198319607547248	15.198319607547248
6461	15.389353357952876	15.389353357952876
28283	14.923724962854534	14.923724962854534
29185	15.135500677184831	15.135500677184831
19528	15.644323016549926	15.644323016549926
25120	14.874231096381951	14.874231096381951
13134	14.793262546343547	14.793262546343547
12323	15.15530540683437	15.15530540683437
10692	15.055475397679128	15.055475397679128
267	13.998815584365248	13.998815584365248
1346	14.611230617734218	14.611230617734218
2635	15.042586933879123	15.042586933879123
4409	14.592136919117117	14.592136919117117
18916	14.737987913476614	14.737987913476614
35923	14.935937451846376	14.935937451846376
2543	15.31144125613205	15.31144125613205
37124	15.841162279973032	15.841162279973032
32339	15.354110349804884	15.354110349804884
23363	15.604455105151205	15.604455105151205
29810	14.544210290006243	14.544210290006243
9994	14.450736869441174	14.450736869441174
20690	15.01507607737239	15.01507607737239
28257	15.534682516140212	15.534682516140212
42685	14.874770654856409	14.874770654856409
17471	15.229171110417258	15.229171110417258
34148	15.050479547412264	15.050479547412264
754	15.12620202212483	15.12620202212483
16740	15.466761950962105	15.466761950962105
2158	16.140580589443964	16.140580589443964
5374	14.591090058982392	14.591090058982392
11543	15.783408282672397	15.783408282672397
6949	14.972286161472635	14.972286161472635
15648	15.499898944666297	15.499898944666297
15350	15.61287601516889	15.61287601516889
24630	14.641109363114078	14.641109363114078
23509	14.725979700780686	14.725979700780686
5593	14.862410664694119	14.862410664694119
33476	14.628590297839677	14.628590297839677
44625	15.572974546785012	15.572974546785012
25129	15.069067421495257	15.069067421495257
5596	14.771750639363082	14.771750639363082
34572	15.640245810310784	15.640245810310784
4610	15.35549903693816	15.35549903693816
40027	15.022692799464211	15.022692799464211
42939	16.04885856196484	16.04885856196484
998	15.738852665703067	15.738852665703067
41093	14.130124492017673	14.130124492017673
25601	14.68320417991401	14.68320417991401
10194	14.3424524283442	14.3424524283442
8173	14.953290327455719	14.953290327455719
16633	15.71178296260268	15.71178296260268
184	14.255308602005426	14.255308602005426
7047	15.513155226934972	15.513155226934972
12970	15.202551397838617	15.202551397838617
17404	14.783423421647575	14.783423421647575
36627	14.708104261744598	14.708104261744598
13108	15.100779752142484	15.100779752142484
19835	13.773810732252707	13.773810732252707
16152	14.401012794114715	14.401012794114715
35401	15.509668512595136	15.509668512595136
28890	15.063695779131349	15.063695779131349
39477	14.478813867008961	14.478813867008961
13208	15.121702238738855	15.121702238738855
4257	14.788403033847644	14.788403033847644
15857	15.061061725428992	15.061061725428992
10878	15.387566360921406	15.387566360921406
11848	14.258616270741138	14.258616270741138
96	15.463953622218288	15.463953622218288
7340	14.023360209429297	14.023360209429297
26070	15.479780312086978	15.479780312086978
38412	14.220066405570295	14.220066405570295
28075	15.10071084663038	15.10071084663038
8790	14.949628864082669	14.949628864082669
40721	14.800172736499054	14.800172736499054
23259	14.961193927553744	14.961193927553744
43787	14.302973956274203	14.302973956274203
26653	14.213727241307634	14.213727241307634
3797	15.407707401594134	15.407707401594134
32931	13.918787044135978	13.918787044135978
19636	14.104615869828166	14.104615869828166
42880	15.186688198841928	15.186688198841928
20349	15.130606834507972	15.130606834507972
32277	15.747277272268398	15.747277272268398
31793	15.437102165463285	15.437102165463285
24531	14.737022690526949	14.737022690526949
1377	15.000708567974602	15.000708567974602
17864	16.011217416913176	16.011217416913176
24148	15.50886547057328	15.50886547057328
45242	14.671565958388848	14.671565958388848
26526	14.180998808954254	14.180998808954254
16378	14.987816165747729	14.987816165747729
9866	15.01477223948127	15.01477223948127
117	14.203660745821658	14.203660745821658
6077	15.153488442407102	15.153488442407102
5201	14.957198546087016	14.957198546087016
5351	14.496274302695106	14.496274302695106
4091	15.478262633256541	15.478262633256541
27031	15.424500002553435	15.424500002553435
19823	13.815587214662349	13.815587214662349
17744	14.70493520778068	14.70493520778068
11058	15.041740450245571	15.041740450245571
5970	14.788039406937406	14.788039406937406
6935	14.890844683878568	14.890844683878568
25988	14.797141628749108	14.797141628749108
24295	14.451218881848607	14.451218881848607
36751	15.603848162849408	15.603848162849408
15201	14.236602564707576	14.236602564707576
22871	15.157111427072703	15.157111427072703
45035	14.79108105269603	14.79108105269603
20036	14.479665213455448	14.479665213455448
34601	15.051789885829848	15.051789885829848
23787	15.39220107876269	15.39220107876269
7674	16.359548006961766	16.359548006961766
39549	14.410520010798193	14.410520010798193
21448	15.078588274816283	15.078588274816283
1677	14.715082968926794	14.715082968926794
10385	14.565091349907991	14.565091349907991
15927	15.293646629782483	15.293646629782483
40220	14.279451243725802	14.279451243725802
29130	15.214327752322568	15.214327752322568
17281	14.813044817361293	14.813044817361293
15686	15.575652455271099	15.575652455271099
26621	14.662346462366468	14.662346462366468
19612	14.212115272017465	14.212115272017465
34720	14.685374223536362	14.685374223536362
13963	14.569724688089781	14.569724688089781
7714	15.578176814559733	15.578176814559733
44877	14.942382653030391	14.942382653030391
23137	15.72468052073412	15.72468052073412
35305	15.183005350260565	15.183005350260565
1179	15.179117786608675	15.179117786608675
27917	14.84255816013179	14.84255816013179
34121	15.284859230145239	15.284859230145239
14849	14.954653682128077	14.954653682128077
10565	15.72590070370488	15.72590070370488
2995	15.742856450902417	15.742856450902417
43312	14.541187200078591	14.541187200078591
7914	14.697555034096675	14.697555034096675
40901	15.632000694804097	15.632000694804097
11675	13.71284808617688	13.71284808617688
12869	14.093790773872707	14.093790773872707
23938	14.681101223824387	14.681101223824387
2911	14.600912293576059	14.600912293576059
16171	15.020671823479258	15.020671823479258
3210	15.554895626092136	15.554895626092136
21329	15.579329666483277	15.579329666483277
18651	15.660848641164959	15.660848641164959
38223	14.793991129761217	14.793991129761217
5427	14.423149024342843	14.423149024342843
12028	14.425024021033167	14.425024021033167
5304	15.300269751057979	15.300269751057979
35862	14.495125866533632	14.495125866533632
4095	14.956415430738907	14.956415430738907
27082	14.527156890551352	14.527156890551352
43218	15.368508809217136	15.368508809217136
34039	15.176159493108013	15.176159493108013
23785	15.399337011913227	15.399337011913227
31988	14.57632142469225	14.57632142469225
6625	14.519376345205663	14.519376345205663
24077	15.090870554590488	15.090870554590488
7769	14.560245802158768	14.560245802158768
3408	14.423704584740289	14.423704584740289
30303	15.734121655715885	15.734121655715885
28555	15.641153125666296	15.641153125666296
40181	16.27778807913493	16.27778807913493
35013	14.884361371096661	14.884361371096661
24179	14.626938777788231	14.626938777788231
35891	14.944668117191254	14.944668117191254
18141	14.746955046104386	14.746955046104386
25985	15.185759628765629	15.185759628765629
27352	14.551285323162118	14.551285323162118
27929	15.219336931630917	15.219336931630917
6975	14.42197083785852	14.42197083785852
2500	15.446170681266384	15.446170681266384
4612	14.244900674598794	14.244900674598794
33042	14.770470430352727	14.770470430352727
29985	15.358124218934924	15.358124218934924
8981	15.090926314497583	15.090926314497583
14818	15.731693773175536	15.731693773175536
36944	15.631046093795407	15.631046093795407
5016	14.52408027311136	14.52408027311136
17184	14.964039505308989	14.964039505308989
31855	15.693073892667142	15.693073892667142
1316	14.552316440720992	14.552316440720992
4118	14.48855788243091	14.48855788243091
22727	16.14277971332551	16.14277971332551
4992	14.71828288566942	14.71828288566942
21087	15.27615884369084	15.27615884369084
19205	15.771030215321673	15.771030215321673
2307	14.318605127184743	14.318605127184743
28246	15.23137181018528	15.23137181018528
44653	14.474537899610148	14.474537899610148
33893	14.829369604068278	14.829369604068278
18556	15.662702469014144	15.662702469014144
12996	14.985216208877944	14.985216208877944
17209	14.750696600543149	14.750696600543149
37880	15.500518356144223	15.500518356144223
33106	14.799492886826602	14.799492886826602
24995	14.546503418684456	14.546503418684456
38674	13.84824602932312	13.84824602932312
16314	14.55806441744288	14.55806441744288
37118	13.992946701265078	13.992946701265078
2164	15.041887474862977	15.041887474862977
29159	14.432488768944202	14.432488768944202
38847	15.1531182265078	15.1531182265078
24327	14.845151329476828	14.845151329476828
45254	14.901119806523608	14.901119806523608
3230	15.235687105539922	15.235687105539922
20326	15.421129878904019	15.421129878904019
13870	14.679434076956834	14.679434076956834
44220	14.628228429110875	14.628228429110875
44924	14.751713655369251	14.751713655369251
16997	15.015031575897977	15.015031575897977
15448	14.375550070400928	14.375550070400928
8932	15.376202779649013	15.376202779649013
337	14.949425050768498	14.949425050768498
38472	15.292660041223101	15.292660041223101
44031	14.333713016022735	14.333713016022735
37912	15.7369099664944	15.7369099664944
10467	15.215207725897972	15.215207725897972
358	14.858039531090894	14.858039531090894
4219	14.617067995128508	14.617067995128508
44809	15.179194568000126	15.179194568000126
11516	14.56486481892167	14.56486481892167
16197	14.993682281572575	14.993682281572575
2634	15.007728180306628	15.007728180306628
14540	15.319644436683525	15.319644436683525
2890	14.537194970748802	14.537194970748802
10820	15.260087035257307	15.260087035257307
24626	14.397100505070432	14.397100505070432
2301	14.735069895546442	14.735069895546442
17766	14.63776152079657	14.63776152079657
9309	14.760499572239892	14.760499572239892
35341	14.417662266602015	14.417662266602015
3633	14.690707852172359	14.690707852172359
17816	14.962351432870804	14.962351432870804
9342	15.341505038034574	15.341505038034574
15814	14.521460741316911	14.521460741316911
15705	15.059229041079563	15.059229041079563
42949	14.632127667558372	14.632127667558372
4094	14.07528548517149	14.07528548517149
15363	14.97860077668772	14.97860077668772
32607	14.986637539196488	14.986637539196488
13173	15.552570369333026	15.552570369333026
16411	15.237806914785512	15.237806914785512
350	15.417277545016344	15.417277545016344
26953	15.286243384939313	15.286243384939313
17609	15.16699549484766	15.16699549484766
17183	15.390040903761333	15.390040903761333
16862	14.88771887287347	14.88771887287347
12320	15.200480028772656	15.200480028772656
27521	15.001649545205504	15.001649545205504
43275	15.506616728769773	15.506616728769773
37788	14.662182867266187	14.662182867266187
42972	16.062208957470222	16.062208957470222
22042	15.00365808315487	15.00365808315487
43336	15.31206980024004	15.31206980024004
14580	14.520595491248733	14.520595491248733
13381	15.521776532948872	15.521776532948872
33735	14.845087134536232	14.845087134536232
36778	14.360995436746267	14.360995436746267
10936	14.300965895404548	14.300965895404548
45053	15.382250202436374	15.382250202436374
18285	14.558630305456305	14.558630305456305
20491	14.999826206131571	14.999826206131571
2598	14.58856538855646	14.58856538855646
30012	15.019493251901382	15.019493251901382
23694	15.131740319569806	15.131740319569806
42119	14.662851156291381	14.662851156291381
42614	14.845790504573714	14.845790504573714
32483	14.778799003908063	14.778799003908063
6684	14.613534711917243	14.613534711917243
24696	15.862435064987256	15.862435064987256
15806	14.525261490657464	14.525261490657464
13301	15.12170641038102	15.12170641038102
40774	15.050384796631224	15.050384796631224
18684	14.941212160456837	14.941212160456837
37278	15.324593783094686	15.324593783094686
25905	16.271950121242128	16.271950121242128
22997	14.146405798383617	14.146405798383617
33345	14.734833506187181	14.734833506187181
16069	14.032386194775013	14.032386194775013
35543	15.094457336399712	15.094457336399712
29509	14.38602059724	14.38602059724
39473	15.538042989960172	15.538042989960172
10496	15.102533910846907	15.102533910846907
20054	14.93683099902674	14.93683099902674
15674	14.717803444911414	14.717803444911414
7593	14.655947564841435	14.655947564841435
27484	15.143241811428304	15.143241811428304
9514	15.413996532553801	15.413996532553801
15572	14.690389406235044	14.690389406235044
11445	14.41162638152382	14.41162638152382
23656	14.628525252791537	14.628525252791537
16408	15.510452775477876	15.510452775477876
25875	15.203617949698888	15.203617949698888
4723	14.659857127537526	14.659857127537526
19132	14.98166720501355	14.98166720501355
12921	14.566909822935404	14.566909822935404
31190	15.88759510406431	15.88759510406431
25058	14.606262568074744	14.606262568074744
25718	14.61045265177263	14.61045265177263
18485	14.865792167845973	14.865792167845973
39108	14.014145232299148	14.014145232299148
27231	15.045165773296434	15.045165773296434
2188	14.419809367153254	14.419809367153254
11414	14.59744487989148	14.59744487989148
42089	14.114687247300832	14.114687247300832
6760	15.06922550073454	15.06922550073454
35213	15.312063833355104	15.312063833355104
8390	14.723915893359994	14.723915893359994
44794	15.088030895272215	15.088030895272215
13661	15.692972469558534	15.692972469558534
1025	14.85432784224361	14.85432784224361
30633	15.150202654571059	15.150202654571059
7703	14.907169907650125	14.907169907650125
28165	14.292756122100718	14.292756122100718
16489	16.394152419919944	16.394152419919944
33860	15.913482766149995	15.913482766149995
2183	14.931817200598283	14.931817200598283
11503	14.424799287734912	14.424799287734912
6805	15.770910613282926	15.770910613282926
16858	14.299936050561438	14.299936050561438
1512	14.843680179089235	14.843680179089235
22544	15.6814617194516	15.6814617194516
27623	15.173773907403296	15.173773907403296
2810	15.49048307452623	15.49048307452623
41092	15.50101786831498	15.50101786831498
32991	15.426105936812139	15.426105936812139
34767	15.49495140584665	15.49495140584665
35208	14.634304849248304	14.634304849248304
3613	14.950224924334274	14.950224924334274
466	15.566737468608009	15.566737468608009
40336	14.135917098427111	14.135917098427111
7946	14.561273895720428	14.561273895720428
18974	15.547215221424759	15.547215221424759
1774	14.755803483783176	14.755803483783176
8611	15.557021776432666	15.557021776432666
39372	15.453623522477654	15.453623522477654
3018	15.474208013109967	15.474208013109967
40781	15.288338270221853	15.288338270221853
15627	14.793669205917231	14.793669205917231
38991	15.162628780146962	15.162628780146962
41651	14.532076451054362	14.532076451054362
11272	15.175388676092966	15.175388676092966
14450	14.685395367969063	14.685395367969063
37090	14.11747636743075	14.11747636743075
7700	15.015778798661582	15.015778798661582
10053	15.90455632150506	15.90455632150506
34198	14.918021371027569	14.918021371027569
29699	15.237688894723549	15.237688894723549
15192	13.85683621944773	13.85683621944773
37127	15.883983014302283	15.883983014302283
42177	14.713948512583693	14.713948512583693
45181	14.50604624053027	14.50604624053027
31535	15.084956908592183	15.084956908592183
31495	15.087015374888667	15.087015374888667
8115	15.188926559127548	15.188926559127548
15900	14.646311222745329	14.646311222745329
33124	15.744386705536588	15.744386705536588
40476	14.1801895807204	14.1801895807204
43822	15.74335997848714	15.74335997848714
41015	15.432436547032628	15.432436547032628
6977	14.866820285403273	14.866820285403273
24563	14.425963935900747	14.425963935900747
994	13.970048386892753	13.970048386892753
43002	15.068307736846329	15.068307736846329
25632	14.808287062259561	14.808287062259561
8904	14.407197135558912	14.407197135558912
5422	14.41918710469214	14.41918710469214
10506	14.211270326264756	14.211270326264756
20444	15.086626390281744	15.086626390281744
10048	14.415190741693058	14.415190741693058
41216	15.89313039705071	15.89313039705071
6450	14.766528245003471	14.766528245003471
11672	15.79495223328046	15.79495223328046
26531	15.037949607582197	15.037949607582197
4186	15.459754491533323	15.459754491533323
16104	14.616889643187779	14.616889643187779
8190	14.6332179710517	14.6332179710517
38609	14.849673980051945	14.849673980051945
23196	14.195805195600425	14.195805195600425
45160	15.1739518028114	15.1739518028114
36571	14.699733266840312	14.699733266840312
30098	14.559832239818864	14.559832239818864
37314	14.558217049271844	14.558217049271844
3475	14.881425543228568	14.881425543228568
12314	14.826192463937307	14.826192463937307
17637	15.288232911931779	15.288232911931779
37691	14.245009361493345	14.245009361493345
22729	15.469932618029727	15.469932618029727
15878	15.995293974489808	15.995293974489808
13239	15.262393013605765	15.262393013605765
43804	14.214906180448088	14.214906180448088
41733	16.0233398094025	16.0233398094025
32217	14.214754038311188	14.214754038311188
7436	14.119767968224785	14.119767968224785
3182	15.174286692096093	15.174286692096093
33253	15.14762145550811	15.14762145550811
7362	15.188011862088006	15.188011862088006
4912	14.624622953076162	14.624622953076162
27273	15.654624800825268	15.654624800825268
42349	14.881827297363811	14.881827297363811
26690	15.023179153639497	15.023179153639497
16391	15.831479601689598	15.831479601689598
19729	16.266407097383944	16.266407097383944
2835	13.9369874923256	13.9369874923256
24072	15.362912405915587	15.362912405915587
43649	14.427135640468125	14.427135640468125
38359	15.576148456896805	15.576148456896805
33649	15.917936338331943	15.917936338331943
21484	15.007925329200699	15.007925329200699
36775	15.38501070540435	15.38501070540435
39810	15.926338995062125	15.926338995062125
41626	14.889475886299762	14.889475886299762
36084	14.201120178509333	14.201120178509333
2549	15.17802356592274	15.17802356592274
44790	14.452555688618563	14.452555688618563
9911	15.52716817577547	15.52716817577547
3955	14.877426122319116	14.877426122319116
4262	14.401537061481337	14.401537061481337
28793	14.549111712236586	14.549111712236586
10544	15.165268338759448	15.165268338759448
13964	15.053739985604762	15.053739985604762
15100	14.755586017412924	14.755586017412924
45218	14.81288592507598	14.81288592507598
20669	14.326508799315258	14.326508799315258
2359	15.180990763736059	15.180990763736059
15277	15.50871384002911	15.50871384002911
21873	14.806337437793418	14.806337437793418
43370	15.011991150747079	15.011991150747079
8130	15.052387266184887	15.052387266184887
16725	14.91012594651187	14.91012594651187
43590	13.962381938987338	13.962381938987338
13658	15.025340179762411	15.025340179762411
17668	14.1812540710941	14.1812540710941
14871	15.406713803699661	15.406713803699661
15474	15.91944011210443	15.91944011210443
15167	14.055177534424235	14.055177534424235
16517	15.274234431766256	15.274234431766256
28340	14.951743346802049	14.951743346802049
24497	14.430300043014082	14.430300043014082
19927	15.587040045735163	15.587040045735163
37717	14.944546949770734	14.944546949770734
11495	15.337892322994215	15.337892322994215
41862	14.919348656862276	14.919348656862276
27950	15.043428211618	15.043428211618
4100	14.993642574300086	14.993642574300086
8525	14.556844776701967	14.556844776701967
6144	15.224129135749687	15.224129135749687
28956	15.21600415269158	15.21600415269158
11827	14.578445691191435	14.578445691191435
31307	14.999194003772981	14.999194003772981
10937	14.831868709300684	14.831868709300684
24007	15.015043747928567	15.015043747928567
25441	15.455351936618172	15.455351936618172
35123	14.831635094918212	14.831635094918212
17771	14.596843710959847	14.596843710959847
12569	14.887462074723334	14.887462074723334
4650	15.166333549466088	15.166333549466088
5277	15.029463490675072	15.029463490675072
9703	14.748994218104725	14.748994218104725
28218	14.433913200648869	14.433913200648869
8616	14.93852974427163	14.93852974427163
6621	15.058423981243553	15.058423981243553
36052	14.80102940686603	14.80102940686603
41075	14.35579374293394	14.35579374293394
29916	14.980499081027169	14.980499081027169
20353	14.475661783677022	14.475661783677022
16068	13.62576241807631	13.62576241807631
7459	14.916143061127006	14.916143061127006
24530	14.818361785530017	14.818361785530017
3229	15.295656109217319	15.295656109217319
30692	14.978845052006491	14.978845052006491
15649	14.526135083036161	14.526135083036161
37384	14.889347595512463	14.889347595512463
22434	15.435793138025307	15.435793138025307
12024	14.823477267578873	14.823477267578873
42787	14.29557393997497	14.29557393997497
32609	14.736622089749899	14.736622089749899
38253	14.517348318568049	14.517348318568049
18973	13.784677821499733	13.784677821499733
9533	14.702573143409902	14.702573143409902
4973	13.908165823956747	13.908165823956747
21733	15.86648745596549	15.86648745596549
38161	14.574671609982644	14.574671609982644
17611	14.977351046763292	14.977351046763292
28634	16.180599064373563	16.180599064373563
21854	15.209338667942337	15.209338667942337
21949	15.378435220319004	15.378435220319004
11674	14.326480754906118	14.326480754906118
15364	14.617210742038305	14.617210742038305
19238	15.015756286257833	15.015756286257833
35566	15.141982165145109	15.141982165145109
1000	14.746599482326952	14.746599482326952
7528	14.765529968839672	14.765529968839672
43104	14.702636617775754	14.702636617775754
22725	14.863276816281376	14.863276816281376
13666	15.040195381868237	15.040195381868237
3313	14.46513184010507	14.46513184010507
22150	15.206419104902302	15.206419104902302
40850	15.497361580977465	15.497361580977465
1099	15.401075501260639	15.401075501260639
17669	15.058417036917964	15.058417036917964
10543	14.68465053256273	14.68465053256273
33158	14.624809007472676	14.624809007472676
15601	16.002054361062722	16.002054361062722
38841	13.864386835859843	13.864386835859843
13172	14.164726379390238	14.164726379390238
23365	14.527285793017105	14.527285793017105
9059	14.19582994907719	14.19582994907719
43918	15.869103299766115	15.869103299766115
32656	14.063936121175393	14.063936121175393
39736	14.269061509702059	14.269061509702059
32933	15.922102743817623	15.922102743817623
12095	15.391333137953806	15.391333137953806
6593	14.841827793701247	14.841827793701247
11059	14.367716330307982	14.367716330307982
17405	14.336514742967005	14.336514742967005
1026	14.386521837640371	14.386521837640371
31726	14.029938336272096	14.029938336272096
42466	15.15629398606973	15.15629398606973
11025	14.223933481946077	14.223933481946077
10507	14.929736867264179	14.929736867264179
37444	14.731372170347312	14.731372170347312
14177	14.262110416813298	14.262110416813298
1251	14.293849232643284	14.293849232643284
37280	15.169447770279518	15.169447770279518
5840	14.08341759607244	14.08341759607244
42884	15.534350014067321	15.534350014067321
6581	15.224898941360102	15.224898941360102
44273	14.950640212264233	14.950640212264233
3451	15.99041281654645	15.99041281654645
24663	15.549055869979982	15.549055869979982
12834	15.280109460928525	15.280109460928525
35826	14.944882915173912	14.944882915173912
21816	15.387391185255044	15.387391185255044
20470	15.367745272584688	15.367745272584688
44701	14.845203635902585	14.845203635902585
32611	13.440661361699323	13.440661361699323
12365	15.730517336154547	15.730517336154547
15098	15.267159344118689	15.267159344118689
27953	15.384115096740809	15.384115096740809
31575	15.058407016896929	15.058407016896929
37687	14.8032217113445	14.8032217113445
16747	15.552110093358422	15.552110093358422
20994	13.566462250610291	13.566462250610291
16293	15.02443899015753	15.02443899015753
32212	14.761794731330616	14.761794731330616
14151	14.509472160055429	14.509472160055429
14953	15.004857987514082	15.004857987514082
16264	15.233718553548371	15.233718553548371
22596	15.138032878415583	15.138032878415583
30722	15.514677442897034	15.514677442897034
24435	14.870888679212076	14.870888679212076
10195	15.026461498307262	15.026461498307262
13332	14.3028107109172	14.3028107109172
19522	14.01818054844375	14.01818054844375
42879	15.115693030288977	15.115693030288977
42488	15.278238241706125	15.278238241706125
1792	15.000222863416163	15.000222863416163
21418	14.4995724178926	14.4995724178926
10912	15.106393831311808	15.106393831311808
15125	14.665361684724436	14.665361684724436
16994	14.758711148360963	14.758711148360963
4048	15.263352766931064	15.263352766931064
19898	14.327619054167814	14.327619054167814
14720	15.00703975934465	15.00703975934465
4826	15.101206711777213	15.101206711777213
6235	15.025053843483988	15.025053843483988
1996	15.004180163729373	15.004180163729373
14577	15.070511745212578	15.070511745212578
11513	14.891893445661061	14.891893445661061
2208	14.858065622361762	14.858065622361762
30185	14.469853544045632	14.469853544045632
1127	15.226270381735027	15.226270381735027
8955	14.809677662319215	14.809677662319215
31305	14.493204939089413	14.493204939089413
11416	14.085775364406166	14.085775364406166
10529	14.232284975238072	14.232284975238072
43542	14.228583410109579	14.228583410109579
18680	15.264491604024597	15.264491604024597
37085	14.820484773772472	14.820484773772472
37848	15.378340855103316	15.378340855103316
28687	15.720705985137624	15.720705985137624
43589	14.625720555175675	14.625720555175675
27805	14.660736331567797	14.660736331567797
35995	15.296212496752164	15.296212496752164
37475	14.93852553245154	14.93852553245154
4277	14.439978737697299	14.439978737697299
37147	14.967616664247219	14.967616664247219
15330	14.810818248845814	14.810818248845814
3283	15.082946155333715	15.082946155333715
38526	15.366888211181335	15.366888211181335
6432	15.485085792421156	15.485085792421156
40085	14.402152058495055	14.402152058495055
3406	14.431969020657002	14.431969020657002
6679	15.128714807341868	15.128714807341868
10713	15.380922601767027	15.380922601767027
5617	14.794363385253908	14.794363385253908
7460	15.87764275280599	15.87764275280599
2811	14.70576863498748	14.70576863498748
38641	14.530819857673688	14.530819857673688
3102	14.570256427506122	14.570256427506122
45269	14.90130709544899	14.90130709544899
33377	15.666706748802255	15.666706748802255
39527	15.531918496383048	15.531918496383048
37385	15.323086509487512	15.323086509487512
25439	14.84173885994244	14.84173885994244
7345	14.592036123879575	14.592036123879575
14347	16.00620301062369	16.00620301062369
10613	14.99421880941834	14.99421880941834
12606	15.415841821892762	15.415841821892762
23232	14.658848426913325	14.658848426913325
22343	14.852714384109435	14.852714384109435
28367	14.986205619163524	14.986205619163524
23900	14.09368042428314	14.09368042428314
36950	15.115139854891524	15.115139854891524
41161	14.704860134689866	14.704860134689866
21980	15.299078575238145	15.299078575238145
12513	13.821004098672542	13.821004098672542
2813	14.815155939418313	14.815155939418313
20031	15.268965951202475	15.268965951202475
25828	14.399935489415524	14.399935489415524
2867	15.507184878392955	15.507184878392955
33916	14.57168887332652	14.57168887332652
38956	14.924042819973131	14.924042819973131
21485	14.610328271060105	14.610328271060105
40090	14.066777742201706	14.066777742201706
37445	15.487915823864421	15.487915823864421
35210	14.685483268525596	14.685483268525596
3841	15.628743919903815	15.628743919903815
32833	14.707992533395085	14.707992533395085
40997	15.223475233750346	15.223475233750346
16384	15.32690176634033	15.32690176634033
5200	14.59193101772162	14.59193101772162
12969	14.537157617684121	14.537157617684121
34602	15.599030834709229	15.599030834709229
12175	13.816489335742036	13.816489335742036
39645	13.931380563638877	13.931380563638877
22251	15.032914588592016	15.032914588592016
16469	15.053101833471041	15.053101833471041
24287	15.286181748589	15.286181748589
33132	15.158713587807636	15.158713587807636
41812	15.384158132912884	15.384158132912884
32408	15.19143698810171	15.19143698810171
39908	15.452020877550675	15.452020877550675
25665	15.299955191292911	15.299955191292911
26685	14.876697945835451	14.876697945835451
15675	14.777768340524576	14.777768340524576
22543	15.152380949742339	15.152380949742339
28858	15.451382336619835	15.451382336619835
26648	15.86477197017623	15.86477197017623
14847	15.628693060691894	15.628693060691894
11657	15.965936085009991	15.965936085009991
30698	14.450459548744995	14.450459548744995
37909	14.401441813519739	14.401441813519739
36147	14.695211835653046	14.695211835653046
3757	15.726846293050796	15.726846293050796
35125	14.919319593517205	14.919319593517205
17233	14.40687594290649	14.40687594290649
24958	15.048995104472903	15.048995104472903
4788	15.219012107551686	15.219012107551686
8015	15.233640439102402	15.233640439102402
22246	15.174456072968468	15.174456072968468
40454	14.476645893965195	14.476645893965195
43305	15.178884930026053	15.178884930026053
3932	14.322792510091768	14.322792510091768
24147	15.00705530567702	15.00705530567702
2550	14.421309592604	14.421309592604
10938	15.229595817665183	15.229595817665183
24391	14.232158585637665	14.232158585637665
9942	14.528826506670816	14.528826506670816
36911	14.615700952808577	14.615700952808577
9646	14.456453742379859	14.456453742379859
28106	15.668461790708685	15.668461790708685
12633	15.196146933329201	15.196146933329201
14174	14.495288965066678	14.495288965066678
11221	14.968376021326787	14.968376021326787
2063	14.25541430679622	14.25541430679622
13065	15.707031691974192	15.707031691974192
35784	15.880398969823494	15.880398969823494
214	15.261570531979698	15.261570531979698
30695	15.823435888970115	15.823435888970115
26780	14.049465201050847	14.049465201050847
17641	14.379375097115023	14.379375097115023
45127	14.877927062693175	14.877927062693175
44996	15.074341680649725	15.074341680649725
13533	15.283516193044099	15.283516193044099
3157	15.61926013752104	15.61926013752104
23088	14.154396251224895	14.154396251224895
6129	15.512895785536912	15.512895785536912
23718	14.689465342647336	14.689465342647336
42042	15.109331887967882	15.109331887967882
15122	14.83892897510266	14.83892897510266
3405	15.46602696750543	15.46602696750543
9123	15.13804328843	15.13804328843
23510	15.209458500455858	15.209458500455858
25793	14.32640104945239	14.32640104945239
10771	15.048411431156813	15.048411431156813
27139	14.955150361878035	14.955150361878035
44767	15.535520559860961	15.535520559860961
26455	15.554271509834951	15.554271509834951
18886	14.556072150007994	14.556072150007994
33911	14.656826885695502	14.656826885695502
32380	14.186629959339967	14.186629959339967
42292	15.782584226510284	15.782584226510284
31917	14.714326758663926	14.714326758663926
20851	15.181972902677504	15.181972902677504
33975	14.665819636170525	14.665819636170525
18743	14.639720968963443	14.639720968963443
13308	14.56783624349138	14.56783624349138
29327	15.608474834666648	15.608474834666648
11291	16.120743672726814	16.120743672726814
11471	14.585373816340994	14.585373816340994
5841	14.532479030938037	14.532479030938037
321	15.61182576531546	15.61182576531546
31106	15.557601713664788	15.557601713664788
41793	14.913171863632103	14.913171863632103
40121	14.675776706545314	14.675776706545314
19830	14.946774213337012	14.946774213337012
41796	14.933634922485345	14.933634922485345
31404	14.006333206742068	14.006333206742068
9701	14.994233456722153	14.994233456722153
25851	14.937952548185713	14.937952548185713
44431	15.392448024242153	15.392448024242153
4640	15.627918043925655	15.627918043925655
10741	14.802344152737545	14.802344152737545
33369	15.063783198882705	15.063783198882705
22435	14.996756591772458	14.996756591772458
32710	14.883143705838394	14.883143705838394
12318	14.116294266243917	14.116294266243917
9968	14.50187006363526	14.50187006363526
43682	15.828055063458624	15.828055063458624
28366	14.416301698325096	14.416301698325096
32184	14.37042624308645	14.37042624308645
35731	14.739329846801837	14.739329846801837
38098	14.467237493646383	14.467237493646383
2628	14.74742340960021	14.74742340960021
18307	14.592125670832528	14.592125670832528
27116	15.674209255587407	15.674209255587407
17674	15.37484909229228	15.37484909229228
25692	15.104665946401832	15.104665946401832
11222	15.325883102877244	15.325883102877244
31796	15.532073406695261	15.532073406695261
6738	15.170995303731816	15.170995303731816
29124	14.399018390799137	14.399018390799137
41458	15.364287266982968	15.364287266982968
38501	15.464516370186184	15.464516370186184
9510	14.96338014038856	14.96338014038856
24758	14.894247466485119	14.894247466485119
22634	14.594788187531158	14.594788187531158
22600	15.100664555947246	15.100664555947246
1234	14.764675753893492	14.764675753893492
6588	15.920937808224325	15.920937808224325
10027	15.673075390002287	15.673075390002287
9414	14.340370987594802	14.340370987594802
36360	14.711693922010765	14.711693922010765
34976	15.438830849642226	15.438830849642226
28459	15.3747185208094	15.3747185208094
8019	15.32884175086101	15.32884175086101
15224	14.684323818473647	14.684323818473647
25290	14.74286592085371	14.74286592085371
9124	14.231014984352475	14.231014984352475
6011	14.398696950423862	14.398696950423862
41795	15.135081803841578	15.135081803841578
1370	14.65182314091033	14.65182314091033
39294	14.690697252088576	14.690697252088576
14094	15.435542538301803	15.435542538301803
14415	14.453985008970303	14.453985008970303
17497	13.935240418561765	13.935240418561765
5594	14.70053785056801	14.70053785056801
189	14.697102912549658	14.697102912549658
39763	14.86353049389609	14.86353049389609
19559	14.638728993412062	14.638728993412062
38383	15.006085147405107	15.006085147405107
25260	15.358172406152192	15.358172406152192
6007	14.577757334938584	14.577757334938584
23840	14.354067609040571	14.354067609040571
22928	14.576505682115608	14.576505682115608
39347	15.444682384418783	15.444682384418783
5025	15.329597943791947	15.329597943791947
36336	15.04299117523235	15.04299117523235
813	15.285343674858442	15.285343674858442
6592	15.160423695648822	15.160423695648822
36988	15.427248935450184	15.427248935450184
39287	15.102736718391133	15.102736718391133
17726	15.25459777264657	15.25459777264657
8108	14.61511939030105	14.61511939030105
34599	15.626240994503647	15.626240994503647
25466	14.504027844381774	14.504027844381774
37980	15.717845214899986	15.717845214899986
14115	14.82727434158984	14.82727434158984
44540	14.6590205386501	14.6590205386501
6902	15.709368668591576	15.709368668591576
4781	14.451938847595962	14.451938847595962
22211	14.918566201342026	14.918566201342026
9515	15.135214896329943	15.135214896329943
42158	15.270027085439487	15.270027085439487
28603	15.509750684752547	15.509750684752547
20529	14.824077206939512	14.824077206939512
40681	16.18922826524062	16.18922826524062
8355	15.52767505422612	15.52767505422612
44875	14.769324442893314	14.769324442893314
10293	14.558328365680632	14.558328365680632
39185	15.138680645657336	15.138680645657336
16937	14.560601475062658	14.560601475062658
9388	14.962468393346125	14.962468393346125
7458	14.201444500040955	14.201444500040955
27779	14.481703778095726	14.481703778095726
7010	15.350432315316366	15.350432315316366
8557	15.456206714484834	15.456206714484834
6552	14.153302437721905	14.153302437721905
7222	15.663963486292309	15.663963486292309
11979	15.210768719884877	15.210768719884877
9180	15.321250362448538	15.321250362448538
27341	15.16240352736908	15.16240352736908
9912	15.554954499020857	15.554954499020857
11804	14.551989818849519	14.551989818849519
6087	13.857473993640014	13.857473993640014
10911	14.78621410936434	14.78621410936434
19615	14.584877598054799	14.584877598054799
34765	15.657520831232302	15.657520831232302
41919	15.269494684264487	15.269494684264487
6848	14.174141130753974	14.174141130753974
19979	15.578523636323379	15.578523636323379
10653	14.869236511632293	14.869236511632293
8554	15.200744962310216	15.200744962310216
20183	14.917495775797116	14.917495775797116
43688	15.105695499020705	15.105695499020705
15173	15.139033827288808	15.139033827288808
7168	15.13214529377272	15.13214529377272
29501	15.080833933723925	15.080833933723925
40180	14.883158361523245	14.883158361523245
32449	14.64335373474654	14.64335373474654
19029	15.007554236756887	15.007554236756887
28604	15.135314496047597	15.135314496047597
13109	14.043191581536089	14.043191581536089
36685	15.676158079232163	15.676158079232163
5891	14.60518398917741	14.60518398917741
18255	15.511118533699078	15.511118533699078
6906	14.759808057102875	14.759808057102875
2474	15.411936816262434	15.411936816262434
42917	14.755604531992397	14.755604531992397
32276	15.647604567116574	15.647604567116574
17549	14.523616762079318	14.523616762079318
9934	15.138128110087814	15.138128110087814
11024	15.783489414119543	15.783489414119543
34628	14.622709636324183	14.622709636324183
14848	15.210106334208096	15.210106334208096
16170	15.169694177775774	15.169694177775774
6716	14.989641697308413	14.989641697308413
30934	14.691672405243787	14.691672405243787
37506	14.672785798494887	14.672785798494887
12527	14.851908855493855	14.851908855493855
15810	14.699001970725222	14.699001970725222
15454	14.527444963760772	14.527444963760772
4354	15.094868508288654	15.094868508288654
32334	16.155279026482877	16.155279026482877
1555	15.746517180059111	15.746517180059111
1772	13.658144581287766	13.658144581287766
45332	14.989415658889042	14.989415658889042
43188	14.560248142928288	14.560248142928288
33529	15.440896507463378	15.440896507463378
16557	15.72327020194836	15.72327020194836
5659	14.981704120694221	14.981704120694221
12029	15.383631955239023	15.383631955239023
4098	14.556778876439601	14.556778876439601
44925	14.839971321196806	14.839971321196806
29952	15.048841743518768	15.048841743518768
34950	15.57029381759817	15.57029381759817
5662	14.457376959753	14.457376959753
44399	15.33000343842996	15.33000343842996
14019	15.728170991346458	15.728170991346458
1627	14.663398719440709	14.663398719440709
29740	14.620348145850075	14.620348145850075
2861	14.802398162603014	14.802398162603014
21519	14.460905901205765	14.460905901205765
39843	14.801760417224804	14.801760417224804
41753	14.55605883821517	14.55605883821517
21981	15.177229472798851	15.177229472798851
31406	14.069961140432222	14.069961140432222
35962	15.743837679582606	15.743837679582606
38302	15.323229390671713	15.323229390671713
40547	15.32465877198364	15.32465877198364
24461	15.152041528912958	15.152041528912958
23780	15.590764803103154	15.590764803103154
15467	15.190590153096641	15.190590153096641
10686	14.671339572601541	14.671339572601541
21176	14.805854406970653	14.805854406970653
10913	15.514504680278112	15.514504680278112
22046	14.654867534260198	14.654867534260198
19590	14.722129804141092	14.722129804141092
15327	15.77480357575209	15.77480357575209
24811	15.253620516830352	15.253620516830352
38682	15.771825221240142	15.771825221240142
32894	14.800825392498188	14.800825392498188
37946	15.407705956864366	15.407705956864366
12422	14.937480175178928	14.937480175178928
37411	14.967006912425841	14.967006912425841
28958	14.305189905492107	14.305189905492107
38067	15.916379065753771	15.916379065753771
18478	14.221130487631289	14.221130487631289
15383	15.640873291947479	15.640873291947479
23426	14.928838818369826	14.928838818369826
10363	15.290532672372613	15.290532672372613
30780	15.763407967360543	15.763407967360543
10915	16.02931828979363	16.02931828979363
6194	15.08714090861734	15.08714090861734
16318	15.211032123759988	15.211032123759988
26453	14.564075018633064	14.564075018633064
11478	14.741216783586312	14.741216783586312
29151	14.866724352606635	14.866724352606635
1734	15.218138826338816	15.218138826338816
16837	14.877622275962205	14.877622275962205
5328	15.457233830098252	15.457233830098252
26068	15.503692785132348	15.503692785132348
13914	15.299253190650687	15.299253190650687
14118	15.094101760055839	15.094101760055839
16909	14.933052462347604	14.933052462347604
22404	15.871548906667696	15.871548906667696
33894	15.448098219340968	15.448098219340968
