sim	exp	nam	typ	gro	ind	idx	snp	run	true_lat	true_lon	pred_lat	pred_lon	diff_space	true_tim	pred_tim	diff_time
europe	41	gp	gp	0	41517	44	4032	2.407730992635091	57.5975768739416	35.8414074795135	57.278988	37.638374	113.2217	5468.0	7081.548	-1613.5478515625
europe	41	gp	gp	0	37861	118	4032	2.407730992635091	47.6666244743717	3.39797248970252	48.393444	18.442717	1119.8397	9250.0	6433.4746	2816.525390625
europe	41	gp	gp	0	5791	511	4032	2.407730992635091	29.9269557257894	51.2378383782838	30.997166	50.057846	164.16965	43807.0	44009.688	-202.6875
europe	41	gp	gp	1	10238	212	4032	1.402386446793874	40.4796735690085	57.7028001632235	38.36653	59.090786	263.47675	38132.0	38178.26	-46.26171875
europe	41	gp	gp	1	6002	414	4032	1.402386446793874	32.505825223989	52.1199928476129	29.829546	41.987072	1008.4789	43543.0	46898.832	-3355.83203125
europe	41	gp	gp	1	24096	812	4032	1.402386446793874	55.8107399249241	35.1358329463194	42.19205	33.58465	1518.452	22740.0	23196.773	-456.7734375
europe	41	gp	gp	2	35501	114	4032	1.4051464756329854	38.0222815780417	38.1263306403452	38.372112	36.823635	120.29959	11513.0	18078.445	-6565.4453125
europe	41	gp	gp	2	32167	506	4032	1.4051464756329854	39.6266680318994	34.4866881035754	42.448845	28.107666	620.0058	14869.0	25092.912	-10223.912109375
europe	41	gp	gp	2	45376	843	4032	1.4051464756329854	39.0347939040604	-2.54539501818286	50.36903	24.207666	2441.5576	771.0	5051.6675	-4280.66748046875
europe	41	gp	gp	3	32783	63	4032	1.3999682625134786	47.9716303305564	23.5268834814022	44.99182	27.790724	465.0152	14253.0	11534.055	2718.9453125
europe	41	gp	gp	3	27031	787	4032	1.3999682625134786	38.1917168596371	34.1380915796521	39.898643	38.520145	423.29205	19931.0	20645.799	-714.798828125
europe	41	gp	gp	3	14167	946	4032	1.3999682625134786	41.1733359052756	59.0806298327452	41.400826	58.715195	39.65043	33376.0	32202.865	1173.134765625
europe	41	gp	gp	4	38456	257	4032	1.4040371338526407	38.5987428412494	35.4420214621576	46.62263	29.876013	1001.1262	8681.0	9832.481	-1151.4814453125
europe	41	gp	gp	4	9174	326	4032	1.4040371338526407	41.8499460399477	56.8615219497753	37.089554	56.61144	529.7657	39467.0	40806.19	-1339.19140625
europe	41	gp	gp	4	38068	1456	4032	1.4040371338526407	48.4693675860482	12.1069691204493	49.273815	24.040909	876.47284	9031.0	3186.0776	5844.92236328125
europe	41	gp	gp	5	42576	353	4032	1.4009992837905885	44.4680168446108	18.3710671340034	42.252556	20.710186	310.53055	4162.0	4757.508	-595.5078125
europe	41	gp	gp	5	11736	667	4032	1.4009992837905885	39.6359597497797	64.3181039884999	38.41679	58.37303	531.0259	36279.0	38021.926	-1742.92578125
europe	41	gp	gp	5	27061	754	4032	1.4009992837905885	57.0931123841306	53.07852135555	59.37845	40.374664	784.3966	19899.0	15420.453	4478.546875
europe	41	gp	gp	6	14248	219	4032	1.4040882428487143	39.0935802129445	61.9388608792826	40.509563	60.519886	198.70107	33287.0	31556.354	1730.646484375
europe	41	gp	gp	6	8328	234	4032	1.4040882428487143	38.4952504696221	57.5518963903799	38.680477	57.889107	35.822067	40522.0	40159.402	362.59765625
europe	41	gp	gp	6	29420	362	4032	1.4040882428487143	54.6894321288411	51.3870324676535	58.821514	47.908237	505.88025	17563.0	18286.16	-723.16015625
europe	41	gp	gp	7	13698	541	4032	1.4039804379145304	39.7878993465107	56.7472923618419	41.001377	55.10034	194.0536	33902.0	29042.553	4859.447265625
europe	41	gp	gp	7	4442	1338	4032	1.4039804379145304	30.0023654354624	42.3177685565776	28.505735	42.708828	170.6867	45493.0	45706.977	-213.9765625
europe	41	gp	gp	7	2240	1394	4032	1.4039804379145304	29.3103256455832	38.8152264154067	28.053381	36.60318	257.08743	48221.0	48691.145	-470.14453125
europe	41	gp	gp	8	4572	784	4032	1.4001408418019612	32.2107071188628	44.2145705091229	31.905779	48.76949	430.55392	45352.0	44285.043	1066.95703125
europe	41	gp	gp	8	43789	951	4032	1.4001408418019612	50.4703016185216	15.9972365866472	49.938076	23.762363	555.55035	2856.0	2923.0442	-67.044189453125
europe	41	gp	gp	8	17718	1438	4032	1.4001408418019612	41.2676107985385	61.4908655562683	40.582634	54.388405	601.3813	28917.0	28843.123	73.876953125
europe	41	gp	gp	9	39916	149	4032	1.4027616858482361	53.7005236094667	49.2496085737833	55.61048	35.960827	879.2862	7236.0	7173.5264	62.4736328125
europe	41	gp	gp	9	45071	743	4032	1.4027616858482361	47.4761251101504	23.5974050959309	44.83361	24.7995	308.0669	1351.0	1249.9006	101.099365234375
europe	41	gp	gp	9	44800	1265	4032	1.4027616858482361	42.7127682634756	22.615858010325	47.953568	29.645565	800.3114	1743.0	3396.532	-1653.531982421875
europe	41	gp	gp	10	18843	704	4032	1.400184408823649	58.8884548521039	42.4091434519272	41.84907	48.929028	1948.0856	27913.0	27566.006	346.994140625
europe	41	gp	gp	10	7197	1035	4032	1.400184408823649	34.0842242550324	51.6718074463212	36.7765	55.463078	455.57294	41997.0	40490.19	1506.80859375
europe	41	gp	gp	10	8335	1152	4032	1.400184408823649	35.1410545835864	58.5785073388961	33.7061	51.145294	700.02454	40506.0	43031.773	-2525.7734375
europe	41	gp	gp	11	6958	112	4032	1.403738832473755	31.2006759405829	55.1215619693074	35.24084	54.095215	459.26917	42321.0	41749.82	571.1796875
europe	41	gp	gp	11	14593	711	4032	1.403738832473755	37.5253955694613	61.8679915925219	39.91144	59.83717	318.46664	32864.0	31929.51	934.490234375
europe	41	gp	gp	11	20253	1321	4032	1.403738832473755	39.8841100646229	61.7434576079314	42.1567	42.256943	1650.4937	26471.0	25594.959	876.041015625
europe	41	gp	gp	12	5391	499	4032	1.4046280225118002	31.8066945939006	50.1656911909317	32.78641	52.307583	228.8988	44307.0	43370.375	936.625
europe	41	gp	gp	12	25368	539	4032	1.4046280225118002	56.9964098763196	58.3583282706988	46.24951	43.277645	1577.8518	21578.0	25283.736	-3705.736328125
europe	41	gp	gp	12	40527	651	4032	1.4046280225118002	51.7582150933054	40.2136627225098	57.986664	35.46385	755.8654	6603.0	7732.667	-1129.6669921875
europe	41	gp	gp	13	4495	717	4032	1.4000555872917175	27.2392454851372	46.4261353683186	30.816494	39.866997	751.3704	45418.0	47661.336	-2243.3359375
europe	41	gp	gp	13	16689	894	4032	1.4000555872917175	40.9007328923811	61.8864364009685	41.069347	57.6369	357.15823	30214.0	29387.838	826.162109375
europe	41	gp	gp	13	32860	1336	4032	1.4000555872917175	47.6541625833349	23.9408972014245	51.225452	20.670763	462.06125	14156.0	12506.132	1649.8681640625
europe	41	gp	gp	14	33987	546	4032	1.403452714284261	38.9495468339423	31.2937899710193	42.464977	29.547598	417.66415	13013.0	11373.26	1639.740234375
europe	41	gp	gp	14	3138	820	4032	1.403452714284261	30.098955670498	43.5342202655114	31.207083	40.22026	340.09085	47155.0	47179.832	-24.83203125
europe	41	gp	gp	14	15570	920	4032	1.403452714284261	40.4608842388757	61.0805604499696	39.629364	59.32876	175.45338	31541.0	34307.027	-2766.02734375
europe	41	gp	gp	15	4175	1053	4032	1.4003990491231282	26.8596151584228	46.5954393441919	30.239391	45.454056	391.99213	45817.0	45217.473	599.52734375
europe	41	gp	gp	15	8103	1062	4032	1.4003990491231282	38.2773182241327	58.0659533933643	39.579876	60.28788	240.65044	40836.0	39594.047	1241.953125
europe	41	gp	gp	15	17612	1186	4032	1.4003990491231282	39.6497563666324	58.4891940565177	40.371365	54.015923	389.28662	29060.0	29382.973	-322.97265625
europe	41	gp	gp	16	27841	341	4032	1.4039291342099507	60.9228437170131	43.2247583169473	59.49552	34.540592	504.8836	19145.0	17410.275	1734.724609375
europe	41	gp	gp	16	31987	958	4032	1.4039291342099507	40.0883709184305	35.1865034448227	42.139214	29.4659	530.57904	15052.0	16416.361	-1364.361328125
europe	41	gp	gp	16	29740	1285	4032	1.4039291342099507	41.1287267632951	35.5889805175688	39.094715	34.77416	236.5452	17273.0	15641.829	1631.1708984375
europe	41	gp	gp	17	42954	120	4032	1.403703478972117	53.039752654526	24.7008968320247	48.379673	24.78497	518.21094	3686.0	3304.7253	381.274658203125
europe	41	gp	gp	17	29313	668	4032	1.403703478972117	48.1542102534225	0.323681116947311	43.85246	22.825466	1795.3395	17640.0	19694.42	-2054.419921875
europe	41	gp	gp	17	44631	1124	4032	1.403703478972117	42.6813117344114	24.7149514246735	45.065376	22.102156	337.80365	1941.0	1521.1365	419.863525390625
europe	41	gp	gp	18	15797	223	4032	1.4002961715062459	42.7599316478913	57.0801751338074	38.60406	58.900173	486.89423	31299.0	33148.11	-1849.109375
europe	41	gp	gp	18	43230	413	4032	1.4002961715062459	42.5414680085358	23.3973173471527	48.212364	20.479286	670.3683	3434.0	3647.6812	-213.68115234375
europe	41	gp	gp	18	7965	1122	4032	1.4002961715062459	37.9301503809517	54.8227926963746	38.6085	58.962093	369.1142	40980.0	39629.1	1350.8984375
europe	41	gp	gp	19	3284	355	4032	1.4034659624099732	29.0049520909327	44.0601571404228	29.918362	46.095383	221.67245	46984.0	45090.055	1893.9453125
europe	41	gp	gp	19	12451	371	4032	1.4034659624099732	37.3966377810528	62.1440912718244	38.580215	60.780876	177.73993	35308.0	35775.855	-467.85546875
europe	41	gp	gp	19	8261	1433	4032	1.4034659624099732	37.4853315166887	56.1487061259151	30.946407	49.03447	977.3944	40612.0	43934.83	-3322.828125
europe	41	gp	gp	20	38966	201	4032	1.4001174926757813	59.862226177942	58.2178121381502	55.543854	31.068863	1669.4528	8189.0	9627.7705	-1438.7705078125
europe	41	gp	gp	20	5532	1157	4032	1.4001174926757813	32.0652887834136	51.9520905503001	30.498796	43.954643	779.48895	44149.0	46179.66	-2030.66015625
europe	41	gp	gp	20	42029	1289	4032	1.4001174926757813	55.5651798123675	36.9190893583756	53.9689	27.478561	630.5022	4827.0	4204.838	622.162109375
europe	41	gp	gp	21	26787	286	4032	1.4042373220125834	44.9185514762032	4.0544720597662	48.214207	18.081968	1131.3125	20166.0	19658.443	507.556640625
europe	41	gp	gp	21	9787	869	4032	1.4042373220125834	37.8942457031233	62.2438100780812	39.60018	59.46884	306.39746	38653.0	34014.348	4638.65234375
europe	41	gp	gp	21	14701	1342	4032	1.4042373220125834	40.7737875513231	57.6388944887385	40.125694	53.989304	317.08633	32714.0	34806.953	-2092.953125
europe	41	gp	gp	22	12398	2	4032	1.4037138104438782	37.8928083391232	62.8855568099032	40.850445	52.684105	935.8358	35375.0	29817.184	5557.81640625
europe	41	gp	gp	22	35497	1061	4032	1.4037138104438782	43.5444757661429	26.2906066511456	44.828194	18.199661	660.4322	11497.0	12449.66	-952.66015625
europe	41	gp	gp	22	32946	1177	4032	1.4037138104438782	45.8658245912951	22.8988279321058	48.63152	18.161036	471.49942	14082.0	14858.616	-776.6162109375
europe	41	gp	gp	23	3707	867	4032	1.4002002636591593	29.7370682161472	39.7349427362737	32.633156	49.908173	1019.3938	46398.0	43571.16	2826.83984375
europe	41	gp	gp	23	22809	985	4032	1.4002002636591593	37.0000413994579	33.6051930211286	44.28298	35.821766	831.0489	24011.0	22328.281	1682.71875
europe	41	gp	gp	23	7259	1170	4032	1.4002002636591593	35.0489457941201	51.2123813616227	33.97122	50.968914	121.89645	41934.0	43153.176	-1219.17578125
europe	41	gp	gp	24	23581	393	4032	1.4030526598294577	36.5073861563494	40.3240019625088	43.78487	56.203316	1569.7104	23274.0	27763.662	-4489.662109375
europe	41	gp	gp	24	29842	889	4032	1.4030526598294577	57.442602365508	40.3324160059173	55.913723	29.738983	668.27783	17163.0	16243.819	919.1806640625
europe	41	gp	gp	24	824	1044	4032	1.4030526598294577	28.7439940654516	33.9582496587757	29.392218	41.098785	697.60297	49980.0	47554.562	2425.4375
europe	41	gp	gp	25	812	640	4032	1.4004690090815226	29.3189300742952	35.8971269110075	29.898495	32.346123	349.27396	49998.0	49591.883	406.1171875
europe	41	gp	gp	25	12889	849	4032	1.4004690090815226	42.1953612313936	59.3701250853255	39.805702	60.56199	283.91064	34816.0	36867.895	-2051.89453125
europe	41	gp	gp	25	24204	1380	4032	1.4004690090815226	38.1094846530522	33.1046526007912	39.20641	34.897755	197.7771	22674.0	19129.936	3544.064453125
europe	41	gp	gp	26	35567	131	4032	1.4041274189949036	55.5550858296316	55.7055368223132	54.423286	31.020283	1571.4772	11430.0	11295.812	134.1884765625
europe	41	gp	gp	26	44359	1330	4032	1.4041274189949036	50.134759592963	4.57441028411522	47.179108	21.140045	1257.4279	2215.0	2348.1074	-133.107421875
europe	41	gp	gp	26	26945	1345	4032	1.4041274189949036	49.306586734097	3.87883557505204	47.188995	22.460905	1392.2386	20019.0	20555.246	-536.24609375
europe	41	gp	gp	27	25450	642	4032	1.4037193735440572	38.6545559850178	36.9360585183485	38.870132	34.34958	225.52832	21501.0	18079.828	3421.171875
europe	41	gp	gp	27	1730	755	4032	1.4037193735440572	30.7931930225153	38.2598695319389	30.906933	37.441555	79.134995	48884.0	47785.824	1098.17578125
europe	41	gp	gp	27	43229	1043	4032	1.4037193735440572	49.5288157834728	25.2306748204435	48.54659	20.762392	343.47675	3417.0	2588.0583	828.941650390625
europe	41	gp	gp	28	3687	168	4032	1.4001335342725119	30.5634476661995	42.8890106540521	32.00783	45.372215	285.42545	46416.0	44886.434	1529.56640625
europe	41	gp	gp	28	45170	316	4032	1.4001335342725119	46.2128342163623	10.4197343270622	43.961258	26.219645	1263.1672	1182.0	3270.2144	-2088.21435546875
europe	41	gp	gp	28	9086	1364	4032	1.4001335342725119	40.094181123295	62.7728414102351	39.618267	60.061913	237.36642	39580.0	39070.867	509.1328125
europe	41	gp	gp	29	37825	40	4032	1.4032259702682495	57.3192390131375	28.3558878359928	48.99346	25.797018	941.2002	9283.0	4883.534	4399.4658203125
europe	41	gp	gp	29	41902	189	4032	1.4032259702682495	49.4961974305701	20.8211675627391	50.264084	25.35305	335.70013	5019.0	2870.0132	2148.98681640625
europe	41	gp	gp	29	1965	720	4032	1.4032259702682495	30.2951785697669	36.2047911628619	30.556345	37.855896	160.95076	48550.0	48368.62	181.37890625
europe	41	gp	gp	30	18213	140	4032	1.4000935395558676	37.2867753730074	60.2287062548792	44.986275	43.834255	1613.4117	28352.0	26673.938	1678.0625
europe	41	gp	gp	30	9618	873	4032	1.4000935395558676	39.9732798710599	59.5760491858753	39.202	60.55028	119.6846	38883.0	37499.3	1383.69921875
europe	41	gp	gp	30	40474	960	4032	1.4000935395558676	52.5549817901685	38.8102154156313	51.978798	30.109573	595.16205	6656.0	4993.007	1662.9931640625
europe	41	gp	gp	31	20027	305	4032	2.404125082492828	38.844216559936	63.532082628515	38.848007	47.977535	1345.4259	26704.0	26828.941	-124.94140625
europe	41	gp	gp	31	9910	622	4032	2.404125082492828	43.4080165045691	60.4794293095517	39.160355	59.47597	479.69165	38486.0	36649.42	1836.578125
europe	41	gp	gp	31	11540	699	4032	2.404125082492828	41.0189855448563	57.9476441163655	39.658653	59.76143	215.65854	36569.0	33652.89	2916.109375
europe	41	gp	gp	32	28970	228	4032	1.4040167808532715	38.0415465042751	29.7525621613549	40.292473	29.757692	250.29205	18011.0	11482.099	6528.9013671875
europe	41	gp	gp	32	40958	937	4032	1.4040167808532715	43.963852002117	4.51986010200089	53.67073	29.293573	2094.5928	6140.0	9061.769	-2921.7685546875
europe	41	gp	gp	32	20510	1160	4032	1.4040167808532715	61.0708590216556	35.7954262629384	54.320152	53.350433	1278.6593	26200.0	25354.951	845.048828125
europe	41	gp	gp	33	3608	46	4032	1.400240182876587	31.6671216170332	41.4352911257506	30.676025	41.933212	119.95482	46534.0	46353.383	180.6171875
europe	41	gp	gp	33	4760	381	4032	1.400240182876587	29.4696542375928	45.8584430539363	29.350798	43.767303	202.98586	45092.0	45751.723	-659.72265625
europe	41	gp	gp	33	5048	898	4032	1.400240182876587	32.9384695766704	47.4571626360757	30.610102	44.5438	377.95343	44737.0	45466.312	-729.3125
europe	41	gp	gp	34	32623	636	4032	1.4031338969866434	51.0661269732994	16.2926963368971	47.975967	18.687323	384.58673	14406.0	11962.667	2443.3330078125
europe	41	gp	gp	34	17094	990	4032	1.4031338969866434	39.7660708145085	58.3465891949218	40.639156	57.0018	149.89206	29716.0	29842.79	-126.7890625
europe	41	gp	gp	34	17766	1075	4032	1.4031338969866434	38.537185296817	60.5115555335946	41.96765	56.129215	532.59705	28871.0	28746.846	124.154296875
europe	41	gp	gp	35	6968	135	4032	1.4002724289894104	34.1280961161117	49.7441161920597	33.745	52.176834	228.42773	42300.0	42958.32	-658.3203125
europe	41	gp	gp	35	29023	657	4032	1.4002724289894104	39.407321742185	34.8404714207673	40.47701	33.08783	190.97206	17961.0	16071.769	1889.2314453125
europe	41	gp	gp	35	39943	1378	4032	1.4002724289894104	51.8682472942717	11.340270986062	51.72426	29.027422	1213.4508	7195.0	7195.119	-0.119140625
europe	41	gp	gp	36	22716	543	4032	1.4041566530863443	37.9177821018626	31.960318000661	47.98818	13.746534	1849.9135	24109.0	21198.43	2910.5703125
europe	41	gp	gp	36	29699	1182	4032	1.4041566530863443	52.7772160194142	12.475087199989	44.144455	19.333595	1083.8339	17276.0	13536.023	3739.9765625
europe	41	gp	gp	36	20827	1238	4032	1.4041566530863443	40.1881492226444	58.7719653396085	38.270344	45.533054	1158.9316	25857.0	23984.324	1872.67578125
europe	41	gp	gp	37	41417	97	4032	1.4040662010510763	38.5371889848687	32.2982975635039	40.373825	27.857994	432.4039	5594.0	7809.7505	-2215.75048828125
europe	41	gp	gp	37	23518	467	4032	1.4040662010510763	48.624414145636	15.7701519661394	51.861813	24.830095	737.2783	23309.0	20543.541	2765.458984375
europe	41	gp	gp	37	23084	1280	4032	1.4040662010510763	56.7111684374824	53.5244892534217	57.95594	47.271774	399.80087	23771.0	23148.295	622.705078125
europe	41	gp	gp	38	16160	674	4032	1.4001838167508442	42.4701371923765	59.6442086716036	40.17944	59.527447	254.90054	30835.0	30823.78	11.220703125
europe	41	gp	gp	38	32284	709	4032	1.4001838167508442	38.0436179398776	37.5614480062224	38.499317	32.229046	468.18723	14745.0	15869.081	-1124.0810546875
europe	41	gp	gp	38	17770	803	4032	1.4001838167508442	40.6609897936912	61.140059143674	40.53981	52.984844	688.40234	28861.0	30003.4	-1142.400390625
europe	41	gp	gp	39	34293	281	4032	1.4032196084658304	57.8447346218322	57.4046444968106	58.590927	35.29633	1291.5493	12692.0	13256.672	-564.671875
europe	41	gp	gp	39	37214	1063	4032	1.4032196084658304	54.3725498299168	46.8443091755263	57.959457	35.94705	782.415	9841.0	8796.43	1044.5703125
europe	41	gp	gp	39	5363	1268	4032	1.4032196084658304	31.9580869320177	49.4770866273395	32.068466	40.692127	828.15204	44339.0	47373.15	-3034.1484375
europe	41	gp	gp	40	41228	41	4032	1.4004023909568786	55.2381350436215	37.4670919315262	60.215736	35.261444	568.6831	5799.0	6844.6284	-1045.62841796875
europe	41	gp	gp	40	24243	211	4032	1.4004023909568786	38.3938590509022	29.0503960385467	47.129456	43.363605	1515.3175	22639.0	25439.516	-2800.515625
europe	41	gp	gp	40	40421	1002	4032	1.4004023909568786	45.0957485715603	20.9296532534105	51.791035	28.04854	910.09735	6730.0	5668.2617	1061.73828125
europe	41	gp	gp	41	1308	549	4032	1.4042803446451824	29.9239460377425	33.3898606552031	30.691534	40.19446	658.67114	49408.0	48112.484	1295.515625
europe	41	gp	gp	41	37460	929	4032	1.4042803446451824	41.9786536818092	0.10996956724538	53.624508	35.649376	2912.943	9628.0	18576.504	-8948.50390625
europe	41	gp	gp	41	3674	1099	4032	1.4042803446451824	30.6542097909327	40.5863647192968	31.139868	41.145542	75.913925	46450.0	47697.14	-1247.140625
europe	41	gp	gp	42	13669	27	4032	1.4042093873023986	42.3983953918645	60.8453688842901	40.2152	59.99027	253.0455	33938.0	32248.078	1689.921875
europe	41	gp	gp	42	33578	260	4032	1.4042093873023986	59.9400082439797	34.108865796616	57.8179	37.206043	295.50757	13414.0	12731.542	682.4580078125
europe	41	gp	gp	42	3951	481	4032	1.4042093873023986	27.2496862051241	43.4202792282665	30.32259	45.968727	422.37793	46075.0	44896.723	1178.27734375
europe	41	gp	gp	43	38669	83	4032	1.4001862049102782	36.1473903457824	37.9264784152636	39.78578	30.45825	769.19	8469.0	10253.1455	-1784.1455078125
europe	41	gp	gp	43	1246	719	4032	1.4001862049102782	29.3284450437507	30.6226688989019	30.36448	36.086174	539.3184	49490.0	48874.45	615.55078125
europe	41	gp	gp	43	7383	1206	4032	1.4001862049102782	37.2005455744135	55.7816330774376	33.81268	50.425987	613.756	41781.0	43326.375	-1545.375
europe	41	gp	gp	44	37071	143	4032	1.4031268239021302	55.6748113597961	54.33591031685	54.517025	34.26358	1279.0607	9974.0	8110.9805	1863.01953125
europe	41	gp	gp	44	13835	832	4032	1.4031268239021302	37.7561374652921	59.8284993772756	39.374065	59.01221	193.3954	33769.0	31844.447	1924.552734375
europe	41	gp	gp	44	4463	1015	4032	1.4031268239021302	29.980627536301	46.6530395433573	29.586521	43.03567	351.8253	45468.0	47073.047	-1605.046875
europe	41	gp	gp	45	2846	698	4032	1.4002921382586162	30.0678762072653	39.4998442513729	30.140491	41.486828	191.30872	47489.0	46359.89	1129.109375
europe	41	gp	gp	45	42266	1211	4032	1.4002921382586162	53.2524696165944	33.7914171683136	55.504585	32.358936	267.041	4541.0	4730.451	-189.451171875
europe	41	gp	gp	45	34317	1316	4032	1.4002921382586162	36.0731608118679	38.7254320209636	41.32225	51.585987	1257.6539	12680.0	28296.154	-15616.154296875
europe	41	gp	gp	46	17283	459	4032	1.404221816857656	37.9000863101754	56.6437490515101	40.34809	54.306896	338.69064	29437.0	28246.535	1190.46484375
europe	41	gp	gp	46	32315	730	4032	1.404221816857656	38.5525167918675	30.3895301941145	40.068836	33.282745	300.61725	14709.0	16259.543	-1550.54296875
europe	41	gp	gp	46	36899	1079	4032	1.404221816857656	45.7839163408973	1.5966681352435	45.46686	21.634369	1554.5211	10108.0	12471.18	-2363.1796875
europe	41	gp	gp	47	35324	37	4032	1.4040507713953654	39.8186013649101	33.7105589131166	38.69429	33.58836	125.45943	11674.0	18352.836	-6678.8359375
europe	41	gp	gp	47	19576	1133	4032	1.4040507713953654	42.4012977809682	61.9545606978955	42.138954	53.179264	722.3183	27146.0	27133.992	12.0078125
europe	41	gp	gp	47	28864	1183	4032	1.4040507713953654	40.5866472774199	37.994168154985	37.237495	37.09174	380.49902	18137.0	19312.38	-1175.380859375
europe	41	gp	gp	48	33719	360	4032	1.4003133694330852	39.4813897269994	35.513591789614	39.751163	33.13036	206.32635	13282.0	16814.809	-3532.80859375
europe	41	gp	gp	48	27525	1242	4032	1.4003133694330852	46.2562571899274	15.3766789234186	43.000443	28.70237	1113.3038	19417.0	22970.174	-3553.173828125
europe	41	gp	gp	48	26171	1349	4032	1.4003133694330852	39.4914797441092	33.4621716003017	41.711708	29.383396	423.6247	20837.0	15234.229	5602.771484375
europe	41	gp	gp	49	31128	462	4032	2.403257457415263	43.5243138590634	16.9080645459211	42.26683	22.833113	502.37634	15898.0	15857.889	40.111328125
europe	41	gp	gp	49	7358	610	4032	2.403257457415263	35.879052304637	58.1745964614186	35.95129	55.226234	265.62668	41814.0	41365.055	448.9453125
europe	41	gp	gp	49	28749	1295	4032	2.403257457415263	56.5873214092718	48.22271082944	58.70599	50.0583	259.65067	18260.0	18610.766	-350.765625
europe	41	gp	gp	50	2265	700	4032	1.4002061049143473	29.8096906741168	37.1076366417861	30.547934	39.65679	258.41086	48195.0	47837.0	358.0
europe	41	gp	gp	50	2420	831	4032	1.4002061049143473	29.7217558257891	39.194221488985	29.64679	37.902866	125.02572	48007.0	48958.69	-951.69140625
europe	41	gp	gp	50	5719	1237	4032	1.4002061049143473	31.9503818505106	50.8618111448785	36.15619	51.624676	472.91013	43914.0	41809.44	2104.55859375
europe	41	gp	gp	51	3156	289	4032	1.4041962027549744	31.0456631856041	38.3844422267715	30.152853	37.867542	110.91975	47147.0	48477.87	-1330.87109375
europe	41	gp	gp	51	44297	813	4032	1.4041962027549744	49.7228502767608	21.0351107436926	49.808464	23.249989	159.35687	2297.0	2983.8987	-686.898681640625
europe	41	gp	gp	51	16658	840	4032	1.4041962027549744	41.9048767716217	58.4709747142494	40.15097	57.38163	215.36665	30249.0	30797.393	-548.392578125
europe	41	gp	gp	52	42758	707	4032	1.4040993054707844	44.9050407413113	3.86788440615629	47.107933	21.268871	1363.0945	3914.0	2310.8147	1603.185302734375
europe	41	gp	gp	52	2183	1118	4032	1.4040993054707844	27.060506161638	36.6072875780568	29.641731	41.193897	532.6763	48270.0	46781.21	1488.7890625
europe	41	gp	gp	52	10812	1128	4032	1.4040993054707844	37.6449655842233	63.2924921219095	39.0815	61.99471	195.7451	37409.0	38549.04	-1140.0390625
europe	41	gp	gp	53	27445	484	4032	1.4001310348510743	48.8190543544055	17.9732424450043	53.628033	38.66573	1530.3092	19503.0	22999.12	-3496.119140625
europe	41	gp	gp	53	37455	644	4032	1.4001310348510743	57.0368710966394	32.995493031091	56.749294	33.139507	33.151897	9649.0	9268.024	380.9755859375
europe	41	gp	gp	53	29354	1073	4032	1.4001310348510743	49.5981084834829	13.5562568280747	54.222115	31.967457	1358.5884	17611.0	18401.25	-790.25
europe	41	gp	gp	54	16789	1116	4032	1.4034705837567647	38.6547028635066	62.9250837664835	41.18708	58.09495	498.83154	30085.0	30483.074	-398.07421875
europe	41	gp	gp	54	2944	1352	4032	1.4034705837567647	28.0235125682626	42.0354568331213	31.84468	45.9956	570.99567	47391.0	45308.0	2083.0
europe	41	gp	gp	54	2537	1453	4032	1.4034705837567647	27.2965339316751	38.2251913385464	29.894382	40.657925	373.94632	47847.0	47396.387	450.61328125
europe	41	gp	gp	55	20319	19	4032	1.400273863474528	40.1841913506379	58.9323482314784	43.56767	53.747925	570.5758	26407.0	27940.416	-1533.416015625
europe	41	gp	gp	55	24286	463	4032	1.400273863474528	47.6694497998946	3.57544779882376	47.222095	26.120485	1690.1233	22587.0	21111.021	1475.978515625
europe	41	gp	gp	55	8939	961	4032	1.400273863474528	39.1808497551777	59.7652983907721	38.903984	57.34404	211.3541	39783.0	38822.805	960.1953125
europe	41	gp	gp	56	43939	197	4032	1.4043065428733825	46.4626033733088	24.0917232816806	51.107132	23.57202	517.8458	2678.0	2831.4404	-153.4404296875
europe	41	gp	gp	56	20504	429	4032	1.4043065428733825	40.4214331829931	58.7426170584084	39.194263	45.032337	1177.8384	26194.0	27365.867	-1171.8671875
europe	41	gp	gp	56	5437	1215	4032	1.4043065428733825	30.8334357621735	52.6142398574082	33.381107	50.67106	337.24957	44261.0	42720.344	1540.65625
europe	41	gp	gp	57	614	116	4032	1.4043321808179219	30.6592303443916	29.7464217427556	29.311666	35.40599	565.22595	50245.0	49810.81	434.19140625
europe	41	gp	gp	57	14342	290	4032	1.4043321808179219	37.7722030658983	60.3984569383438	39.64433	59.354313	227.02725	33164.0	31292.025	1871.974609375
europe	41	gp	gp	57	24242	1036	4032	1.4043321808179219	57.9936462771047	51.1127010762339	45.235493	41.347	1567.0477	22632.0	19041.074	3590.92578125
europe	41	gp	gp	58	30914	369	4032	1.4002996246019999	54.0538447626591	48.8098256773811	58.063507	40.67495	672.8869	16118.0	12950.625	3167.375
europe	41	gp	gp	58	8126	526	4032	1.4002996246019999	38.5850481629365	54.3072594716743	35.54057	57.39911	435.67432	40824.0	41460.047	-636.046875
europe	41	gp	gp	58	9862	561	4032	1.4002996246019999	41.9767691903289	59.9023024487892	36.210358	57.09219	685.4137	38557.0	41087.348	-2530.34765625
europe	41	gp	gp	59	35560	111	4032	1.4033773303031922	38.3382164606435	38.9490912407123	38.36544	29.045704	863.1738	11448.0	11481.036	-33.0361328125
europe	41	gp	gp	59	12272	1191	4032	1.4033773303031922	40.793486383194	61.4930289799497	40.554	60.343735	100.515396	35530.0	35984.45	-454.44921875
europe	41	gp	gp	59	4284	1329	4032	1.4033773303031922	32.677828351082	44.0947854286361	29.853176	44.267838	314.51733	45682.0	45948.496	-266.49609375
europe	41	gp	gp	60	7808	268	4032	1.4002026041348776	36.8920244663837	54.7884771199743	38.77926	56.842392	276.69824	41189.0	40693.15	495.8515625
europe	41	gp	gp	60	38454	824	4032	1.4002026041348776	48.8393262942235	9.90151374449749	43.1542	18.972246	942.5255	8666.0	8988.135	-322.134765625
europe	41	gp	gp	60	16212	1361	4032	1.4002026041348776	39.287974106335	64.317222076522	39.45989	55.75129	736.26575	30782.0	29955.885	826.115234375
europe	41	gp	gp	61	42742	221	4032	1.4043825030326844	54.5522599718956	33.7485035291215	54.9389	31.528324	148.83379	3939.0	4887.1562	-948.15625
europe	41	gp	gp	61	3470	1222	4032	1.4043825030326844	28.8393673687414	42.1441509481027	30.54835	40.54948	244.61037	46718.0	47273.906	-555.90625
europe	41	gp	gp	61	27882	1471	4032	1.4043825030326844	38.3262201204768	36.0195497460217	40.353504	34.74165	250.77707	19129.0	22300.809	-3171.80859375
europe	41	gp	gp	62	6149	85	4032	1.404057010014852	33.5239613128816	48.1939244715332	34.402523	53.525024	501.20502	43348.0	42071.023	1276.9765625
europe	41	gp	gp	62	19696	313	4032	1.404057010014852	60.4237639400631	38.0893971120982	44.92224	57.409523	2143.3442	27030.0	27713.146	-683.146484375
europe	41	gp	gp	62	21680	714	4032	1.404057010014852	38.6956275131793	35.406279978665	38.963074	34.550446	79.876595	25103.0	24513.564	589.435546875
europe	41	gp	gp	63	36763	48	4032	2.4002679347991944	59.4062482058229	39.4062672356537	58.82664	35.89545	210.46266	10229.0	8813.379	1415.62109375
europe	41	gp	gp	63	28780	471	4032	2.4002679347991944	45.9736373080727	6.34077903618231	50.180588	27.795929	1654.5886	18218.0	18551.12	-333.119140625
europe	41	gp	gp	63	5563	768	4032	2.4002679347991944	32.1814457867461	47.4966355590317	32.105003	51.421333	369.5917	44098.0	43666.664	431.3359375
europe	41	gp	gp	64	39148	191	4032	1.4032235026359559	56.3858279534795	56.8776406880613	62.025333	42.909584	1009.15576	8025.0	10717.3125	-2692.3125
europe	41	gp	gp	64	22806	819	4032	1.4032235026359559	56.3147808499144	51.6102829937124	58.028957	38.873886	789.7582	24008.0	18611.219	5396.78125
europe	41	gp	gp	64	18206	880	4032	1.4032235026359559	38.583742198595	60.7615887149824	47.774227	56.29806	1083.6454	28369.0	27345.318	1023.681640625
europe	41	gp	gp	65	16550	697	4032	1.3999768058458963	41.929790045762	58.5093698927776	41.726883	56.572506	162.05629	30376.0	29242.754	1133.24609375
europe	41	gp	gp	65	25770	1180	4032	1.3999768058458963	48.1653612870039	-0.89922859532587	43.306152	26.75615	2200.2493	21179.0	21672.127	-493.126953125
europe	41	gp	gp	65	14394	1477	4032	1.3999768058458963	39.1246928584518	62.870853667753	39.93637	60.59823	214.78079	33091.0	33390.49	-299.48828125
europe	41	gp	gp	66	16256	302	4032	1.4042792518933613	42.2377966483683	61.617101855413	39.73963	60.530113	292.37497	30739.0	32280.541	-1541.541015625
europe	41	gp	gp	66	7104	857	4032	1.4042792518933613	34.3986196843035	58.6235681740933	37.328094	54.932735	465.46075	42128.0	40964.914	1163.0859375
europe	41	gp	gp	66	30818	1278	4032	1.4042792518933613	47.4006052665605	23.8887100180359	48.91364	20.078783	328.83868	16207.0	17998.924	-1791.923828125
europe	41	gp	gp	67	9318	154	4032	1.4040582299232482	39.419047351088	57.9124112413997	36.618107	57.860428	311.48373	39289.0	37550.71	1738.2890625
europe	41	gp	gp	67	20056	1020	4032	1.4040582299232482	57.0848491249935	30.6564661125161	49.77003	46.115685	1302.8243	26681.0	24454.209	2226.791015625
europe	41	gp	gp	67	29620	1283	4032	1.4040582299232482	51.3831200594489	18.8174867758209	43.61232	38.737305	1719.9133	17370.0	19973.725	-2603.724609375
europe	41	gp	gp	68	36698	595	4032	1.400342051188151	38.2588977663363	27.3657043934015	42.33677	32.11319	606.1823	10310.0	12110.263	-1800.2626953125
europe	41	gp	gp	68	41524	814	4032	1.400342051188151	46.9737142372247	19.5118291268948	45.876785	24.182055	378.0962	5482.0	3731.7432	1750.2568359375
europe	41	gp	gp	68	32071	876	4032	1.400342051188151	38.9708103501024	35.3107180080906	40.592644	28.988005	569.4315	14954.0	15463.638	-509.6376953125
europe	41	gp	gp	69	16308	246	4032	1.4027401010195415	37.9553487952806	63.0052883930909	41.027664	60.599075	399.13492	30669.0	29707.01	961.990234375
europe	41	gp	gp	69	20697	339	4032	1.4027401010195415	36.9167535081999	60.761223711425	44.53637	56.445026	921.6755	25994.0	25209.348	784.65234375
europe	41	gp	gp	69	15341	924	4032	1.4027401010195415	40.1574256577991	59.104244053058	37.80608	46.364826	1130.6725	31828.0	27310.994	4517.005859375
europe	41	gp	gp	70	43540	196	4032	1.399837593237559	51.874253397936	25.2288650413003	50.793625	25.154787	120.27045	3122.0	3255.9263	-133.92626953125
europe	41	gp	gp	70	6759	878	4032	1.399837593237559	33.3775683144714	51.0215659212981	32.868126	50.5323	72.697266	42567.0	42679.945	-112.9453125
europe	41	gp	gp	70	26533	1117	4032	1.399837593237559	55.0714090750925	44.6681899749903	52.61688	38.8882	466.95648	20434.0	23572.393	-3138.392578125
europe	41	gp	gp	71	32626	721	4032	1.4034390330314637	44.0336656251732	19.6555315982325	45.84737	22.345392	292.36395	14400.0	15912.266	-1512.265625
europe	41	gp	gp	71	44414	818	4032	1.4034390330314637	49.6692567821895	19.0355156249929	49.30934	23.888294	352.73584	2158.0	2682.9954	-524.995361328125
europe	41	gp	gp	71	13235	1077	4032	1.4034390330314637	37.6341050396161	63.4614580507288	39.60235	62.422783	236.72713	34430.0	36563.316	-2133.31640625
europe	41	gp	gp	72	41358	327	4032	1.402845287322998	52.2791013254469	9.70563284599875	46.10495	22.014145	1125.036	5646.0	7067.013	-1421.01318359375
europe	41	gp	gp	72	560	1086	4032	1.402845287322998	30.4653969291557	32.0121060792082	29.727478	34.867435	286.67627	50309.0	48886.023	1422.9765625
europe	41	gp	gp	72	43630	1208	4032	1.402845287322998	51.5199878839635	23.8519628047214	50.07659	23.423443	163.29889	3030.0	2072.3499	957.650146484375
europe	41	gp	gp	73	41996	729	4032	1.399371373653412	48.893595412461	28.9783301065986	43.88767	23.391825	702.0249	4885.0	6510.41	-1625.41015625
europe	41	gp	gp	73	15771	1048	4032	1.399371373653412	40.0967399840994	59.3049000291879	42.066948	58.21418	237.3804	31325.0	31420.87	-95.869140625
europe	41	gp	gp	73	2342	1051	4032	1.399371373653412	26.5062192443276	38.6937400161132	32.260414	42.60321	743.38745	48097.0	45517.73	2579.26953125
europe	41	gp	gp	74	16661	496	4032	1.4020596186319987	41.712121451075	56.2378442029786	40.916153	54.709976	155.29138	30245.0	29926.232	318.767578125
europe	41	gp	gp	74	10516	759	4032	1.4020596186319987	38.5653111442788	61.6694741662679	39.430443	60.407948	145.38956	37801.0	38718.477	-917.4765625
europe	41	gp	gp	74	31533	903	4032	1.4020596186319987	38.9935514917485	30.3084802007884	40.68278	31.5304	214.85704	15502.0	16742.129	-1240.12890625
europe	41	gp	gp	75	16816	25	4032	1.3991589546203613	38.6144334889621	56.9744200363919	40.535088	58.868187	268.2303	30054.0	29875.826	178.173828125
europe	41	gp	gp	75	6285	426	4032	1.3991589546203613	32.3068493467227	49.7282499073238	31.96299	47.83237	182.5612	43170.0	44818.74	-1648.73828125
europe	41	gp	gp	75	23123	769	4032	1.3991589546203613	39.0135420974688	38.4938188624319	45.18171	36.929356	697.8693	23750.0	24826.295	-1076.294921875
europe	41	gp	gp	76	22454	715	4032	1.4029451211293538	40.905748809388	31.9188277621715	41.16533	38.527718	554.93524	24350.0	25666.541	-1316.541015625
europe	41	gp	gp	76	20055	998	4032	1.4029451211293538	54.9037414213589	45.0878001365271	38.676086	38.125847	1878.4088	26682.0	24688.86	1993.140625
europe	41	gp	gp	76	1418	1405	4032	1.4029451211293538	30.8688700136358	35.7176946200374	30.09125	36.615948	122.007454	49297.0	49307.305	-10.3046875
europe	41	gp	gp	77	28121	157	4032	1.4026034911473593	56.0990220956335	33.0538043500846	57.20674	33.898155	133.54602	18887.0	11849.888	7037.1123046875
europe	41	gp	gp	77	18908	271	4032	1.4026034911473593	59.601579912272	29.8537729156525	39.61452	56.935707	2916.5989	27852.0	29348.297	-1496.296875
europe	41	gp	gp	77	28115	1031	4032	1.4026034911473593	57.7636595115783	34.8332272140819	57.505478	36.04954	77.883224	18890.0	15393.803	3496.197265625
europe	41	gp	gp	78	7879	420	4032	1.399369478225708	38.3424496773879	54.989622842949	39.783653	60.793034	525.9378	41099.0	39358.34	1740.66015625
europe	41	gp	gp	78	24241	604	4032	1.399369478225708	46.7494810222036	23.5763127772687	41.706856	30.096182	763.8481	22624.0	19834.635	2789.365234375
europe	41	gp	gp	78	127	1252	4032	1.399369478225708	30.6116344145386	31.8114429721999	29.25389	34.73365	319.4929	50886.0	49670.67	1215.328125
europe	41	gp	gp	79	17890	76	4032	1.4019855578740439	42.8991943212781	57.9543262703576	42.84581	51.298214	542.3069	28724.0	27508.14	1215.859375
europe	41	gp	gp	79	19948	250	4032	1.4019855578740439	38.3389329869541	38.2101449141647	39.756546	44.94877	602.7236	26784.0	25365.477	1418.5234375
europe	41	gp	gp	79	34854	440	4032	1.4019855578740439	58.0415409400303	49.2303236596422	60.4784	38.6746	657.3418	12154.0	11993.423	160.5771484375
europe	41	gp	gp	80	4218	59	4032	1.3992322921752929	29.4660985788241	44.5203052817378	29.721441	43.97074	60.24684	45756.0	45994.793	-238.79296875
europe	41	gp	gp	80	25403	964	4032	1.3992322921752929	57.1904272955622	33.2666291494735	60.64001	43.8606	717.80206	21546.0	19741.344	1804.65625
europe	41	gp	gp	80	1690	1386	4032	1.3992322921752929	29.2180377210672	38.9286349421461	29.246325	34.364147	442.8938	48937.0	49971.766	-1034.765625
europe	41	gp	gp	81	7192	205	4032	1.403089157740275	33.4056395863909	53.4127477583585	35.24717	52.445065	223.21494	42010.0	42386.465	-376.46484375
europe	41	gp	gp	81	11404	613	4032	1.403089157740275	42.2704758052198	60.618646923642	37.30151	58.442196	582.92303	36728.0	39481.992	-2753.9921875
europe	41	gp	gp	81	36901	1279	4032	1.403089157740275	46.367607734186	7.75187684714359	44.95121	26.336132	1449.4814	10107.0	11908.87	-1801.8701171875
europe	41	gp	gp	82	30252	91	4032	1.4027186195055643	40.8263666787524	32.1948022092947	37.357468	32.482178	386.51978	16820.0	14682.195	2137.8046875
europe	41	gp	gp	82	22694	966	4032	1.4027186195055643	37.2834854446089	39.0856074857051	39.972874	39.393513	300.23944	24123.0	24881.525	-758.525390625
europe	41	gp	gp	82	512	1059	4032	1.4027186195055643	30.0639392541449	29.7424515522716	30.96373	34.61887	477.6868	50367.0	48778.164	1588.8359375
europe	41	gp	gp	83	6000	416	4032	1.3992578625679015	30.6340413108501	52.5600337595578	34.95391	53.39242	486.60165	43549.0	41175.58	2373.421875
europe	41	gp	gp	83	8832	518	4032	1.3992578625679015	39.7511555580933	60.4091788144674	39.163563	60.733192	71.01246	39953.0	37577.59	2375.41015625
europe	41	gp	gp	83	20511	1462	4032	1.3992578625679015	60.0886627400448	50.8834785974971	40.009308	56.29394	2264.0889	26200.0	28927.947	-2727.947265625
europe	41	gp	gp	84	22489	529	4032	1.402055037021637	50.6867858864473	25.016772639471	43.850983	43.21618	1563.5632	24302.0	25061.877	-759.876953125
europe	41	gp	gp	84	15003	646	4032	1.402055037021637	39.3939958588496	61.0404819667293	40.114296	60.802288	82.641304	32279.0	32995.11	-716.109375
europe	41	gp	gp	84	25758	1484	4032	1.402055037021637	41.5424652299799	21.1491621836816	46.45968	19.101946	570.7064	21194.0	18686.086	2507.9140625
europe	41	gp	gp	85	12783	122	4032	1.3992878913879394	39.3050186958958	58.3956863241714	40.15025	61.170494	255.21829	34926.0	33715.625	1210.375
europe	41	gp	gp	85	22451	436	4032	1.3992878913879394	38.4404125939192	31.1680337800479	41.8341	27.530409	487.77377	24354.0	22216.105	2137.89453125
europe	41	gp	gp	85	16594	575	4032	1.3992878913879394	38.6426771015072	60.5245188575479	41.84735	45.336655	1335.3645	30320.0	29389.332	930.66796875
europe	41	gp	gp	86	8133	444	4032	1.4029670834541321	39.5714978119557	59.3937609301873	36.890713	56.750263	377.01505	40813.0	41342.6	-529.6015625
europe	41	gp	gp	86	14420	1388	4032	1.4029670834541321	40.0284882042109	57.6779642146306	40.370655	58.281586	63.841774	33056.0	31518.447	1537.552734375
europe	41	gp	gp	86	45121	1402	4032	1.4029670834541321	51.0025341418908	10.953148408517	45.966225	23.58535	1084.3246	1267.0	4142.427	-2875.4267578125
europe	41	gp	gp	87	2108	909	4032	1.4026380062103272	28.0719310110859	36.681966328076	30.245224	42.18658	586.5072	48361.0	47949.95	411.05078125
europe	41	gp	gp	87	19135	1317	4032	1.4026380062103272	59.0925290137479	38.7181880478641	47.03601	37.268723	1344.036	27606.0	22732.666	4873.333984375
europe	41	gp	gp	87	37700	1480	4032	1.4026380062103272	59.609401995274	48.8904269910975	61.42855	37.04505	677.9368	9404.0	10654.347	-1250.3466796875
europe	41	gp	gp	88	11433	695	4032	1.3993358771006266	38.0373707035056	62.9053089784978	40.148663	59.928284	347.98596	36700.0	34638.387	2061.61328125
europe	41	gp	gp	88	17690	911	4032	1.3993358771006266	40.8599786693553	59.5279368634159	48.18061	49.282177	1148.0835	28961.0	25392.918	3568.08203125
europe	41	gp	gp	88	11183	916	4032	1.3993358771006266	38.0852247681693	60.3264655814706	39.11014	60.1497	114.99621	36972.0	36581.633	390.3671875
europe	41	gp	gp	89	11776	830	4032	1.4020139336586	39.3369979991895	59.918581622629	37.97217	59.08454	168.15501	36212.0	38109.055	-1897.0546875
europe	41	gp	gp	89	20507	1209	4032	1.4020139336586	57.1546620881454	52.3691640246555	53.288296	47.061916	545.6909	26201.0	26346.572	-145.572265625
europe	41	gp	gp	89	38240	1374	4032	1.4020139336586	37.1695770665751	35.8595302891731	38.73754	34.58649	207.01192	8896.0	15018.837	-6122.8369140625
europe	41	gp	gp	90	1367	11	4032	1.399021895726522	31.6366235888778	36.3479143846692	30.32664	42.53252	607.2124	49348.0	45959.246	3388.75390625
europe	41	gp	gp	90	10512	738	4032	1.399021895726522	38.9208975768011	62.9467993229409	38.96713	59.576874	291.47015	37805.0	38463.46	-658.4609375
europe	41	gp	gp	90	37768	770	4032	1.399021895726522	58.7913725264386	30.3543638544334	56.299286	34.981945	391.03253	9330.0	7177.1953	2152.8046875
europe	41	gp	gp	91	41744	591	4032	1.403155235449473	48.9447584933681	17.3562232868628	43.662773	19.246342	604.95685	5223.0	4746.7524	476.24755859375
europe	41	gp	gp	91	37828	1253	4032	1.403155235449473	38.8489713758556	27.6452755755861	37.647297	34.661655	626.9348	9288.0	11584.3	-2296.2998046875
europe	41	gp	gp	91	22123	1362	4032	1.403155235449473	37.9711113229943	32.4196898216134	37.423992	41.10889	766.63684	24682.0	22653.521	2028.478515625
europe	41	gp	gp	92	3053	107	4032	2.402803043524424	32.2378142156357	42.5602581446502	29.735373	41.203625	306.83322	47248.0	46891.105	356.89453125
europe	41	gp	gp	92	8560	1234	4032	2.402803043524424	39.4394684825426	59.4090493324524	38.973614	58.54228	90.88827	40259.0	38407.7	1851.30078125
europe	41	gp	gp	92	26437	1464	4032	2.402803043524424	57.1448846660861	45.8724242260313	58.884136	47.202457	208.64975	20529.0	20218.086	310.9140625
europe	41	gp	gp	93	28992	379	4032	1.3993039409319559	45.1951364285902	17.6763830960745	49.43036	22.779432	607.8071	17977.0	21042.22	-3065.220703125
europe	41	gp	gp	93	11975	1201	4032	1.3993039409319559	42.1814564883432	61.8667845133972	37.43	56.02133	726.59674	35932.0	36291.516	-359.515625
europe	41	gp	gp	93	35997	1297	4032	1.3993039409319559	57.0473578534791	45.8259336194753	53.122307	37.064335	707.2127	10986.0	19064.97	-8078.970703125
europe	41	gp	gp	94	5230	419	4032	1.40217076142629	27.7807968375251	47.4612169783369	38.213238	56.845802	1451.3234	44514.0	39753.418	4760.58203125
europe	41	gp	gp	94	225	649	4032	1.40217076142629	28.5267824490908	30.5476467932425	29.775225	29.839035	154.93898	50751.0	51279.87	-528.87109375
europe	41	gp	gp	94	37916	1143	4032	1.40217076142629	45.4602733760151	6.66015295749808	46.18219	18.63466	930.49786	9188.0	9009.827	178.1728515625
europe	41	gp	gp	95	810	454	4032	1.3991656064987184	29.7522443454417	32.6542692398227	28.296095	32.112137	170.27979	50003.0	50033.633	-30.6328125
europe	41	gp	gp	95	25022	531	4032	1.3991656064987184	56.3236504406875	38.5175540744211	58.58873	48.745716	660.78687	21906.0	21648.334	257.666015625
europe	41	gp	gp	95	39292	1334	4032	1.3991656064987184	45.5361206019841	10.7677844147459	40.03223	30.918192	1748.8177	7858.0	23975.762	-16117.76171875
europe	41	gp	gp	96	43356	73	4032	1.4029979745546977	49.7002452505462	24.784820895427	48.98284	25.625416	100.35967	3296.0	2622.2478	673.752197265625
europe	41	gp	gp	96	15410	292	4032	1.4029979745546977	41.4789564125037	60.7340740284351	39.4963	60.082752	227.23625	31762.0	33391.934	-1629.93359375
europe	41	gp	gp	96	16850	1144	4032	1.4029979745546977	42.0745217919429	57.1700775504198	39.820786	59.287373	307.26028	30003.0	31432.48	-1429.48046875
europe	41	gp	gp	97	42241	26	4032	1.4026536663373312	49.7445034257679	35.7339465218012	54.743786	31.48558	626.371	4568.0	5472.627	-904.626953125
europe	41	gp	gp	97	31133	548	4032	1.4026536663373312	47.3610419768415	23.1737091077761	48.342567	18.65571	354.2841	15895.0	14349.4	1545.599609375
europe	41	gp	gp	97	3246	577	4032	1.4026536663373312	31.0281062279508	39.9219834964681	30.853281	39.922436	19.439777	47040.0	47220.46	-180.4609375
europe	41	gp	gp	98	31417	789	4032	1.3996883312861124	52.6173647771166	23.8355168569244	47.46965	20.216274	627.84357	15609.0	12946.117	2662.8828125
europe	41	gp	gp	98	36619	1096	4032	1.3996883312861124	37.0115641318485	38.3590478912773	38.696922	33.89496	434.36206	10397.0	19097.49	-8700.490234375
europe	41	gp	gp	98	9886	1269	4032	1.3996883312861124	37.1972046056811	62.0240565693831	37.622887	58.102245	349.5784	38523.0	40096.383	-1573.3828125
europe	41	gp	gp	99	847	522	4032	1.4022561351458231	30.7250505920953	35.7992463606865	30.063457	39.285423	342.3493	49973.0	48229.664	1743.3359375
europe	41	gp	gp	99	3712	871	4032	1.4022561351458231	29.2300512566937	44.8057522096418	31.03129	44.835697	200.30934	46379.0	45897.484	481.515625
europe	41	gp	gp	99	16189	976	4032	1.4022561351458231	37.8884174950526	57.2668655119111	40.27166	61.64038	461.14105	30817.0	32445.809	-1628.80859375
europe	41	gp	gp	100	42267	256	4032	0.7165466666221618	47.6532811994778	19.1243234233227	41.09332	29.209988	1082.1975	4541.0	4271.3545	269.6455078125
europe	41	gp	gp	100	26139	336	4032	0.7165466666221618	56.9195665266487	51.1257216583623	56.11279	45.181213	375.41293	20857.0	20133.996	723.00390625
europe	41	gp	gp	100	36001	1466	4032	0.7165466666221618	38.1692818585218	29.6778798923553	37.561905	25.176607	400.82318	11000.0	8080.8315	2919.16845703125
europe	41	gp	gp	101	8835	152	4032	2.403368119398753	39.2073103187383	57.0413921195276	38.7711	59.48523	216.70572	39944.0	39165.46	778.5390625
europe	41	gp	gp	101	5144	485	4032	2.403368119398753	31.7626912882374	47.7660898588527	32.455467	49.574707	186.95111	44629.0	43764.363	864.63671875
europe	41	gp	gp	101	35320	1444	4032	2.403368119398753	39.8284472052204	32.7414590051537	36.725544	34.17647	367.0466	11687.0	13560.289	-1873.2890625
europe	41	gp	gp	102	43141	716	4032	1.4026028076807657	51.5006493748399	28.2909283788017	52.554394	27.529669	128.22319	3506.0	4675.4595	-1169.45947265625
europe	41	gp	gp	102	31503	975	4032	1.4026028076807657	37.9904307615999	33.937472889505	37.296135	37.782593	347.21457	15533.0	16170.217	-637.216796875
europe	41	gp	gp	102	3473	1083	4032	1.4026028076807657	29.5901029586681	44.2598149510227	29.711374	42.73402	148.05905	46707.0	46543.582	163.41796875
europe	41	gp	gp	103	34824	13	4032	1.3996244629224142	57.5468004911097	37.9594332794779	54.564796	31.311779	529.0424	12189.0	12879.917	-690.9169921875
europe	41	gp	gp	103	1417	569	4032	1.3996244629224142	28.7492469043981	36.3182878462154	27.986347	37.30819	128.75034	49298.0	49470.73	-172.73046875
europe	41	gp	gp	103	1101	838	4032	1.3996244629224142	27.8804900873735	33.7198717967022	27.593779	35.441536	172.4138	49650.0	50168.742	-518.7421875
europe	41	gp	gp	104	27597	494	4032	1.4020039518674214	38.088729277741	33.04000754034	37.999184	32.530655	45.702026	19367.0	17019.42	2347.580078125
europe	41	gp	gp	104	42932	508	4032	1.4020039518674214	52.3414196750842	31.5099806361096	54.969875	31.90836	293.44632	3718.0	5612.848	-1894.84814453125
europe	41	gp	gp	104	39936	969	4032	1.4020039518674214	38.0537702823739	29.231358642355	49.29543	28.007607	1253.8373	7223.0	4469.428	2753.57177734375
europe	41	gp	gp	105	31136	745	4032	1.3995181560516357	37.3259714214122	35.6305283245333	40.639824	30.15162	599.83167	15919.0	14123.431	1795.5693359375
europe	41	gp	gp	105	34233	977	4032	1.3995181560516357	37.5392104911016	38.032672072631	38.53453	27.45574	932.3729	12763.0	9990.744	2772.255859375
europe	41	gp	gp	105	15001	1135	4032	1.3995181560516357	39.0929251858889	57.769916181776	40.869564	57.95232	198.16339	32299.0	30094.705	2204.294921875
europe	41	gp	gp	106	16388	129	4032	1.4049908876419068	40.8330405182383	64.296532651424	41.54033	58.679108	476.51923	30575.0	32058.518	-1483.517578125
europe	41	gp	gp	106	1751	195	4032	1.4049908876419068	29.1822975153263	38.6059060136573	30.756775	38.52363	175.2533	48854.0	47987.17	866.828125
europe	41	gp	gp	106	15264	486	4032	1.4049908876419068	40.5133073405936	59.274239536787	41.76243	58.80892	144.25809	31926.0	32806.688	-880.6875
europe	41	gp	gp	107	30227	263	4032	1.402809993426005	38.0504115788893	39.121546871438	37.573128	34.277027	428.82336	16844.0	13663.909	3180.0908203125
europe	41	gp	gp	107	42453	264	4032	1.402809993426005	55.4762284792311	31.6993938443859	55.73849	33.285843	103.82138	4287.0	8618.964	-4331.9638671875
europe	41	gp	gp	107	23965	1198	4032	1.402809993426005	60.5517953126814	46.2489473498495	56.161957	40.497314	591.8514	22878.0	24324.074	-1446.07421875
europe	41	gp	gp	108	12643	408	4032	1.3995155731836955	38.7947261332047	61.2387205677095	38.049725	57.971157	296.44608	35088.0	33109.76	1978.23828125
europe	41	gp	gp	108	37922	1127	4032	1.3995155731836955	39.5697685749431	32.8679660958375	42.008476	24.737112	735.891	9194.0	11506.877	-2312.876953125
europe	41	gp	gp	108	35376	1333	4032	1.3995155731836955	55.9524847809484	37.3157331439322	58.42129	39.695385	309.66586	11610.0	9757.158	1852.841796875
europe	41	gp	gp	109	44716	243	4032	1.402160147825877	50.4822636946185	24.4457857171946	46.90653	19.493977	538.449	1853.0	1142.0715	710.928466796875
europe	41	gp	gp	109	31220	1055	4032	1.402160147825877	41.4502036330186	33.0026949397106	39.705807	47.951317	1275.6407	15833.0	24999.004	-9166.00390625
europe	41	gp	gp	109	31591	1286	4032	1.402160147825877	47.4738546197526	12.8958570583953	44.609844	20.744295	683.9305	15422.0	14835.867	586.1328125
europe	41	gp	gp	110	41308	491	4032	1.3992456356684366	50.4978884604691	11.8080837353307	54.43539	30.029278	1305.2156	5715.0	4369.1465	1345.853515625
europe	41	gp	gp	110	4548	659	4032	1.3992456356684366	27.9058466823793	46.2433209351514	29.896292	43.40437	354.03796	45366.0	45798.465	-432.46484375
europe	41	gp	gp	110	22936	1434	4032	1.3992456356684366	37.1668379195596	38.6892360782767	38.716843	45.64709	633.8384	23924.0	22902.262	1021.73828125
europe	41	gp	gp	111	40714	162	4032	1.4031202753384908	56.5257588024865	34.6601574999714	57.764385	32.17866	203.39218	6407.0	5797.43	609.56982421875
europe	41	gp	gp	111	21558	179	4032	1.4031202753384908	57.7227153439491	52.7047691731729	48.950985	46.860535	1048.7826	25199.0	25289.586	-90.5859375
europe	41	gp	gp	111	16876	1130	4032	1.4031202753384908	40.7423446055978	57.8971624785825	40.23119	56.274532	148.5279	29970.0	29500.389	469.611328125
europe	41	gp	gp	112	24360	312	4032	1.4028840939203897	56.9851443169939	43.7906727127245	52.63261	47.61894	542.4037	22531.0	24025.082	-1494.08203125
europe	41	gp	gp	112	31852	826	4032	1.4028840939203897	56.3065392720727	38.7907922571627	56.519676	47.51806	537.0022	15166.0	19231.867	-4065.8671875
europe	41	gp	gp	112	33380	1383	4032	1.4028840939203897	55.4360396398311	47.1480525846977	57.673443	36.154892	717.18195	13627.0	8502.486	5124.513671875
europe	41	gp	gp	113	41252	394	4032	1.3999217907587687	46.5136947289439	24.7540348448744	48.044716	23.661299	189.14433	5784.0	3785.6296	1998.370361328125
europe	41	gp	gp	113	9459	443	4032	1.3999217907587687	40.1887532576587	60.1136250742213	39.57474	60.058834	68.43508	39119.0	38203.24	915.76171875
europe	41	gp	gp	113	8674	1081	4032	1.3999217907587687	39.2061950310064	56.5130652173524	40.399616	61.267735	427.23206	40130.0	37148.812	2981.1875
europe	41	gp	gp	114	33920	380	4032	1.4025849858919779	41.0259161642257	37.0839276666244	38.17316	33.575935	436.90894	13074.0	13741.629	-667.62890625
europe	41	gp	gp	114	24593	587	4032	1.4025849858919779	38.7029898987751	33.8225382564305	37.843628	37.203716	310.22037	22342.0	25508.104	-3166.103515625
europe	41	gp	gp	114	20314	1376	4032	1.4025849858919779	38.4805370416248	39.4004476119718	43.212887	54.48819	1371.3336	26425.0	27105.15	-680.150390625
europe	41	gp	gp	115	38864	828	4032	1.399081250031789	48.3731316916738	15.5193579690486	48.580143	28.803904	978.2926	8278.0	4959.86	3318.14013671875
europe	41	gp	gp	115	25102	1027	4032	1.399081250031789	56.47939043015	39.8550597449342	56.213665	46.95328	438.19803	21815.0	21025.697	789.302734375
europe	41	gp	gp	115	14681	1273	4032	1.399081250031789	40.4688664101466	58.727140525748	40.745518	55.150703	303.4575	32742.0	30791.678	1950.322265625
europe	41	gp	gp	116	42690	163	4032	1.4031620144844055	54.1252955676325	24.7026840630167	55.35019	30.42886	391.87234	4003.0	5940.045	-1937.044921875
europe	41	gp	gp	116	39143	364	4032	1.4031620144844055	47.8375217367038	9.3462699295239	55.828022	27.98058	1550.6326	8022.0	10766.277	-2744.27734375
europe	41	gp	gp	116	8699	1115	4032	1.4031620144844055	40.6526010853535	57.3840244711092	38.603725	58.026035	234.3632	40088.0	39964.492	123.5078125
europe	41	gp	gp	117	30417	87	4032	1.4028887033462525	45.0358215233213	29.3770203646086	47.702587	21.261112	689.2321	16617.0	8721.691	7895.30859375
europe	41	gp	gp	117	44476	809	4032	1.4028887033462525	45.8125252893807	18.7422554187584	49.339703	23.377571	523.9417	2122.0	3210.651	-1088.65087890625
europe	41	gp	gp	117	45072	1167	4032	1.4028887033462525	47.5675365321174	12.9999175925651	46.888157	17.092127	318.0637	1348.0	5355.623	-4007.623046875
europe	41	gp	gp	118	9429	403	4032	2.3996172348658242	41.4713307969592	63.3475161637113	38.704308	58.648552	504.30865	39147.0	39599.24	-452.23828125
europe	41	gp	gp	118	30536	835	4032	2.3996172348658242	59.5426038513175	56.2119564597394	60.778095	42.071075	792.7291	16518.0	18107.672	-1589.671875
europe	41	gp	gp	118	42714	1021	4032	2.3996172348658242	53.3871838634981	25.102123293392	49.33665	25.42813	450.9658	3973.0	2506.066	1466.93408203125
europe	41	gp	gp	119	34320	285	4032	1.4021263519922893	40.0639567538534	39.9744973693995	39.90184	28.044981	1015.813	12670.0	13378.567	-708.5673828125
europe	41	gp	gp	119	25682	301	4032	1.4021263519922893	37.4934710602877	37.0670502494414	40.222034	31.572891	564.0718	21275.0	17947.188	3327.8125
europe	41	gp	gp	119	18180	890	4032	1.4021263519922893	38.1020173902855	63.8489868341205	44.27125	41.59364	1977.0956	28385.0	24663.053	3721.947265625
europe	41	gp	gp	120	36894	629	4032	1.3994959950447083	53.8810697434398	52.5208537648999	58.101498	32.625927	1317.3508	10115.0	11864.239	-1749.2392578125
europe	41	gp	gp	120	5072	884	4032	1.3994959950447083	32.4923838408764	45.7475457204122	29.119896	42.25158	502.02734	44722.0	46500.64	-1778.640625
europe	41	gp	gp	120	25175	991	4032	1.3994959950447083	61.5144856529782	51.2865561628088	49.11208	34.10262	1744.923	21755.0	23295.098	-1540.09765625
europe	41	gp	gp	121	17020	123	4032	1.4031193017959596	39.4991720762071	58.171253907989	42.57378	59.76836	367.16724	29796.0	31278.123	-1482.123046875
europe	41	gp	gp	121	19285	350	4032	1.4031193017959596	37.6382603423772	29.3498705456281	42.37549	37.214573	851.518	27472.0	21558.883	5913.1171875
europe	41	gp	gp	121	41576	396	4032	1.4031193017959596	57.052785415099	34.7827176288561	54.81449	29.655113	404.72537	5407.0	2678.219	2728.781005859375
europe	41	gp	gp	122	22499	273	4032	1.4031948407491048	58.3748311488417	48.8529097650658	58.46037	40.965904	459.13834	24305.0	20023.436	4281.564453125
europe	41	gp	gp	122	21838	356	4032	1.4031948407491048	58.0443273160943	52.2001361333504	54.434586	46.923553	516.8183	24962.0	23803.422	1158.578125
europe	41	gp	gp	122	21861	827	4032	1.4031948407491048	47.7004248853952	5.48428185487459	56.27142	41.32517	2596.8706	24930.0	23242.842	1687.158203125
europe	41	gp	gp	123	17717	354	4032	1.399393383661906	37.2780899220388	61.8981047788781	46.492325	57.911385	1076.0369	28919.0	27919.52	999.48046875
europe	41	gp	gp	123	10485	614	4032	1.399393383661906	37.3725873685338	58.9737305425043	39.370647	59.506615	226.97734	37836.0	39196.12	-1360.12109375
europe	41	gp	gp	123	25267	765	4032	1.399393383661906	39.9038801515773	-3.00960735726831	41.69658	40.49017	3627.8376	21662.0	24508.373	-2846.373046875
europe	41	gp	gp	124	34817	469	4032	1.4022558490435282	37.1776558808871	32.2603446530807	36.961983	31.550396	67.39915	12205.0	8384.272	3820.7275390625
europe	41	gp	gp	124	19749	847	4032	1.4022558490435282	39.888751950728	58.029851522833	53.428772	52.57042	1561.0132	26974.0	25171.398	1802.6015625
europe	41	gp	gp	124	26504	1149	4032	1.4022558490435282	37.5107808163722	31.0910037782341	36.79999	41.92201	962.5808	20476.0	23524.732	-3048.732421875
europe	41	gp	gp	125	32311	776	4032	1.3992412050565084	39.789569748552	37.3177208614853	38.233498	57.705994	1766.185	14722.0	31817.219	-17095.21875
europe	41	gp	gp	125	21685	1172	4032	1.3992412050565084	41.0260614041852	58.9405949701546	43.49291	48.633476	890.77484	25080.0	25749.611	-669.611328125
europe	41	gp	gp	125	14902	1430	4032	1.3992412050565084	40.3156602167375	59.3261729639183	39.55328	58.946136	90.753944	32442.0	34049.97	-1607.96875
europe	41	gp	gp	126	13239	1040	4032	2.40348596572876	37.104416222493	62.1372296796364	40.072186	62.0932	330.02313	34419.0	35779.27	-1360.26953125
europe	41	gp	gp	126	11513	1231	4032	2.40348596572876	39.6484676649016	60.047891764757	39.556904	60.479	38.312145	36620.0	35992.996	627.00390625
europe	41	gp	gp	126	28359	1435	4032	2.40348596572876	39.7486860549229	36.7318859958481	38.95659	30.152208	572.41455	18648.0	14468.451	4179.548828125
europe	41	gp	gp	127	1640	14	4032	1.4027850389480592	31.5389456296633	37.0170520184976	30.115366	38.891567	238.93481	48988.0	47483.87	1504.12890625
europe	41	gp	gp	127	25838	280	4032	1.4027850389480592	47.9892053772228	12.273021363033	47.36069	30.579815	1369.2109	21134.0	16345.161	4788.8388671875
europe	41	gp	gp	127	20659	1046	4032	1.4027850389480592	56.8989095962453	44.9098203609958	51.322872	40.28449	689.07214	26040.0	22629.16	3410.83984375
europe	41	gp	gp	128	32042	346	4032	1.399418576558431	44.5283594739701	16.6646319663103	49.282333	34.58545	1456.0685	14987.0	16489.973	-1502.97265625
europe	41	gp	gp	128	45133	1325	4032	1.399418576558431	46.3135284255275	26.9928696309051	41.851444	21.00351	688.8427	1243.0	2881.9307	-1638.9306640625
europe	41	gp	gp	128	14525	1375	4032	1.399418576558431	37.8258206393792	63.2556587715076	41.48635	59.273155	530.8206	32938.0	31466.695	1471.3046875
