ind	co1	co2
42784	13.396163194603698	13.396163194603698
8161	15.064099914003764	15.064099914003764
12398	15.740891295876725	15.740891295876725
42047	15.152619193565654	15.152619193565654
43565	15.863743891323331	15.863743891323331
32738	17.91309922250397	17.91309922250397
43503	13.521176639335598	13.521176639335598
17147	15.94547297464586	15.94547297464586
11950	13.333864542682036	13.333864542682036
25801	15.343744581452679	15.343744581452679
9213	14.487556290715142	14.487556290715142
1367	16.32375895668857	16.32375895668857
12019	14.139719806414977	14.139719806414977
34824	15.51949319901836	15.51949319901836
1640	13.734856282450478	13.734856282450478
10621	12.840860988703657	12.840860988703657
43290	15.434733949991724	15.434733949991724
24719	16.733289319945904	16.733289319945904
40120	15.520134156235521	15.520134156235521
20319	13.99783420624556	13.99783420624556
16210	15.268345540392136	15.268345540392136
44272	15.767174700480096	15.767174700480096
37698	16.191272026786656	16.191272026786656
10482	13.842589192703052	13.842589192703052
6930	15.696279395255543	15.696279395255543
16816	15.351383685792129	15.351383685792129
42241	14.967584916988743	14.967584916988743
13669	15.01318157911874	15.01318157911874
42450	14.320750030304888	14.320750030304888
31033	14.37946797247327	14.37946797247327
8887	16.33121421656793	16.33121421656793
4578	15.258838512767674	15.258838512767674
26443	14.518516082880392	14.518516082880392
4025	12.50821038170175	12.50821038170175
3402	14.123436225930014	14.123436225930014
5788	14.49449087251314	14.49449087251314
7020	13.71687083004938	13.71687083004938
35324	13.669671575020619	13.669671575020619
17760	15.825992584379115	15.825992584379115
31990	14.75278498523999	14.75278498523999
37825	13.300293883870326	13.300293883870326
41228	13.664847133895309	13.664847133895309
21148	14.700361110426368	14.700361110426368
31419	16.11480689851173	16.11480689851173
41517	13.493591153425838	13.493591153425838
9048	16.590112075481635	16.590112075481635
3608	14.512674823311096	14.512674823311096
33452	13.28889781291068	13.28889781291068
36763	15.513090214549557	15.513090214549557
1478	16.437091918188703	16.437091918188703
31027	14.778195890793539	14.778195890793539
20360	15.648816501624282	15.648816501624282
556	14.682108805394591	14.682108805394591
45010	14.98902174481787	14.98902174481787
39491	16.665416503851894	16.665416503851894
20948	15.895786434257403	15.895786434257403
9397	13.797398811666378	13.797398811666378
35596	17.79962711470064	17.79962711470064
27745	13.978803753065158	13.978803753065158
4218	15.8481069967984	15.8481069967984
34412	15.498082605068365	15.498082605068365
20597	14.915558361240683	14.915558361240683
32045	15.202493325858162	15.202493325858162
32783	14.836194222108732	14.836194222108732
39881	15.837059709623508	15.837059709623508
26165	14.287560335081906	14.287560335081906
17661	13.825850130990148	13.825850130990148
2159	15.475267950059633	15.475267950059633
7542	16.737394806755795	16.737394806755795
23620	14.863356337385676	14.863356337385676
15622	16.70331673234523	16.70331673234523
43350	14.911781654141107	14.911781654141107
16711	16.557242153072643	16.557242153072643
43356	15.963409884794652	15.963409884794652
45375	15.522726156767222	15.522726156767222
45421	15.937150389252007	15.937150389252007
17890	14.163090695848608	14.163090695848608
43194	15.098068088971617	15.098068088971617
32832	13.429446613762327	13.429446613762327
33307	13.220122112834432	13.220122112834432
3777	15.918836304308734	15.918836304308734
33840	14.850932221578136	14.850932221578136
45210	16.005636460489725	16.005636460489725
38669	15.131017887518317	15.131017887518317
9026	14.226952893894397	14.226952893894397
6149	17.89430741939923	17.89430741939923
3823	16.377078448489346	16.377078448489346
30417	15.171455824813199	15.171455824813199
31504	15.022242230358312	15.022242230358312
24993	16.65268581626847	16.65268581626847
20503	14.678124799500907	14.678124799500907
30252	16.524564612166753	16.524564612166753
510	15.654605347896217	15.654605347896217
18306	13.678173982597162	13.678173982597162
35539	15.743245379786394	15.743245379786394
29427	16.117380755760674	16.117380755760674
27806	15.546459442670022	15.546459442670022
41417	15.96405305845317	15.96405305845317
33509	16.374778665068025	16.374778665068025
3560	14.508717136234885	14.508717136234885
14955	17.25392545863066	17.25392545863066
24605	15.161614195306832	15.161614195306832
26436	15.833778813700757	15.833778813700757
6409	13.419890527504286	13.419890527504286
22332	16.01058528586921	16.01058528586921
18689	15.721867861959774	15.721867861959774
15594	14.41636796108144	14.41636796108144
3053	15.682845383555426	15.682845383555426
5582	15.505365780851458	15.505365780851458
13337	16.001457778935354	16.001457778935354
10674	15.715796095664809	15.715796095664809
35560	14.445635392229997	14.445635392229997
6958	15.05488047162967	15.05488047162967
15855	13.301353079924384	13.301353079924384
35501	15.0214629797969	15.0214629797969
12443	14.484283608109918	14.484283608109918
614	16.06883923740506	16.06883923740506
9005	16.342574102607735	16.342574102607735
37861	15.641309542019329	15.641309542019329
42983	13.148105170617441	13.148105170617441
42954	15.520961657344914	15.520961657344914
17915	13.895083814920287	13.895083814920287
12783	15.437862282863275	15.437862282863275
17020	15.158265948989024	15.158265948989024
13652	13.909438175388136	13.909438175388136
2266	13.68028406135778	13.68028406135778
6833	15.83865146805141	15.83865146805141
14272	17.11976385766191	17.11976385766191
43387	14.950427562620897	14.950427562620897
16388	15.325697849886273	15.325697849886273
14599	14.451676630030898	14.451676630030898
35567	14.729680934622115	14.729680934622115
28637	13.327194613057522	13.327194613057522
4947	15.082831804389079	15.082831804389079
17910	15.190192736346766	15.190192736346766
6968	14.69179285335153	14.69179285335153
24599	15.107088344909284	15.107088344909284
31129	14.643019884056146	14.643019884056146
43833	16.337526806800643	16.337526806800643
32689	14.923781997438468	14.923781997438468
18213	15.263373197588617	15.263373197588617
14066	15.960938103976675	15.960938103976675
22492	15.190181487202471	15.190181487202471
37071	15.40407412651048	15.40407412651048
41313	13.174633844987502	13.174633844987502
7539	14.751097008439553	14.751097008439553
45301	16.914497504054626	16.914497504054626
28448	15.390608430246814	15.390608430246814
39056	16.023941039707427	16.023941039707427
39916	15.393099889930037	15.393099889930037
42390	16.881927660566685	16.881927660566685
15915	14.251741038813753	14.251741038813753
8835	14.192969907252628	14.192969907252628
6695	15.657375553019266	15.657375553019266
9318	15.786261247562491	15.786261247562491
42817	15.317279264499104	15.317279264499104
29356	15.29608768194376	15.29608768194376
28121	14.33434988188614	14.33434988188614
19875	16.035382797499512	16.035382797499512
42219	15.03640254439181	15.03640254439181
13064	15.498543301219776	15.498543301219776
1634	14.522009537651268	14.522009537651268
40714	17.050743063054533	17.050743063054533
42690	14.5500535740795	14.5500535740795
14765	15.166740568772456	15.166740568772456
29928	13.897327684838299	13.897327684838299
26699	14.188017022249252	14.188017022249252
18234	14.954296717123666	14.954296717123666
3687	14.177446236764016	14.177446236764016
20059	15.125976941007274	15.125976941007274
33009	14.160291472244824	14.160291472244824
23841	15.121813332762079	15.121813332762079
45105	15.027949878754654	15.027949878754654
15983	16.231797049700816	16.231797049700816
39460	14.495169924158468	14.495169924158468
45002	13.899858633524492	13.899858633524492
38420	14.197886546662541	14.197886546662541
31799	12.836236830021422	12.836236830021422
40366	12.811413414511387	12.811413414511387
21558	16.006090526168755	16.006090526168755
7498	17.12540125719126	17.12540125719126
27092	14.617079572764249	14.617079572764249
39293	15.092418465450072	15.092418465450072
31062	14.547985996174633	14.547985996174633
16404	15.951815112877249	15.951815112877249
32948	14.826811162317151	14.826811162317151
19281	14.87588351145531	14.87588351145531
9044	14.846646746418678	14.846646746418678
41440	13.381259073537805	13.381259073537805
41902	15.827491177205044	15.827491177205044
5233	13.77767234160036	13.77767234160036
39148	17.21201700655988	17.21201700655988
22359	16.347093207035478	16.347093207035478
42947	15.189515516235257	15.189515516235257
7499	12.269958676022593	12.269958676022593
1751	15.036645741831471	15.036645741831471
43540	15.738741160551612	15.738741160551612
43939	15.374717001473517	15.374717001473517
23297	14.353725061394055	14.353725061394055
42904	17.017684033367786	17.017684033367786
40332	15.731188672772516	15.731188672772516
38966	14.77035294381256	14.77035294381256
3471	17.144111982542732	17.144111982542732
40644	15.397145855597463	15.397145855597463
12537	15.159466581791696	15.159466581791696
7192	15.387664287529521	15.387664287529521
19872	16.2146710215318	16.2146710215318
6307	15.31303160123941	15.31303160123941
10921	15.219778248160482	15.219778248160482
3504	15.251344255484767	15.251344255484767
13388	16.899189689007663	16.899189689007663
24243	15.078720367406364	15.078720367406364
10238	13.648079528873481	13.648079528873481
28164	14.229259231760272	14.229259231760272
22203	14.509372599544351	14.509372599544351
31386	16.07957920831444	16.07957920831444
902	16.174550825319358	16.174550825319358
18116	14.66548129407895	14.66548129407895
2211	15.000751004537186	15.000751004537186
14248	14.705344241754695	14.705344241754695
27137	13.565328601994267	13.565328601994267
42742	13.898917649151315	13.898917649151315
44300	13.688692696808477	13.688692696808477
15797	15.272847887192825	15.272847887192825
7858	15.798896842353699	15.798896842353699
26532	14.853864528886952	14.853864528886952
44353	14.51475012452196	14.51475012452196
22894	15.687775839941438	15.687775839941438
28970	14.068300568132566	14.068300568132566
15120	13.010160305655603	13.010160305655603
6117	14.926414800881647	14.926414800881647
36832	15.323405281334871	15.323405281334871
879	13.915400056165737	13.915400056165737
20505	13.566004438081796	13.566004438081796
8328	14.29880180857874	14.29880180857874
37029	13.598551487276016	13.598551487276016
2532	14.69138161857993	14.69138161857993
14035	14.714539405227415	14.714539405227415
19950	15.140025365019715	15.140025365019715
42046	15.892729018910671	15.892729018910671
38159	14.970581096943258	14.970581096943258
6122	15.55643241449066	15.55643241449066
17237	15.437318394072525	15.437318394072525
44716	13.37870035552396	13.37870035552396
39656	14.755403682968016	14.755403682968016
44792	13.908593380199953	13.908593380199953
16308	13.818716039376307	13.818716039376307
13057	15.057285569942561	15.057285569942561
9545	16.046987419538812	16.046987419538812
7196	15.620833414146245	15.620833414146245
19948	15.42951046619497	15.42951046619497
16412	16.4137940168374	16.4137940168374
43863	14.941522018302711	14.941522018302711
25683	14.310698033758356	14.310698033758356
10009	14.536821606593268	14.536821606593268
22615	14.448339596750309	14.448339596750309
42267	13.076869603475002	13.076869603475002
38456	16.208225068517443	16.208225068517443
42286	14.825704361085675	14.825704361085675
19336	14.879537142921517	14.879537142921517
33578	14.524840325620717	14.524840325620717
13507	15.02424452146053	15.02424452146053
33453	14.422188107329333	14.422188107329333
30227	15.923009113402495	15.923009113402495
42453	13.371451278006122	13.371451278006122
4263	15.66764793715036	15.66764793715036
20681	15.076933154893823	15.076933154893823
4776	16.141028228961098	16.141028228961098
7808	16.385217864612766	16.385217864612766
32130	16.361965265898625	16.361965265898625
9908	14.996524811229962	14.996524811229962
18908	14.12081915675542	14.12081915675542
20453	16.448860951292446	16.448860951292446
22499	13.948504073324605	13.948504073324605
20592	15.278730917990098	15.278730917990098
84	14.502770863042649	14.502770863042649
18236	15.178557197397721	15.178557197397721
41103	16.9346340525681	16.9346340525681
6068	15.633524514360683	15.633524514360683
38498	15.36368981675022	15.36368981675022
25838	14.94755675501014	14.94755675501014
34293	15.395483809457792	15.395483809457792
1565	15.836657884212316	15.836657884212316
12058	15.59592628712374	15.59592628712374
5215	14.113493911742857	14.113493911742857
34320	14.364418479138159	14.364418479138159
26787	15.04349880160438	15.04349880160438
42760	15.769402667095477	15.769402667095477
1664	15.437064636668417	15.437064636668417
3156	14.841164304376562	14.841164304376562
14342	13.131989880920539	13.131989880920539
40282	13.786789197534047	13.786789197534047
15410	16.43514870048441	16.43514870048441
28781	14.520908653248863	14.520908653248863
37731	16.26949177955892	16.26949177955892
19362	15.281790576692572	15.281790576692572
40390	14.409153451281103	14.409153451281103
27028	13.301354816155762	13.301354816155762
4777	14.692163411676354	14.692163411676354
11237	14.348866716085945	14.348866716085945
32129	13.815402932783204	13.815402932783204
25682	14.645483967860075	14.645483967860075
16256	16.36731227006973	16.36731227006973
44637	16.700122061516623	16.700122061516623
30750	13.120411197954436	13.120411197954436
20027	14.71458900303461	14.71458900303461
41122	14.640558591605256	14.640558591605256
2530	15.324595608536894	15.324595608536894
4874	15.755334340611583	15.755334340611583
19784	15.362081938019852	15.362081938019852
34134	15.053440887136315	15.053440887136315
12116	13.471570568295292	13.471570568295292
24360	14.067559767125532	14.067559767125532
19696	14.578100678509468	14.578100678509468
12945	14.370869941476245	14.370869941476245
20857	13.418454416923737	13.418454416923737
45170	13.746362971089827	13.746362971089827
4822	15.714422420078936	15.714422420078936
42981	13.865794821658135	13.865794821658135
19137	14.543440295636353	14.543440295636353
39294	14.35796393217305	14.35796393217305
21977	15.334013462530757	15.334013462530757
35228	14.44537189439079	14.44537189439079
13450	13.86753743757895	13.86753743757895
12866	14.438492567847716	14.438492567847716
13270	15.964634448402274	15.964634448402274
9174	16.505541343042438	16.505541343042438
41358	15.66801333786277	15.66801333786277
11942	15.30357114485594	15.30357114485594
18210	14.485567615581704	14.485567615581704
39326	15.58979305929705	15.58979305929705
12053	16.5493283254868	16.5493283254868
9928	16.84939438763946	16.84939438763946
12063	13.640742797383744	13.640742797383744
21144	14.059396784944852	14.059396784944852
11156	17.433813990831524	17.433813990831524
26139	14.692788192857293	14.692788192857293
2074	16.13994860020834	16.13994860020834
32591	14.40228196867125	14.40228196867125
20697	16.07635401279119	16.07635401279119
12093	16.344562918421087	16.344562918421087
27841	13.486478591796887	13.486478591796887
38922	12.753797514233149	12.753797514233149
26883	15.096480844113925	15.096480844113925
18905	13.868730013585647	13.868730013585647
2814	14.76655521935438	14.76655521935438
32042	16.106254160388275	16.106254160388275
19660	15.996864641028065	15.996864641028065
20477	16.12867291333641	16.12867291333641
39151	13.334623124983812	13.334623124983812
19285	15.617932372428003	15.617932372428003
13838	13.704857481426362	13.704857481426362
25366	14.297038057709491	14.297038057709491
42576	15.714338333501075	15.714338333501075
17717	15.881722724783142	15.881722724783142
3284	15.26628855576102	15.26628855576102
21838	15.508362063547237	15.508362063547237
35011	14.849899900070898	14.849899900070898
27318	13.807210421676196	13.807210421676196
16575	14.36883958354329	14.36883958354329
33719	15.478161956677358	15.478161956677358
43254	13.970275057480018	13.970275057480018
29420	14.04725495997134	14.04725495997134
8036	13.482813102418802	13.482813102418802
39143	13.94400689005704	13.94400689005704
10363	14.790265822848701	14.790265822848701
21621	14.813316068827506	14.813316068827506
24842	16.803710706899025	16.803710706899025
42387	16.378223353461607	16.378223353461607
30914	13.665120309067799	13.665120309067799
30994	16.421606465288562	16.421606465288562
12451	14.659356417651026	14.659356417651026
24697	16.8149108705619	16.8149108705619
25841	14.37082240481322	14.37082240481322
7849	15.203731655409966	15.203731655409966
16772	15.557926301067544	15.557926301067544
33433	16.056614126126636	16.056614126126636
6194	16.063102871173363	16.063102871173363
31539	15.39879357058068	15.39879357058068
28992	13.889658899461358	13.889658899461358
33920	14.452860308741062	14.452860308741062
4760	14.33471073284105	14.33471073284105
43384	14.60503358824018	14.60503358824018
25864	14.038934830494199	14.038934830494199
11020	15.005653909908554	15.005653909908554
2973	12.917947794658625	12.917947794658625
6651	14.760906359151637	14.760906359151637
11946	14.775150352254062	14.775150352254062
11216	15.015408019817654	15.015408019817654
6193	15.347693258481698	15.347693258481698
15914	15.53703367541314	15.53703367541314
12371	14.950809932978434	14.950809932978434
44327	14.202684068914131	14.202684068914131
23581	17.426769672113526	17.426769672113526
41252	15.342631813522694	15.342631813522694
10384	16.524429226040837	16.524429226040837
41576	15.675204876514828	15.675204876514828
35303	13.460452886446152	13.460452886446152
32892	14.805870174268087	14.805870174268087
2787	14.685503459934926	14.685503459934926
39594	15.736664140224846	15.736664140224846
7475	14.937536196859597	14.937536196859597
2840	14.592968489036819	14.592968489036819
9429	16.36698556853718	16.36698556853718
41167	14.394305810048062	14.394305810048062
26104	14.947695735515097	14.947695735515097
30881	15.097652065153847	15.097652065153847
34665	14.465635397368985	14.465635397368985
12643	16.325128242783197	16.325128242783197
33137	17.557917458279388	17.557917458279388
35562	13.41881294037842	13.41881294037842
45441	14.920389256653767	14.920389256653767
26445	16.382368072611516	16.382368072611516
43230	14.91221416751056	14.91221416751056
6002	15.62638931171533	15.62638931171533
24202	14.401648880009274	14.401648880009274
6000	15.061817605222238	15.061817605222238
17146	15.395838095916723	15.395838095916723
28515	15.215998777607311	15.215998777607311
5230	14.410321862419401	14.410321862419401
7879	14.699602538169481	14.699602538169481
26753	14.86405539771803	14.86405539771803
16728	15.582923439303299	15.582923439303299
13389	15.805770933265617	15.805770933265617
18514	15.620056242451112	15.620056242451112
17686	14.81492545884248	14.81492545884248
6285	15.564956792195328	15.564956792195328
15338	14.652724215685879	14.652724215685879
18696	15.664220541538933	15.664220541538933
20504	14.561079309584214	14.561079309584214
22493	15.478441026530213	15.478441026530213
14769	14.871231363538014	14.871231363538014
15366	16.629850649521185	16.629850649521185
13832	15.525277506256536	15.525277506256536
12203	16.82856892205505	16.82856892205505
16799	15.094389088827784	15.094389088827784
22451	14.78138162126989	14.78138162126989
10924	16.66227846361961	16.66227846361961
6729	15.331710746601534	15.331710746601534
30125	14.538497760028672	14.538497760028672
34854	16.845085098682603	16.845085098682603
32400	15.002293824609598	15.002293824609598
13476	13.533997859929661	13.533997859929661
9459	15.126740986948818	15.126740986948818
8133	14.317929116888049	14.317929116888049
36360	15.188128413618017	15.188128413618017
2459	14.814937725310259	14.814937725310259
17363	14.223988357928809	14.223988357928809
39048	13.484381512859148	13.484381512859148
45068	14.44937294207119	14.44937294207119
43161	14.459566628042156	14.459566628042156
17364	13.446368698059164	13.446368698059164
25730	15.762521562529436	15.762521562529436
20727	15.917889938216282	15.917889938216282
810	15.387846432912353	15.387846432912353
19456	16.695955318524888	16.695955318524888
15799	14.955591117585112	14.955591117585112
32313	14.54331033192881	14.54331033192881
16155	14.685715669798304	14.685715669798304
17283	16.93245932396709	16.93245932396709
19843	14.927371068209688	14.927371068209688
12644	14.647753307571406	14.647753307571406
31128	15.826690513204827	15.826690513204827
24286	16.349699107292686	16.349699107292686
21585	13.975604133406875	13.975604133406875
36728	14.587659873082648	14.587659873082648
5680	14.173822210862173	14.173822210862173
23518	16.431253581648175	16.431253581648175
18620	14.264922441266194	14.264922441266194
34817	16.111883769329246	16.111883769329246
36416	14.30111556122107	14.30111556122107
28780	14.755541379661546	14.755541379661546
4462	15.123958880131267	15.123958880131267
30787	13.55727773205035	13.55727773205035
22646	16.632739803918238	16.632739803918238
45435	15.12775809893164	15.12775809893164
12370	15.405665333790333	15.405665333790333
15041	14.776963380380478	14.776963380380478
25903	15.614121170930051	15.614121170930051
28833	14.695620010600468	14.695620010600468
21523	13.354665312167668	13.354665312167668
3951	12.913746342454395	12.913746342454395
31986	16.421543019930805	16.421543019930805
557	13.69735726073004	13.69735726073004
27445	12.801051140926178	12.801051140926178
5144	15.259770348404352	15.259770348404352
15264	14.462348359810711	14.462348359810711
4759	15.28912246973872	15.28912246973872
5118	16.588699935720587	16.588699935720587
42087	15.733091465395438	15.733091465395438
41283	14.342823218632489	14.342823218632489
41308	16.66879605336151	16.66879605336151
13976	15.377436212571551	15.377436212571551
2387	16.082252253574975	16.082252253574975
27597	15.961028124082794	15.961028124082794
38990	16.65733618677369	16.65733618677369
16661	16.03932609880379	16.03932609880379
23770	16.124510376552504	16.124510376552504
5974	14.39373580471618	14.39373580471618
5391	13.818293764502618	13.818293764502618
2504	15.72783571822961	15.72783571822961
9692	15.66111774674173	15.66111774674173
29617	16.028791937815935	16.028791937815935
37155	15.467075499221053	15.467075499221053
17739	15.533234722114445	15.533234722114445
8079	13.458982097088407	13.458982097088407
32167	16.046847486272547	16.046847486272547
45174	13.184487592120293	13.184487592120293
42932	16.078809657289188	16.078809657289188
16254	14.183003201211722	14.183003201211722
8078	14.967402057138107	14.967402057138107
5791	17.0711927201894	17.0711927201894
1775	15.24132758283053	15.24132758283053
6217	13.121033006214283	13.121033006214283
25264	13.511657094253836	13.511657094253836
25769	14.477792197561598	14.477792197561598
1873	15.289076204169001	15.289076204169001
19748	14.597832162945203	14.597832162945203
8832	14.269641495162716	14.269641495162716
13570	15.960083244358026	15.960083244358026
19664	14.013377185886906	14.013377185886906
34507	17.904486816494046	17.904486816494046
847	14.578488688218346	14.578488688218346
38691	14.877470073532123	14.877470073532123
10410	14.556294369149109	14.556294369149109
28669	14.644456646857885	14.644456646857885
8126	16.501102062425787	16.501102062425787
23263	14.830085598241077	14.830085598241077
11604	14.052896176536304	14.052896176536304
22489	14.362741389520588	14.362741389520588
4471	15.383715092563836	15.383715092563836
25022	14.004294814707496	14.004294814707496
38272	16.472677161913666	16.472677161913666
24168	14.907698813471352	14.907698813471352
38394	14.191525929527046	14.191525929527046
45451	13.807675474739309	13.807675474739309
21891	16.77501442230766	16.77501442230766
36320	14.395754279840952	14.395754279840952
24934	15.837093946800215	15.837093946800215
25368	14.846818085360665	14.846818085360665
35472	14.726353638655514	14.726353638655514
13698	16.052155804921522	16.052155804921522
25167	16.753355026891494	16.753355026891494
22716	15.58086988531542	15.58086988531542
31681	14.728845668998959	14.728845668998959
16666	13.43196275906129	13.43196275906129
33987	15.992142417076682	15.992142417076682
42669	14.504802028966205	14.504802028966205
31133	13.279219314962031	13.279219314962031
1308	15.265636461867837	15.265636461867837
15445	14.95353161384576	14.95353161384576
6353	14.21098606693451	14.21098606693451
38589	14.005308808083331	14.005308808083331
44914	14.208482897294187	14.208482897294187
13776	13.391058623297997	13.391058623297997
35200	16.514733649104404	16.514733649104404
8333	15.755483604099489	15.755483604099489
10622	14.180346745692308	14.180346745692308
11693	15.28916716533082	15.28916716533082
25486	15.053856908759371	15.053856908759371
33605	15.280838880904085	15.280838880904085
9862	14.97792635099071	14.97792635099071
32337	16.150395734895888	16.150395734895888
757	14.05209679562978	14.05209679562978
14229	15.176615819705377	15.176615819705377
42201	14.189764998004339	14.189764998004339
42744	16.777445713402518	16.777445713402518
19780	13.473883342433947	13.473883342433947
39596	13.793779438881494	13.793779438881494
1417	16.171794057622208	16.171794057622208
34414	14.785299990128987	14.785299990128987
43841	15.695999354157626	15.695999354157626
929	14.1666248551907	14.1666248551907
14519	16.82811763857782	16.82811763857782
28032	14.913772485586572	14.913772485586572
16594	15.026308958126933	15.026308958126933
15266	14.804679263202615	14.804679263202615
3246	13.253912289321908	13.253912289321908
17482	13.66239553886747	13.66239553886747
2632	14.76761191649599	14.76761191649599
23517	14.145319355649296	14.145319355649296
3181	16.300715910232245	16.300715910232245
2849	15.8412041446138	15.8412041446138
27919	15.604122135584698	15.604122135584698
16664	16.99173258285059	16.99173258285059
26793	16.08960281802887	16.08960281802887
43414	15.456077443911925	15.456077443911925
24593	16.63279899190327	16.63279899190327
9260	13.018363216094027	13.018363216094027
30258	15.331642601485875	15.331642601485875
4715	14.799389841886631	14.799389841886631
41744	15.215324617887054	15.215324617887054
40119	15.065176080148692	15.065176080148692
42555	14.679533087041573	14.679533087041573
28163	16.16135031554069	16.16135031554069
36698	13.860440294571902	13.860440294571902
26226	16.21008007948381	16.21008007948381
2176	13.640427575642882	13.640427575642882
26758	13.739072047402807	13.739072047402807
20429	14.140794207003868	14.140794207003868
29950	15.10737857529281	15.10737857529281
27450	14.989221079725647	14.989221079725647
33847	14.704275125097555	14.704275125097555
12535	14.740625180614442	14.740625180614442
24241	13.679934223383972	13.679934223383972
29348	16.924850578025737	16.924850578025737
17098	15.518515843804039	15.518515843804039
38797	14.981018911982202	14.981018911982202
5660	14.689457643848709	14.689457643848709
33240	14.393813724443127	14.393813724443127
7358	15.56562276546179	15.56562276546179
931	13.928737938913896	13.928737938913896
5454	13.777922824006726	13.777922824006726
11404	13.761860758068153	13.761860758068153
10485	16.541888332529645	16.541888332529645
44487	15.729454943817545	15.729454943817545
22027	15.034885763070443	15.034885763070443
4411	14.555662457235249	14.555662457235249
10788	15.9217279013827	15.9217279013827
24990	15.882287759327731	15.882287759327731
12753	13.147206433377733	13.147206433377733
16192	15.026884132148282	15.026884132148282
9910	13.895007336031084	13.895007336031084
4920	13.924371735849306	13.924371735849306
41020	16.98615973808761	16.98615973808761
32312	16.80887551220777	16.80887551220777
9424	15.421781046937305	15.421781046937305
42000	14.597395315569846	14.597395315569846
15971	16.12580013664109	16.12580013664109
36894	16.760989073893477	16.760989073893477
7106	14.99478875286482	14.99478875286482
16604	13.731053274710717	13.731053274710717
32921	16.65616830622984	16.65616830622984
18398	13.434242285166071	13.434242285166071
25640	12.701063272757818	12.701063272757818
2945	14.623863439380582	14.623863439380582
32623	13.767532766132225	13.767532766132225
37295	14.355699011432845	14.355699011432845
12292	15.003638210918266	15.003638210918266
26012	15.707521688479506	15.707521688479506
812	15.792132774329476	15.792132774329476
7059	15.227186109426626	15.227186109426626
25450	14.894959755860551	14.894959755860551
16822	14.69765479031027	14.69765479031027
37455	14.255518723183416	14.255518723183416
10235	14.6713292947321	14.6713292947321
15003	14.506511770583964	14.506511770583964
36835	16.990569457327638	16.990569457327638
11432	14.895934618711808	14.895934618711808
225	14.835223151992304	14.835223151992304
31890	15.872712095151291	15.872712095151291
40527	14.856482190226712	14.856482190226712
4644	14.451402406982004	14.451402406982004
3713	13.990244617616199	13.990244617616199
13873	15.816048464753067	15.816048464753067
24126	14.689158117167377	14.689158117167377
19985	15.683329969983406	15.683329969983406
29023	13.274081102902265	13.274081102902265
35930	15.078301754293998	15.078301754293998
4548	15.494389020842275	15.494389020842275
28185	14.901886070200737	14.901886070200737
6426	16.94997974072445	16.94997974072445
26194	14.679583773391311	14.679583773391311
23497	13.716469808313278	13.716469808313278
27128	17.894888936201895	17.894888936201895
123	15.803679522453983	15.803679522453983
23618	15.025538258650773	15.025538258650773
11736	17.176182628389242	17.176182628389242
29313	16.054269136026665	16.054269136026665
29547	14.701662063779036	14.701662063779036
10739	15.256859937506905	15.256859937506905
33785	14.890553311582746	14.890553311582746
3867	15.485342391017934	15.485342391017934
7317	14.89081339084615	14.89081339084615
16160	15.883063149368292	15.883063149368292
33843	12.9927071897462	12.9927071897462
36071	15.658242670024183	15.658242670024183
3950	14.85403547445827	14.85403547445827
6279	14.936745465300664	14.936745465300664
37488	14.609596574479555	14.609596574479555
43812	14.727872257221179	14.727872257221179
20724	16.8371883708458	16.8371883708458
17048	15.499947511801725	15.499947511801725
37860	15.58216818127741	15.58216818127741
601	15.908046717054745	15.908046717054745
40933	15.978208085703121	15.978208085703121
38043	14.233894401716645	14.233894401716645
15858	14.347256891560917	14.347256891560917
28723	15.381807358077282	15.381807358077282
20654	15.560029977780035	15.560029977780035
10118	15.469942693971865	15.469942693971865
28869	14.886356818015951	14.886356818015951
14541	15.856565897218989	15.856565897218989
32858	15.143781708861324	15.143781708861324
26791	13.777089094240939	13.777089094240939
11433	15.348316492604809	15.348316492604809
2660	13.744190727583742	13.744190727583742
16550	14.443340603866378	14.443340603866378
2846	15.998750909729496	15.998750909729496
11540	14.6170248501274	14.6170248501274
2265	15.393305508055532	15.393305508055532
20370	15.756348086920122	15.756348086920122
45438	14.876687419682959	14.876687419682959
17592	15.899760868549969	15.899760868549969
18843	15.532894722995337	15.532894722995337
38671	15.641737961522484	15.641737961522484
9110	16.039538865065275	16.039538865065275
42758	14.107969115929627	14.107969115929627
36173	14.118059873665844	14.118059873665844
32284	16.69039476160922	16.69039476160922
33303	15.543381998601813	15.543381998601813
14593	14.24474512859328	14.24474512859328
43732	16.44364248661034	16.44364248661034
40553	13.696780256897354	13.696780256897354
21680	15.99419869583319	15.99419869583319
22454	14.45968399910866	14.45968399910866
43141	15.154987395280099	15.154987395280099
4495	16.8638877145593	16.8638877145593
23348	14.772361052076457	14.772361052076457
1246	14.349186272067369	14.349186272067369
1965	15.60530605964505	15.60530605964505
32626	14.279441013950658	14.279441013950658
25399	16.47188943665383	16.47188943665383
31687	16.669559857568675	16.669559857568675
35840	14.522471876392988	14.522471876392988
6121	14.154995787225513	14.154995787225513
10097	12.635411641727396	12.635411641727396
32374	16.387229362400145	16.387229362400145
10049	13.741273939001506	13.741273939001506
41996	15.334566061366894	15.334566061366894
32315	15.179909051960916	15.179909051960916
20855	15.989641051625004	15.989641051625004
17093	14.075841495345255	14.075841495345255
4130	16.215075603252775	16.215075603252775
19810	14.13037630606177	14.13037630606177
32888	15.241642546824156	15.241642546824156
23649	13.059960590848814	13.059960590848814
28751	13.76796279779468	13.76796279779468
10512	15.577744620342575	15.577744620342575
5044	15.31102198974722	15.31102198974722
23295	15.484677566014794	15.484677566014794
1386	16.47509789602626	16.47509789602626
31763	14.541246164485186	14.541246164485186
45071	14.870928643722026	14.870928643722026
2291	15.099416927040167	15.099416927040167
31136	13.617879988388857	13.617879988388857
24600	15.653119872935894	15.653119872935894
24059	15.003677296872352	15.003677296872352
27227	15.972266636414028	15.972266636414028
35965	15.653154381096348	15.653154381096348
2634	16.42000375600981	16.42000375600981
14225	15.19094387684881	15.19094387684881
3503	15.471333466321017	15.471333466321017
24455	15.451995857737849	15.451995857737849
27061	15.144581091769828	15.144581091769828
1730	13.48445805202358	13.48445805202358
16281	15.982857122681681	15.982857122681681
30028	13.892960882071243	13.892960882071243
24809	14.26417801444404	14.26417801444404
10516	14.515445664678817	14.515445664678817
15482	15.829373783781794	15.829373783781794
5334	17.352090192242684	17.352090192242684
28307	14.992779364036464	14.992779364036464
10673	16.789986189331753	16.789986189331753
14273	14.951147591977314	14.951147591977314
25267	16.026786285854683	16.026786285854683
10120	14.164091698186962	14.164091698186962
32307	15.115449099833912	15.115449099833912
5563	14.289833926186915	14.289833926186915
23123	14.107625328707826	14.107625328707826
37768	13.589127281871422	13.589127281871422
16026	16.147133185835248	16.147133185835248
17145	15.715456034104639	15.715456034104639
31282	15.185285256370273	15.185285256370273
33752	14.65890942414136	14.65890942414136
4520	14.893682782102868	14.893682782102868
32311	15.182238440203044	15.182238440203044
11720	14.144033499428684	14.144033499428684
40246	14.915718686942883	14.915718686942883
41208	14.11346202805905	14.11346202805905
40038	15.79824408337456	15.79824408337456
28420	13.97822880850307	13.97822880850307
5364	15.514899184066246	15.514899184066246
3673	15.491655180534234	15.491655180534234
4572	14.491735764268348	14.491735764268348
17365	15.420838782098453	15.420838782098453
5830	15.79298067365741	15.79298067365741
27031	15.393571621047464	15.393571621047464
29355	15.008925291887879	15.008925291887879
31417	14.641127532047046	14.641127532047046
6934	15.51730887083665	15.51730887083665
14170	13.145708604096457	13.145708604096457
19961	15.649417463727454	15.649417463727454
41998	14.543458113981858	14.543458113981858
23203	14.847172309921806	14.847172309921806
5480	14.96847174002267	14.96847174002267
2553	13.852068581383236	13.852068581383236
32277	14.84740238206551	14.84740238206551
13625	13.911919742245981	13.911919742245981
4581	13.616509047279894	13.616509047279894
28892	14.352244924711067	14.352244924711067
22928	16.337181014356904	16.337181014356904
2850	17.797681104504452	17.797681104504452
17770	14.775111662896597	14.775111662896597
35010	15.528565711216952	15.528565711216952
2923	13.866887460279354	13.866887460279354
34661	13.994883246048078	13.994883246048078
36515	14.95884186400097	14.95884186400097
3268	16.156896450860664	16.156896450860664
44476	12.88546283381163	12.88546283381163
42045	13.912121620295775	13.912121620295775
15187	15.570689013028398	15.570689013028398
24096	14.47111428467147	14.47111428467147
44297	14.615098584535142	14.615098584535142
41524	14.627610615329226	14.627610615329226
10240	16.275297599329765	16.275297599329765
11079	15.282041417212229	15.282041417212229
10509	14.62551049662289	14.62551049662289
44414	16.4685061404074	16.4685061404074
22806	15.35932139839954	15.35932139839954
3138	16.043156851063916	16.043156851063916
45004	13.388337250915576	13.388337250915576
32335	13.584815419157653	13.584815419157653
40497	16.832944314510822	16.832944314510822
38454	14.733389276651595	14.733389276651595
13190	13.519455125508271	13.519455125508271
31852	15.06002817717674	15.06002817717674
21861	15.600084176840086	15.600084176840086
38864	15.687898077763785	15.687898077763785
4797	15.43822003090233	15.43822003090233
11776	14.903224874143893	14.903224874143893
2420	15.07080009280176	15.07080009280176
13835	13.72362204172544	13.72362204172544
11898	13.917619696540184	13.917619696540184
4522	15.031165743718438	15.031165743718438
30536	15.389122819921445	15.389122819921445
8429	16.171064462918082	16.171064462918082
3081	12.231713317585442	12.231713317585442
1101	12.775533251023987	12.775533251023987
29390	15.245259555751678	15.245259555751678
16658	15.406349495095082	15.406349495095082
20197	14.952312302878786	14.952312302878786
16025	15.347123752628333	15.347123752628333
45376	14.961223243491863	14.961223243491863
22118	15.464630017717926	15.464630017717926
16824	14.877593723361151	14.877593723361151
43355	14.845458285789672	14.845458285789672
19749	13.906431408269743	13.906431408269743
8204	14.869023448532145	14.869023448532145
12889	15.878389360518598	15.878389360518598
26501	16.782353598274394	16.782353598274394
32489	14.839614087432112	14.839614087432112
39975	15.36198437972473	15.36198437972473
15236	15.190316601785037	15.190316601785037
7545	13.358130070376772	13.358130070376772
13750	14.798889465064505	14.798889465064505
16154	15.031505817901534	15.031505817901534
7104	19.08315848196844	19.08315848196844
28717	13.143328766010267	13.143328766010267
21522	14.175950540044205	14.175950540044205
14169	12.813494450327447	12.813494450327447
40795	14.627745697395492	14.627745697395492
13626	14.63848376205368	14.63848376205368
14300	15.01703648943019	15.01703648943019
9216	16.232558575524	16.232558575524
37676	14.691299109196564	14.691299109196564
24882	14.53956253893284	14.53956253893284
3707	13.33494219486559	13.33494219486559
43382	14.085449521651283	14.085449521651283
9787	14.904465473927418	14.904465473927418
16571	15.726963155255572	15.726963155255572
3712	13.65436493343544	13.65436493343544
13510	17.322237296284396	17.322237296284396
9618	15.51797287851244	15.51797287851244
17633	14.87530267169748	14.87530267169748
14492	14.86996865702442	14.86996865702442
32071	15.778881900610653	15.778881900610653
20589	14.652541112322577	14.652541112322577
6759	13.338062357753966	13.338062357753966
3780	14.01135589466862	14.01135589466862
18206	13.795864970332469	13.795864970332469
45213	15.249446151966477	15.249446151966477
13063	14.767122780534264	14.767122780534264
28482	15.489848970614833	15.489848970614833
5072	14.294535812595514	14.294535812595514
36594	16.089613398499374	16.089613398499374
20539	15.09231411679269	15.09231411679269
17182	14.502776249063194	14.502776249063194
5503	14.533368364219989	14.533368364219989
29842	14.156944077834936	14.156944077834936
18180	14.626725221394068	14.626725221394068
9377	15.292790620248127	15.292790620248127
19665	13.586742080930389	13.586742080930389
40642	14.654926929717858	14.654926929717858
16689	14.17827699048924	14.17827699048924
45409	14.225768846530046	14.225768846530046
38041	15.399332948415365	15.399332948415365
11940	15.172402056598932	15.172402056598932
5048	15.688638114183624	15.688638114183624
24124	15.218453104289855	15.218453104289855
32590	14.734613452063536	14.734613452063536
23708	14.702083688706152	14.702083688706152
1328	17.150909131206504	17.150909131206504
31533	15.006370512946683	15.006370512946683
36732	14.804814298251689	14.804814298251689
14301	14.912410641933306	14.912410641933306
28212	14.770978431428023	14.770978431428023
15055	14.62978648087503	14.62978648087503
10965	18.664260845051295	18.664260845051295
2108	16.430680411342568	16.430680411342568
32018	16.122336548190965	16.122336548190965
17690	14.387523671749795	14.387523671749795
36518	14.613541984604755	14.613541984604755
41826	15.397871524217425	15.397871524217425
15333	15.751757409211283	15.751757409211283
15259	15.223190855630273	15.223190855630273
11183	13.841828485972336	13.841828485972336
42386	14.548899659695428	14.548899659695428
17475	15.439096311820702	15.439096311820702
398	13.70168587347	13.70168587347
15570	17.393143050170398	17.393143050170398
21387	15.227942538848872	15.227942538848872
9812	15.161071358629876	15.161071358629876
20019	14.636168808705932	14.636168808705932
15341	15.888035663559348	15.888035663559348
3401	14.634603300978378	14.634603300978378
2689	14.360407779860616	14.360407779860616
24631	16.293911411168594	16.293911411168594
9667	15.315543212869153	15.315543212869153
37460	15.082753442722938	15.082753442722938
5583	14.402074599406099	14.402074599406099
206	15.818697836659357	15.818697836659357
23272	15.548969959896858	15.548969959896858
14482	15.968981305857131	15.968981305857131
207	13.825732916663526	13.825732916663526
13089	15.583764375756187	15.583764375756187
6885	13.906397235478503	13.906397235478503
40958	16.131943140848406	16.131943140848406
35933	15.074051794533707	15.074051794533707
37462	14.617728162129332	14.617728162129332
8104	15.182352943656792	15.182352943656792
34449	13.48217435695862	13.48217435695862
13903	15.42130148632147	15.42130148632147
23766	15.972685007128863	15.972685007128863
30749	13.930867905382687	13.930867905382687
35263	14.79357326983006	14.79357326983006
14167	15.362224034835258	15.362224034835258
41042	15.73529302678155	15.73529302678155
29778	13.457121828369914	13.457121828369914
16900	13.897983223530801	13.897983223530801
6652	16.237602406291128	16.237602406291128
43789	13.800888408891163	13.800888408891163
17281	15.270372394546822	15.270372394546822
7084	13.408360526644818	13.408360526644818
11377	15.287650576753773	15.287650576753773
42955	13.840642588069906	13.840642588069906
17357	14.716868066573777	14.716868066573777
26009	16.194204110822216	16.194204110822216
31987	15.386565922203166	15.386565922203166
23844	16.107154754380428	16.107154754380428
40474	14.834062009851039	14.834062009851039
8939	15.546524437198915	15.546524437198915
11468	13.978198080980833	13.978198080980833
42223	16.171134337304608	16.171134337304608
25403	15.358729464620012	15.358729464620012
16976	14.76756368877148	14.76756368877148
22694	16.81135808467334	16.81135808467334
1163	14.539178727226336	14.539178727226336
45085	13.793146269775548	13.793146269775548
39936	14.932380318400515	14.932380318400515
32219	15.245210181276278	15.245210181276278
8040	15.849618337998145	15.849618337998145
17403	14.204761629178433	14.204761629178433
41783	15.508840795019045	15.508840795019045
39516	14.686059734036615	14.686059734036615
31503	15.455311545389334	15.455311545389334
16189	15.219807178467455	15.219807178467455
34233	14.929286061823673	14.929286061823673
30255	13.738895500251937	13.738895500251937
33866	14.517928001307085	14.517928001307085
19539	13.949337980370531	13.949337980370531
12671	14.69650092614626	14.69650092614626
39411	17.90240261041061	17.90240261041061
13087	14.661041312648454	14.661041312648454
10643	14.300754348268049	14.300754348268049
22809	16.812804396368936	16.812804396368936
36361	14.464204134086076	14.464204134086076
41145	16.08056096791392	16.08056096791392
36699	15.889155435465801	15.889155435465801
4846	16.04447731410131	16.04447731410131
17094	14.824939434326387	14.824939434326387
25175	14.533112395031356	14.533112395031356
39438	15.051178310315175	15.051178310315175
36105	17.039168666669465	17.039168666669465
13364	15.281851302479899	15.281851302479899
26880	14.011982828537075	14.011982828537075
14832	15.784080255749604	15.784080255749604
41233	15.074809843617874	15.074809843617874
20055	15.373396010081432	15.373396010081432
6147	14.343566385567005	14.343566385567005
19930	15.134781207783607	15.134781207783607
1303	15.92714845910796	15.92714845910796
40421	15.99842317556334	15.99842317556334
555	14.994098172037683	14.994098172037683
9193	14.919238768289636	14.919238768289636
4971	14.87148934648166	14.87148934648166
11899	15.29149036216857	15.29149036216857
42271	15.349297869950153	15.349297869950153
9857	14.232785260643682	14.232785260643682
37326	15.92780001111126	15.92780001111126
17366	15.709566366992314	15.709566366992314
25230	14.939930077139412	14.939930077139412
21426	15.86473412596211	15.86473412596211
22112	14.945213328608741	14.945213328608741
10367	14.657057040658774	14.657057040658774
4463	14.473856360153032	14.473856360153032
22616	13.712462885378656	13.712462885378656
30821	15.5131639978307	15.5131639978307
19304	14.13957897761384	14.13957897761384
35592	14.63475666274631	14.63475666274631
20056	14.619793361965316	14.619793361965316
42714	15.673458065169932	15.673458065169932
23524	13.418811993380407	13.418811993380407
1691	16.047045572628257	16.047045572628257
15022	15.029501896601943	15.029501896601943
34482	13.680389001984224	13.680389001984224
41918	17.26417211643591	17.26417211643591
25102	15.070652946384891	15.070652946384891
33684	14.86813342165307	14.86813342165307
36966	15.231483001445447	15.231483001445447
29080	15.413262585825658	15.413262585825658
28115	15.810684164298976	15.810684164298976
19723	15.319565042638105	15.319565042638105
29923	16.224793978772723	16.224793978772723
19372	16.742024159124	16.742024159124
7197	13.494735884237375	13.494735884237375
24242	14.625584322127304	14.625584322127304
3924	16.96849633910479	16.96849633910479
18085	14.835320969187013	14.835320969187013
39547	12.326771553221402	12.326771553221402
13239	14.907367351721172	14.907367351721172
41523	15.093142291363534	15.093142291363534
15689	15.746311663355282	15.746311663355282
43229	12.888112308813422	12.888112308813422
824	15.683416073818663	15.683416073818663
34371	14.189785723925423	14.189785723925423
20659	15.59357732514607	15.59357732514607
5861	14.666652302588545	14.666652302588545
15771	16.82638682582908	16.82638682582908
12144	14.113700114675721	14.113700114675721
20372	13.935588843008144	13.935588843008144
2342	15.437723432711481	15.437723432711481
39687	14.215241441848642	14.215241441848642
4175	15.442674163527148	15.442674163527148
45052	15.026475518159346	15.026475518159346
31220	14.376802871578636	14.376802871578636
32370	15.027987275423618	15.027987275423618
37355	16.420374083647896	16.420374083647896
26280	14.159461179184959	14.159461179184959
512	14.168075543488781	14.168075543488781
31028	14.86481005234666	14.86481005234666
35497	16.673177343420495	16.673177343420495
8103	15.281611713185299	15.281611713185299
37214	15.020434497307903	15.020434497307903
82	14.943533668962939	14.943533668962939
34204	16.01761007542478	16.01761007542478
13275	15.549046962942638	15.549046962942638
8624	15.315896391367449	15.315896391367449
13986	15.225735462320284	15.225735462320284
41829	17.295253843024245	17.295253843024245
34660	14.285216017276353	14.285216017276353
13977	13.611793799476072	13.611793799476072
36288	14.428857472280448	14.428857472280448
29354	14.950387494012311	14.950387494012311
40210	15.451372278801966	15.451372278801966
17766	14.959050638718356	14.959050638718356
1687	15.931674951687025	15.931674951687025
13235	15.549002616475681	15.549002616475681
6005	17.026526252253973	17.026526252253973
36899	15.230097346627803	15.230097346627803
28450	14.632556906350219	14.632556906350219
8674	15.727436754830311	15.727436754830311
36795	14.583139304252775	14.583139304252775
3473	16.599018869353664	16.599018869353664
18556	16.63171303001048	16.63171303001048
40341	16.019341131166158	16.019341131166158
560	14.819222380303625	14.819222380303625
8150	14.935000677363176	14.935000677363176
37253	15.353343517602617	15.353343517602617
8394	15.025278165612445	15.025278165612445
683	15.500468956651913	15.500468956651913
23179	13.948369027173516	13.948369027173516
26641	14.425076272800236	14.425076272800236
44485	16.888253396154575	16.888253396154575
22812	14.948317626691923	14.948317626691923
14744	14.645270381561998	14.645270381561998
36619	15.616067954053523	15.616067954053523
1456	14.722442919347237	14.722442919347237
339	14.86880741205984	14.86880741205984
3674	14.625241484062029	14.625241484062029
15888	15.537097860983419	15.537097860983419
30628	15.100246894706258	15.100246894706258
34939	14.753899095595148	14.753899095595148
21892	16.82342036413355	16.82342036413355
37952	14.674390324465213	14.674390324465213
1966	15.329944235872304	15.329944235872304
23525	17.087769031772243	17.087769031772243
2338	14.412167508434631	14.412167508434631
44769	14.817581864050634	14.817581864050634
17207	15.553240048675056	15.553240048675056
39221	14.198928339065382	14.198928339065382
36136	15.161522432970449	15.161522432970449
32555	14.938527624580452	14.938527624580452
26228	13.699880378340849	13.699880378340849
21973	15.682733818272121	15.682733818272121
8699	15.76193272473262	15.76193272473262
16789	13.706905093352363	13.706905093352363
26533	14.757839296255543	14.757839296255543
2183	16.462868497013282	16.462868497013282
2904	14.375725787333801	14.375725787333801
30911	14.970902474972252	14.970902474972252
35014	15.378458859633414	15.378458859633414
7965	15.18026016709599	15.18026016709599
17737	14.941013274704945	14.941013274704945
44631	15.421520970896477	15.421520970896477
11571	13.680805282166542	13.680805282166542
24131	17.802257846849017	17.802257846849017
37922	15.021658815949436	15.021658815949436
10812	14.800525777156942	14.800525777156942
37892	14.849962516665531	14.849962516665531
16876	14.483189935008264	14.483189935008264
2366	15.389810689893553	15.389810689893553
36829	15.012240869923328	15.012240869923328
19576	13.569876083378041	13.569876083378041
14629	13.745975356630431	13.745975356630431
15001	15.405997561510818	15.405997561510818
481	14.761774981111298	14.761774981111298
11187	15.783131737293274	15.783131737293274
35125	14.900257071529763	14.900257071529763
13545	14.85831910431203	14.85831910431203
21307	13.375564069164694	13.375564069164694
40450	15.281291374501631	15.281291374501631
41470	15.262159033432244	15.262159033432244
37916	16.281651833475657	16.281651833475657
16850	13.90332284417631	13.90332284417631
5807	14.758890216781984	14.758890216781984
43987	14.486469993242952	14.486469993242952
38765	14.59575444401503	14.59575444401503
662	13.344053449168177	13.344053449168177
26504	15.320644315494604	15.320644315494604
42547	14.68699924974476	14.68699924974476
170	15.12192656639573	15.12192656639573
8335	16.988340310800016	16.988340310800016
7338	12.962565910845564	12.962565910845564
7080	16.609490701527836	16.609490701527836
43446	14.22680848924865	14.22680848924865
16213	15.000341962076815	15.000341962076815
5532	14.426911442458268	14.426911442458268
30372	14.18793166987831	14.18793166987831
18117	14.908032007107396	14.908032007107396
20510	14.484044464251708	14.484044464251708
4575	15.86853035198722	15.86853035198722
7895	14.88281908981183	14.88281908981183
20502	15.15093289582744	15.15093289582744
11612	15.629698798866102	15.629698798866102
11795	15.542677089907965	15.542677089907965
36798	16.66281958886348	16.66281958886348
45072	15.756989118408256	15.756989118408256
6732	15.713791734001708	15.713791734001708
36567	13.52715711833974	13.52715711833974
7259	16.204060862548015	16.204060862548015
3671	16.477784384776623	16.477784384776623
21685	14.090198179750917	14.090198179750917
12621	16.291562271465036	16.291562271465036
27323	13.898964329216414	13.898964329216414
27448	14.650168727575254	14.650168727575254
27254	15.041259399361353	15.041259399361353
32946	14.772040114995415	14.772040114995415
5122	16.06795052652832	16.06795052652832
26751	15.96316353413225	15.96316353413225
25770	14.759975332029423	14.759975332029423
23528	15.371901645259012	15.371901645259012
29699	15.467117126028054	15.467117126028054
28864	14.439994762229846	14.439994762229846
9988	15.111958954629701	15.111958954629701
31981	13.934333144114133	13.934333144114133
17612	15.26280265284207	15.26280265284207
14362	15.108390557965128	15.108390557965128
45054	15.93506078143014	15.93506078143014
21767	16.53594590232335	16.53594590232335
12022	17.236613597331395	17.236613597331395
12272	14.88551988314033	14.88551988314033
30027	14.185799169211885	14.185799169211885
43625	16.248910077039692	16.248910077039692
12348	16.55131143645066	16.55131143645066
1929	15.280827587586485	15.280827587586485
11939	14.955660768652837	14.955660768652837
14727	15.298160677491508	15.298160677491508
23965	15.999943379578502	15.999943379578502
3800	14.138783277354788	14.138783277354788
10897	16.220460653162704	16.220460653162704
11975	14.060139553222228	14.060139553222228
33988	14.287576863764286	14.287576863764286
20225	15.305773392174375	15.305773392174375
5416	14.459738936068282	14.459738936068282
36004	16.756295985261648	16.756295985261648
7383	14.735111353132092	14.735111353132092
27345	14.869887183543213	14.869887183543213
43630	14.262125256675874	14.262125256675874
20507	14.35288505913852	14.35288505913852
7064	16.142699877095325	16.142699877095325
42266	16.36991542044096	16.36991542044096
7405	15.149033913573243	15.149033913573243
33882	15.780195564507938	15.780195564507938
42743	14.552312052281863	14.552312052281863
5437	14.83908751451154	14.83908751451154
45222	16.273722829821573	16.273722829821573
1926	14.262145618489223	14.262145618489223
30877	15.716525959968841	15.716525959968841
45008	15.58772699868591	15.58772699868591
45194	15.056479122109936	15.056479122109936
5166	16.155372254443332	16.155372254443332
3470	17.061600907679438	17.061600907679438
37251	14.049161265161736	14.049161265161736
10428	16.465099836459242	16.465099836459242
25233	14.724935553228383	14.724935553228383
28891	13.236696308490664	13.236696308490664
26005	14.652942795590436	14.652942795590436
7695	14.373050461987413	14.373050461987413
10373	12.917224644815159	12.917224644815159
414	13.676394601064093	13.676394601064093
11513	14.727933582032357	14.727933582032357
26670	14.917608445315087	14.917608445315087
25905	13.570749088477251	13.570749088477251
8560	16.41264256766956	16.41264256766956
13219	15.091200241196288	15.091200241196288
43508	13.496462160056444	13.496462160056444
5719	15.999035678071555	15.999035678071555
20827	16.025873412795953	16.025873412795953
8039	13.922639088186925	13.922639088186925
38239	15.414386008375173	15.414386008375173
28092	14.165676393568715	14.165676393568715
27525	14.575889978648556	14.575889978648556
33957	15.062003660357101	15.062003660357101
5727	14.423533196148881	14.423533196148881
40902	14.794519647773598	14.794519647773598
13112	15.212216258314731	15.212216258314731
10486	14.188291295564758	14.188291295564758
15623	12.488812870156167	12.488812870156167
24995	14.996164627902658	14.996164627902658
45207	13.796899247363934	13.796899247363934
14707	14.723089339944284	14.723089339944284
127	16.019054636642124	16.019054636642124
37828	14.079982534571153	14.079982534571153
8558	15.138322891381161	15.138322891381161
29804	14.77240608763889	14.77240608763889
32196	13.956492523716818	13.956492523716818
10811	13.832850982235442	13.832850982235442
12187	15.253852911513011	15.253852911513011
21972	15.64653088631758	15.64653088631758
13311	14.585944549490648	14.585944549490648
42884	13.351632056065334	13.351632056065334
43197	15.133069673236013	15.133069673236013
44176	16.66633273332484	16.66633273332484
11951	15.779618402761974	15.779618402761974
44800	13.7543781887243	13.7543781887243
2077	13.503305131459285	13.503305131459285
128	15.02443731375653	15.02443731375653
5363	15.929557781946638	15.929557781946638
9886	13.57522870557631	13.57522870557631
31952	13.013937087255242	13.013937087255242
16972	14.190710229265648	14.190710229265648
24283	15.96056192463426	15.96056192463426
14681	14.516420344467797	14.516420344467797
5462	13.423486542163976	13.423486542163976
15528	15.421269476607636	15.421269476607636
9714	15.212079069804355	15.212079069804355
31711	16.08416725792626	16.08416725792626
30818	14.910270120787024	14.910270120787024
36901	16.418703547712337	16.418703547712337
23084	14.609700338814529	14.609700338814529
11576	14.489481082301355	14.489481082301355
41282	14.933444797530775	14.933444797530775
29620	16.77945311178866	16.77945311178866
16410	13.594971042647344	13.594971042647344
29740	15.942731852873417	15.942731852873417
31591	13.410347306755499	13.410347306755499
3319	15.51998689668941	15.51998689668941
25899	15.819201054923141	15.819201054923141
42029	15.014617344967203	15.014617344967203
44835	12.79464999340128	12.79464999340128
35300	15.699600041723318	15.699600041723318
7957	13.183575999319597	13.183575999319597
38991	15.133161016043298	15.133161016043298
42502	15.382933225188516	15.382933225188516
28749	15.097935575144064	15.097935575144064
28809	15.271561783660363	15.271561783660363
35997	13.86350481580427	13.86350481580427
16843	16.4814132549893	16.4814132549893
484	15.811820570264066	15.811820570264066
41053	15.876907901992476	15.876907901992476
23706	16.807982738094395	16.807982738094395
24089	14.48209126859686	14.48209126859686
28187	15.335953324595346	15.335953324595346
12589	15.012536236811073	15.012536236811073
36201	13.014567490072093	13.014567490072093
12701	16.989585601515593	16.989585601515593
19171	14.889817813057482	14.889817813057482
22453	16.01748402648878	16.01748402648878
12188	15.467813383082154	15.467813383082154
4666	14.349435401008847	14.349435401008847
44554	13.673222225165778	13.673222225165778
34202	13.342448560029238	13.342448560029238
28249	15.96182453732764	15.96182453732764
23767	14.986746444142023	14.986746444142023
2363	15.306799572639209	15.306799572639209
34317	15.040652164124337	15.040652164124337
19135	15.378280607738366	15.378280607738366
29024	13.38947436720296	13.38947436720296
26174	14.404254164024925	14.404254164024925
37186	15.317035350487927	15.317035350487927
20253	14.552416320952716	14.552416320952716
23118	14.925439995566942	14.925439995566942
41717	16.217112500698306	16.217112500698306
41443	13.992230455051484	13.992230455051484
45133	15.181349983476572	15.181349983476572
17401	15.957589741604437	15.957589741604437
416	15.516690471365656	15.516690471365656
15145	15.852176729037076	15.852176729037076
4284	15.237616413398452	15.237616413398452
44359	12.57716250623837	12.57716250623837
13062	14.585596201463606	14.585596201463606
8279	14.41711138490934	14.41711138490934
35376	16.043940173650185	16.043940173650185
39292	15.094517589234254	15.094517589234254
6171	14.127990627533874	14.127990627533874
32860	14.585210409623878	14.585210409623878
17427	14.098802559710593	14.098802559710593
4442	14.792290049675424	14.792290049675424
42764	13.228816341849548	13.228816341849548
40211	14.603583602158404	14.603583602158404
22486	14.120860925685408	14.120860925685408
14701	13.899952574425539	13.899952574425539
37730	13.6893234999774	13.6893234999774
44177	16.202878609413887	16.202878609413887
26945	13.276524045697611	13.276524045697611
10407	13.457742787028419	13.457742787028419
39434	15.415775470777838	15.415775470777838
10172	15.324231256460882	15.324231256460882
26171	14.95722235443132	14.95722235443132
3582	14.090236119950585	14.090236119950585
7540	13.958235721875617	13.958235721875617
2944	14.396343593878251	14.396343593878251
740	15.114573526847911	15.114573526847911
32784	14.882287046918748	14.882287046918748
38100	15.788729950789747	15.788729950789747
37982	16.02812910057311	16.02812910057311
9861	17.65175453052931	17.65175453052931
2369	13.6712563631461	13.6712563631461
13330	13.816432194541923	13.816432194541923
10922	14.749776684358508	14.749776684358508
16212	15.168012180693761	15.168012180693761
22123	14.914183123751565	14.914183123751565
2733	14.43767168325612	14.43767168325612
9086	16.15061985772085	16.15061985772085
42718	14.132805865852813	14.132805865852813
45212	16.108823173887778	16.108823173887778
23820	15.594582669188132	15.594582669188132
6094	13.586972178416215	13.586972178416215
36480	13.546384615020772	13.546384615020772
43420	14.479455777254339	14.479455777254339
40472	14.635666727216103	14.635666727216103
42244	16.278179725227528	16.278179725227528
27452	16.147922796456797	16.147922796456797
38240	15.583443574909401	15.583443574909401
14525	14.330719292078525	14.330719292078525
20314	16.501189452852294	16.501189452852294
37428	14.37745230602036	14.37745230602036
39943	14.505624989456702	14.505624989456702
9264	14.142254641432379	14.142254641432379
24204	15.454068824446864	15.454068824446864
43016	16.152845689202547	16.152845689202547
34235	14.707251171863756	14.707251171863756
33380	14.8957436905057	14.8957436905057
6469	17.26787677638172	17.26787677638172
25974	16.437643730552654	16.437643730552654
1690	16.568595453983743	16.568595453983743
27713	15.375627916755892	15.375627916755892
14420	13.337438859212671	13.337438859212671
13958	15.367915252336415	15.367915252336415
43226	13.553238255124917	13.553238255124917
25235	14.695146166877677	14.695146166877677
18337	14.699290768614537	14.699290768614537
38198	15.577231454918337	15.577231454918337
2240	15.017557179350144	15.017557179350144
33690	14.920340581790084	14.920340581790084
37795	15.284831111287927	15.284831111287927
16472	16.440008275554117	16.440008275554117
38580	14.276975116244365	14.276975116244365
18212	16.472853497219887	16.472853497219887
17129	13.64945283141674	13.64945283141674
31652	14.084026200533254	14.084026200533254
45121	15.346230534766299	15.346230534766299
27159	14.402152527599638	14.402152527599638
2140	15.770904151148423	15.770904151148423
1418	16.257684216346064	16.257684216346064
34818	15.410535586205471	15.410535586205471
13842	12.359566640604296	12.359566640604296
42333	15.297403730783984	15.297403730783984
39084	13.161013958666858	13.161013958666858
37762	15.089276676807145	15.089276676807145
10035	14.368784288150872	14.368784288150872
21518	15.587066224945751	15.587066224945751
32375	14.205803485721658	14.205803485721658
13866	14.948916331895864	14.948916331895864
20699	15.05244131273765	15.05244131273765
41314	14.223499143362623	14.223499143362623
12911	16.107423559773988	16.107423559773988
6234	15.171367450172347	15.171367450172347
20361	16.155093752526067	16.155093752526067
23036	14.603325801960054	14.603325801960054
4055	16.31377535214693	16.31377535214693
40371	15.419141462907229	15.419141462907229
13537	14.597225049528992	14.597225049528992
31312	14.66796411927377	14.66796411927377
36964	13.842365704562473	13.842365704562473
26230	17.733075011697487	17.733075011697487
32073	13.84621469345562	13.84621469345562
40799	14.877561968352332	14.877561968352332
40882	15.6076559993083	15.6076559993083
14902	15.126244683072898	15.126244683072898
3829	13.989880724295858	13.989880724295858
2949	15.728621276073207	15.728621276073207
8261	14.92387084595658	14.92387084595658
22936	16.921947786021892	16.921947786021892
28359	14.055370529485709	14.055370529485709
43843	13.96617740682117	13.96617740682117
4261	15.74213326624824	15.74213326624824
17718	14.043098431229858	14.043098431229858
43836	15.362045314350123	15.362045314350123
23007	14.884192236475531	14.884192236475531
6092	15.80275514465548	15.80275514465548
18617	13.835991937972334	13.835991937972334
33682	14.155703921113728	14.155703921113728
35320	15.134156527860759	15.134156527860759
42184	14.039471492119029	14.039471492119029
34744	14.745567787228769	14.745567787228769
16930	15.192483096192385	15.192483096192385
42598	14.925279860958918	14.925279860958918
44121	14.122922185553938	14.122922185553938
24285	16.781867867866204	16.781867867866204
28941	13.843506192467252	13.843506192467252
35542	14.444321811995867	14.444321811995867
2537	16.455936148644923	16.455936148644923
40937	13.147610626299521	13.147610626299521
8838	16.275487418767245	16.275487418767245
38068	16.291615343074263	16.291615343074263
35498	17.497181788432577	17.497181788432577
4057	14.461036269968886	14.461036269968886
4967	14.779259004942364	14.779259004942364
10507	13.090221293533428	13.090221293533428
3405	14.258766585826127	14.258766585826127
20511	15.163772603463409	15.163772603463409
29995	14.90032585231499	14.90032585231499
26437	13.550794243540084	13.550794243540084
22884	14.502186001986534	14.502186001986534
36001	14.522477406084072	14.522477406084072
42048	15.381091422501047	15.381091422501047
16714	15.324624744293512	15.324624744293512
396	14.104639313786963	14.104639313786963
40901	15.780855805050011	15.780855805050011
27882	15.447643720811067	15.447643720811067
33101	15.350699656008501	15.350699656008501
4996	13.839946955276217	13.839946955276217
10830	14.354040367874536	14.354040367874536
3079	15.894696121002653	15.894696121002653
31646	13.951481892501869	13.951481892501869
14394	13.474923118212345	13.474923118212345
41214	13.827815149602554	13.827815149602554
39074	14.549725393794398	14.549725393794398
37700	14.046493223660345	14.046493223660345
31538	15.721694305545878	15.721694305545878
15859	15.226391781444386	15.226391781444386
19900	15.192594160573243	15.192594160573243
25758	14.336218640009868	14.336218640009868
37529	16.451232769410623	16.451232769410623
6283	15.431946018729825	15.431946018729825
31592	16.25582693711699	16.25582693711699
40030	16.794698216301132	16.794698216301132
26135	14.049084341441743	14.049084341441743
9262	14.218837482765695	14.218837482765695
19991	14.939145082388489	14.939145082388489
5390	15.495546003652107	15.495546003652107
17266	16.37635178305834	16.37635178305834
36702	14.183308775178947	14.183308775178947
14808	14.106743578094141	14.106743578094141
44726	15.361556946422269	15.361556946422269
37158	13.976440068330056	13.976440068330056
38271	15.720507469508538	15.720507469508538
8963	17.240801541295195	17.240801541295195
