ind	co1	co2
42784	12.968522432583617	12.968522432583617
8161	1.3204995700188205	1.3204995700188205
12398	4.704456479383629	4.704456479383629
42047	1.7630959678282654	1.7630959678282654
43565	5.318719456616659	5.318719456616659
32738	15.565496112519856	15.565496112519856
43503	3.822992147302068	3.822992147302068
17147	5.727364873229299	5.727364873229299
11950	7.25673749094995	7.25673749094995
25801	2.7187229072633983	2.7187229072633983
9213	3.80022747873562	3.80022747873562
1367	7.61879478344286	7.61879478344286
12019	3.140371176552771	3.140371176552771
34824	3.5974659950918007	3.5974659950918007
1640	8.636885786722633	8.636885786722633
10621	1.9629971894010136	1.9629971894010136
43290	3.17366974995862	3.17366974995862
24719	9.66644659972951	9.66644659972951
40120	3.600670781177601	3.600670781177601
20319	9.621200678041241	9.621200678041241
16210	2.3417277019606786	2.3417277019606786
44272	4.83587350240048	4.83587350240048
37698	6.956360133933286	6.956360133933286
10482	0.39978355337666616	0.39978355337666616
6930	4.481396976277712	4.481396976277712
16816	2.756918428960648	2.756918428960648
42241	0.8379245849437119	0.8379245849437119
13669	1.0659078955936987	1.0659078955936987
42450	3.3573687512148305	3.3573687512148305
31033	0.6488428823089816	0.6488428823089816
8887	7.65607108283965	7.65607108283965
4578	2.2941925638383727	2.2941925638383727
26443	3.27919655084465	3.27919655084465
4025	5.080700631738984	5.080700631738984
3402	2.6347030837840437	2.6347030837840437
5788	0.3187897709181906	0.3187897709181906
7020	7.586887625589982	7.586887625589982
35324	2.434437718202986	2.434437718202986
17760	5.129962921895577	5.129962921895577
31990	0.9077186571154292	0.9077186571154292
37825	1.7310803421650554	1.7310803421650554
41228	3.1102569530165107	3.1102569530165107
21148	10.716548419427685	10.716548419427685
31419	6.574034492558645	6.574034492558645
41517	6.005776563278864	6.005776563278864
9048	8.950560377408173	8.950560377408173
3608	7.076514696836992	7.076514696836992
33452	2.8266618562804844	2.8266618562804844
36763	3.5654510727477877	3.5654510727477877
1478	8.185459590943516	8.185459590943516
31027	5.974892334507006	5.974892334507006
20360	4.244082508121407	4.244082508121407
556	4.3009332979593005	4.3009332979593005
45010	0.9451087240893534	0.9451087240893534
39491	9.327082519259466	9.327082519259466
20948	5.478932171287016	5.478932171287016
9397	5.030856855198705	5.030856855198705
35596	14.998135573503196	14.998135573503196
27745	3.4714815654881606	3.4714815654881606
4218	5.240534983992003	5.240534983992003
34412	3.4904130253418266	3.4904130253418266
20597	0.5777918062034095	0.5777918062034095
32045	2.0124666292908153	2.0124666292908153
32783	0.18097111054366022	0.18097111054366022
39881	5.18529854811754	5.18529854811754
26165	5.865161415410443	5.865161415410443
17661	1.6389731446598634	1.6389731446598634
2159	3.3763397502981705	3.3763397502981705
7542	9.686974033778977	9.686974033778977
23620	0.31678168692837816	0.31678168692837816
15622	9.516583661726145	9.516583661726145
43350	0.5589082707055308	0.5589082707055308
16711	8.786210765363212	8.786210765363212
43356	5.817049423973264	5.817049423973264
45375	3.613630783836112	3.613630783836112
45421	5.685751946260038	5.685751946260038
17890	7.437625408189717	7.437625408189717
43194	1.4903404448580884	1.4903404448580884
32832	4.946076889359418	4.946076889359418
33307	2.3760640570410687	2.3760640570410687
3777	5.5941815215436685	5.5941815215436685
33840	0.254661107890677	0.254661107890677
45210	6.028182302448619	6.028182302448619
38669	1.6550894375915841	1.6550894375915841
9026	1.4740553738368982	1.4740553738368982
6149	15.471537096996155	15.471537096996155
3823	7.885392242446736	7.885392242446736
30417	1.8572791240659983	1.8572791240659983
31504	1.1112111517915633	1.1112111517915633
24993	9.263429081342352	9.263429081342352
20503	8.494371059440915	8.494371059440915
30252	8.62282306083376	8.62282306083376
510	4.273026739481083	4.273026739481083
18306	2.464717609766809	2.464717609766809
35539	4.716226898931972	4.716226898931972
29427	6.586903778803375	6.586903778803375
27806	3.7322972133501096	3.7322972133501096
41417	5.820265292265846	5.820265292265846
33509	7.873893325340122	7.873893325340122
3560	7.848492819850861	7.848492819850861
14955	12.269627293153306	12.269627293153306
24605	1.8080709765341638	1.8080709765341638
26436	5.168894068503787	5.168894068503787
6409	2.5814998490040866	2.5814998490040866
22332	6.0529264293460505	6.0529264293460505
18689	4.609339309798868	4.609339309798868
15594	1.2486008567687754	1.2486008567687754
3053	4.414226917777128	4.414226917777128
5582	3.526828904257284	3.526828904257284
13337	6.007288894676774	6.007288894676774
10674	4.578980478324043	4.578980478324043
35560	10.86018844329437	10.86018844329437
6958	1.274402358148344	1.274402358148344
15855	1.5391602404143478	1.5391602404143478
35501	1.1073148989844939	1.1073148989844939
12443	0.06467319816301509	0.06467319816301509
614	6.344196187025304	6.344196187025304
9005	7.7128705130386646	7.7128705130386646
37861	4.20654771009664	4.20654771009664
42983	3.019411058733387	3.019411058733387
42954	3.6048082867245688	3.6048082867245688
17915	3.4000766166439664	3.4000766166439664
12783	3.1893114143163714	3.1893114143163714
17020	1.7913297449451253	1.7913297449451253
13652	6.967469626616508	6.967469626616508
2266	5.227803650339263	5.227803650339263
6833	5.193257340257048	5.193257340257048
14272	11.598819288309533	11.598819288309533
43387	0.7521378131044846	0.7521378131044846
16388	2.6284892494313694	2.6284892494313694
14599	0.8032301844181451	0.8032301844181451
35567	1.7242018751068895	1.7242018751068895
28637	3.314596897746639	3.314596897746639
4947	1.4141590219453941	1.4141590219453941
17910	1.9509636817338278	1.9509636817338278
6968	8.009929698345308	8.009929698345308
24599	1.5354417245464256	1.5354417245464256
31129	0.6066793856908308	0.6066793856908308
43833	7.687634034003209	7.687634034003209
32689	0.6189099871923377	0.6189099871923377
18213	2.3168659879430873	2.3168659879430873
14066	5.804690519883374	5.804690519883374
22492	1.9509074360123562	1.9509074360123562
37071	3.0203706325523956	3.0203706325523956
41313	1.30379753433122	1.30379753433122
7539	1.20585230724582	1.20585230724582
45301	10.572487520273125	10.572487520273125
28448	2.953042151234075	2.953042151234075
39056	6.119705198537141	6.119705198537141
39916	2.965499449650183	2.965499449650183
42390	10.409638302833427	10.409638302833427
15915	1.5076783257005715	1.5076783257005715
8835	11.041951228190431	11.041951228190431
6695	4.28687776509633	4.28687776509633
9318	4.931306237812453	4.931306237812453
42817	2.586396322495526	2.586396322495526
29356	2.480438409718804	2.480438409718804
28121	0.2727934559641738	0.2727934559641738
19875	6.176913987497552	6.176913987497552
42219	1.1820127219590504	1.1820127219590504
13064	3.4927165060988763	3.4927165060988763
1634	4.786353026821597	4.786353026821597
40714	11.253715315272668	11.253715315272668
42690	8.40611593337185	8.40611593337185
14765	1.8337028438622796	1.8337028438622796
29928	0.5493080091144281	0.5493080091144281
26699	7.42569017431287	7.42569017431287
18234	0.7714835856183364	0.7714835856183364
3687	3.963174630691223	3.963174630691223
20059	1.6298847050363696	1.6298847050363696
33009	5.190885276395285	5.190885276395285
23841	1.6090666638103912	1.6090666638103912
45105	1.1397493937732714	1.1397493937732714
15983	7.158985248504085	7.158985248504085
39460	9.58334603539454	9.58334603539454
45002	5.180123433854349	5.180123433854349
38420	8.306685824247637	8.306685824247637
31799	6.347938875346669	6.347938875346669
40366	3.1973233214437697	3.1973233214437697
21558	6.030452630843774	6.030452630843774
7498	11.627006285956295	11.627006285956295
27092	1.3844809907923619	1.3844809907923619
39293	1.4620923272503614	1.4620923272503614
31062	2.061514951738472	2.061514951738472
16404	5.759075564386243	5.759075564386243
32948	0.13405581158575752	0.13405581158575752
19281	0.3794175572765548	0.3794175572765548
9044	0.23323373209338993	0.23323373209338993
41440	1.5859557894919083	1.5859557894919083
41902	5.1374558860252195	5.1374558860252195
5233	10.093197072481736	10.093197072481736
39148	12.060085032799396	12.060085032799396
22359	7.735466035177387	7.735466035177387
42947	1.9475775811762828	1.9475775811762828
7499	7.694088342319175	7.694088342319175
1751	1.1832287091573521	1.1832287091573521
43540	4.693705802758061	4.693705802758061
43939	2.873585007367587	2.873585007367587
23297	2.8403379710016843	2.8403379710016843
42904	11.088420166838938	11.088420166838938
40332	4.655943363862578	4.655943363862578
38966	1.2910414941075015	1.2910414941075015
3471	11.720559912713659	11.720559912713659
40644	2.9857292779873186	2.9857292779873186
12537	1.797332908958476	1.797332908958476
7192	2.9383214376476072	2.9383214376476072
19872	7.073355107659006	7.073355107659006
6307	2.5651580061970565	2.5651580061970565
10921	2.0988912408024083	2.0988912408024083
3504	2.256721277423832	2.256721277423832
13388	10.495948445038309	10.495948445038309
24243	1.3936018370318175	1.3936018370318175
10238	4.9351188799573755	4.9351188799573755
28164	3.8992163360475933	3.8992163360475933
22203	0.9924138982159315	0.9924138982159315
31386	6.397896041572194	6.397896041572194
902	6.872754126596781	6.872754126596781
18116	1.2463653951364282	1.2463653951364282
2211	1.0037550226859278	1.0037550226859278
14248	1.1328598030612527	1.1328598030612527
27137	4.63277450468043	4.63277450468043
42742	4.229389431081612	4.229389431081612
44300	1.4363623650663346	1.4363623650663346
15797	2.364239435964123	2.364239435964123
7858	4.994484211768493	4.994484211768493
26532	0.2693226444347625	0.2693226444347625
44353	6.531026353688192	6.531026353688192
22894	4.4388791997071895	4.4388791997071895
28970	11.317382741840662	11.317382741840662
15120	3.6414075722984913	3.6414075722984913
6117	0.6320740044082312	0.6320740044082312
36832	2.6170264066743565	2.6170264066743565
879	2.084274749533524	2.084274749533524
20505	2.6370653647228504	2.6370653647228504
8328	6.333865976500517	6.333865976500517
37029	2.8644224805327525	2.8644224805327525
2532	1.5208002045571751	1.5208002045571751
14035	0.5274698559421616	0.5274698559421616
19950	1.7001268250985808	1.7001268250985808
42046	5.463645094553359	5.463645094553359
38159	0.8529054847162862	0.8529054847162862
6122	3.782162072453297	3.782162072453297
17237	3.1865919703626266	3.1865919703626266
44716	4.864584421042458	4.864584421042458
39656	9.398256440664507	9.398256440664507
44792	6.938029690013353	6.938029690013353
16308	2.3199225792953535	2.3199225792953535
13057	1.2864278497128008	1.2864278497128008
9545	6.234937097694062	6.234937097694062
7196	4.104167070731226	4.104167070731226
19948	3.1475523309748445	3.1475523309748445
16412	8.068970084187	8.068970084187
43863	0.7076100915135571	0.7076100915135571
25683	4.185336179064521	4.185336179064521
10009	2.961755961148081	2.961755961148081
22615	4.464859266554206	4.464859266554206
42267	0.6788180449929602	0.6788180449929602
38456	7.041125342587207	7.041125342587207
42286	0.12852180542837333	0.12852180542837333
19336	0.39768571460758895	0.39768571460758895
33578	0.29463734450701495	0.29463734450701495
13507	1.1212226073026494	1.1212226073026494
33453	4.444826126992382	4.444826126992382
30227	5.615045567012471	5.615045567012471
42453	7.687425847740544	7.687425847740544
4263	4.338239685751799	4.338239685751799
20681	1.3846657744691164	1.3846657744691164
4776	6.705141144805487	6.705141144805487
7808	7.92608932306383	7.92608932306383
32130	7.809826329493124	7.809826329493124
9908	0.9826240561498115	0.9826240561498115
18908	2.613038851594257	2.613038851594257
20453	8.244304756462224	8.244304756462224
22499	3.5114888282802528	3.5114888282802528
20592	2.393654589950489	2.393654589950489
84	1.647071511975691	1.647071511975691
18236	1.8927859869886001	1.8927859869886001
41103	10.673170262840502	10.673170262840502
6068	4.167622571803417	4.167622571803417
38498	2.8184490837511036	2.8184490837511036
25838	0.7377837750507027	0.7377837750507027
34293	2.9774190472889597	2.9774190472889597
1565	5.183289421061579	5.183289421061579
12058	3.9796314356187055	3.9796314356187055
5215	0.8620464988280824	0.8620464988280824
34320	13.001968394678125	13.001968394678125
26787	1.2174940080218999	1.2174940080218999
42760	4.847013335477383	4.847013335477383
1664	3.1853231833420805	3.1853231833420805
3156	0.20582152188280878	0.20582152188280878
14342	7.248702242204277	7.248702242204277
40282	0.3519075412907049	0.3519075412907049
15410	8.17574350242206	8.17574350242206
28781	3.925631723391928	3.925631723391928
37731	7.34745889779459	7.34745889779459
19362	2.4089528834628617	2.4089528834628617
40390	0.8415151460076526	0.8415151460076526
27028	4.035175887577443	4.035175887577443
4777	0.921939984008546	0.921939984008546
11237	10.474242629697708	10.474242629697708
32129	6.514422202261339	6.514422202261339
25682	0.8641210140044776	0.8641210140044776
16256	7.836561350348635	7.836561350348635
44637	9.500610307583122	9.500610307583122
30750	3.421053112174118	3.421053112174118
20027	0.6507230261288479	0.6507230261288479
41122	5.189984535139724	5.189984535139724
2530	2.622978042684468	2.622978042684468
4874	4.776671703057914	4.776671703057914
19784	2.8104096900992612	2.8104096900992612
34134	1.2672044356815755	1.2672044356815755
12116	0.2342171193652003	0.2342171193652003
24360	3.8998249389592132	3.8998249389592132
19696	3.382668173315015	3.382668173315015
12945	2.719284889222951	2.719284889222951
20857	0.515098333645159	0.515098333645159
45170	4.92241708850128	4.92241708850128
4822	4.572112100394684	4.572112100394684
42981	1.446883558029365	1.446883558029365
19137	4.669127672193182	4.669127672193182
39294	2.9219346815857064	2.9219346815857064
21977	2.670067312653785	2.670067312653785
35228	3.0514012060649605	3.0514012060649605
13450	1.2960504432604223	1.2960504432604223
12866	1.072089881289031	1.072089881289031
13270	5.823172242011371	5.823172242011371
9174	8.527706715212187	8.527706715212187
41358	4.340066689313853	4.340066689313853
11942	2.5178557242797055	2.5178557242797055
18210	3.7059235534629646	3.7059235534629646
39326	3.9489652964852424	3.9489652964852424
12053	8.746641627434002	8.746641627434002
9928	10.2469719381973	10.2469719381973
12063	6.06542795492889	6.06542795492889
21144	10.650166318704775	10.650166318704775
11156	13.16906995415763	13.16906995415763
26139	2.0997643094710945	2.0997643094710945
2074	6.699743001041698	6.699743001041698
32591	0.6046896504280264	0.6046896504280264
20697	6.381770063955946	6.381770063955946
12093	7.722814592105433	7.722814592105433
27841	11.435579546976568	11.435579546976568
38922	2.7436243705234684	2.7436243705234684
26883	1.482404220569627	1.482404220569627
18905	1.092171649013999	1.092171649013999
2814	0.3153719571138436	0.3153719571138436
32042	6.531270801941373	6.531270801941373
19660	5.984323205140326	5.984323205140326
20477	6.643364566682046	6.643364566682046
39151	4.154693387204979	4.154693387204979
19285	4.089661862140017	4.089661862140017
13838	2.758982697885214	2.758982697885214
25366	2.574177198719265	2.574177198719265
42576	4.571691667505375	4.571691667505375
17717	5.408613623915705	5.408613623915705
3284	2.331442778805104	2.331442778805104
21838	3.541810317736182	3.541810317736182
35011	0.24949950035449542	0.24949950035449542
27318	3.4729559336279308	3.4729559336279308
16575	6.213646201690853	6.213646201690853
33719	3.3908097833867865	3.3908097833867865
43254	1.1963959889145708	1.1963959889145708
29420	6.3365045788564425	6.3365045788564425
8036	7.753379121903146	7.753379121903146
39143	1.6924861311402757	1.6924861311402757
10363	3.338568788487754	3.338568788487754
21621	0.06658034413753189	0.06658034413753189
24842	10.018553534495119	10.018553534495119
42387	7.891116767308043	7.891116767308043
30914	3.293292550412433	3.293292550412433
30994	8.10803232644281	8.10803232644281
12451	4.845824664909925	4.845824664909925
24697	10.07455435280949	10.07455435280949
25841	2.2423011383997986	2.2423011383997986
7849	2.018658277049828	2.018658277049828
16772	3.789631505337719	3.789631505337719
33433	6.283070630633179	6.283070630633179
6194	6.315514355866826	6.315514355866826
31539	2.9939678529034035	2.9939678529034035
28992	5.524579088311521	5.524579088311521
33920	0.5614859503876326	0.5614859503876326
4760	1.0538582160233256	1.0538582160233256
43384	1.0183831333485622	1.0183831333485622
25864	3.1908591453072237	3.1908591453072237
11020	1.0282695495427678	1.0282695495427678
2973	10.748668103588006	10.748668103588006
6651	1.2504320905583142	1.2504320905583142
11946	5.392405067396069	5.392405067396069
11216	1.0770400990882711	1.0770400990882711
6193	2.7384662924084933	2.7384662924084933
15914	3.6851683770657013	3.6851683770657013
12371	0.7540496648921715	0.7540496648921715
44327	2.369077425196404	2.369077425196404
23581	13.133848360567622	13.133848360567622
41252	2.7131590676134696	2.7131590676134696
10384	8.622146130204186	8.622146130204186
41576	4.376024382574141	4.376024382574141
35303	8.049489702488005	8.049489702488005
32892	0.029350871340435236	0.029350871340435236
2787	6.480114743533193	6.480114743533193
39594	4.683320701124234	4.683320701124234
7475	0.6876809842979846	0.6876809842979846
2840	4.880136647021107	4.880136647021107
9429	7.834927842685909	7.834927842685909
41167	4.290892521181492	4.290892521181492
26104	0.7384786775754895	0.7384786775754895
30881	1.488260325769232	1.488260325769232
34665	12.86374873380213	12.86374873380213
12643	7.625641213915995	7.625641213915995
33137	13.78958729139694	13.78958729139694
35562	3.8392499902181614	3.8392499902181614
45441	0.6019462832688366	0.6019462832688366
26445	7.911840363057584	7.911840363057584
43230	0.5610708375528031	0.5610708375528031
6002	4.131946558576654	4.131946558576654
24202	7.51211817379354	7.51211817379354
6000	1.309088026111195	1.309088026111195
17146	2.9791904795836106	2.9791904795836106
28515	2.07999388803655	2.07999388803655
5230	0.5037824001000935	0.5037824001000935
7879	9.5416287608102	9.5416287608102
26753	0.3202769885901525	0.3202769885901525
16728	3.9146171965164958	3.9146171965164958
13389	5.028854666328085	5.028854666328085
18514	4.100281212255554	4.100281212255554
17686	0.07462729421239844	0.07462729421239844
6285	3.824783960976642	3.824783960976642
15338	9.519117663204796	9.519117663204796
18696	4.321102707694666	4.321102707694666
20504	12.554682772165169	12.554682772165169
22493	3.3922051326510623	3.3922051326510623
14769	0.356156817690071	0.356156817690071
15366	9.149253247605921	9.149253247605921
13832	3.626387531282682	3.626387531282682
12203	10.142844610275255	10.142844610275255
16799	1.4719454441389148	1.4719454441389148
22451	4.896369915553835	4.896369915553835
10924	9.311392318098052	9.311392318098052
6729	2.6585537330076705	2.6585537330076705
30125	1.1309839625252585	1.1309839625252585
34854	10.225425493413022	10.225425493413022
32400	1.0114691230479935	1.0114691230479935
13476	2.269306047140358	2.269306047140358
9459	1.633704934744087	1.633704934744087
8133	2.6628247076385616	2.6628247076385616
36360	1.9406420680900847	1.9406420680900847
2459	0.0746886265512926	0.0746886265512926
17363	1.5588494430309272	1.5588494430309272
39048	0.49614644288724485	0.49614644288724485
45068	0.4669838556082566	0.4669838556082566
43161	8.748592136942463	8.748592136942463
17364	4.278183296891865	4.278183296891865
25730	4.812607812647176	4.812607812647176
20727	5.589449691081414	5.589449691081414
810	2.939232164561768	2.939232164561768
19456	9.479776592624441	9.479776592624441
15799	0.7779555879255569	0.7779555879255569
32313	5.477298745624013	5.477298745624013
16155	13.430624684121671	13.430624684121671
17283	10.662296619835454	10.662296619835454
19843	0.6368553410484361	0.6368553410484361
12644	4.70315393279951	4.70315393279951
31128	5.133452566024137	5.133452566024137
24286	7.748495536463423	7.748495536463423
21585	11.335363927742414	11.335363927742414
36728	1.5700270888909906	1.5700270888909906
5680	7.256242671303809	7.256242671303809
23518	8.156267908240876	8.156267908240876
18620	10.037763538974549	10.037763538974549
34817	6.559418846646228	6.559418846646228
36416	1.82563615929385	1.82563615929385
28780	3.7999102718255795	3.7999102718255795
4462	1.6197944006563334	1.6197944006563334
30787	1.9981340317047018	1.9981340317047018
22646	9.163699019591187	9.163699019591187
45435	1.6387904946582015	1.6387904946582015
12370	3.028326668951668	3.028326668951668
15041	2.8421926188007465	2.8421926188007465
25903	4.070605854650252	4.070605854650252
28833	6.260260867287469	6.260260867287469
21523	7.4087292116473416	7.4087292116473416
3951	6.372576892163443	6.372576892163443
31986	8.10771509965403	8.10771509965403
557	5.872816693032788	5.872816693032788
27445	0.42305573736621316	0.42305573736621316
5144	2.2988517420217613	2.2988517420217613
15264	8.244767800886688	8.244767800886688
4759	2.445612348693597	2.445612348693597
5118	8.94349967860294	8.94349967860294
42087	4.6654573269771875	4.6654573269771875
41283	10.514016136727268	10.514016136727268
41308	9.343980266807561	9.343980266807561
13976	2.887181062857757	2.887181062857757
2387	6.411261267874878	6.411261267874878
27597	5.805140620413975	5.805140620413975
38990	9.286680933868457	9.286680933868457
16661	6.196630494018955	6.196630494018955
23770	6.622551882762518	6.622551882762518
5974	5.935943297273195	5.935943297273195
5391	3.7113091192301138	3.7113091192301138
2504	4.63917859114805	4.63917859114805
9692	4.305588733708655	4.305588733708655
29617	6.143959689079676	6.143959689079676
37155	3.3353774961052634	3.3353774961052634
17739	3.666173610572222	3.666173610572222
8079	1.9023672782790386	1.9023672782790386
32167	6.234237431362738	6.234237431362738
45174	2.4833873197334597	2.4833873197334597
42932	6.394048286445945	6.394048286445945
16254	2.996048000309234	2.996048000309234
8078	0.8370102856905329	0.8370102856905329
5791	11.355963600947	11.355963600947
1775	2.2066379141526484	2.2066379141526484
6217	5.157769222821702	5.157769222821702
25264	1.1151835892826194	1.1151835892826194
25769	10.374446316201501	10.374446316201501
1873	2.445381020845008	2.445381020845008
19748	1.4152399172286036	1.4152399172286036
8832	4.864161284320235	4.864161284320235
13570	5.8004162217901305	5.8004162217901305
19664	4.518700906062948	4.518700906062948
34507	15.522434082470232	15.522434082470232
847	1.0231616373877328	1.0231616373877328
38691	0.38735036766062003	0.38735036766062003
10410	6.529025434634084	6.529025434634084
28669	6.1029423285700934	6.1029423285700934
8126	8.505510312128937	8.505510312128937
23263	0.15042799120537997	0.15042799120537997
11604	1.638873210087739	1.638873210087739
22489	3.0824996506284204	3.0824996506284204
4471	2.9185754628191836	2.9185754628191836
25022	1.6793107494086088	1.6793107494086088
38272	8.363385809568328	8.363385809568328
24168	0.5384940673567649	0.5384940673567649
38394	8.652366744871415	8.652366744871415
45451	2.074062780177636	2.074062780177636
21891	9.875072111538303	9.875072111538303
36320	0.8722046545210544	0.8722046545210544
24934	5.1854697340010745	5.1854697340010745
25368	0.23409042680332248	0.23409042680332248
35472	4.770907607794926	4.770907607794926
13698	6.260779024607603	6.260779024607603
25167	9.766775134457479	9.766775134457479
22716	3.904349426577108	3.904349426577108
31681	3.9266466481906988	3.9266466481906988
16666	5.449354355625378	5.449354355625378
33987	5.960712085383413	5.960712085383413
42669	9.761364775336084	9.761364775336084
31133	6.569480369583928	6.569480369583928
1308	2.3281823093391876	2.3281823093391876
15445	0.7676580692287979	0.7676580692287979
6353	2.1587011247862793	2.1587011247862793
38589	2.031296696839695	2.031296696839695
44914	6.5099294244837616	6.5099294244837616
13776	7.686157314820971	7.686157314820971
35200	8.573668245522025	8.573668245522025
8333	4.777418020497441	4.777418020497441
10622	5.924538568798523	5.924538568798523
11693	2.445835826654096	2.445835826654096
25486	1.269284543796859	1.269284543796859
33605	2.4041944045204287	2.4041944045204287
9862	0.8896317549535495	0.8896317549535495
32337	6.751978674479443	6.751978674479443
757	8.109470082606101	8.109470082606101
14229	1.8830790985268866	1.8830790985268866
42201	8.773221710552717	8.773221710552717
42744	9.887228567012592	9.887228567012592
19780	1.2998381617331243	1.2998381617331243
39596	1.5067730271325375	1.5067730271325375
1417	6.858970288111047	6.858970288111047
34414	7.760116231304735	7.760116231304735
43841	4.479996770788135	4.479996770788135
929	4.279248398463164	4.279248398463164
14519	10.140588192889089	10.140588192889089
28032	0.5688624279328585	0.5688624279328585
16594	1.1315447906346643	1.1315447906346643
15266	0.023396316013077456	0.023396316013077456
3246	0.6511896525714462	0.6511896525714462
17482	8.209203060522142	8.209203060522142
2632	8.277971588200597	8.277971588200597
23517	1.6197814963914885	1.6197814963914885
3181	7.503579551161219	7.503579551161219
2849	5.206020723068995	5.206020723068995
27919	4.020610677923488	4.020610677923488
16664	10.958662914252953	10.958662914252953
26793	6.448014090144349	6.448014090144349
43414	3.2803872195596195	3.2803872195596195
24593	9.16399495951636	9.16399495951636
9260	3.881051932057737	3.881051932057737
30258	2.6582130074293744	2.6582130074293744
4715	1.7467454201497534	1.7467454201497534
41744	2.0766230894352686	2.0766230894352686
40119	1.3258804007434626	1.3258804007434626
42555	0.24739012969609375	0.24739012969609375
28163	6.806751577703447	6.806751577703447
36698	4.154634536025191	4.154634536025191
26226	7.050400397419046	7.050400397419046
2176	0.8905511638846593	0.8905511638846593
26758	1.104167679216993	1.104167679216993
20429	1.95925924667907	1.95925924667907
29950	1.5368928764640448	1.5368928764640448
27450	0.9461053986282325	0.9461053986282325
33847	1.9341330459255228	1.9341330459255228
12535	2.454672747454535	2.454672747454535
24241	7.880774848369225	7.880774848369225
29348	10.624252890128691	10.624252890128691
17098	3.5925792190201955	3.5925792190201955
38797	0.9050945599110162	0.9050945599110162
5660	3.1428636275184156	3.1428636275184156
33240	3.380595138166561	3.380595138166561
7358	3.828113827308949	3.828113827308949
931	2.5745189147671654	2.5745189147671654
5454	2.5525409308711873	2.5525409308711873
11404	3.491513093658671	3.491513093658671
10485	8.709441662648217	8.709441662648217
44487	4.647274719087724	4.647274719087724
22027	1.1744288153522149	1.1744288153522149
4411	0.12542975602578588	0.12542975602578588
10788	5.6086395069135	5.6086395069135
24990	5.41143879663866	5.41143879663866
12753	2.4316244674085277	2.4316244674085277
16192	1.1344206607414078	1.1344206607414078
9910	2.8678986939297597	2.8678986939297597
4920	2.4197445534988966	2.4197445534988966
41020	10.930798690438063	10.930798690438063
32312	10.044377561038859	10.044377561038859
9424	3.1089052346865236	3.1089052346865236
42000	14.585106717239128	14.585106717239128
15971	6.629000683205455	6.629000683205455
36894	9.804945369467383	9.804945369467383
7106	0.973943764324099	0.973943764324099
16604	8.433763212370954	8.433763212370954
32921	9.280841531149203	9.280841531149203
18398	10.010350647981682	10.010350647981682
25640	6.144250032642318	6.144250032642318
2945	0.3727738778279728	0.3727738778279728
32623	0.16268039067420803	0.16268039067420803
37295	1.476312281030091	1.476312281030091
12292	1.0181910545913317	1.0181910545913317
26012	4.537608442397526	4.537608442397526
812	4.960663871647378	4.960663871647378
7059	2.1359305471331282	2.1359305471331282
25450	0.4747987793027587	0.4747987793027587
16822	1.5449840050972554	1.5449840050972554
37455	8.63572916630903	8.63572916630903
10235	1.841135500953422	1.841135500953422
15003	1.320039134384063	1.320039134384063
36835	10.95284728663818	10.95284728663818
11432	0.47967309355903576	0.47967309355903576
225	0.1761157599615205	0.1761157599615205
31890	5.363560475756454	5.363560475756454
40527	0.28241095113355785	0.28241095113355785
4644	9.7565494769965	9.7565494769965
3713	3.6733852653661287	3.6733852653661287
13873	5.080242323765333	5.080242323765333
24126	3.235001843806153	3.235001843806153
19985	4.416649849917027	4.416649849917027
29023	7.769063174025437	7.769063174025437
35930	1.3915087714699905	1.3915087714699905
4548	3.471945104211381	3.471945104211381
28185	0.5094303510036875	0.5094303510036875
6426	10.749898703622256	10.749898703622256
26194	1.1018429038030793	1.1018429038030793
23497	2.786556024992662	2.786556024992662
27128	15.47444468100947	15.47444468100947
123	5.018397612269914	5.018397612269914
23618	1.1276912932538625	1.1276912932538625
11736	11.880913141946207	11.880913141946207
29313	6.27134568013333	6.27134568013333
29547	2.574392071278778	2.574392071278778
10739	2.2842996875345185	2.2842996875345185
33785	0.45276655791372566	0.45276655791372566
3867	3.4267119550896714	3.4267119550896714
7317	0.45406695423074994	0.45406695423074994
16160	5.415315746841456	5.415315746841456
33843	5.9075821052622945	5.9075821052622945
36071	4.291213350120918	4.291213350120918
3950	0.27017737229134475	0.27017737229134475
6279	0.6837273265033175	0.6837273265033175
37488	1.0644699954941264	1.0644699954941264
43812	6.010663143266005	6.010663143266005
20724	10.185941854229005	10.185941854229005
17048	3.4997375590086284	3.4997375590086284
37860	3.910840906387052	3.910840906387052
601	5.540233585273726	5.540233585273726
40933	5.891040428515607	5.891040428515607
38043	6.09298275083235	6.09298275083235
15858	5.27664525695691	5.27664525695691
28723	2.9090367903864074	2.9090367903864074
20654	3.8001498889001746	3.8001498889001746
10118	3.3497134698593243	3.3497134698593243
28869	0.43178409007975327	0.43178409007975327
14541	5.28282948609494	5.28282948609494
32858	1.7189085443066234	1.7189085443066234
26791	4.775179367306061	4.775179367306061
11433	2.7415824630240406	2.7415824630240406
2660	5.951309622623773	5.951309622623773
16550	3.379822055668022	3.379822055668022
2846	5.9937545486474795	5.9937545486474795
11540	13.168699830618984	13.168699830618984
2265	2.966527540277661	2.966527540277661
20370	4.781740434600606	4.781740434600606
45438	0.3834370984147969	0.3834370984147969
17592	5.498804342749844	5.498804342749844
18843	3.664473614976685	3.664473614976685
38671	4.208689807612422	4.208689807612422
9110	6.197694325326366	6.197694325326366
42758	2.20949131371021	2.20949131371021
36173	0.5573241482026635	0.5573241482026635
32284	9.451973808046098	9.451973808046098
33303	3.7169099930090646	3.7169099930090646
14593	4.755266075468434	4.755266075468434
43732	8.218212433051704	8.218212433051704
40553	6.652664637307935	6.652664637307935
21680	5.970993479165946	5.970993479165946
22454	3.8207677242042566	3.8207677242042566
43141	1.77493697640049	1.77493697640049
4495	10.319438572796496	10.319438572796496
23348	0.9078948172226977	0.9078948172226977
1246	1.0578245393265906	1.0578245393265906
1965	4.026530298225255	4.026530298225255
32626	7.862651787990291	7.862651787990291
25399	8.359447183269147	8.359447183269147
31687	9.347799287843383	9.347799287843383
35840	2.793324944034759	2.793324944034759
6121	6.462144835949056	6.462144835949056
10097	3.394662385938565	3.394662385938565
32374	7.936146812000721	7.936146812000721
10049	2.116961472564845	2.116961472564845
41996	2.6728303068344763	2.6728303068344763
32315	1.8995452598045761	1.8995452598045761
20855	5.948205258125015	5.948205258125015
17093	0.41953083471824204	0.41953083471824204
4130	7.075378016263878	7.075378016263878
19810	6.557868042672842	6.557868042672842
32888	2.20821273412078	2.20821273412078
23649	6.314264243884709	6.314264243884709
28751	5.5465496074204665	5.5465496074204665
10512	3.888723101712876	3.888723101712876
5044	2.5551099487360966	2.5551099487360966
23295	3.4233878300739726	3.4233878300739726
1386	8.375489480131293	8.375489480131293
31763	2.2667761966877094	2.2667761966877094
45071	0.3546432186101294	0.3546432186101294
2291	1.497084635200837	1.497084635200837
31136	5.748241623013151	5.748241623013151
24600	4.2655993646794705	4.2655993646794705
24059	1.0183864843617638	1.0183864843617638
27227	5.861333182070146	5.861333182070146
35965	4.265771905481742	4.265771905481742
2634	8.100018780049037	8.100018780049037
14225	1.954719384244051	1.954719384244051
3503	3.356667331605082	3.356667331605082
24455	3.2599792886892476	3.2599792886892476
27061	1.7229054588491373	1.7229054588491373
1730	4.243702299965873	4.243702299965873
16281	5.914285613408402	5.914285613408402
30028	3.9205090528979127	3.9205090528979127
24809	2.837266193674599	2.837266193674599
10516	3.6612104028139734	3.6612104028139734
15482	5.146868918908972	5.146868918908972
5334	12.76045096121342	12.76045096121342
28307	0.9638968201823189	0.9638968201823189
10673	9.949930946658768	9.949930946658768
14273	0.755737959886569	0.755737959886569
25267	6.133931429273416	6.133931429273416
10120	2.4171258485607052	2.4171258485607052
32307	1.577245499169559	1.577245499169559
5563	2.6759375922348596	2.6759375922348596
23123	3.673688216394216	3.673688216394216
37768	2.720820384447527	2.720820384447527
16026	6.735665929176238	6.735665929176238
17145	4.57728017052319	4.57728017052319
31282	1.9264262818513642	1.9264262818513642
33752	0.9106307328372052	0.9106307328372052
4520	0.46841391051434333	0.46841391051434333
32311	1.911192201015221	1.911192201015221
11720	2.802578549476741	2.802578549476741
40246	0.5785934347144145	0.5785934347144145
41208	4.67736065847871	4.67736065847871
40038	4.991220416872793	4.991220416872793
28420	3.6454050505847744	3.6454050505847744
5364	3.5744959203312323	3.5744959203312323
3673	3.4582759026711725	3.4582759026711725
4572	1.1259782787002022	1.1259782787002022
17365	3.104193910492268	3.104193910492268
5830	4.9649033682870565	4.9649033682870565
27031	2.967858105237319	2.967858105237319
29355	1.0446264594393952	1.0446264594393952
31417	7.407466086089059	7.407466086089059
6934	3.5865443541832573	3.5865443541832573
14170	2.065331554937317	2.065331554937317
19961	4.247087318637272	4.247087318637272
41998	1.2133189581833181	1.2133189581833181
23203	0.23586154960903283	0.23586154960903283
5480	0.842358700113349	0.842358700113349
2553	0.6563982614846684	0.6563982614846684
32277	0.2370119103275523	0.2370119103275523
13625	9.924527218163481	9.924527218163481
4581	1.3181247080029395	1.3181247080029395
28892	0.23436153949580207	0.23436153949580207
22928	7.685905071784526	7.685905071784526
2850	14.988405522522259	14.988405522522259
17770	5.505624203002789	5.505624203002789
35010	3.6428285560847646	3.6428285560847646
2923	3.4198853001062495	3.4198853001062495
34661	2.4991262839631876	2.4991262839631876
36515	0.794209320004847	0.794209320004847
3268	6.78448225430332	6.78448225430332
44476	4.666107436082097	4.666107436082097
42045	1.5019083809060563	1.5019083809060563
15187	3.8534450651419863	3.8534450651419863
24096	9.726602417308403	9.726602417308403
44297	1.3059795576885804	1.3059795576885804
41524	2.1609061900618993	2.1609061900618993
10240	7.376487996648822	7.376487996648822
11079	2.4102070860611446	2.4102070860611446
10509	1.0973912222781443	1.0973912222781443
44414	8.342530702037	8.342530702037
22806	2.7966069919977015	2.7966069919977015
3138	6.215784255319575	6.215784255319575
45004	2.7199798251403333	2.7199798251403333
32335	3.357843419384706	3.357843419384706
40497	10.164721572554113	10.164721572554113
38454	1.9035127546645287	1.9035127546645287
13190	1.7595672588010356	1.7595672588010356
31852	1.3001408858836987	1.3001408858836987
21861	4.0004208842004285	4.0004208842004285
38864	4.4394903888189265	4.4394903888189265
4797	3.191100154511651	3.191100154511651
11776	0.5161243707194617	0.5161243707194617
2420	1.3540004640088008	1.3540004640088008
13835	1.9240178053659784	1.9240178053659784
11898	1.1261336837079061	1.1261336837079061
4522	1.1558287185921874	1.1558287185921874
30536	2.9456140996072278	2.9456140996072278
8429	6.855322314590406	6.855322314590406
3081	2.9368633265515562	2.9368633265515562
1101	17.53594864697545	17.53594864697545
29390	2.2262977787583886	2.2262977787583886
16658	3.031747475475412	3.031747475475412
20197	0.7615615143939325	0.7615615143939325
16025	2.735618763141662	2.735618763141662
45376	0.8061162174593139	0.8061162174593139
22118	3.32315008858963	3.32315008858963
16824	0.3879686168057601	0.3879686168057601
43355	0.2272914289483592	0.2272914289483592
19749	2.3121515928993137	2.3121515928993137
8204	0.3451172426607233	0.3451172426607233
12889	5.391946802592992	5.391946802592992
26501	9.911767991371965	9.911767991371965
32489	0.19807043716056583	0.19807043716056583
39975	2.8099218986236454	2.8099218986236454
15236	1.9515830089251853	1.9515830089251853
7545	2.7355161064004534	2.7355161064004534
13750	8.379083071270113	8.379083071270113
16154	1.1575290895076682	1.1575290895076682
7104	21.415792409842197	21.415792409842197
28717	4.339247587814031	4.339247587814031
21522	1.670536389359616	1.670536389359616
14169	9.932356687893154	9.932356687893154
40795	8.369142634277727	8.369142634277727
13626	2.4095114520841934	2.4095114520841934
14300	1.085182447150951	1.085182447150951
9216	7.162792877619997	7.162792877619997
37676	5.338767040876624	5.338767040876624
24882	1.7376907443311305	1.7376907443311305
3707	1.0261026872853207	1.0261026872853207
43382	7.53610251061218	7.53610251061218
9787	0.5223273696370931	0.5223273696370931
16571	4.634815776277858	4.634815776277858
3712	3.339789660778377	3.339789660778377
13510	12.611186481421985	12.611186481421985
9618	3.589864392562201	3.589864392562201
17633	0.37651335848739764	0.37651335848739764
14492	0.34984328512210694	0.34984328512210694
32071	4.894409503053264	4.894409503053264
20589	5.6278288577837525	5.6278288577837525
6759	3.306870225357727	3.306870225357727
3780	3.1739211577391906	3.1739211577391906
18206	1.737596308311685	1.737596308311685
45213	2.24723075983239	2.24723075983239
13063	2.8730324505607867	2.8730324505607867
28482	3.449244853074168	3.449244853074168
5072	7.059450273414544	7.059450273414544
36594	6.448066992496878	6.448066992496878
20539	1.461570583963442	1.461570583963442
17182	3.3209215018694556	3.3209215018694556
5503	1.9715519662050456	1.9715519662050456
29842	3.266041733085454	3.266041733085454
18180	0.006964596680563151	0.006964596680563151
9377	2.4639531012406364	2.4639531012406364
19665	2.5007012903086476	2.5007012903086476
40642	11.994097844660047	11.994097844660047
16689	7.582689255588386	7.582689255588386
45409	1.9201431465059773	1.9201431465059773
38041	2.9966647420768227	2.9966647420768227
11940	1.8620102829946557	1.8620102829946557
5048	4.4431905709181185	4.4431905709181185
24124	2.0922655214492747	2.0922655214492747
32590	4.2496545713264595	4.2496545713264595
23708	4.822891014978396	4.822891014978396
1328	11.754545656032516	11.754545656032516
31533	1.0318525647334176	1.0318525647334176
36732	0.02407149125844721	0.02407149125844721
14301	0.5620532096665335	0.5620532096665335
28212	1.4273565060271567	1.4273565060271567
15055	9.814625602809414	9.814625602809414
10965	19.321304225256483	19.321304225256483
2108	8.153402056712835	8.153402056712835
32018	6.611682740954828	6.611682740954828
17690	1.9342262820861191	1.9342262820861191
36518	5.535741425856471	5.535741425856471
41826	2.9893576210871258	2.9893576210871258
15333	4.758787046056415	4.758787046056415
15259	2.1159542781513627	2.1159542781513627
11183	9.766177377468175	9.766177377468175
42386	8.868107912722596	8.868107912722596
17475	3.195481559103511	3.195481559103511
398	0.15299909810718193	0.15299909810718193
15570	12.965715250851991	12.965715250851991
21387	2.139712694244359	2.139712694244359
9812	1.8053567931493812	1.8053567931493812
20019	1.4347488867874343	1.4347488867874343
15341	5.440178317796743	5.440178317796743
3401	0.6419136198832878	0.6419136198832878
2689	5.606641114792912	5.606641114792912
24631	7.4695570558429685	7.4695570558429685
9667	2.577716064345768	2.577716064345768
37460	1.4137672136146873	1.4137672136146873
5583	9.414322121832976	9.414322121832976
206	5.093489183296783	5.093489183296783
23272	3.744849799484293	3.744849799484293
14482	5.844906529285651	5.844906529285651
207	0.9502955684383112	0.9502955684383112
13089	3.918821878780939	3.918821878780939
6885	3.2245363772478783	3.2245363772478783
40958	6.65971570424204	6.65971570424204
35933	1.3702589726685397	1.3702589726685397
37462	3.684944149226009	3.684944149226009
8104	1.9117647182839572	1.9117647182839572
34449	6.845617616151239	6.845617616151239
13903	3.1065074316073487	3.1065074316073487
23766	5.863425035644317	5.863425035644317
30749	4.143176392534151	4.143176392534151
35263	3.4217836156865076	3.4217836156865076
14167	2.8111201741762892	2.8111201741762892
41042	4.676465133907747	4.676465133907747
29778	9.187683682196354	9.187683682196354
16900	4.116864288803331	4.116864288803331
6652	7.188012031455647	7.188012031455647
43789	2.7883212459665097	2.7883212459665097
17281	2.3518619727341066	2.3518619727341066
7084	8.540237171604362	8.540237171604362
11377	2.438252883768864	2.438252883768864
42955	3.9207399430032726	3.9207399430032726
17357	1.7671135627241974	1.7671135627241974
26009	6.971020554111077	6.971020554111077
31987	2.9328296110158276	2.9328296110158276
23844	6.535773771902134	6.535773771902134
40474	0.17031004925519255	0.17031004925519255
8939	3.732622185994572	3.732622185994572
11468	4.807381097052786	4.807381097052786
42223	6.855671686523037	6.855671686523037
25403	2.7936473231000565	2.7936473231000565
16976	5.042658445100821	5.042658445100821
22694	10.05679042336671	10.05679042336671
1163	0.34656135391825627	0.34656135391825627
45085	6.430749736491838	6.430749736491838
39936	0.661901592002579	0.661901592002579
32219	2.2260509063813885	2.2260509063813885
8040	5.248091689990721	5.248091689990721
17403	8.149703921054336	8.149703921054336
41783	3.5442039750952268	3.5442039750952268
39516	3.5744732860119983	3.5744732860119983
31503	3.276557726946669	3.276557726946669
16189	2.0990358923372767	2.0990358923372767
34233	0.6464303091183596	0.6464303091183596
30255	7.642833246596189	7.642833246596189
33866	0.11334964977798423	0.11334964977798423
19539	3.9194688296940674	3.9194688296940674
12671	0.7981788641069861	0.7981788641069861
39411	15.51201305205306	15.51201305205306
13087	3.008450913331952	3.008450913331952
10643	1.5090326024957332	1.5090326024957332
22809	10.064021981844672	10.064021981844672
36361	5.706364960218077	5.706364960218077
41145	6.40280483956961	6.40280483956961
36699	5.445777177329007	5.445777177329007
4846	6.222386570506562	6.222386570506562
17094	0.12469717163193828	0.12469717163193828
25175	10.299617737770497	10.299617737770497
39438	1.255891551575875	1.255891551575875
36105	11.19584333334732	11.19584333334732
13364	2.4092565123994913	2.4092565123994913
26880	10.79543381638101	10.79543381638101
14832	4.920401278748017	4.920401278748017
41233	1.3740492180893726	1.3740492180893726
20055	2.8669800504071628	2.8669800504071628
6147	3.9982393155685494	3.9982393155685494
19930	1.6739060389180336	1.6739060389180336
1303	5.635742295539798	5.635742295539798
40421	5.992115877816705	5.992115877816705
555	0.9704908601884177	0.9704908601884177
9193	0.5961938414481837	0.5961938414481837
4971	0.35744673240829505	0.35744673240829505
11899	2.4574518108428545	2.4574518108428545
42271	2.7464893497507616	2.7464893497507616
9857	3.664201860123503	3.664201860123503
37326	5.6390000555563	5.6390000555563
17366	4.5478318349615705	4.5478318349615705
25230	0.6996503856970575	0.6996503856970575
21426	5.323670629810551	5.323670629810551
22112	0.7260666430437048	0.7260666430437048
10367	1.595813073039677	1.595813073039677
4463	9.430560183882168	9.430560183882168
22616	0.5530562728663565	0.5530562728663565
30821	3.5658199891534994	3.5658199891534994
19304	11.063952832779178	11.063952832779178
35592	6.33792374011156	6.33792374011156
20056	0.44004715190077026	0.44004715190077026
42714	4.367290325849658	4.367290325849658
23524	9.998323881147437	9.998323881147437
1691	6.235227863141291	6.235227863141291
15022	1.147509483009716	1.147509483009716
34482	7.092078025850908	7.092078025850908
41918	12.320860582179533	12.320860582179533
25102	1.3532647319244586	1.3532647319244586
33684	0.34066710826534596	0.34066710826534596
36966	2.157415007227236	2.157415007227236
29080	3.0663129291282893	3.0663129291282893
28115	5.053420821494878	5.053420821494878
19723	2.597825213190526	2.597825213190526
29923	7.123969893863615	7.123969893863615
19372	9.71012079562	9.71012079562
7197	7.698650017184341	7.698650017184341
24242	2.7916442486911324	2.7916442486911324
3924	10.842481695523947	10.842481695523947
18085	0.1766048459350622	0.1766048459350622
39547	1.1724432049439697	1.1724432049439697
13239	0.5368367586058563	0.5368367586058563
41523	1.4657114568176746	1.4657114568176746
15689	4.7315583167764155	4.7315583167764155
43229	2.526900068467202	2.526900068467202
824	4.417080369093312	4.417080369093312
34371	4.457251177729296	4.457251177729296
20659	3.9678866257303467	3.9678866257303467
5861	2.9277927923813767	2.9277927923813767
15771	10.131934129145394	10.131934129145394
12144	0.7315492545350878	0.7315492545350878
20372	0.528750031420797	0.528750031420797
2342	3.188617163557402	3.188617163557402
39687	0.7391531826762305	0.7391531826762305
4175	3.213370817635737	3.213370817635737
45052	1.1323775907967317	1.1323775907967317
31220	7.508398633786223	7.508398633786223
32370	1.1399363771180875	1.1399363771180875
37355	8.101870418239487	8.101870418239487
26280	3.059772299028903	3.059772299028903
512	1.8834811867100183	1.8834811867100183
31028	0.3240502617333063	0.3240502617333063
35497	9.36588671710248	9.36588671710248
8103	2.4080585659264937	2.4080585659264937
37214	1.102172486539513	1.102172486539513
82	0.7176683448146965	0.7176683448146965
34204	6.088050377123901	6.088050377123901
13275	3.7452348147131933	3.7452348147131933
8624	2.5794819568372427	2.5794819568372427
13986	2.1286773116014173	2.1286773116014173
41829	12.476269215121222	12.476269215121222
34660	3.7176803473329727	3.7176803473329727
13977	1.2872538971716847	1.2872538971716847
36288	2.4540996000107462	2.4540996000107462
29354	0.7519374700615585	0.7519374700615585
40210	3.256861394009829	3.256861394009829
17766	0.79525319359178	0.79525319359178
1687	5.658374758435127	5.658374758435127
13235	3.745013082378407	3.745013082378407
6005	11.132631261269868	11.132631261269868
36899	2.1504867331390147	2.1504867331390147
28450	9.22071882573435	9.22071882573435
8674	4.637183774151552	4.637183774151552
36795	4.694721052233847	4.694721052233847
3473	8.995094346768319	8.995094346768319
18556	9.15856515005241	9.15856515005241
40341	6.096705655830791	6.096705655830791
560	0.09611190151812699	0.09611190151812699
8150	0.6750033868158822	0.6750033868158822
37253	2.7667175880130834	2.7667175880130834
8394	1.1263908280622272	1.1263908280622272
683	3.5023447832595638	3.5023447832595638
23179	13.378121143855726	13.378121143855726
26641	6.840710208388023	6.840710208388023
44485	10.44126698077288	10.44126698077288
22812	0.7415881334596144	0.7415881334596144
14744	6.563527633400959	6.563527633400959
36619	4.080339770267615	4.080339770267615
1456	5.8547525650244205	5.8547525650244205
339	0.3440370602992028	0.3440370602992028
3674	4.655597824467016	4.655597824467016
15888	3.6854893049170987	3.6854893049170987
30628	1.501234473531285	1.501234473531285
34939	2.1471390007162547	2.1471390007162547
21892	10.11710182066775	10.11710182066775
37952	1.2448823428158566	1.2448823428158566
1966	2.6497211793615207	2.6497211793615207
23525	11.438845158861213	11.438845158861213
2338	2.1403849243892585	2.1403849243892585
44769	0.08790932025317333	0.08790932025317333
17207	3.766200243375281	3.766200243375281
39221	6.744450593443582	6.744450593443582
36136	1.8076121648522423	1.8076121648522423
32555	0.6926381229022595	0.6926381229022595
26228	8.017145282483835	8.017145282483835
21973	4.413669091360608	4.413669091360608
8699	4.809663623663102	4.809663623663102
16789	10.053157573616256	10.053157573616256
26533	2.0164382059759927	2.0164382059759927
2183	8.31434248506641	8.31434248506641
2904	1.1348304842134889	1.1348304842134889
30911	0.8545123748612615	0.8545123748612615
35014	2.892294298167067	2.892294298167067
7965	1.9013008354799465	1.9013008354799465
17737	0.7050663735247232	0.7050663735247232
44631	3.1076048544823855	3.1076048544823855
11571	10.819393661200218	10.819393661200218
24131	15.011289234245083	15.011289234245083
37922	1.1082940797471779	1.1082940797471779
10812	0.002628885784706436	0.002628885784706436
37892	0.249812583327655	0.249812583327655
16876	4.872966851616304	4.872966851616304
2366	2.94905344946776	2.94905344946776
36829	1.0612043496166408	1.0612043496166408
19576	2.484010139128167	2.484010139128167
14629	10.133900629471436	10.133900629471436
15001	3.0299878075540887	3.0299878075540887
481	1.8244217285056175	1.8244217285056175
11187	4.91565868646637	4.91565868646637
35125	0.5012853576488161	0.5012853576488161
13545	0.29159552156015045	0.29159552156015045
21307	9.692104751497245	9.692104751497245
40450	2.4064568725081514	2.4064568725081514
41470	2.3107951671612237	2.3107951671612237
37916	7.408259167378285	7.408259167378285
16850	4.35105192600485	4.35105192600485
5807	6.341452683620283	6.341452683620283
43987	3.04302213908103	3.04302213908103
38765	2.828720772787794	2.828720772787794
662	10.642094790860062	10.642094790860062
26504	2.603221577473019	2.603221577473019
42547	6.266337311944054	6.266337311944054
170	1.6096328319786566	1.6096328319786566
8335	10.941701554000083	10.941701554000083
7338	2.1982369716176673	2.1982369716176673
7080	9.047453507639187	9.047453507639187
43446	2.3389981337863843	2.3389981337863843
16213	1.0017098103840743	1.0017098103840743
5532	11.310424150191654	11.310424150191654
30372	4.832770094789323	4.832770094789323
18117	0.5401600355369778	0.5401600355369778
20510	3.656072002762635	3.656072002762635
4575	5.342651759936098	5.342651759936098
7895	0.4140954490591512	0.4140954490591512
20502	1.754664479137201	1.754664479137201
11612	4.148493994330511	4.148493994330511
11795	3.713385449539827	3.713385449539827
36798	9.314097944317409	9.314097944317409
45072	4.784945592041286	4.784945592041286
6732	4.568958670008538	4.568958670008538
36567	0.1856865770683611	0.1856865770683611
7259	7.020304312740082	7.020304312740082
3671	8.388921923883114	8.388921923883114
21685	7.779309026746638	7.779309026746638
12621	7.4578113573251725	7.4578113573251725
27323	2.7021408332288805	2.7021408332288805
27448	3.346382118176316	3.346382118176316
27254	1.2062969968067632	1.2062969968067632
32946	1.5923218006255007	1.5923218006255007
5122	6.339752632641604	6.339752632641604
26751	5.815817670661243	5.815817670661243
25770	4.920630463054339	4.920630463054339
23528	2.8595082262950635	2.8595082262950635
29699	3.3355856301402653	3.3355856301402653
28864	9.665571677845431	9.665571677845431
9988	1.5597947731485045	1.5597947731485045
31981	7.218200710749079	7.218200710749079
17612	2.3140132642103546	2.3140132642103546
14362	1.5419527898256393	1.5419527898256393
45054	5.675303907150704	5.675303907150704
21767	8.679729511616749	8.679729511616749
12022	12.18306798665698	12.18306798665698
12272	0.4275994157016486	0.4275994157016486
30027	2.9216216772432073	2.9216216772432073
43625	7.244550385198461	7.244550385198461
12348	8.756557182253303	8.756557182253303
1929	2.4041379379324264	2.4041379379324264
11939	0.7783038432641849	0.7783038432641849
14727	2.490803387457537	2.490803387457537
23965	5.999716897892511	5.999716897892511
3800	9.143116809080134	9.143116809080134
10897	7.1023032658135135	7.1023032658135135
11975	10.066837454213788	10.066837454213788
33988	7.401047049021821	7.401047049021821
20225	2.528866960871877	2.528866960871877
5416	2.8581563863606747	2.8581563863606747
36004	9.781479926308243	9.781479926308243
7383	3.4840077535723175	3.4840077535723175
27345	0.3494359177160625	0.3494359177160625
43630	6.085937287490036	6.085937287490036
20507	0.3077146430650777	0.3077146430650777
7064	6.713499385476627	6.713499385476627
42266	7.849577102204803	7.849577102204803
7405	1.7451695678662154	1.7451695678662154
33882	4.900977822539691	4.900977822539691
42743	8.996966816845724	8.996966816845724
5437	0.19543757255770078	0.19543757255770078
45222	7.368614149107863	7.368614149107863
1926	5.698384685734856	5.698384685734856
30877	4.582629799844204	4.582629799844204
45008	3.93863499342955	3.93863499342955
45194	1.2823956105496814	1.2823956105496814
5166	6.776861272216652	6.776861272216652
3470	11.308004538397192	11.308004538397192
37251	1.1754681905254314	1.1754681905254314
10428	8.325499182296213	8.325499182296213
25233	4.5855899893119005	4.5855899893119005
28891	1.5788272704244697	1.5788272704244697
26005	9.05202766868142	9.05202766868142
7695	0.1551090210084134	0.1551090210084134
10373	2.879831377387144	2.879831377387144
414	7.834249081620585	7.834249081620585
11513	4.909344346476891	4.909344346476891
26670	0.5880422265754377	0.5880422265754377
25905	1.3088395394197638	1.3088395394197638
8560	8.063212838347805	8.063212838347805
13219	1.4560012059814451	1.4560012059814451
43508	7.225802508836686	7.225802508836686
5719	5.995178390357779	5.995178390357779
20827	6.129367063979768	6.129367063979768
8039	6.301933320546448	6.301933320546448
38239	3.0719300418758677	3.0719300418758677
28092	3.2906385147615387	3.2906385147615387
27525	5.0862458652455365	5.0862458652455365
33957	1.3100183017855074	1.3100183017855074
5727	3.5488252645768927	3.5488252645768927
40902	10.067609769251021	10.067609769251021
13112	2.0610812915736525	2.0610812915736525
10486	0.0665542450087282	0.0665542450087282
15623	0.5227399130154966	0.5227399130154966
24995	0.9808231395132911	0.9808231395132911
45207	7.62578635397725	7.62578635397725
14707	3.7812165203807404	3.7812165203807404
127	6.095273183210621	6.095273183210621
37828	1.09776620778133	1.09776620778133
8558	1.6916144569058105	1.6916144569058105
29804	0.5725406232418234	0.5725406232418234
32196	3.4362058593278855	3.4362058593278855
10811	1.1065604280941699	1.1065604280941699
12187	2.269264557565053	2.269264557565053
21972	4.232654431587895	4.232654431587895
13311	4.2281450666864355	4.2281450666864355
42884	6.850630768009266	6.850630768009266
43197	1.6653483661800692	1.6653483661800692
44176	9.331663666624202	9.331663666624202
11951	4.8980920138098725	4.8980920138098725
44800	2.1490418729593825	2.1490418729593825
2077	0.5004146682431916	0.5004146682431916
128	1.122186568782651	1.122186568782651
5363	5.647788909733195	5.647788909733195
9886	6.032754835265992	6.032754835265992
31952	4.409236874296694	4.409236874296694
16972	10.301278773528262	10.301278773528262
24283	5.802809623171294	5.802809623171294
14681	0.24768179247281774	0.24768179247281774
5462	4.479159392891882	4.479159392891882
15528	3.106347383038182	3.106347383038182
9714	2.0603953490217766	2.0603953490217766
31711	6.4208362896313025	6.4208362896313025
30818	0.5513506039351188	0.5513506039351188
36901	8.093517738561687	8.093517738561687
23084	1.4894326294736524	1.4894326294736524
11576	6.312750835305705	6.312750835305705
41282	0.6672239876538791	0.6672239876538791
29620	9.8972655589433	9.8972655589433
16410	0.9920167380876862	0.9920167380876862
29740	5.713659264367081	5.713659264367081
31591	1.7240367887994092	1.7240367887994092
3319	3.599934483447051	3.599934483447051
25899	5.0960052746157025	5.0960052746157025
42029	1.0730867248360145	1.0730867248360145
44835	4.263324729854258	4.263324729854258
35300	4.498000208616592	4.498000208616592
7957	4.470073790124495	4.470073790124495
38991	1.6658050802164848	1.6658050802164848
42502	2.9146661259425852	2.9146661259425852
28749	1.4896778757203135	1.4896778757203135
28809	2.357808918301817	2.357808918301817
35997	3.285670884266502	3.285670884266502
16843	8.407066274946489	8.407066274946489
484	5.05910285132033	5.05910285132033
41053	5.384539509962383	5.384539509962383
23706	10.039913690471975	10.039913690471975
24089	5.0155482324856555	5.0155482324856555
28187	2.679766622976727	2.679766622976727
12589	1.0626811840553663	1.0626811840553663
36201	3.205211637100941	3.205211637100941
12701	10.947928007577971	10.947928007577971
19171	0.44908906528741155	0.44908906528741155
22453	6.087420132443907	6.087420132443907
12188	3.3390669154107724	3.3390669154107724
4666	7.070385632424627	7.070385632424627
44554	2.2621780511610714	2.2621780511610714
34202	5.268507287804856	5.268507287804856
28249	5.809122686638202	5.809122686638202
23767	0.9337322207101117	0.9337322207101117
2363	2.5339978631960425	2.5339978631960425
34317	1.2032608206216855	1.2032608206216855
19135	2.8914030386918324	2.8914030386918324
29024	1.047536445529308	1.047536445529308
26174	5.121584070776735	5.121584070776735
37186	2.585176752439632	2.585176752439632
20253	0.3910045591104875	0.3910045591104875
23118	0.6271999778347123	0.6271999778347123
41717	7.085562503491535	7.085562503491535
41443	1.797741381275345	1.797741381275345
45133	1.906749917382859	1.906749917382859
17401	5.787948708022186	5.787948708022186
416	3.583452356828278	3.583452356828278
15145	5.260883645185379	5.260883645185379
4284	2.1880820669922656	2.1880820669922656
44359	1.2059739386950805	1.2059739386950805
13062	10.899917409846928	10.899917409846928
8279	5.563491933852434	5.563491933852434
35376	6.219700868250929	6.219700868250929
39292	1.4725879461712723	1.4725879461712723
6171	7.341349811888405	7.341349811888405
32860	0.997780288882977	0.997780288882977
17427	0.7877342514840875	0.7877342514840875
4442	5.175888147921145	5.175888147921145
42764	4.096927301785455	4.096927301785455
40211	16.255810026839498	16.255810026839498
22486	3.872894832496101	3.872894832496101
14701	2.7127144565325816	2.7127144565325816
37730	13.143787163141894	13.143787163141894
44177	7.014393047069429	7.014393047069429
26945	1.3500199295432673	1.3500199295432673
10407	5.626467240338521	5.626467240338521
39434	3.078877353889187	3.078877353889187
10172	2.621156282304412	2.621156282304412
26171	0.7861117721565949	0.7861117721565949
3582	7.164449256155249	7.164449256155249
7540	1.5061081183724288	1.5061081183724288
2944	2.579425312034102	2.579425312034102
740	1.572867634239559	1.572867634239559
32784	0.41143523459373843	0.41143523459373843
38100	4.9436497539487325	4.9436497539487325
37982	6.140645502865553	6.140645502865553
9861	14.258772652646547	14.258772652646547
2369	0.917618440570876	0.917618440570876
13330	0.44008938303380996	0.44008938303380996
10922	3.628790521302525	3.628790521302525
16212	1.8400609034688107	1.8400609034688107
22123	0.5709156187578276	0.5709156187578276
2733	1.63904240379034	1.63904240379034
9086	6.7530992886042585	6.7530992886042585
42718	1.9327346469009543	1.9327346469009543
45212	6.5441158694388815	6.5441158694388815
23820	3.97291334594066	3.97291334594066
6094	2.7647320744012913	2.7647320744012913
36480	4.773038441071762	4.773038441071762
43420	9.404659376459808	9.404659376459808
40472	2.2039881137388484	2.2039881137388484
42244	7.390898626137645	7.390898626137645
27452	6.739613982283993	6.739613982283993
38240	3.9172178745470063	3.9172178745470063
14525	0.8605142995088966	0.8605142995088966
20314	8.505947264261476	8.505947264261476
37428	1.727173179391418	1.727173179391418
39943	6.126830363402287	6.126830363402287
9264	12.621699072274179	12.621699072274179
24204	3.2703441222343206	3.2703441222343206
43016	6.764228446012737	6.764228446012737
34235	4.026525123172051	4.026525123172051
33380	0.47871845252850054	0.47871845252850054
6469	12.339383881908605	12.339383881908605
25974	8.188218652763275	8.188218652763275
1690	8.842977269918716	8.842977269918716
27713	2.878139583779465	2.878139583779465
14420	3.082484825037442	3.082484825037442
13958	2.839576261682078	2.839576261682078
43226	0.2155100187782233	0.2155100187782233
25235	1.338926418334129	1.338926418334129
18337	1.503055087427428	1.503055087427428
38198	3.886157274591681	3.886157274591681
2240	1.0877858967507166	1.0877858967507166
33690	0.6017029089504173	0.6017029089504173
37795	2.4241555564396338	2.4241555564396338
16472	8.200041377770585	8.200041377770585
38580	5.7885852982441	5.7885852982441
18212	8.364267486099427	8.364267486099427
17129	3.9927478241997796	3.9927478241997796
31652	8.823630969816934	8.823630969816934
45121	2.7311526738314944	2.7311526738314944
27159	0.8439600623044405	0.8439600623044405
2140	4.854520755742117	4.854520755742117
1418	7.288421081730322	7.288421081730322
34818	3.052677931027356	3.052677931027356
13842	1.1068985422533948	1.1068985422533948
42333	2.487018653919917	2.487018653919917
39084	0.9979267904883189	0.9979267904883189
37762	1.4463833840357294	1.4463833840357294
10035	2.9949803605124257	2.9949803605124257
21518	3.935331124728759	3.935331124728759
32375	4.820087113132511	4.820087113132511
13866	0.7445816594793238	0.7445816594793238
20699	1.2622065636882538	1.2622065636882538
41314	4.448528802675571	4.448528802675571
12911	6.5371177988699465	6.5371177988699465
6234	1.8568372508617415	1.8568372508617415
20361	6.775468762630341	6.775468762630341
23036	5.371698110098785	5.371698110098785
4055	7.568876760734646	7.568876760734646
40371	3.0957073145361464	3.0957073145361464
13537	3.7291618649556875	3.7291618649556875
31312	11.29842656381004	11.29842656381004
36964	0.8296169862234245	0.8296169862234245
26230	14.665375058487442	14.665375058487442
32073	2.1462001296882454	2.1462001296882454
40799	0.3878098417616622	0.3878098417616622
40882	4.038279996541499	4.038279996541499
14902	1.6312234153644871	1.6312234153644871
3829	5.251677046528758	5.251677046528758
2949	4.643106380366037	4.643106380366037
8261	0.619354229782898	0.619354229782898
22936	10.609738930109469	10.609738930109469
28359	1.6396878834649211	1.6396878834649211
43843	6.51008487897744	6.51008487897744
4261	4.710666331241204	4.710666331241204
17718	6.070984528391155	6.070984528391155
43836	2.8102265717506145	2.8102265717506145
23007	0.420961182377653	0.420961182377653
6092	5.013775723277398	5.013775723277398
18617	7.986613165741583	7.986613165741583
33682	0.8095893537421367	0.8095893537421367
35320	1.670782639303797	1.670782639303797
42184	0.631735037174874	0.631735037174874
34744	3.1019262708986535	3.1019262708986535
16930	1.962415480961924	1.962415480961924
42598	0.6263993047945864	0.6263993047945864
44121	0.4343018716849537	0.4343018716849537
24285	9.909339339331016	9.909339339331016
28941	0.2947847013986993	0.2947847013986993
35542	9.55815239992857	9.55815239992857
2537	8.27968074322461	8.27968074322461
40937	4.070965519775903	4.070965519775903
8838	7.377437093836219	7.377437093836219
38068	7.458076715371314	7.458076715371314
35498	13.485908942162878	13.485908942162878
4057	3.4724241514179583	3.4724241514179583
4967	8.734511681467332	8.734511681467332
10507	0.8290063639751962	0.8290063639751962
3405	5.668103124953688	5.668103124953688
20511	1.8188630173170475	1.8188630173170475
29995	0.5016292615749489	0.5016292615749489
26437	12.563820377071753	12.563820377071753
22884	7.025855531082702	7.025855531082702
36001	3.139183956275122	3.139183956275122
42048	2.9054571125052373	2.9054571125052373
16714	2.623123721467561	2.623123721467561
396	7.088992832073577	7.088992832073577
40901	4.904279025250056	4.904279025250056
27882	3.238218604055335	3.238218604055335
33101	2.7534982800425043	2.7534982800425043
4996	4.808309138340514	4.808309138340514
10830	9.108792260709565	9.108792260709565
3079	5.473480605013261	5.473480605013261
31646	0.23358106932742673	0.23358106932742673
14394	8.606414659361194	8.606414659361194
41214	6.216851868285241	6.216851868285241
39074	4.539558052234818	4.539558052234818
37700	1.2130940057827009	1.2130940057827009
31538	4.608471527729387	4.608471527729387
15859	2.131958907221927	2.131958907221927
19900	1.9629708028662123	1.9629708028662123
25758	12.331018650221747	12.331018650221747
37529	8.256163847053122	8.256163847053122
6283	3.1597300936491255	3.1597300936491255
31592	7.279134685584943	7.279134685584943
40030	9.973491081505664	9.973491081505664
26135	2.470870896171234	2.470870896171234
9262	5.882454938786717	5.882454938786717
19991	0.6957254119424463	0.6957254119424463
5390	3.477730018260533	3.477730018260533
17266	7.881758915291702	7.881758915291702
36702	2.4317279269377092	2.4317279269377092
14808	10.33437179481193	10.33437179481193
44726	2.8077847321113394	2.8077847321113394
37158	5.7457707946608485	5.7457707946608485
38271	4.602537347542695	4.602537347542695
8963	12.204007706475975	12.204007706475975
