sim	exp	nam	typ	gro	ind	idx	snp	run	true_lat	true_lon	pred_lat	pred_lon	diff_space	true_tim	pred_tim	diff_time
europe	52	cov_loss	gp	0	41517	44	4032	3.3151811559995017	35.8414074795135	57.5975768739416	37.08427	56.72744	158.59901	5468.0	8183.8696	-2715.86962890625
europe	52	cov_loss	gp	0	37861	118	4032	3.3151811559995017	3.39797248970252	47.6666244743717	18.513283	46.568714	1684.9867	9250.0	4107.5522	5142.44775390625
europe	52	cov_loss	gp	0	5791	511	4032	3.3151811559995017	51.2378383782838	29.9269557257894	44.046574	29.996462	799.6491	43807.0	46510.887	-2703.88671875
europe	52	cov_loss	gp	1	10238	212	4032	1.4299273173014322	57.7028001632235	40.4796735690085	58.564465	39.306713	117.985435	38132.0	37307.867	824.1328125
europe	52	cov_loss	gp	1	6002	414	4032	1.4299273173014322	52.1199928476129	32.505825223989	57.744408	37.905426	713.7194	43543.0	38952.48	4590.51953125
europe	52	cov_loss	gp	1	24096	812	4032	1.4299273173014322	35.1358329463194	55.8107399249241	55.537205	51.308876	2294.4805	22740.0	24730.803	-1990.802734375
europe	52	cov_loss	gp	2	35501	114	4032	1.431356434027354	38.1263306403452	38.0222815780417	31.387632	39.079514	755.49066	11513.0	7722.3667	3790.63330078125
europe	52	cov_loss	gp	2	32167	506	4032	1.431356434027354	34.4866881035754	39.6266680318994	39.022038	38.14227	521.33545	14869.0	23071.135	-8202.134765625
europe	52	cov_loss	gp	2	45376	843	4032	1.431356434027354	-2.54539501818286	39.0347939040604	22.549406	48.865273	2987.44	771.0	4338.143	-3567.14306640625
europe	52	cov_loss	gp	3	32783	63	4032	1.4260465343793234	23.5268834814022	47.9716303305564	23.535269	46.14024	186.70831	14253.0	13447.689	805.310546875
europe	52	cov_loss	gp	3	27031	787	4032	1.4260465343793234	34.1380915796521	38.1917168596371	38.564823	55.61667	1633.2996	19931.0	20033.625	-102.625
europe	52	cov_loss	gp	3	14167	946	4032	1.4260465343793234	59.0806298327452	41.1733359052756	60.534332	41.07388	161.73978	33376.0	32129.219	1246.78125
europe	52	cov_loss	gp	4	38456	257	4032	3.431254434585571	35.4420214621576	38.5987428412494	21.251535	45.352604	1709.484	8681.0	5694.5522	2986.44775390625
europe	52	cov_loss	gp	4	9174	326	4032	3.431254434585571	56.8615219497753	41.8499460399477	60.84772	38.937294	473.72684	39467.0	37000.88	2466.12109375
europe	52	cov_loss	gp	4	38068	1456	4032	3.431254434585571	12.1069691204493	48.4693675860482	9.487311	46.614086	354.8361	9031.0	2416.13	6614.8701171875
europe	52	cov_loss	gp	5	42576	353	4032	1.4264735579490662	18.3710671340034	44.4680168446108	30.39768	43.900093	1338.5275	4162.0	10764.034	-6602.0341796875
europe	52	cov_loss	gp	5	11736	667	4032	1.4264735579490662	64.3181039884999	39.6359597497797	58.961075	36.74851	614.73047	36279.0	39511.816	-3232.81640625
europe	52	cov_loss	gp	5	27061	754	4032	1.4264735579490662	53.07852135555	57.0931123841306	35.596737	59.03055	1949.7992	19899.0	17745.742	2153.2578125
europe	52	cov_loss	gp	6	14248	219	4032	2.432159916559855	61.9388608792826	39.0935802129445	47.446774	44.5612	1647.8933	33287.0	27143.258	6143.7421875
europe	52	cov_loss	gp	6	8328	234	4032	2.432159916559855	57.5518963903799	38.4952504696221	56.526676	37.57593	126.83945	40522.0	39074.496	1447.50390625
europe	52	cov_loss	gp	6	29420	362	4032	2.432159916559855	51.3870324676535	54.6894321288411	27.540787	51.60407	2664.1936	17563.0	15693.146	1869.853515625
europe	52	cov_loss	gp	7	13698	541	4032	2.4317919929822285	56.7472923618419	39.7878993465107	59.90117	40.85268	356.1513	33902.0	29182.973	4719.02734375
europe	52	cov_loss	gp	7	4442	1338	4032	2.4317919929822285	42.3177685565776	30.0023654354624	41.14472	27.819847	223.17921	45493.0	47375.043	-1882.04296875
europe	52	cov_loss	gp	7	2240	1394	4032	2.4317919929822285	38.8152264154067	29.3103256455832	43.939922	28.512947	573.7023	48221.0	45870.082	2350.91796875
europe	52	cov_loss	gp	8	4572	784	4032	2.4246087670326233	44.2145705091229	32.2107071188628	43.114704	29.408339	256.43503	45352.0	45621.855	-269.85546875
europe	52	cov_loss	gp	8	43789	951	4032	2.4246087670326233	15.9972365866472	50.4703016185216	26.11523	52.469738	1143.9703	2856.0	2357.2512	498.748779296875
europe	52	cov_loss	gp	8	17718	1438	4032	2.4246087670326233	61.4908655562683	41.2676107985385	39.470997	39.07603	2453.0728	28917.0	22653.922	6263.078125
europe	52	cov_loss	gp	9	39916	149	4032	1.4244025230407715	49.2496085737833	53.7005236094667	35.421772	53.904114	1537.6746	7236.0	11766.293	-4530.29296875
europe	52	cov_loss	gp	9	45071	743	4032	1.4244025230407715	23.5974050959309	47.4761251101504	16.57592	48.128613	783.71606	1351.0	1863.3793	-512.3792724609375
europe	52	cov_loss	gp	9	44800	1265	4032	1.4244025230407715	22.615858010325	42.7127682634756	14.335736	48.622746	1111.419	1743.0	4306.0654	-2563.0654296875
europe	52	cov_loss	gp	10	18843	704	4032	1.4220012148221335	42.4091434519272	58.8884548521039	35.202507	41.9393	1668.6986	27913.0	11200.135	16712.865234375
europe	52	cov_loss	gp	10	7197	1035	4032	1.4220012148221335	51.6718074463212	34.0842242550324	58.641655	39.408688	844.98065	41997.0	39169.72	2827.28125
europe	52	cov_loss	gp	10	8335	1152	4032	1.4220012148221335	58.5785073388961	35.1410545835864	56.097607	38.663578	347.44315	40506.0	40553.258	-47.2578125
europe	52	cov_loss	gp	11	6958	112	4032	2.4283137877782184	55.1215619693074	31.2006759405829	53.365086	34.15836	273.96017	42321.0	42678.652	-357.65234375
europe	52	cov_loss	gp	11	14593	711	4032	2.4283137877782184	61.8679915925219	37.5253955694613	60.0903	40.773743	264.094	32864.0	29488.832	3375.16796875
europe	52	cov_loss	gp	11	20253	1321	4032	2.4283137877782184	61.7434576079314	39.8841100646229	31.002262	40.43369	3418.4978	26471.0	17584.955	8886.044921875
europe	52	cov_loss	gp	12	5391	499	4032	2.4282470703125	50.1656911909317	31.8066945939006	52.055748	33.57459	243.70572	44307.0	42329.176	1977.82421875
europe	52	cov_loss	gp	12	25368	539	4032	2.4282470703125	58.3583282706988	56.9964098763196	53.857502	45.650803	861.5748	21578.0	27014.64	-5436.640625
europe	52	cov_loss	gp	12	40527	651	4032	2.4282470703125	40.2136627225098	51.7582150933054	40.66417	55.901268	354.15314	6603.0	7989.343	-1386.3427734375
europe	52	cov_loss	gp	13	4495	717	4032	1.420298437277476	46.4261353683186	27.2392454851372	37.271507	32.41789	1104.0032	45418.0	47026.246	-1608.24609375
europe	52	cov_loss	gp	13	16689	894	4032	1.420298437277476	61.8864364009685	40.9007328923811	42.915623	52.135544	2235.4473	30214.0	24875.85	5338.150390625
europe	52	cov_loss	gp	13	32860	1336	4032	1.420298437277476	23.9408972014245	47.6541625833349	19.554613	50.283672	558.1954	14156.0	12073.471	2082.529296875
europe	52	cov_loss	gp	14	33987	546	4032	1.426380721728007	31.2937899710193	38.9495468339423	33.96522	37.774727	316.7603	13013.0	15707.059	-2694.05859375
europe	52	cov_loss	gp	14	3138	820	4032	1.426380721728007	43.5342202655114	30.098955670498	43.48615	27.818607	183.96906	47155.0	47521.098	-366.09765625
europe	52	cov_loss	gp	14	15570	920	4032	1.426380721728007	61.0805604499696	40.4608842388757	63.663723	38.47253	304.94852	31541.0	34718.773	-3177.7734375
europe	52	cov_loss	gp	15	4175	1053	4032	1.4199733654658	46.5954393441919	26.8596151584228	45.73571	33.334843	507.58932	45817.0	44622.254	1194.74609375
europe	52	cov_loss	gp	15	8103	1062	4032	1.4199733654658	58.0659533933643	38.2773182241327	54.175484	37.9077	433.20486	40836.0	42142.438	-1306.4375
europe	52	cov_loss	gp	15	17612	1186	4032	1.4199733654658	58.4891940565177	39.6497563666324	54.648067	46.878292	614.626	29060.0	28336.633	723.3671875
europe	52	cov_loss	gp	16	27841	341	4032	1.430762803554535	43.2247583169473	60.9228437170131	42.38699	54.830284	505.55942	19145.0	14431.162	4713.837890625
europe	52	cov_loss	gp	16	31987	958	4032	1.430762803554535	35.1865034448227	40.0883709184305	31.621378	38.161606	434.8752	15052.0	13385.168	1666.83203125
europe	52	cov_loss	gp	16	29740	1285	4032	1.430762803554535	35.5889805175688	41.1287267632951	34.815445	35.47928	520.38715	17273.0	18987.44	-1714.439453125
europe	52	cov_loss	gp	17	42954	120	4032	1.436667009194692	24.7008968320247	53.039752654526	30.057316	56.33512	678.5834	3686.0	4691.2314	-1005.2314453125
europe	52	cov_loss	gp	17	29313	668	4032	1.436667009194692	0.323681116947311	48.1542102534225	34.66803	47.277653	3820.0042	17640.0	22770.98	-5130.98046875
europe	52	cov_loss	gp	17	44631	1124	4032	1.436667009194692	24.7149514246735	42.6813117344114	28.401646	50.797665	905.0515	1941.0	3034.26	-1093.260009765625
europe	52	cov_loss	gp	18	15797	223	4032	2.426019505659739	57.0801751338074	42.7599316478913	50.721416	44.023407	711.85736	31299.0	30572.56	726.439453125
europe	52	cov_loss	gp	18	43230	413	4032	2.426019505659739	23.3973173471527	42.5414680085358	25.444878	44.76615	320.2517	3434.0	12543.052	-9109.0517578125
europe	52	cov_loss	gp	18	7965	1122	4032	2.426019505659739	54.8227926963746	37.9301503809517	60.53105	37.682735	634.89874	40980.0	39822.613	1157.38671875
europe	52	cov_loss	gp	19	3284	355	4032	2.4360339005788165	44.0601571404228	29.0049520909327	54.612263	35.059948	1251.5363	46984.0	42455.21	4528.7890625
europe	52	cov_loss	gp	19	12451	371	4032	2.4360339005788165	62.1440912718244	37.3966377810528	60.91609	38.391747	146.37733	35308.0	31940.566	3367.43359375
europe	52	cov_loss	gp	19	8261	1433	4032	2.4360339005788165	56.1487061259151	37.4853315166887	59.866566	38.32243	416.32935	40612.0	38902.47	1709.53125
europe	52	cov_loss	gp	20	38966	201	4032	2.435408826669057	58.2178121381502	59.862226177942	53.6334	54.274147	616.8468	8189.0	14076.459	-5887.458984375
europe	52	cov_loss	gp	20	5532	1157	4032	2.435408826669057	51.9520905503001	32.0652887834136	36.223164	31.656439	1749.2744	44149.0	47453.01	-3304.01171875
europe	52	cov_loss	gp	20	42029	1289	4032	2.435408826669057	36.9190893583756	55.5651798123675	36.60025	54.725605	82.76959	4827.0	5839.7417	-1012.74169921875
europe	52	cov_loss	gp	21	26787	286	4032	2.4459758122762043	4.0544720597662	44.9185514762032	55.71154	42.571896	5747.831	20166.0	29493.416	-9327.416015625
europe	52	cov_loss	gp	21	9787	869	4032	2.4459758122762043	62.2438100780812	37.8942457031233	60.52051	40.085873	224.34462	38653.0	34307.48	4345.51953125
europe	52	cov_loss	gp	21	14701	1342	4032	2.4459758122762043	57.6388944887385	40.7737875513231	60.087936	41.61023	276.5293	32714.0	29544.457	3169.54296875
europe	52	cov_loss	gp	22	12398	2	4032	2.448171404997508	62.8855568099032	37.8928083391232	60.25944	41.639614	352.8711	35375.0	28418.45	6956.55078125
europe	52	cov_loss	gp	22	35497	1061	4032	2.448171404997508	26.2906066511456	43.5444757661429	20.300213	45.497047	695.2705	11497.0	15449.006	-3952.005859375
europe	52	cov_loss	gp	22	32946	1177	4032	2.448171404997508	22.8988279321058	45.8658245912951	25.415916	47.186554	310.3022	14082.0	13462.737	619.2626953125
europe	52	cov_loss	gp	23	3707	867	4032	2.439946937561035	39.7349427362737	29.7370682161472	38.22177	31.920837	252.85521	46398.0	43721.46	2676.5390625
europe	52	cov_loss	gp	23	22809	985	4032	2.439946937561035	33.6051930211286	37.0000413994579	33.43545	38.176193	110.652664	24011.0	19261.95	4749.05078125
europe	52	cov_loss	gp	23	7259	1170	4032	2.439946937561035	51.2123813616227	35.0489457941201	42.228962	29.894405	1072.7413	41934.0	47561.117	-5627.1171875
europe	52	cov_loss	gp	24	23581	393	4032	2.430386785666148	40.3240019625088	36.5073861563494	40.005592	39.37822	246.4916	23274.0	25697.953	-2423.953125
europe	52	cov_loss	gp	24	29842	889	4032	2.430386785666148	40.3324160059173	57.442602365508	23.275225	55.14608	1908.8511	17163.0	17297.559	-134.55859375
europe	52	cov_loss	gp	24	824	1044	4032	2.430386785666148	33.9582496587757	28.7439940654516	29.302101	31.277147	570.52905	49980.0	44442.973	5537.02734375
europe	52	cov_loss	gp	25	812	640	4032	2.423864150047302	35.8971269110075	29.3189300742952	42.27897	31.470743	733.4546	49998.0	47798.93	2199.0703125
europe	52	cov_loss	gp	25	12889	849	4032	2.423864150047302	59.3701250853255	42.1953612313936	59.96846	39.051994	188.6075	34816.0	38701.54	-3885.5390625
europe	52	cov_loss	gp	25	24204	1380	4032	2.423864150047302	33.1046526007912	38.1094846530522	28.282917	42.735348	694.86316	22674.0	18761.975	3912.025390625
europe	52	cov_loss	gp	26	35567	131	4032	1.4296817262967427	55.7055368223132	55.5550858296316	36.048412	60.54244	2218.2075	11430.0	16942.684	-5512.68359375
europe	52	cov_loss	gp	26	44359	1330	4032	1.4296817262967427	4.57441028411522	50.134759592963	13.870985	49.586117	1035.4802	2215.0	2314.9746	-99.974609375
europe	52	cov_loss	gp	26	26945	1345	4032	1.4296817262967427	3.87883557505204	49.306586734097	10.524488	44.5719	904.7437	20019.0	13818.204	6200.7958984375
europe	52	cov_loss	gp	27	25450	642	4032	2.426302210489909	36.9360585183485	38.6545559850178	56.111702	43.121895	2158.3433	21501.0	31626.56	-10125.560546875
europe	52	cov_loss	gp	27	1730	755	4032	2.426302210489909	38.2598695319389	30.7931930225153	36.699074	30.549969	174.87431	48884.0	48527.855	356.14453125
europe	52	cov_loss	gp	27	43229	1043	4032	2.426302210489909	25.2306748204435	49.5288157834728	28.739965	49.062565	392.93924	3417.0	6008.36	-2591.35986328125
europe	52	cov_loss	gp	28	3687	168	4032	2.421291100978851	42.8890106540521	30.5634476661995	52.700356	33.064526	1106.6727	46416.0	43080.805	3335.1953125
europe	52	cov_loss	gp	28	45170	316	4032	2.421291100978851	10.4197343270622	46.2128342163623	17.948893	47.74088	853.2294	1182.0	6592.613	-5410.61279296875
europe	52	cov_loss	gp	28	9086	1364	4032	2.421291100978851	62.7728414102351	40.094181123295	61.284992	37.79367	204.34026	39580.0	37100.91	2479.08984375
europe	52	cov_loss	gp	29	37825	40	4032	1.4279003659884135	28.3558878359928	57.3192390131375	19.50015	48.505634	1330.155	9283.0	4083.3352	5199.664794921875
europe	52	cov_loss	gp	29	41902	189	4032	1.4279003659884135	20.8211675627391	49.4961974305701	11.306125	49.372044	1058.1073	5019.0	9876.94	-4857.9404296875
europe	52	cov_loss	gp	29	1965	720	4032	1.4279003659884135	36.2047911628619	30.2951785697669	50.519318	36.01875	1656.3268	48550.0	43393.22	5156.78125
europe	52	cov_loss	gp	30	18213	140	4032	2.420756522814433	60.2287062548792	37.2867753730074	26.567396	44.16938	3779.5945	28352.0	22126.47	6225.529296875
europe	52	cov_loss	gp	30	9618	873	4032	2.420756522814433	59.5760491858753	39.9732798710599	56.119526	38.804775	390.50208	38883.0	38518.297	364.703125
europe	52	cov_loss	gp	30	40474	960	4032	2.420756522814433	38.8102154156313	52.5549817901685	46.017452	59.52532	983.86957	6656.0	9640.308	-2984.3076171875
europe	52	cov_loss	gp	31	20027	305	4032	1.4342513918876647	63.532082628515	38.844216559936	34.960636	43.207806	3191.0762	26704.0	26664.42	39.580078125
europe	52	cov_loss	gp	31	9910	622	4032	1.4342513918876647	60.4794293095517	43.4080165045691	60.38559	38.70144	258.40057	38486.0	38953.742	-467.7421875
europe	52	cov_loss	gp	31	11540	699	4032	1.4342513918876647	57.9476441163655	41.0189855448563	27.863901	48.89962	3401.052	36569.0	25997.14	10571.859375
europe	52	cov_loss	gp	32	28970	228	4032	1.4259761611620585	29.7525621613549	38.0415465042751	38.231873	38.257294	943.06525	18011.0	15410.869	2600.130859375
europe	52	cov_loss	gp	32	40958	937	4032	1.4259761611620585	4.51986010200089	43.963852002117	12.973804	47.421757	1013.8087	6140.0	6106.3354	33.66455078125
europe	52	cov_loss	gp	32	20510	1160	4032	1.4259761611620585	35.7954262629384	61.0708590216556	40.966587	43.446564	1636.7086	26200.0	27407.096	-1207.095703125
europe	52	cov_loss	gp	33	3608	46	4032	1.416948636372884	41.4352911257506	31.6671216170332	39.385426	30.020224	267.1884	46534.0	47240.004	-706.00390625
europe	52	cov_loss	gp	33	4760	381	4032	1.416948636372884	45.8584430539363	29.4696542375928	43.814816	31.510895	278.44592	45092.0	45560.555	-468.5546875
europe	52	cov_loss	gp	33	5048	898	4032	1.416948636372884	47.4571626360757	32.9384695766704	51.891907	34.97793	514.44006	44737.0	42327.062	2409.9375
europe	52	cov_loss	gp	34	32623	636	4032	1.421407703558604	16.2926963368971	51.0661269732994	23.714207	56.235474	985.98004	14406.0	16380.826	-1974.826171875
europe	52	cov_loss	gp	34	17094	990	4032	1.421407703558604	58.3465891949218	39.7660708145085	54.727177	50.30862	760.1887	29716.0	28474.104	1241.896484375
europe	52	cov_loss	gp	34	17766	1075	4032	1.421407703558604	60.5115555335946	38.537185296817	41.975533	51.06433	2229.122	28871.0	26673.957	2197.04296875
europe	52	cov_loss	gp	35	6968	135	4032	1.417415730158488	49.7441161920597	34.1280961161117	57.90823	32.482685	914.1367	42300.0	39863.285	2436.71484375
europe	52	cov_loss	gp	35	29023	657	4032	1.417415730158488	34.8404714207673	39.407321742185	33.883938	43.08245	353.6835	17961.0	21760.828	-3799.828125
europe	52	cov_loss	gp	35	39943	1378	4032	1.417415730158488	11.340270986062	51.8682472942717	17.47936	48.59907	767.9893	7195.0	1266.4692	5928.53076171875
europe	52	cov_loss	gp	36	22716	543	4032	1.4231164534886678	31.960318000661	37.9177821018626	53.774414	41.373093	2441.196	24109.0	27227.209	-3118.208984375
europe	52	cov_loss	gp	36	29699	1182	4032	1.4231164534886678	12.475087199989	52.7772160194142	21.114315	49.543396	1020.31525	17276.0	19481.943	-2205.943359375
europe	52	cov_loss	gp	36	20827	1238	4032	1.4231164534886678	58.7719653396085	40.1881492226444	32.045315	42.270443	2975.9758	25857.0	24718.967	1138.033203125
europe	52	cov_loss	gp	37	41417	97	4032	1.422368844350179	32.2982975635039	38.5371889848687	33.248287	41.098263	261.70148	5594.0	12034.504	-6440.50390625
europe	52	cov_loss	gp	37	23518	467	4032	1.422368844350179	15.7701519661394	48.624414145636	11.239061	48.32212	504.89264	23309.0	15328.637	7980.36328125
europe	52	cov_loss	gp	37	23084	1280	4032	1.422368844350179	53.5244892534217	56.7111684374824	50.13215	53.683754	430.68695	23771.0	18272.291	5498.708984375
europe	52	cov_loss	gp	38	16160	674	4032	1.4169954856236775	59.6442086716036	42.4701371923765	59.148266	40.223305	138.62254	30835.0	29727.154	1107.845703125
europe	52	cov_loss	gp	38	32284	709	4032	1.4169954856236775	37.5614480062224	38.0436179398776	29.805513	38.30957	862.77026	14745.0	17673.434	-2928.43359375
europe	52	cov_loss	gp	38	17770	803	4032	1.4169954856236775	61.140059143674	40.6609897936912	22.553102	44.05053	4298.6333	28861.0	22740.908	6120.091796875
europe	52	cov_loss	gp	39	34293	281	4032	1.4213611483573914	57.4046444968106	57.8447346218322	41.921368	59.231564	1724.4615	12692.0	17406.814	-4714.814453125
europe	52	cov_loss	gp	39	37214	1063	4032	1.4213611483573914	46.8443091755263	54.3725498299168	48.59159	56.441513	248.38377	9841.0	14802.143	-4961.142578125
europe	52	cov_loss	gp	39	5363	1268	4032	1.4213611483573914	49.4770866273395	31.9580869320177	46.049583	31.142944	385.95346	44339.0	44943.066	-604.06640625
europe	52	cov_loss	gp	40	41228	41	4032	1.4170151114463807	37.4670919315262	55.2381350436215	40.8397	57.804092	435.36862	5799.0	8600.44	-2801.4404296875
europe	52	cov_loss	gp	40	24243	211	4032	1.4170151114463807	29.0503960385467	38.3938590509022	37.1837	41.04158	937.27094	22639.0	25277.031	-2638.03125
europe	52	cov_loss	gp	40	40421	1002	4032	1.4170151114463807	20.9296532534105	45.0957485715603	15.8632555	49.258526	714.2227	6730.0	8762.416	-2032.416015625
europe	52	cov_loss	gp	41	1308	549	4032	1.4185794234275817	33.3898606552031	29.9239460377425	44.92312	33.390377	1316.461	49408.0	41650.664	7757.3359375
europe	52	cov_loss	gp	41	37460	929	4032	1.4185794234275817	0.10996956724538	41.9786536818092	26.561308	52.255463	3140.2761	9628.0	19820.896	-10192.896484375
europe	52	cov_loss	gp	41	3674	1099	4032	1.4185794234275817	40.5863647192968	30.6542097909327	38.742233	31.435047	215.67311	46450.0	46690.824	-240.82421875
europe	52	cov_loss	gp	42	13669	27	4032	1.422082487742106	60.8453688842901	42.3983953918645	61.640854	40.633476	129.3683	33938.0	32925.875	1012.125
europe	52	cov_loss	gp	42	33578	260	4032	1.422082487742106	34.108865796616	59.9400082439797	41.566704	57.09082	866.0508	13414.0	12358.426	1055.57421875
europe	52	cov_loss	gp	42	3951	481	4032	1.422082487742106	43.4202792282665	27.2496862051241	45.592545	33.611813	559.14276	46075.0	47135.47	-1060.46875
europe	52	cov_loss	gp	43	38669	83	4032	1.4166987220446268	37.9264784152636	36.1473903457824	52.688396	44.538456	1764.8966	8469.0	19458.697	-10989.697265625
europe	52	cov_loss	gp	43	1246	719	4032	1.4166987220446268	30.6226688989019	29.3284450437507	36.500046	29.85032	655.31726	49490.0	49149.76	340.23828125
europe	52	cov_loss	gp	43	7383	1206	4032	1.4166987220446268	55.7816330774376	37.2005455744135	55.3229	36.321686	75.21595	41781.0	42214.188	-433.1875
europe	52	cov_loss	gp	44	37071	143	4032	1.5895666519800822	54.33591031685	55.6748113597961	25.131834	54.023537	3250.2063	9974.0	5603.715	4370.28515625
europe	52	cov_loss	gp	44	13835	832	4032	1.5895666519800822	59.8284993772756	37.7561374652921	59.820576	40.522953	154.63443	33769.0	33174.086	594.9140625
europe	52	cov_loss	gp	44	4463	1015	4032	1.5895666519800822	46.6530395433573	29.980627536301	41.864834	30.681074	535.3316	45468.0	44816.008	651.9921875
europe	52	cov_loss	gp	45	2846	698	4032	1.4168678681055704	39.4998442513729	30.0678762072653	49.518074	33.704563	1150.3326	47489.0	45193.125	2295.875
europe	52	cov_loss	gp	45	42266	1211	4032	1.4168678681055704	33.7914171683136	53.2524696165944	34.26265	52.591576	80.34281	4541.0	5519.988	-978.98779296875
europe	52	cov_loss	gp	45	34317	1316	4032	1.4168678681055704	38.7254320209636	36.0731608118679	47.03722	49.774868	1445.6716	12680.0	15361.163	-2681.1630859375
europe	52	cov_loss	gp	46	17283	459	4032	1.4232340614000956	56.6437490515101	37.9000863101754	38.012703	43.493385	2112.4246	29437.0	23857.158	5579.841796875
europe	52	cov_loss	gp	46	32315	730	4032	1.4232340614000956	30.3895301941145	38.5525167918675	51.86721	40.028366	2391.282	14709.0	26849.775	-12140.775390625
europe	52	cov_loss	gp	46	36899	1079	4032	1.4232340614000956	1.5966681352435	45.7839163408973	16.191196	45.02006	1624.993	10108.0	20559.682	-10451.681640625
europe	52	cov_loss	gp	47	35324	37	4032	1.4184848149617513	33.7105589131166	39.8186013649101	39.957546	38.177303	709.78516	11674.0	18317.252	-6643.251953125
europe	52	cov_loss	gp	47	19576	1133	4032	1.4184848149617513	61.9545606978955	42.4012977809682	42.509163	56.729153	2359.891	27146.0	21753.438	5392.5625
europe	52	cov_loss	gp	47	28864	1183	4032	1.4184848149617513	37.994168154985	40.5866472774199	41.149612	43.44333	427.7973	18137.0	9684.144	8452.8564453125
europe	52	cov_loss	gp	48	33719	360	4032	1.417421825726827	35.513591789614	39.4813897269994	35.451977	39.505817	7.1994934	13282.0	17491.56	-4209.560546875
europe	52	cov_loss	gp	48	27525	1242	4032	1.417421825726827	15.3766789234186	46.2562571899274	25.2296	42.84113	1151.8359	19417.0	14252.153	5164.8466796875
europe	52	cov_loss	gp	48	26171	1349	4032	1.417421825726827	33.4621716003017	39.4914797441092	29.468954	40.148067	448.36758	20837.0	27658.623	-6821.623046875
europe	52	cov_loss	gp	49	31128	462	4032	1.417838974793752	16.9080645459211	43.5243138590634	24.54714	42.7454	853.2722	15898.0	15522.317	375.6826171875
europe	52	cov_loss	gp	49	7358	610	4032	1.417838974793752	58.1745964614186	35.879052304637	57.14283	38.04364	172.44235	41814.0	39886.723	1927.27734375
europe	52	cov_loss	gp	49	28749	1295	4032	1.417838974793752	48.22271082944	56.5873214092718	48.989265	56.540478	85.30666	18260.0	20506.275	-2246.275390625
europe	52	cov_loss	gp	50	2265	700	4032	1.4168123960494996	37.1076366417861	29.8096906741168	48.827038	32.4359	1320.3224	48195.0	44484.742	3710.2578125
europe	52	cov_loss	gp	50	2420	831	4032	1.4168123960494996	39.194221488985	29.7217558257891	53.99574	33.46335	1669.8992	48007.0	42869.16	5137.83984375
europe	52	cov_loss	gp	50	5719	1237	4032	1.4168123960494996	50.8618111448785	31.9503818505106	56.493206	36.59635	696.57336	43914.0	41187.668	2726.33203125
europe	52	cov_loss	gp	51	3156	289	4032	1.4225852688153584	38.3844422267715	31.0456631856041	36.760414	28.885675	262.37372	47147.0	48747.5	-1600.5
europe	52	cov_loss	gp	51	44297	813	4032	1.4225852688153584	21.0351107436926	49.7228502767608	23.472994	50.043125	273.07623	2297.0	2445.6252	-148.625244140625
europe	52	cov_loss	gp	51	16658	840	4032	1.4225852688153584	58.4709747142494	41.9048767716217	52.604404	44.896248	678.772	30249.0	27437.504	2811.49609375
europe	52	cov_loss	gp	52	42758	707	4032	1.4190948088963826	3.86788440615629	44.9050407413113	13.092841	48.2618	1090.0343	3914.0	5547.049	-1633.048828125
europe	52	cov_loss	gp	52	2183	1118	4032	1.4190948088963826	36.6072875780568	27.060506161638	33.70902	26.301483	329.57333	48270.0	48400.844	-130.84375
europe	52	cov_loss	gp	52	10812	1128	4032	1.4190948088963826	63.2924921219095	37.6449655842233	57.348454	36.848827	662.38556	37409.0	38993.664	-1584.6640625
europe	52	cov_loss	gp	53	27445	484	4032	1.417268685499827	17.9732424450043	48.8190543544055	22.852766	42.95628	816.8964	19503.0	24296.238	-4793.23828125
europe	52	cov_loss	gp	53	37455	644	4032	1.417268685499827	32.995493031091	57.0368710966394	42.039032	50.67828	1150.5627	9649.0	9025.283	623.716796875
europe	52	cov_loss	gp	53	29354	1073	4032	1.417268685499827	13.5562568280747	49.5981084834829	50.656036	53.96991	4144.2095	17611.0	24133.375	-6522.375
europe	52	cov_loss	gp	54	16789	1116	4032	1.4217699766159058	62.9250837664835	38.6547028635066	47.995964	43.16088	1683.1681	30085.0	30062.56	22.439453125
europe	52	cov_loss	gp	54	2944	1352	4032	1.4217699766159058	42.0354568331213	28.0235125682626	50.401722	34.176804	1042.9478	47391.0	42900.547	4490.453125
europe	52	cov_loss	gp	54	2537	1453	4032	1.4217699766159058	38.2251913385464	27.2965339316751	41.82307	30.569887	487.4964	47847.0	45893.227	1953.7734375
europe	52	cov_loss	gp	55	20319	19	4032	1.4179319381713866	58.9323482314784	40.1841913506379	35.483047	38.226357	2611.3674	26407.0	24716.318	1690.681640625
europe	52	cov_loss	gp	55	24286	463	4032	1.4179319381713866	3.57544779882376	47.6694497998946	20.248741	45.21058	1873.0347	22587.0	22308.467	278.533203125
europe	52	cov_loss	gp	55	8939	961	4032	1.4179319381713866	59.7652983907721	39.1808497551777	58.753166	38.207382	125.40609	39783.0	40295.56	-512.55859375
europe	52	cov_loss	gp	56	43939	197	4032	1.4223619103431702	24.0917232816806	46.4626033733088	12.665591	46.066265	1271.213	2678.0	2175.0093	502.99072265625
europe	52	cov_loss	gp	56	20504	429	4032	1.4223619103431702	58.7426170584084	40.4214331829931	33.30799	39.858887	2828.5117	26194.0	25655.049	538.951171875
europe	52	cov_loss	gp	56	5437	1215	4032	1.4223619103431702	52.6142398574082	30.8334357621735	49.212837	31.151669	378.875	44261.0	44162.62	98.37890625
europe	52	cov_loss	gp	57	614	116	4032	1.4227219700813294	29.7464217427556	30.6592303443916	32.338352	28.26807	367.34192	50245.0	49930.523	314.4765625
europe	52	cov_loss	gp	57	14342	290	4032	1.4227219700813294	60.3984569383438	37.7722030658983	55.99177	39.880394	505.26938	33164.0	31707.773	1456.2265625
europe	52	cov_loss	gp	57	24242	1036	4032	1.4227219700813294	51.1127010762339	57.9936462771047	47.773624	59.640827	389.8929	22632.0	19106.805	3525.1953125
europe	52	cov_loss	gp	58	30914	369	4032	1.4170782526334127	48.8098256773811	54.0538447626591	46.216908	61.37472	620.46	16118.0	13619.752	2498.248046875
europe	52	cov_loss	gp	58	8126	526	4032	1.4170782526334127	54.3072594716743	38.5850481629365	56.496742	35.062336	329.67798	40824.0	40113.48	710.51953125
europe	52	cov_loss	gp	58	9862	561	4032	1.4170782526334127	59.9023024487892	41.9767691903289	58.03029	36.729813	365.62357	38557.0	39061.348	-504.34765625
europe	52	cov_loss	gp	59	35560	111	4032	1.4215699911117554	38.9490912407123	38.3382164606435	43.33386	43.87507	672.514	11448.0	15276.195	-3828.1953125
europe	52	cov_loss	gp	59	12272	1191	4032	1.4215699911117554	61.4930289799497	40.793486383194	56.428543	39.08016	571.59735	35530.0	36942.46	-1412.4609375
europe	52	cov_loss	gp	59	4284	1329	4032	1.4215699911117554	44.0947854286361	32.677828351082	42.42141	29.103561	344.0444	45682.0	45745.21	-63.2109375
europe	52	cov_loss	gp	60	7808	268	4032	1.4172450701395671	54.7884771199743	36.8920244663837	57.54873	38.53432	323.30264	41189.0	40187.0	1002.0
europe	52	cov_loss	gp	60	38454	824	4032	1.4172450701395671	9.90151374449749	48.8393262942235	13.748287	47.758053	443.62796	8666.0	10263.064	-1597.064453125
europe	52	cov_loss	gp	60	16212	1361	4032	1.4172450701395671	64.317222076522	39.287974106335	56.21455	37.746635	904.9091	30782.0	30031.076	750.923828125
europe	52	cov_loss	gp	61	42742	221	4032	1.4224111119906107	33.7485035291215	54.5522599718956	37.253086	44.852566	960.0113	3939.0	12650.8	-8711.7998046875
europe	52	cov_loss	gp	61	3470	1222	4032	1.4224111119906107	42.1441509481027	28.8393673687414	33.729515	27.380522	944.32684	46718.0	48500.39	-1782.390625
europe	52	cov_loss	gp	61	27882	1471	4032	1.4224111119906107	36.0195497460217	38.3262201204768	19.594645	41.884247	1859.173	19129.0	16810.258	2318.7421875
europe	52	cov_loss	gp	62	6149	85	4032	1.4220243255297342	48.1939244715332	33.5239613128816	47.185066	31.473745	190.07916	43348.0	45511.824	-2163.82421875
europe	52	cov_loss	gp	62	19696	313	4032	1.4220243255297342	38.0893971120982	60.4237639400631	56.447342	41.887978	2457.1865	27030.0	25217.674	1812.326171875
europe	52	cov_loss	gp	62	21680	714	4032	1.4220243255297342	35.406279978665	38.6956275131793	29.727179	40.40268	651.3981	25103.0	23502.531	1600.46875
europe	52	cov_loss	gp	63	36763	48	4032	1.4174811840057373	39.4062672356537	59.4062482058229	43.50296	54.585117	607.181	10229.0	8721.822	1507.177734375
europe	52	cov_loss	gp	63	28780	471	4032	1.4174811840057373	6.34077903618231	45.9736373080727	33.39434	52.82264	3090.1362	18218.0	21780.707	-3562.70703125
europe	52	cov_loss	gp	63	5563	768	4032	1.4174811840057373	47.4966355590317	32.1814457867461	56.266815	35.84661	1006.75885	44098.0	41649.215	2448.78515625
europe	52	cov_loss	gp	64	39148	191	4032	1.426469620068868	56.8776406880613	56.3858279534795	38.268314	54.871944	2072.25	8025.0	14762.564	-6737.564453125
europe	52	cov_loss	gp	64	22806	819	4032	1.426469620068868	51.6102829937124	56.3147808499144	25.776077	53.60722	2881.7466	24008.0	15270.687	8737.3134765625
europe	52	cov_loss	gp	64	18206	880	4032	1.426469620068868	60.7615887149824	38.583742198595	53.504646	48.16597	990.5996	28369.0	27611.57	757.4296875
europe	52	cov_loss	gp	65	16550	697	4032	2.4172623912493387	58.5093698927776	41.929790045762	57.982773	38.2463	223.33275	30376.0	30451.307	-75.306640625
europe	52	cov_loss	gp	65	25770	1180	4032	2.4172623912493387	-0.89922859532587	48.1653612870039	32.93898	47.260464	3763.834	21179.0	22103.18	-924.1796875
europe	52	cov_loss	gp	65	14394	1477	4032	2.4172623912493387	62.870853667753	39.1246928584518	60.838577	38.1797	231.34445	33091.0	36593.727	-3502.7265625
europe	52	cov_loss	gp	66	16256	302	4032	1.421992270151774	61.617101855413	42.2377966483683	60.546204	41.233818	130.74013	30739.0	31599.771	-860.771484375
europe	52	cov_loss	gp	66	7104	857	4032	1.421992270151774	58.6235681740933	34.3986196843035	59.482742	38.923584	275.74905	42128.0	38632.7	3495.30078125
europe	52	cov_loss	gp	66	30818	1278	4032	1.421992270151774	23.8887100180359	47.4006052665605	15.200156	45.554234	985.2555	16207.0	23762.156	-7555.15625
europe	52	cov_loss	gp	67	9318	154	4032	1.4220751603444417	57.9124112413997	39.419047351088	55.83579	38.04905	245.44536	39289.0	41273.906	-1984.90625
europe	52	cov_loss	gp	67	20056	1020	4032	1.4220751603444417	30.6564661125161	57.0848491249935	45.68455	41.52768	2146.4414	26681.0	20430.67	6250.330078125
europe	52	cov_loss	gp	67	29620	1283	4032	1.4220751603444417	18.8174867758209	51.3831200594489	52.7978	47.897316	3790.4907	17370.0	23985.502	-6615.501953125
europe	52	cov_loss	gp	68	36698	595	4032	1.4174585302670797	27.3657043934015	38.2588977663363	28.70891	47.7357	941.7486	10310.0	11638.988	-1328.98828125
europe	52	cov_loss	gp	68	41524	814	4032	1.4174585302670797	19.5118291268948	46.9737142372247	15.679095	47.152954	426.60364	5482.0	3984.4075	1497.592529296875
europe	52	cov_loss	gp	68	32071	876	4032	1.4174585302670797	35.3107180080906	38.9708103501024	25.818727	39.424026	1056.3488	14954.0	19365.94	-4411.939453125
europe	52	cov_loss	gp	69	16308	246	4032	1.4230515718460084	63.0052883930909	37.9553487952806	63.725292	42.559784	243.0227	30669.0	30069.482	599.517578125
europe	52	cov_loss	gp	69	20697	339	4032	1.4230515718460084	60.761223711425	36.9167535081999	58.92349	47.370144	617.86646	25994.0	28365.855	-2371.85546875
europe	52	cov_loss	gp	69	15341	924	4032	1.4230515718460084	59.104244053058	40.1574256577991	35.937366	41.58062	2578.1152	31828.0	22864.555	8963.4453125
europe	52	cov_loss	gp	70	43540	196	4032	1.4187218348185222	25.2288650413003	51.874253397936	29.51332	53.51562	503.20328	3122.0	4090.3164	-968.31640625
europe	52	cov_loss	gp	70	6759	878	4032	1.4187218348185222	51.0215659212981	33.3775683144714	47.74838	31.098024	399.56842	42567.0	43820.64	-1253.640625
europe	52	cov_loss	gp	70	26533	1117	4032	1.4187218348185222	44.6681899749903	55.0714090750925	42.7241	57.707314	302.6861	20434.0	24362.922	-3928.921875
europe	52	cov_loss	gp	71	32626	721	4032	1.4282199303309122	19.6555315982325	44.0336656251732	13.367032	50.49173	980.9835	14400.0	17011.53	-2611.529296875
europe	52	cov_loss	gp	71	44414	818	4032	1.4282199303309122	19.0355156249929	49.6692567821895	16.476698	49.45683	285.41516	2158.0	3471.5488	-1313.548828125
europe	52	cov_loss	gp	71	13235	1077	4032	1.4282199303309122	63.4614580507288	37.6341050396161	51.498775	39.409092	1334.2853	34430.0	37600.21	-3170.2109375
europe	52	cov_loss	gp	72	41358	327	4032	1.422557282447815	9.70563284599875	52.2791013254469	18.190464	46.648994	1121.8168	5646.0	3655.9905	1990.009521484375
europe	52	cov_loss	gp	72	560	1086	4032	1.422557282447815	32.0121060792082	30.4653969291557	39.003212	29.883776	779.1503	50309.0	47809.418	2499.58203125
europe	52	cov_loss	gp	72	43630	1208	4032	1.422557282447815	23.8519628047214	51.5199878839635	22.368196	49.708614	248.06436	3030.0	1684.2732	1345.726806640625
europe	52	cov_loss	gp	73	41996	729	4032	1.7566915273666381	28.9783301065986	48.893595412461	46.52856	48.885433	1951.4966	4885.0	10243.623	-5358.623046875
europe	52	cov_loss	gp	73	15771	1048	4032	1.7566915273666381	59.3049000291879	40.0967399840994	61.637653	39.16915	264.31754	31325.0	34373.97	-3048.96875
europe	52	cov_loss	gp	73	2342	1051	4032	1.7566915273666381	38.6937400161132	26.5062192443276	59.856106	35.238556	2432.0654	48097.0	37171.1	10925.8984375
europe	52	cov_loss	gp	74	16661	496	4032	2.4251647035280866	56.2378442029786	41.712121451075	58.76441	42.32576	283.3199	30245.0	29668.584	576.416015625
europe	52	cov_loss	gp	74	10516	759	4032	2.4251647035280866	61.6694741662679	38.5653111442788	59.898365	40.111332	214.05461	37801.0	38567.54	-766.5390625
europe	52	cov_loss	gp	74	31533	903	4032	2.4251647035280866	30.3084802007884	38.9935514917485	31.645725	39.166443	149.60564	15502.0	15585.134	-83.1337890625
europe	52	cov_loss	gp	75	16816	25	4032	1.4229023019472757	56.9744200363919	38.6144334889621	53.566074	41.224762	413.4203	30054.0	33044.918	-2990.91796875
europe	52	cov_loss	gp	75	6285	426	4032	1.4229023019472757	49.7282499073238	32.3068493467227	51.78839	33.978542	257.4777	43170.0	41672.816	1497.18359375
europe	52	cov_loss	gp	75	23123	769	4032	1.4229023019472757	38.4938188624319	39.0135420974688	35.041077	38.395687	387.84894	23750.0	20711.352	3038.6484375
europe	52	cov_loss	gp	76	22454	715	4032	1.431045146783193	31.9188277621715	40.905748809388	55.63859	40.688976	2637.572	24350.0	26844.742	-2494.7421875
europe	52	cov_loss	gp	76	20055	998	4032	1.431045146783193	45.0878001365271	54.9037414213589	52.07414	43.400864	1146.2297	26682.0	25801.57	880.4296875
europe	52	cov_loss	gp	76	1418	1405	4032	1.431045146783193	35.7176946200374	30.8688700136358	42.190628	29.732399	726.41425	49297.0	46789.97	2507.03125
europe	52	cov_loss	gp	77	28121	157	4032	1.4283167799313863	33.0538043500846	56.0990220956335	19.030968	43.02291	2030.226	18887.0	19856.986	-969.986328125
europe	52	cov_loss	gp	77	18908	271	4032	1.4283167799313863	29.8537729156525	59.601579912272	56.75001	39.120003	3389.724	27852.0	31106.1	-3254.099609375
europe	52	cov_loss	gp	77	28115	1031	4032	1.4283167799313863	34.8332272140819	57.7636595115783	21.173155	56.316166	1525.5062	18890.0	19463.516	-573.515625
europe	52	cov_loss	gp	78	7879	420	4032	1.4204864978790284	54.989622842949	38.3424496773879	59.087223	37.68276	457.37082	41099.0	38525.19	2573.80859375
europe	52	cov_loss	gp	78	24241	604	4032	1.4204864978790284	23.5763127772687	46.7494810222036	48.079605	38.690952	2816.087	22624.0	28700.451	-6076.451171875
europe	52	cov_loss	gp	78	127	1252	4032	1.4204864978790284	31.8114429721999	30.6116344145386	38.921246	30.166052	791.6024	50886.0	49727.72	1158.28125
europe	52	cov_loss	gp	79	17890	76	4032	1.4281697233517965	57.9543262703576	42.8991943212781	55.05506	44.413082	335.4799	28724.0	29044.586	-320.5859375
europe	52	cov_loss	gp	79	19948	250	4032	1.4281697233517965	38.2101449141647	38.3389329869541	42.729496	51.081345	1187.627	26784.0	25566.404	1217.595703125
europe	52	cov_loss	gp	79	34854	440	4032	1.4281697233517965	49.2303236596422	58.0415409400303	46.828762	56.474377	291.34528	12154.0	8827.788	3326.2119140625
europe	52	cov_loss	gp	80	4218	59	4032	1.4226820667584736	44.5203052817378	29.4660985788241	52.421005	33.077328	917.6686	45756.0	43255.89	2500.109375
europe	52	cov_loss	gp	80	25403	964	4032	1.4226820667584736	33.2666291494735	57.1904272955622	30.9014	45.404465	1140.3961	21546.0	22356.5	-810.5
europe	52	cov_loss	gp	80	1690	1386	4032	1.4226820667584736	38.9286349421461	29.2180377210672	37.57745	30.261482	175.70981	48937.0	49225.062	-288.0625
europe	52	cov_loss	gp	81	7192	205	4032	1.4266730546951294	53.4127477583585	33.4056395863909	53.044186	30.715694	183.67181	42010.0	42388.01	-378.01171875
europe	52	cov_loss	gp	81	11404	613	4032	1.4266730546951294	60.618646923642	42.2704758052198	59.688248	34.404537	447.124	36728.0	37469.03	-741.03125
europe	52	cov_loss	gp	81	36901	1279	4032	1.4266730546951294	7.75187684714359	46.367607734186	7.627553	44.138947	245.97565	10107.0	16729.521	-6622.521484375
europe	52	cov_loss	gp	82	30252	91	4032	1.42873907883962	32.1948022092947	40.8263666787524	55.088715	40.80396	2545.6877	16820.0	23982.266	-7162.265625
europe	52	cov_loss	gp	82	22694	966	4032	1.42873907883962	39.0856074857051	37.2834854446089	58.5109	41.713634	2183.0806	24123.0	26049.613	-1926.61328125
europe	52	cov_loss	gp	82	512	1059	4032	1.42873907883962	29.7424515522716	30.0639392541449	39.243538	31.279085	1062.2935	50367.0	48140.3	2226.69921875
europe	52	cov_loss	gp	83	6000	416	4032	1.6440250595410666	52.5600337595578	30.6340413108501	58.743233	38.530586	846.23804	43549.0	39433.51	4115.48828125
europe	52	cov_loss	gp	83	8832	518	4032	1.6440250595410666	60.4091788144674	39.7511555580933	59.522255	39.96666	99.34804	39953.0	38554.15	1398.8515625
europe	52	cov_loss	gp	83	20511	1462	4032	1.6440250595410666	50.8834785974971	60.0886627400448	39.359486	41.367985	1939.1865	26200.0	26460.57	-260.5703125
europe	52	cov_loss	gp	84	22489	529	4032	1.42797532081604	25.016772639471	50.6867858864473	24.290901	42.132046	868.1435	24302.0	22974.475	1327.525390625
europe	52	cov_loss	gp	84	15003	646	4032	1.42797532081604	61.0404819667293	39.3939958588496	57.42814	39.564877	401.79138	32279.0	31543.14	735.859375
europe	52	cov_loss	gp	84	25758	1484	4032	1.42797532081604	21.1491621836816	41.5424652299799	55.597992	50.602493	3903.9631	21194.0	21604.207	-410.20703125
europe	52	cov_loss	gp	85	12783	122	4032	1.4228255987167358	58.3956863241714	39.3050186958958	60.418728	38.17323	233.88336	34926.0	35647.74	-721.73828125
europe	52	cov_loss	gp	85	22451	436	4032	1.4228255987167358	31.1680337800479	38.4404125939192	31.146717	41.06463	249.71246	24354.0	20473.186	3880.814453125
europe	52	cov_loss	gp	85	16594	575	4032	1.4228255987167358	60.5245188575479	38.6426771015072	54.475674	44.443768	755.9784	30320.0	27414.928	2905.072265625
europe	52	cov_loss	gp	86	8133	444	4032	1.4294313629468283	59.3937609301873	39.5714978119557	56.443333	35.812542	395.9898	40813.0	39311.715	1501.28515625
europe	52	cov_loss	gp	86	14420	1388	4032	1.4294313629468283	57.6779642146306	40.0284882042109	56.129105	42.128235	214.25824	33056.0	29642.57	3413.4296875
europe	52	cov_loss	gp	86	45121	1402	4032	1.4294313629468283	10.953148408517	51.0025341418908	8.873831	45.76066	618.934	1267.0	12940.983	-11673.9833984375
europe	52	cov_loss	gp	87	2108	909	4032	1.4284130334854126	36.681966328076	28.0719310110859	42.12305	29.984632	626.8941	48361.0	46076.535	2284.46484375
europe	52	cov_loss	gp	87	19135	1317	4032	1.4284130334854126	38.7181880478641	59.0925290137479	54.50289	46.361645	1999.5227	27606.0	25385.025	2220.974609375
europe	52	cov_loss	gp	87	37700	1480	4032	1.4284130334854126	48.8904269910975	59.609401995274	38.984837	59.63597	1101.4534	9404.0	9910.383	-506.3828125
europe	52	cov_loss	gp	88	11433	695	4032	1.4207195003827413	62.9053089784978	38.0373707035056	57.94891	37.213356	552.96643	36700.0	36514.055	185.9453125
europe	52	cov_loss	gp	88	17690	911	4032	1.4207195003827413	59.5279368634159	40.8599786693553	25.12689	43.82577	3832.1506	28961.0	21977.383	6983.6171875
europe	52	cov_loss	gp	88	11183	916	4032	1.4207195003827413	60.3264655814706	38.0852247681693	52.291443	43.602352	955.26544	36972.0	29336.652	7635.34765625
europe	52	cov_loss	gp	89	11776	830	4032	1.4280111074447632	59.918581622629	39.3369979991895	59.592712	39.012653	40.533592	36212.0	37852.938	-1640.9375
europe	52	cov_loss	gp	89	20507	1209	4032	1.4280111074447632	52.3691640246555	57.1546620881454	45.332703	43.450268	1268.3441	26201.0	25784.375	416.625
europe	52	cov_loss	gp	89	38240	1374	4032	1.4280111074447632	35.8595302891731	37.1695770665751	33.211136	41.868687	521.4272	8896.0	9661.135	-765.134765625
europe	52	cov_loss	gp	90	1367	11	4032	1.421096964677175	36.3479143846692	31.6366235888778	43.00371	32.3554	742.63416	49348.0	45796.816	3551.18359375
europe	52	cov_loss	gp	90	10512	738	4032	1.421096964677175	62.9467993229409	38.9208975768011	57.923443	39.6231	559.89014	37805.0	41248.98	-3443.98046875
europe	52	cov_loss	gp	90	37768	770	4032	1.421096964677175	30.3543638544334	58.7913725264386	33.418087	53.54418	601.0984	9330.0	8915.874	414.1259765625
europe	52	cov_loss	gp	91	41744	591	4032	1.4297940452893576	17.3562232868628	48.9447584933681	22.630075	47.392265	608.429	5223.0	3586.3142	1636.685791015625
europe	52	cov_loss	gp	91	37828	1253	4032	1.4297940452893576	27.6452755755861	38.8489713758556	33.830566	37.11507	707.41614	9288.0	17595.629	-8307.62890625
europe	52	cov_loss	gp	91	22123	1362	4032	1.4297940452893576	32.4196898216134	37.9711113229943	30.711098	40.51838	307.12527	24682.0	19041.947	5640.052734375
europe	52	cov_loss	gp	92	3053	107	4032	1.4294859449068704	42.5602581446502	32.2378142156357	37.61306	31.64105	552.4363	47248.0	47827.227	-579.2265625
europe	52	cov_loss	gp	92	8560	1234	4032	1.4294859449068704	59.4090493324524	39.4394684825426	54.41605	36.51048	582.82874	40259.0	38977.594	1281.40625
europe	52	cov_loss	gp	92	26437	1464	4032	1.4294859449068704	45.8724242260313	57.1448846660861	37.157627	56.56191	970.24835	20529.0	14228.408	6300.591796875
europe	52	cov_loss	gp	93	28992	379	4032	1.42356272538503	17.6763830960745	45.1951364285902	17.968534	47.05101	199.12683	17977.0	18907.955	-930.955078125
europe	52	cov_loss	gp	93	11975	1201	4032	1.42356272538503	61.8667845133972	42.1814564883432	50.35148	40.74525	1283.4564	35932.0	35575.45	356.55078125
europe	52	cov_loss	gp	93	35997	1297	4032	1.42356272538503	45.8259336194753	57.0473578534791	48.96882	55.5327	367.57782	10986.0	11487.185	-501.1845703125
europe	52	cov_loss	gp	94	5230	419	4032	1.4256502707799277	47.4612169783369	27.7807968375251	59.797966	36.536903	1485.3588	44514.0	36343.03	8170.96875
europe	52	cov_loss	gp	94	225	649	4032	1.4256502707799277	30.5476467932425	28.5267824490908	43.80898	30.25173	1482.3944	50751.0	45764.29	4986.7109375
europe	52	cov_loss	gp	94	37916	1143	4032	1.4256502707799277	6.66015295749808	45.4602733760151	7.366561	48.564083	351.43335	9188.0	5140.819	4047.18115234375
europe	52	cov_loss	gp	95	810	454	4032	2.4242625713348387	32.6542692398227	29.7522443454417	32.27459	28.878433	92.211205	50003.0	50906.203	-903.203125
europe	52	cov_loss	gp	95	25022	531	4032	2.4242625713348387	38.5175540744211	56.3236504406875	55.15762	50.72631	1897.1348	21906.0	22116.693	-210.693359375
europe	52	cov_loss	gp	95	39292	1334	4032	2.4242625713348387	10.7677844147459	45.5361206019841	38.765533	44.668907	3114.3984	7858.0	10670.548	-2812.5478515625
europe	52	cov_loss	gp	96	43356	73	4032	2.4298689126968385	24.784820895427	49.7002452505462	22.544758	51.24518	294.60864	3296.0	2425.428	870.572021484375
europe	52	cov_loss	gp	96	15410	292	4032	2.4298689126968385	60.7340740284351	41.4789564125037	58.887466	39.585754	230.99255	31762.0	33731.5	-1969.5
europe	52	cov_loss	gp	96	16850	1144	4032	2.4298689126968385	57.1700775504198	42.0745217919429	60.90606	39.79359	435.36597	30003.0	30665.367	-662.3671875
europe	52	cov_loss	gp	97	42241	26	4032	1.4273985346158347	35.7339465218012	49.7445034257679	32.66687	49.348335	342.98303	4568.0	6485.0303	-1917.0302734375
europe	52	cov_loss	gp	97	31133	548	4032	1.4273985346158347	23.1737091077761	47.3610419768415	24.873417	45.051853	301.19156	15895.0	14124.504	1770.49609375
europe	52	cov_loss	gp	97	3246	577	4032	1.4273985346158347	39.9219834964681	31.0281062279508	40.753468	37.55903	561.07367	47040.0	46468.285	571.71484375
europe	52	cov_loss	gp	98	31417	789	4032	1.424585723876953	23.8355168569244	52.6173647771166	15.702195	50.67526	926.88416	15609.0	11891.193	3717.806640625
europe	52	cov_loss	gp	98	36619	1096	4032	1.424585723876953	38.3590478912773	37.0115641318485	45.703835	44.88638	1042.9473	10397.0	25689.9	-15292.900390625
europe	52	cov_loss	gp	98	9886	1269	4032	1.424585723876953	62.0240565693831	37.1972046056811	59.776222	40.534748	308.21704	38523.0	36985.19	1537.80859375
europe	52	cov_loss	gp	99	847	522	4032	1.4291501601537069	35.7992463606865	30.7250505920953	42.668655	31.340298	765.67255	49973.0	45337.375	4635.625
europe	52	cov_loss	gp	99	3712	871	4032	1.4291501601537069	44.8057522096418	29.2300512566937	45.944984	33.09237	327.1564	46379.0	42786.355	3592.64453125
europe	52	cov_loss	gp	99	16189	976	4032	1.4291501601537069	57.2668655119111	37.8884174950526	38.08306	43.194256	2168.2217	30817.0	28488.928	2328.072265625
europe	52	cov_loss	gp	100	42267	256	4032	1.4239963134129843	19.1243234233227	47.6532811994778	38.22798	39.88709	2253.003	4541.0	5396.0728	-855.07275390625
europe	52	cov_loss	gp	100	26139	336	4032	1.4239963134129843	51.1257216583623	56.9195665266487	16.334955	52.173416	3891.5562	20857.0	15120.911	5736.0888671875
europe	52	cov_loss	gp	100	36001	1466	4032	1.4239963134129843	29.6778798923553	38.1692818585218	51.185673	47.966446	2525.9785	11000.0	23350.068	-12350.068359375
europe	52	cov_loss	gp	101	8835	152	4032	2.4305434028307595	57.0413921195276	39.2073103187383	60.70426	40.285313	411.96426	39944.0	36942.715	3001.28515625
europe	52	cov_loss	gp	101	5144	485	4032	2.4305434028307595	47.7660898588527	31.7626912882374	48.495945	31.70865	81.25516	44629.0	43856.21	772.7890625
europe	52	cov_loss	gp	101	35320	1444	4032	2.4305434028307595	32.7414590051537	39.8284472052204	15.536589	40.93355	1916.3383	11687.0	10515.775	1171.224609375
europe	52	cov_loss	gp	102	43141	716	4032	1.4301250020662943	28.2909283788017	51.5006493748399	36.05896	59.548843	1147.9015	3506.0	5548.094	-2042.09423828125
europe	52	cov_loss	gp	102	31503	975	4032	1.4301250020662943	33.937472889505	37.9904307615999	35.79024	37.372578	213.58968	15533.0	20024.48	-4491.48046875
europe	52	cov_loss	gp	102	3473	1083	4032	1.4301250020662943	44.2598149510227	29.5901029586681	47.082466	29.891542	314.73645	46707.0	44088.48	2618.51953125
europe	52	cov_loss	gp	103	34824	13	4032	1.4243705193201701	37.9594332794779	57.5468004911097	38.776096	56.006252	162.12143	12189.0	16094.548	-3905.5478515625
europe	52	cov_loss	gp	103	1417	569	4032	1.4243705193201701	36.3182878462154	28.7492469043981	36.005337	28.5424	39.443016	49298.0	48487.863	810.13671875
europe	52	cov_loss	gp	103	1101	838	4032	1.4243705193201701	33.7198717967022	27.8804900873735	33.75025	28.483982	55.907837	49650.0	48839.44	810.55859375
europe	52	cov_loss	gp	104	27597	494	4032	1.4287685672442119	33.04000754034	38.088729277741	36.29817	40.658268	431.7822	19367.0	20491.63	-1124.630859375
europe	52	cov_loss	gp	104	42932	508	4032	1.4287685672442119	31.5099806361096	52.3414196750842	41.44451	61.14249	1354.6189	3718.0	7999.874	-4281.8740234375
europe	52	cov_loss	gp	104	39936	969	4032	1.4287685672442119	29.231358642355	38.0537702823739	31.19833	39.912445	282.3598	7223.0	11459.727	-4236.7265625
europe	52	cov_loss	gp	105	31136	745	4032	1.4217454036076864	35.6305283245333	37.3259714214122	30.033901	35.963345	635.18304	15919.0	13207.557	2711.443359375
europe	52	cov_loss	gp	105	34233	977	4032	1.4217454036076864	38.032672072631	37.5392104911016	28.087643	37.35283	1105.9725	12763.0	11611.902	1151.09765625
europe	52	cov_loss	gp	105	15001	1135	4032	1.4217454036076864	57.769916181776	39.0929251858889	54.25737	46.972027	625.7556	32299.0	24170.861	8128.138671875
europe	52	cov_loss	gp	106	16388	129	4032	1.4313054839769999	64.296532651424	40.8330405182383	35.37883	56.523174	3385.0461	30575.0	21878.6	8696.400390625
europe	52	cov_loss	gp	106	1751	195	4032	1.4313054839769999	38.6059060136573	29.1822975153263	39.67498	26.679728	246.38684	48854.0	47837.63	1016.37109375
europe	52	cov_loss	gp	106	15264	486	4032	1.4313054839769999	59.274239536787	40.5133073405936	62.552616	39.09437	372.49734	31926.0	32218.037	-292.037109375
europe	52	cov_loss	gp	107	30227	263	4032	1.4293904026349387	39.121546871438	38.0504115788893	35.757572	44.33759	669.08746	16844.0	9141.863	7702.13671875
europe	52	cov_loss	gp	107	42453	264	4032	1.4293904026349387	31.6993938443859	55.4762284792311	49.531536	52.305603	2000.3549	4287.0	15082.638	-10795.6376953125
europe	52	cov_loss	gp	107	23965	1198	4032	1.4293904026349387	46.2489473498495	60.5517953126814	12.931737	46.578663	3930.0198	22878.0	20225.158	2652.841796875
europe	52	cov_loss	gp	108	12643	408	4032	2.421683661142985	61.2387205677095	38.7947261332047	57.93055	38.3765	368.6024	35088.0	32957.85	2130.1484375
europe	52	cov_loss	gp	108	37922	1127	4032	2.421683661142985	32.8679660958375	39.5697685749431	29.544647	41.273636	403.48547	9194.0	12429.164	-3235.1640625
europe	52	cov_loss	gp	108	35376	1333	4032	2.421683661142985	37.3157331439322	55.9524847809484	29.169333	52.596035	957.9112	11610.0	3931.3982	7678.601806640625
europe	52	cov_loss	gp	109	44716	243	4032	1.4286511619885762	24.4457857171946	50.4822636946185	22.799435	44.51355	634.96185	1853.0	4264.3184	-2411.318359375
europe	52	cov_loss	gp	109	31220	1055	4032	1.4286511619885762	33.0026949397106	41.4502036330186	32.45042	36.713272	447.30563	15833.0	25443.582	-9610.58203125
europe	52	cov_loss	gp	109	31591	1286	4032	1.4286511619885762	12.8958570583953	47.4738546197526	31.71167	40.70811	2203.4504	15422.0	9647.354	5774.646484375
europe	52	cov_loss	gp	110	41308	491	4032	1.4213475743929544	11.8080837353307	50.4978884604691	13.909018	50.80106	235.91348	5715.0	4829.3843	885.61572265625
europe	52	cov_loss	gp	110	4548	659	4032	1.4213475743929544	46.2433209351514	27.9058466823793	40.87395	32.309475	694.2666	45366.0	47169.61	-1803.609375
europe	52	cov_loss	gp	110	22936	1434	4032	1.4213475743929544	38.6892360782767	37.1668379195596	48.879158	43.543495	1242.2383	23924.0	29611.77	-5687.76953125
europe	52	cov_loss	gp	111	40714	162	4032	1.4302164316177368	34.6601574999714	56.5257588024865	44.50517	56.954655	1095.3276	6407.0	9344.555	-2937.5546875
europe	52	cov_loss	gp	111	21558	179	4032	1.4302164316177368	52.7047691731729	57.7227153439491	49.756397	55.418697	364.94388	25199.0	14396.471	10802.529296875
europe	52	cov_loss	gp	111	16876	1130	4032	1.4302164316177368	57.8971624785825	40.7423446055978	61.50234	38.164276	426.08804	29970.0	32419.996	-2449.99609375
europe	52	cov_loss	gp	112	24360	312	4032	1.42781982421875	43.7906727127245	56.9851443169939	40.957264	56.982357	315.0607	22531.0	19893.994	2637.005859375
europe	52	cov_loss	gp	112	31852	826	4032	1.42781982421875	38.7907922571627	56.3065392720727	27.377413	49.694153	1409.6732	15166.0	14115.559	1050.44140625
europe	52	cov_loss	gp	112	33380	1383	4032	1.42781982421875	47.1480525846977	55.4360396398311	38.67689	46.575447	1184.9362	13627.0	16056.527	-2429.52734375
europe	52	cov_loss	gp	113	41252	394	4032	1.4229148864746093	24.7540348448744	46.5136947289439	28.836142	46.2007	454.97083	5784.0	4575.9155	1208.08447265625
europe	52	cov_loss	gp	113	9459	443	4032	1.4229148864746093	60.1136250742213	40.1887532576587	60.862026	40.95839	93.28589	39119.0	38038.35	1080.6484375
europe	52	cov_loss	gp	113	8674	1081	4032	1.4229148864746093	56.5130652173524	39.2061950310064	60.75354	40.97109	482.4117	40130.0	37357.8	2772.19921875
europe	52	cov_loss	gp	114	33920	380	4032	2.428755497932434	37.0839276666244	41.0259161642257	49.585796	41.574364	1390.8416	13074.0	20244.85	-7170.849609375
europe	52	cov_loss	gp	114	24593	587	4032	2.428755497932434	33.8225382564305	38.7029898987751	31.34194	41.025436	351.30344	22342.0	19227.305	3114.6953125
europe	52	cov_loss	gp	114	20314	1376	4032	2.428755497932434	39.4004476119718	38.4805370416248	52.28793	40.40872	1440.6477	26425.0	26999.303	-574.302734375
europe	52	cov_loss	gp	115	38864	828	4032	1.4235334197680156	15.5193579690486	48.3731316916738	42.283985	47.87184	2976.4768	8278.0	23225.963	-14947.962890625
europe	52	cov_loss	gp	115	25102	1027	4032	1.4235334197680156	39.8550597449342	56.47939043015	18.748775	47.384007	2503.6423	21815.0	23180.201	-1365.201171875
europe	52	cov_loss	gp	115	14681	1273	4032	1.4235334197680156	58.727140525748	40.4688664101466	56.16789	42.79395	316.71243	32742.0	29961.771	2780.228515625
europe	52	cov_loss	gp	116	42690	163	4032	1.4299421747525534	24.7026840630167	54.1252955676325	31.267036	52.82072	741.0555	4003.0	5226.2007	-1223.20068359375
europe	52	cov_loss	gp	116	39143	364	4032	1.4299421747525534	9.3462699295239	47.8375217367038	14.458737	48.52809	573.4207	8022.0	7094.479	927.52099609375
europe	52	cov_loss	gp	116	8699	1115	4032	1.4299421747525534	57.3840244711092	40.6526010853535	53.55652	35.95801	518.0895	40088.0	37551.723	2536.27734375
europe	52	cov_loss	gp	117	30417	87	4032	1.4288987835248312	29.3770203646086	45.0358215233213	34.82825	39.604683	792.86786	16617.0	15005.708	1611.2919921875
europe	52	cov_loss	gp	117	44476	809	4032	1.4288987835248312	18.7422554187584	45.8125252893807	26.176182	46.7031	831.65454	2122.0	3251.9421	-1129.942138671875
europe	52	cov_loss	gp	117	45072	1167	4032	1.4288987835248312	12.9999175925651	47.5675365321174	25.001057	50.304413	1364.985	1348.0	2716.4924	-1368.492431640625
europe	52	cov_loss	gp	118	9429	403	4032	2.424055822690328	63.3475161637113	41.4713307969592	59.56274	37.998222	459.37146	39147.0	41083.99	-1936.98828125
europe	52	cov_loss	gp	118	30536	835	4032	2.424055822690328	56.2119564597394	59.5426038513175	50.63884	57.527966	633.84326	16518.0	20350.617	-3832.6171875
europe	52	cov_loss	gp	118	42714	1021	4032	2.424055822690328	25.102123293392	53.3871838634981	21.734932	52.338474	389.3986	3973.0	4605.4014	-632.4013671875
europe	52	cov_loss	gp	119	34320	285	4032	1.4285821874936422	39.9744973693995	40.0639567538534	34.02947	37.478043	699.71234	12670.0	12708.573	-38.5732421875
europe	52	cov_loss	gp	119	25682	301	4032	1.4285821874936422	37.0670502494414	37.4934710602877	35.40317	38.688168	213.79861	21275.0	23100.607	-1825.607421875
europe	52	cov_loss	gp	119	18180	890	4032	1.4285821874936422	63.8489868341205	38.1020173902855	50.171856	37.305393	1521.5626	28385.0	25016.56	3368.439453125
europe	52	cov_loss	gp	120	36894	629	4032	1.4236098607381185	52.5208537648999	53.8810697434398	38.584217	59.95468	1618.7982	10115.0	16765.678	-6650.677734375
europe	52	cov_loss	gp	120	5072	884	4032	1.4236098607381185	45.7475457204122	32.4923838408764	57.542747	36.19461	1335.706	44722.0	40843.72	3878.28125
europe	52	cov_loss	gp	120	25175	991	4032	1.4236098607381185	51.2865561628088	61.5144856529782	17.771826	47.407356	3929.0974	21755.0	15066.969	6688.03125
europe	52	cov_loss	gp	121	17020	123	4032	1.4302218317985536	58.171253907989	39.4991720762071	37.62136	43.568077	2304.078	29796.0	29406.074	389.92578125
europe	52	cov_loss	gp	121	19285	350	4032	1.4302218317985536	29.3498705456281	37.6382603423772	37.041348	38.909317	863.3641	27472.0	19085.238	8386.76171875
europe	52	cov_loss	gp	121	41576	396	4032	1.4302218317985536	34.7827176288561	57.052785415099	36.477848	50.76524	598.5618	5407.0	7078.15	-1671.14990234375
europe	52	cov_loss	gp	122	22499	273	4032	1.4295918703079225	48.8529097650658	58.3748311488417	46.382103	54.556446	396.63565	24305.0	16796.014	7508.986328125
europe	52	cov_loss	gp	122	21838	356	4032	1.4295918703079225	52.2001361333504	58.0443273160943	29.27077	56.77083	2551.7878	24962.0	16137.812	8824.1884765625
europe	52	cov_loss	gp	122	21861	827	4032	1.4295918703079225	5.48428185487459	47.7004248853952	47.096943	50.38775	4634.2617	24930.0	24875.012	54.98828125
europe	52	cov_loss	gp	123	17717	354	4032	1.4216937700907388	61.8981047788781	37.2780899220388	56.419296	47.438824	838.79816	28919.0	27093.22	1825.779296875
europe	52	cov_loss	gp	123	10485	614	4032	1.4216937700907388	58.9737305425043	37.3725873685338	59.766293	38.88544	122.92682	37836.0	37055.805	780.1953125
europe	52	cov_loss	gp	123	25267	765	4032	1.4216937700907388	-3.00960735726831	39.9038801515773	61.51256	41.259056	7175.4785	21662.0	28511.23	-6849.23046875
europe	52	cov_loss	gp	124	34817	469	4032	1.4287930885950724	32.2603446530807	37.1776558808871	34.184204	36.32851	228.03696	12205.0	21905.633	-9700.6328125
europe	52	cov_loss	gp	124	19749	847	4032	1.4287930885950724	58.029851522833	39.888751950728	60.216785	42.28882	279.04977	26974.0	27838.66	-864.66015625
europe	52	cov_loss	gp	124	26504	1149	4032	1.4287930885950724	31.0910037782341	37.5107808163722	56.398746	47.448112	2918.262	20476.0	26629.662	-6153.662109375
europe	52	cov_loss	gp	125	32311	776	4032	1.4240316947301228	37.3177208614853	39.789569748552	37.68466	42.22952	219.06744	14722.0	20968.17	-6246.169921875
europe	52	cov_loss	gp	125	21685	1172	4032	1.4240316947301228	58.9405949701546	41.0260614041852	58.642757	43.389595	140.13785	25080.0	29332.396	-4252.396484375
europe	52	cov_loss	gp	125	14902	1430	4032	1.4240316947301228	59.3261729639183	40.3156602167375	59.018646	39.208538	71.75688	32442.0	36941.094	-4499.09375
europe	52	cov_loss	gp	126	13239	1040	4032	1.4289117932319642	62.1372296796364	37.104416222493	50.54218	34.275986	1300.7299	34419.0	40063.6	-5644.6015625
europe	52	cov_loss	gp	126	11513	1231	4032	1.4289117932319642	60.047891764757	39.6484676649016	56.20601	38.668064	431.04633	36620.0	38909.734	-2289.734375
europe	52	cov_loss	gp	126	28359	1435	4032	1.4289117932319642	36.7318859958481	39.7486860549229	57.78172	44.06324	2362.02	18648.0	27049.09	-8401.08984375
europe	52	cov_loss	gp	127	1640	14	4032	2.429820728302002	37.0170520184976	31.5389456296633	32.20424	29.485744	567.14404	48988.0	50326.312	-1338.3125
europe	52	cov_loss	gp	127	25838	280	4032	2.429820728302002	12.273021363033	47.9892053772228	42.150295	57.96181	3459.6243	21134.0	16716.465	4417.53515625
europe	52	cov_loss	gp	127	20659	1046	4032	2.429820728302002	44.9098203609958	56.8989095962453	42.40833	42.532352	1186.9803	26040.0	20038.266	6001.734375
europe	52	cov_loss	gp	128	32042	346	4032	1.4216340978940327	16.6646319663103	44.5283594739701	37.592457	52.220406	2446.0024	14987.0	13894.986	1092.013671875
europe	52	cov_loss	gp	128	45133	1325	4032	1.4216340978940327	26.9928696309051	46.3135284255275	26.74703	48.313965	200.29446	1243.0	7759.722	-6516.72216796875
europe	52	cov_loss	gp	128	14525	1375	4032	1.4216340978940327	63.2556587715076	37.8258206393792	61.50251	36.68603	203.59587	32938.0	32296.816	641.18359375
europe	52	cov_loss	gp	129	39881	64	4032	1.4289032697677613	22.7099028050012	44.2725527069547	19.934597	44.599693	310.45444	7275.0	4682.2075	2592.79248046875
europe	52	cov_loss	gp	129	27137	220	4032	1.4289032697677613	38.2358356239186	54.1475892905058	43.8972	58.911892	745.2228	19814.0	20144.893	-330.892578125
europe	52	cov_loss	gp	129	27318	358	4032	1.4289032697677613	18.8730278233427	47.6464045965592	16.909386	46.179523	267.89194	19618.0	19291.258	326.7421875
europe	52	cov_loss	gp	130	11020	384	4032	1.4212183674176535	59.4102360100745	40.6650406539415	60.24907	40.978195	94.9012	37136.0	34061.785	3074.21484375
europe	52	cov_loss	gp	130	8204	848	4032	1.4212183674176535	59.8450870316209	36.4906372229623	53.346252	35.238552	726.65656	40687.0	41146.164	-459.1640625
europe	52	cov_loss	gp	130	7084	953	4032	1.4212183674176535	56.0624160456094	33.8838786264146	58.078896	40.029896	433.68243	42152.0	37516.094	4635.90625
europe	52	cov_loss	gp	131	24599	136	4032	1.431178903579712	47.6877292459437	59.1601072871458	27.830313	45.686123	2497.2878	22336.0	17211.594	5124.40625
europe	52	cov_loss	gp	131	38159	240	4032	1.431178903579712	25.3476355246645	49.0167603271428	15.019816	46.528587	1177.2858	8945.0	11640.305	-2695.3046875
europe	52	cov_loss	gp	131	39434	1347	4032	1.431178903579712	41.6327088090063	59.5618126387518	44.505314	57.20597	372.31738	7724.0	10828.241	-3104.2412109375
europe	52	cov_loss	gp	132	41440	188	4032	1.4296804904937743	5.66332198369767	45.0457597004421	7.3562098	51.11064	695.94775	5562.0	11626.91	-6064.91015625
europe	52	cov_loss	gp	132	3401	925	4032	1.4296804904937743	43.4650170977982	31.9436419165717	46.344574	33.5791	345.1075	46816.0	45453.523	1362.4765625
europe	52	cov_loss	gp	132	2140	1404	4032	1.4296804904937743	36.8279781779783	28.9331369699381	49.983864	35.174015	1545.9342	48329.0	44534.78	3794.21875
europe	52	cov_loss	gp	133	15445	550	4032	1.422088627020518	58.4680162724836	40.957066197902	60.056602	39.872482	187.08199	31717.0	37922.2	-6205.19921875
europe	52	cov_loss	gp	133	22928	801	4032	1.422088627020518	19.3299038939984	42.9327739642917	49.71155	40.696007	3384.1372	23915.0	26373.33	-2458.330078125
europe	52	cov_loss	gp	133	13545	1139	4032	1.422088627020518	58.5061929272667	37.7007679585915	59.01678	40.116344	150.41147	34078.0	35575.406	-1497.40625
europe	52	cov_loss	gp	134	34412	60	4032	1.4294010003407795	39.324185213038	57.1978936617769	40.616253	57.052162	144.20715	12574.0	8445.264	4128.736328125
europe	52	cov_loss	gp	134	11079	816	4032	1.4294010003407795	59.1961651568321	39.2920038831471	58.3277	38.971416	98.32223	37092.0	35624.676	1467.32421875
europe	52	cov_loss	gp	134	7405	1212	4032	1.4294010003407795	56.0322638122453	35.6413536435301	43.1415	33.057262	1445.179	41750.0	45394.9	-3644.8984375
europe	52	cov_loss	gp	135	38691	523	4032	1.4214789907137553	21.1174395025409	48.9216319389869	8.671222	49.508553	1385.3857	8426.0	8453.586	-27.5859375
europe	52	cov_loss	gp	135	31681	544	4032	1.4214789907137553	44.0715134552406	54.1834794585663	28.903025	52.145042	1696.3235	15340.0	15563.556	-223.5556640625
europe	52	cov_loss	gp	135	40799	1428	4032	1.4214789907137553	27.8122527860695	50.4402047252413	28.144615	50.424973	36.987354	6295.0	4067.1885	2227.8115234375
europe	52	cov_loss	gp	136	45435	475	4032	2.4291723052660625	21.9083058537132	45.8165352775558	19.503307	50.671127	571.3197	608.0	10395.735	-9787.7353515625
europe	52	cov_loss	gp	136	35933	938	4032	2.4291723052660625	44.5332814168748	61.8063773070573	35.962273	55.877068	1077.0139	11048.0	7338.4565	3709.54345703125
europe	52	cov_loss	gp	136	15145	1328	4032	2.4291723052660625	55.6256164257603	41.7455451929192	61.070423	38.302734	637.6745	32072.0	32700.248	-628.248046875
europe	52	cov_loss	gp	137	38498	279	4032	1.4271356383959453	29.2117780528196	39.7277808947791	58.222	40.538475	3226.3936	8658.0	26094.568	-17436.568359375
europe	52	cov_loss	gp	137	28450	1080	4032	1.4271356383959453	33.4104784219077	40.2473204561806	49.778767	50.447056	2003.6732	18563.0	11667.852	6895.1484375
europe	52	cov_loss	gp	137	8039	1239	4032	1.4271356383959453	56.9106321268507	38.6222454703537	50.980797	31.816319	794.8714	40905.0	43218.93	-2313.9296875
europe	52	cov_loss	gp	138	7858	224	4032	1.4243947664896648	58.6988960983175	40.1808201490914	50.21773	36.41093	973.6441	41132.0	43290.18	-2158.1796875
europe	52	cov_loss	gp	138	22894	227	4032	1.4243947664896648	-3.01206779561896	37.2295935801137	54.403942	48.33471	6466.3286	23935.0	24559.723	-624.72265625
europe	52	cov_loss	gp	138	31952	1270	4032	1.4243947664896648	43.9500269009791	59.5726290631109	59.34543	54.446075	1746.7821	15078.0	17530.867	-2452.8671875
europe	52	cov_loss	gp	139	41103	277	4032	2.4288803339004517	41.780232565325	54.2252145328393	37.132763	56.291824	546.3361	5970.0	8126.7144	-2156.71435546875
europe	52	cov_loss	gp	139	10363	365	4032	2.4288803339004517	61.2860567671242	40.6190218732308	59.387936	39.539818	219.24998	38000.0	34167.625	3832.375
europe	52	cov_loss	gp	139	41523	1041	4032	2.4288803339004517	23.4929116047862	49.4301157030907	14.892024	48.214558	964.83496	5479.0	9994.819	-4515.8193359375
europe	52	cov_loss	gp	140	6833	126	4032	1.4235854109128316	52.3275165958723	33.3482238896629	39.378605	31.587584	1446.1807	42466.0	43516.586	-1050.5859375
europe	52	cov_loss	gp	140	10118	690	4032	1.4235854109128316	61.8290726467159	39.8387473219431	57.19907	36.4794	548.4246	38267.0	40195.406	-1928.40625
europe	52	cov_loss	gp	140	34202	1312	4032	1.4235854109128316	29.4321678326805	58.1671838949776	44.310017	59.911373	1661.491	12792.0	11778.322	1013.677734375
europe	52	cov_loss	gp	141	13476	442	4032	1.4300523002942402	63.0284106830631	38.0800077108351	60.172676	39.814373	330.4949	34152.0	33526.285	625.71484375
europe	52	cov_loss	gp	141	36699	988	4032	1.4300523002942402	4.90301761307018	50.5780997294424	6.039622	46.16422	504.63815	10294.0	13392.586	-3098.5859375
europe	52	cov_loss	gp	141	21973	1114	4032	1.4300523002942402	36.8056233437101	38.326034232015	52.50857	45.526154	1834.3738	24832.0	25188.068	-356.068359375
europe	52	cov_loss	gp	142	33509	98	4032	1.427661911646525	36.4093350605688	56.7645615518985	53.348644	54.996147	1888.5618	13472.0	15146.916	-1674.916015625
europe	52	cov_loss	gp	142	18210	329	4032	1.427661911646525	62.8687239306053	39.4603583925588	49.15275	48.631397	1624.4279	28354.0	23551.018	4802.982421875
europe	52	cov_loss	gp	142	3780	879	4032	1.427661911646525	42.1951073915049	29.9648585174651	50.3287	32.64933	927.49365	46307.0	43265.56	3041.44140625
europe	52	cov_loss	gp	143	11156	335	4032	1.4244308630625406	58.7933653592836	38.1207343220138	61.919556	38.51487	348.28995	37002.0	34184.42	2817.578125
europe	52	cov_loss	gp	143	42555	593	4032	1.4244308630625406	16.9256852806476	53.314152918187	32.786346	42.72518	2058.9275	4191.0	8234.73	-4043.73046875
europe	52	cov_loss	gp	143	26880	995	4032	1.4244308630625406	1.22283960785271	46.9316844846967	59.20412	41.49099	6464.538	20070.0	30044.64	-9974.640625
europe	52	cov_loss	gp	144	28781	293	4032	1.4295872886975607	4.10723203588124	47.2599863080999	50.216557	53.252995	5157.8896	18212.0	24871.572	-6659.572265625
europe	52	cov_loss	gp	144	17366	1010	4032	1.4295872886975607	57.849148886923	42.5603627935218	56.54357	48.031727	360.02127	29336.0	27153.47	2182.529296875
europe	52	cov_loss	gp	144	1691	1023	4032	1.4295872886975607	32.7434539554463	30.2381791712779	32.90138	33.11837	269.69803	48929.0	49628.41	-699.41015625
europe	52	cov_loss	gp	145	35539	94	4032	1.4235019087791443	37.534571244591	40.1198916515281	29.077211	37.47432	971.8907	11475.0	9105.977	2369.0234375
europe	52	cov_loss	gp	145	26501	850	4032	1.4235019087791443	27.8738552131943	38.7375665597591	28.424837	53.48224	1446.006	20484.0	20199.277	284.72265625
europe	52	cov_loss	gp	146	16575	359	4032	1.4285038193066915	60.8868990588292	40.0937077662939	60.98978	40.983177	49.385742	30343.0	32195.78	-1852.779296875
europe	52	cov_loss	gp	146	6729	438	4032	1.4285038193066915	49.7908298669372	34.8546588054135	52.382248	36.39805	307.6384	42610.0	42414.8	195.19921875
europe	52	cov_loss	gp	146	21522	859	4032	1.4285038193066915	54.5085922013865	57.2400581030546	40.258106	54.60827	1596.6317	25231.0	23060.627	2170.373046875
europe	52	cov_loss	gp	147	17661	66	4032	1.429856816927592	56.6339347991741	41.7370794004122	40.441715	38.970364	1811.6066	28991.0	28536.762	454.23828125
europe	52	cov_loss	gp	147	38394	534	4032	1.429856816927592	28.6304594854688	37.680338547377	32.495182	38.58941	438.45706	8750.0	13106.517	-4356.5166015625
europe	52	cov_loss	gp	147	40472	1371	4032	1.429856816927592	35.6010467822661	50.2743927309073	29.836288	53.27876	699.81384	6659.0	5700.6367	958.36328125
europe	52	cov_loss	gp	148	15983	173	4032	2.431757648785909	62.4180740471628	40.3345706014771	59.355804	41.963627	351.70093	31082.0	30997.299	84.701171875
europe	52	cov_loss	gp	148	37355	1057	4032	2.431757648785909	32.832613018423	40.7615058176402	34.16268	39.191387	207.52751	9743.0	20616.273	-10873.2734375
europe	52	cov_loss	gp	148	43446	1155	4032	2.431757648785909	25.9054927209075	45.3589646855665	14.520438	46.621567	1272.7657	3230.0	2382.8542	847.145751953125
europe	52	cov_loss	gp	149	45375	74	4032	1.4297620058059692	21.598471361526	43.97108699993	15.792075	49.247257	851.6507	772.0	1905.4133	-1133.413330078125
europe	52	cov_loss	gp	149	15915	151	4032	1.4297620058059692	59.3069361560849	39.2473733392294	40.512394	37.787426	2092.3477	31182.0	26576.68	4605.3203125
europe	52	cov_loss	gp	149	13311	1260	4032	1.4297620058059692	56.8270916787538	41.2321179994376	60.847713	38.367863	476.371	34337.0	35025.78	-688.78125
europe	52	cov_loss	gp	150	43194	77	4032	1.4246488451957702	25.5557370855677	48.6053276985609	17.731253	45.091915	942.61884	3463.0	2236.1465	1226.853515625
europe	52	cov_loss	gp	150	32832	78	4032	1.4246488451957702	24.8995352132847	48.1993834424793	33.803474	45.876694	1015.24426	14194.0	19701.982	-5507.982421875
europe	52	cov_loss	gp	150	28249	1313	4032	1.4246488451957702	32.7649030066147	56.159177070352	10.687897	47.17665	2621.2874	18764.0	23792.568	-5028.568359375
europe	52	cov_loss	gp	151	7545	854	4032	2.4306761741638185	56.3078206356851	37.261691177706	59.018856	37.51499	301.8292	41549.0	40561.984	987.015625
europe	52	cov_loss	gp	151	13364	994	4032	2.4306761741638185	61.6563299266632	39.7557306847815	34.284298	37.00817	3049.874	34274.0	37927.94	-3653.94140625
europe	52	cov_loss	gp	151	662	1148	4032	2.4306761741638185	31.4255014545364	27.2482540535701	34.810585	29.623003	436.53012	50169.0	49656.74	512.26171875
europe	52	cov_loss	gp	152	39294	320	4032	1.4293867945671082	36.2669084513797	36.0387990755195	35.51587	36.531033	94.55303	7884.0	9776.787	-1892.787109375
europe	52	cov_loss	gp	152	42223	963	4032	1.4293867945671082	36.4372207373313	53.3505022604425	31.471216	56.43921	621.25055	4593.0	8792.008	-4199.0078125
europe	52	cov_loss	gp	152	1966	1105	4032	1.4293867945671082	38.3177228207161	32.4063163490027	40.749928	28.888298	405.1089	48549.0	47122.297	1426.703125
europe	52	cov_loss	gp	153	39048	448	4032	2.421277928352356	41.9103769608567	56.125429836423	25.04375	49.590744	1969.388	8120.0	6493.943	1626.05712890625
europe	52	cov_loss	gp	153	16154	856	4032	2.421277928352356	59.3564117759157	42.7224979339758	60.047256	39.45528	198.7039	30850.0	36679.066	-5829.06640625
europe	52	cov_loss	gp	153	36594	885	4032	2.421277928352356	34.1901837027177	37.1124268866459	35.094574	42.19378	475.54526	10432.0	14314.597	-3882.5966796875
europe	52	cov_loss	gp	154	42669	547	4032	1.4239455660184224	6.54313912383471	47.7275377326661	11.53417	46.44196	572.6401	4038.0	5599.014	-1561.01416015625
europe	52	cov_loss	gp	154	34661	806	4032	1.4239455660184224	17.414942885102	45.8871413905391	30.400614	45.87642	1443.9412	12330.0	15930.587	-3600.5869140625
europe	52	cov_loss	gp	154	4846	989	4032	1.4239455660184224	46.4881626169771	30.194267068512	47.050972	32.12775	159.99698	44984.0	44244.066	739.93359375
europe	52	cov_loss	gp	155	20948	55	4032	1.4209818561871848	61.0452502026229	41.247497380909	44.067574	39.2931	1892.2415	25750.0	16981.852	8768.1484375
europe	52	cov_loss	gp	155	2632	579	4032	1.4209818561871848	36.1171512270578	30.5095523127043	44.484924	31.263653	932.63684	47737.0	47928.176	-191.17578125
europe	52	cov_loss	gp	155	19930	1000	4032	1.4209818561871848	58.6965425167801	42.0992245069716	35.489037	39.759796	2586.2512	26804.0	18713.223	8090.77734375
europe	52	cov_loss	gp	156	7059	641	4032	1.4270199894905091	54.994972398733	33.7536917636554	49.048294	34.37778	662.6106	42198.0	42990.164	-792.1640625
europe	52	cov_loss	gp	156	31687	723	4032	1.4270199894905091	24.2497935355566	48.2806196046203	22.036467	48.163895	246.39993	15327.0	20718.342	-5391.341796875
europe	52	cov_loss	gp	156	11571	1125	4032	1.4270199894905091	60.6484192834436	42.5253993632515	54.56174	36.975853	752.6198	36527.0	39593.53	-3066.53125
europe	52	cov_loss	gp	157	31990	39	4032	1.426395877202352	31.7764999414903	37.0935610273014	30.131977	41.08996	422.64886	15051.0	26434.367	-11383.3671875
europe	52	cov_loss	gp	157	5233	190	4032	1.426395877202352	51.0563139082162	32.7423576490274	45.949516	32.468563	568.2069	44494.0	42963.656	1530.34375
europe	52	cov_loss	gp	157	15266	576	4032	1.426395877202352	56.9657711014203	39.8791722696806	58.2771	43.78418	274.40076	31919.0	29020.502	2898.498046875
europe	52	cov_loss	gp	158	3713	653	4032	1.421174959341685	41.0333292626671	27.8456173082805	45.140114	31.135372	528.94617	46376.0	45681.03	694.96875
europe	52	cov_loss	gp	158	10373	1229	4032	1.421174959341685	58.4547185638735	37.9600726675478	58.363514	39.01177	62.09392	37977.0	35559.51	2417.48828125
europe	52	cov_loss	gp	158	43843	1436	4032	1.421174959341685	20.0081182311982	44.4642927367197	34.573784	43.442825	1622.7402	2798.0	9515.95	-6717.9501953125
europe	52	cov_loss	gp	159	27128	664	4032	1.4313216010729473	30.8350475716694	37.1438354244306	38.314148	35.695026	842.11444	19825.0	22550.07	-2725.0703125
europe	52	cov_loss	gp	159	4575	1161	4032	1.4313216010729473	48.6810376510369	30.7102838103088	43.393597	32.35864	601.5061	45339.0	45481.984	-142.984375
europe	52	cov_loss	gp	159	13958	1389	4032	1.4313216010729473	63.2368051174839	39.8877263615298	60.954086	39.875313	253.82758	33596.0	31696.508	1899.4921875
europe	52	cov_loss	gp	160	27092	181	4032	1.4210315267244975	13.279498056327	48.6147719617215	59.47962	42.31589	5163.506	19857.0	29457.877	-9600.876953125
europe	52	cov_loss	gp	160	30881	406	4032	1.4210315267244975	35.5586041588105	38.6768635103388	32.49266	40.222446	369.46033	16148.0	13102.604	3045.396484375
europe	52	cov_loss	gp	160	2553	796	4032	1.4210315267244975	35.4662122597621	30.950359701343	46.40711	29.332897	1224.0604	47840.0	45395.992	2444.0078125
europe	52	cov_loss	gp	161	22492	142	4032	1.4269017736117044	58.1130418103818	58.5084095824631	31.289154	38.472706	3347.9023	24309.0	16707.771	7601.228515625
europe	52	cov_loss	gp	161	44327	392	4032	1.4269017736117044	21.0444906934616	43.4516609053944	15.618481	49.529945	880.45276	2261.0	2753.2046	-492.20458984375
europe	52	cov_loss	gp	161	41214	1478	4032	1.4269017736117044	15.2131672520337	50.0232486144787	17.781532	48.217995	344.381	5825.0	6860.666	-1035.666015625
europe	52	cov_loss	gp	162	40119	592	4032	1.4246503909428914	28.4879130881388	39.4271351182437	33.637745	38.512955	579.20856	7042.0	10398.505	-3356.5048828125
europe	52	cov_loss	gp	162	4644	652	4032	1.4246503909428914	46.0611702950947	30.7628379456362	43.769375	29.190054	283.3203	45254.0	46144.44	-890.44140625
europe	52	cov_loss	gp	162	39411	982	4032	1.4246503909428914	18.5671534585249	48.217221763526	15.710496	46.61727	360.2681	7749.0	15809.538	-8060.5380859375
europe	52	cov_loss	gp	163	757	563	4032	1.4204418977101645	30.7754270728005	30.6471272103514	36.695995	29.141394	672.8698	50063.0	48764.895	1298.10546875
europe	52	cov_loss	gp	163	41470	1142	4032	1.4204418977101645	37.1542945728673	40.5454081356031	33.710724	39.698288	390.51785	5531.0	12339.329	-6808.3291015625
europe	52	cov_loss	gp	163	45222	1216	4032	1.4204418977101645	25.4752692332846	51.736295690497	22.201109	49.807186	413.55435	1084.0	1684.5502	-600.5501708984375
europe	52	cov_loss	gp	164	31027	50	4032	1.4256049116452536	40.654809711974	38.5596711926523	33.825268	39.165443	761.2951	16013.0	18565.771	-2552.771484375
europe	52	cov_loss	gp	164	13089	935	4032	1.4256049116452536	62.5283503166919	41.1291299401891	60.07536	39.478077	286.62967	34608.0	31671.197	2936.802734375
europe	52	cov_loss	gp	164	10507	1460	4032	1.4256049116452536	64.0019468154059	40.0674629753703	55.87802	36.155224	928.8149	37816.0	41194.81	-3378.80859375
europe	52	cov_loss	gp	165	41313	144	4032	1.4205973386764525	4.80797535025713	49.2673216487665	10.936436	51.63336	729.5403	5712.0	15764.979	-10052.978515625
europe	52	cov_loss	gp	165	20539	886	4032	1.4205973386764525	46.4053968087398	59.4993332181671	36.71522	45.80913	1563.7552	26178.0	24779.094	1398.90625
europe	52	cov_loss	gp	165	15055	907	4032	1.4205973386764525	62.4028714369929	40.2103860171529	56.124744	38.54983	704.3851	32203.0	36325.65	-4122.6484375
europe	52	cov_loss	gp	166	14272	127	4032	1.4270336906115213	61.8856509411336	38.6600325100636	61.4628	39.161137	53.941875	33245.0	33367.67	-122.671875
europe	52	cov_loss	gp	166	45213	881	4032	1.4270336906115213	9.09269698519931	48.111734678735	9.164732	47.536766	63.630177	1111.0	3898.2278	-2787.227783203125
europe	52	cov_loss	gp	166	35263	945	4032	1.4270336906115213	19.6657023178323	47.1973300625315	36.963657	47.874336	1924.5697	11735.0	22595.498	-10860.498046875
europe	52	cov_loss	gp	167	22359	192	4032	1.4268467903137207	42.5840605965465	60.0374123068403	43.72762	59.55553	133.02948	24433.0	10126.672	14306.328125
europe	52	cov_loss	gp	167	34414	570	4032	1.4268467903137207	33.1088803381016	37.349615078195	36.905956	38.66134	438.77747	12592.0	18629.447	-6037.447265625
europe	52	cov_loss	gp	167	12144	1049	4032	1.4268467903137207	63.2071605465268	41.39359804092	55.858135	40.393955	819.08997	35705.0	38182.574	-2477.57421875
europe	52	cov_loss	gp	168	19665	892	4032	1.4211250821749368	60.8720035188695	37.3545823484321	60.34423	42.42145	282.59268	27058.0	31170.883	-4112.8828125
europe	52	cov_loss	gp	168	11940	897	4032	1.4211250821749368	62.0952978896213	42.5594658006239	54.322536	46.32964	891.6869	35961.0	32593.846	3367.154296875
europe	52	cov_loss	gp	168	36567	1169	4032	1.4211250821749368	36.1164318722046	61.8178483016446	33.475338	50.04879	1113.2429	10438.0	8068.679	2369.32080078125
europe	52	cov_loss	gp	169	15914	390	4032	2.4255624055862426	56.8191714729376	40.8432472231931	62.566666	42.5805	646.4233	31190.0	29317.113	1872.88671875
europe	52	cov_loss	gp	169	25640	634	4032	2.4255624055862426	43.4078826553694	60.5387094102209	32.67025	56.063457	1256.13	21322.0	19559.857	1762.142578125
europe	52	cov_loss	gp	169	16714	1468	4032	2.4255624055862426	62.8044918380455	38.9420999539146	61.153458	42.146923	248.40321	30175.0	28401.729	1773.271484375
europe	52	cov_loss	gp	170	42784	0	4032	1.420375104745229	30.5757413717946	53.605454360429	46.574806	57.869762	1816.5018	3867.0	15452.269	-11585.2685546875
europe	52	cov_loss	gp	170	26883	343	4032	1.420375104745229	42.1041608790044	58.5091373689058	41.40625	58.550575	77.680176	20080.0	16918.959	3161.041015625
europe	52	cov_loss	gp	170	16824	845	4032	1.420375104745229	60.7617543494149	40.673952082659	41.778427	42.22663	2113.4673	30033.0	28253.926	1779.07421875
europe	52	cov_loss	gp	171	13832	433	4032	1.4269113858540854	63.0728218484587	38.9683294245531	57.166813	37.25564	663.47534	33774.0	36393.66	-2619.66015625
europe	52	cov_loss	gp	171	13625	798	4032	1.4269113858540854	55.2724158938497	39.9769156195283	61.42793	38.635605	688.8834	33999.0	37999.82	-4000.8203125
europe	52	cov_loss	gp	171	26228	1113	4032	1.4269113858540854	34.1629281184942	40.6155647501478	37.58064	36.191093	550.64526	20779.0	23203.367	-2424.3671875
europe	52	cov_loss	gp	172	26104	405	4032	1.4244933048884074	13.2940033039108	45.712868944195	27.666153	43.722492	1611.4034	20875.0	17837.775	3037.224609375
europe	52	cov_loss	gp	172	35562	410	4032	1.4244933048884074	32.1750205572851	37.9767035694312	47.36561	40.88973	1707.0354	11444.0	17553.066	-6109.06640625
europe	52	cov_loss	gp	172	25903	478	4032	1.4244933048884074	58.3748875359266	57.5739147778461	41.054268	49.12318	2015.8081	21066.0	16875.553	4190.447265625
europe	52	cov_loss	gp	173	40497	823	4032	1.4212589740753174	31.8575362851525	53.7799289354838	33.65987	53.407883	203.4071	6626.0	4400.025	2225.97509765625
europe	52	cov_loss	gp	173	36795	1082	4032	1.4212589740753174	37.869088964092	53.8793459495037	24.712824	51.947193	1474.2788	10212.0	2977.6865	7234.3134765625
europe	52	cov_loss	gp	173	44121	1449	4032	1.4212589740753174	16.8906543926279	53.2052033201914	18.960478	48.93376	507.10193	2464.0	2796.1887	-332.188720703125
europe	52	cov_loss	gp	174	6194	377	4032	1.4234091718991597	51.7061618445837	30.9944740657641	48.90749	34.249523	387.57764	43295.0	42302.348	992.65234375
europe	52	cov_loss	gp	174	21523	480	4032	1.4234091718991597	59.8753022123124	40.521159883505	36.838615	38.834187	2564.3958	25226.0	19404.152	5821.84765625
europe	52	cov_loss	gp	174	27254	1176	4032	1.4234091718991597	22.2267896488306	49.2454394192187	35.961124	51.77856	1546.7129	19690.0	24382.406	-4692.40625
europe	52	cov_loss	gp	175	17182	887	4032	1.420732843875885	63.4318248005469	40.6419466400989	41.200756	55.031067	2644.0813	29601.0	25008.29	4592.7109375
europe	52	cov_loss	gp	175	30628	1101	4032	1.420732843875885	19.9999146702859	42.5722911864245	23.698544	53.61878	1211.484	16406.0	14236.844	2169.15625
europe	52	cov_loss	gp	175	20502	1163	4032	1.420732843875885	34.2300775456642	40.1295789065805	60.484085	39.779182	2919.4226	26212.0	27352.213	-1140.212890625
europe	52	cov_loss	gp	176	45421	75	4032	2.4274371822675067	24.4122074309691	45.4209638593931	17.342764	48.17423	836.42334	647.0	2618.0862	-1971.086181640625
europe	52	cov_loss	gp	176	14765	164	4032	2.4274371822675067	60.5397473844716	42.0173981855466	61.007767	38.82702	180.83975	32632.0	34242.61	-1610.609375
europe	52	cov_loss	gp	176	4822	317	4032	2.4274371822675067	47.3937570850007	33.0908647036868	45.83731	31.198566	225.46748	45011.0	45214.23	-203.23046875
europe	52	cov_loss	gp	177	18696	428	4032	1.4258618871370952	59.573754541568	41.7851858594318	45.578407	42.42827	1556.7996	27992.0	26066.404	1925.595703125
europe	52	cov_loss	gp	177	19780	567	4032	1.4258618871370952	63.0590638681136	37.874708850906	34.957367	37.19597	3125.118	26938.0	18382.72	8555.279296875
europe	52	cov_loss	gp	177	740	1353	4032	1.4258618871370952	34.0547844550215	28.3765750637495	36.5171	28.649761	274.91742	50088.0	47957.67	2130.328125
europe	52	cov_loss	gp	178	7475	401	4032	2.4188442707061766	55.0014380737887	33.558636663864	56.869663	38.54007	373.24158	41651.0	40790.58	860.421875
europe	52	cov_loss	gp	178	16822	643	4032	2.4188442707061766	60.0189140307335	42.0094046227588	56.793175	44.801777	393.7643	30035.0	24708.814	5326.185546875
europe	52	cov_loss	gp	178	3405	1461	4032	2.4188442707061766	43.4968773047329	31.48616267721	41.36791	30.052076	264.3626	46801.0	46286.16	514.83984375
europe	52	cov_loss	gp	179	8161	1	4032	1.4239304979642233	58.2851504133887	37.3355221812401	51.4849	34.40771	778.80676	40760.0	41414.91	-654.91015625
europe	52	cov_loss	gp	179	33840	81	4032	1.4239304979642233	7.18802290457899	45.0622865262629	13.825803	46.08208	746.45087	13148.0	8104.804	5043.19580078125
europe	52	cov_loss	gp	179	9545	248	4032	1.4239304979642233	62.9626838585148	37.3743516396984	57.137817	38.229534	649.41815	39001.0	38616.066	384.93359375
europe	52	cov_loss	gp	180	44914	553	4032	1.420494254430135	-1.69797350046527	43.4870136963918	12.779255	45.204636	1620.9188	1567.0	3258.0466	-1691.046630859375
europe	52	cov_loss	gp	180	35200	555	4032	1.420494254430135	28.976316622087	38.3631881911043	30.350113	36.821312	213.37323	11812.0	10316.487	1495.5126953125
europe	52	cov_loss	gp	180	17737	1123	4032	1.420494254430135	61.1548410181021	37.6906565651635	28.476341	39.15408	3635.3152	28914.0	24541.627	4372.373046875
europe	52	cov_loss	gp	181	24993	89	4032	1.4245936473210652	-4.40613192465563	42.0905433590082	31.409172	40.391644	3986.551	21936.0	17221.91	4714.08984375
europe	52	cov_loss	gp	181	37029	235	4032	1.4245936473210652	21.4294386735337	41.0923782893246	13.857872	46.818268	1037.4178	9999.0	2018.6808	7980.3192138671875
europe	52	cov_loss	gp	181	26280	1058	4032	1.4245936473210652	33.7595735290507	38.6906925690582	59.767998	42.858757	2908.0488	20721.0	28409.656	-7688.65625
europe	52	cov_loss	gp	182	31033	29	4032	1.917711349328359	48.5840576058792	58.1755922832443	34.763557	56.118774	1546.08	15996.0	14659.873	1336.126953125
europe	52	cov_loss	gp	182	2211	218	4032	1.917711349328359	40.9532003045595	30.8271981900136	39.90655	29.408838	167.1998	48238.0	45124.848	3113.15234375
europe	52	cov_loss	gp	182	45212	1366	4032	1.917711349328359	14.7522265813415	45.0712086480875	20.249016	50.057045	807.9938	1113.0	4168.4214	-3055.42138671875
europe	52	cov_loss	gp	183	12701	1306	4032	1.4193220059076945	56.7532834803045	41.4275291577571	58.35256	39.994106	197.31335	35010.0	37347.26	-2337.26171875
europe	52	cov_loss	gp	183	28941	1451	4032	1.4193220059076945	3.59381872665867	49.1696012211861	11.437113	44.563847	1008.9547	18027.0	19741.52	-1714.51953125
europe	52	cov_loss	gp	183	17266	1493	4032	1.4193220059076945	58.0714640047758	39.3395024009256	55.80748	38.168873	261.55658	29457.0	33536.406	-4079.40625
europe	52	cov_loss	gp	184	20592	274	4032	1.4238971908887228	34.3148374670825	54.9236298001832	30.102402	41.30073	1363.1945	26113.0	19562.725	6550.275390625
europe	52	cov_loss	gp	184	43414	586	4032	1.4238971908887228	27.1982220115312	52.5920855481778	28.539312	52.406662	150.23224	3249.0	3288.5837	-39.583740234375
europe	52	cov_loss	gp	184	42271	1007	4032	1.4238971908887228	35.5392483357796	57.4499557379712	38.00058	55.790066	311.0545	4531.0	10238.756	-5707.755859375
