sim	exp	nam	ind	typ	group	index	n_snps	run_time	real_latitude_norm	real_longitude_norm	real_time_norm	pred_latitude_norm	pred_longitude_norm	pred_time_norm	real_latitude	real_longitude	real_time	pred_latitude	pred_longitude	pred_time
europe	24	gp	41517	gp	0	44	1500	1.5036832610766093	-0.30076622530619634	1.7085159856958294	-1.3749213085993424	-0.31151742	0.11957099	-0.10514851	35.8414074795135	57.5975768739416	5468.0	35.6649	43.66947	23835.092
europe	24	gp	37861	gp	0	118	1500	1.5036832610766093	-2.2769378342520756	0.5755739236916918	-1.1134601667099344	-0.533832	0.7329736	-0.44438094	3.397972489702518	47.6666244743717	9250.0	32.015095	49.046333	18928.14
europe	24	gp	5791	gp	0	511	1500	1.5036832610766093	0.6370503046266661	-1.4482014487649946	1.2755701559427017	-0.78078777	0.3930359	-0.5436868	51.2378383782838	29.9269557257894	43807.0	27.960743	46.066566	17491.695
europe	24	gp	10238	gp	1	212	1500	1.3749335726102194	1.021754877791168	-0.2458928399654868	0.8816740771375083	-1.1654502	1.1441647	-0.8681918	57.7028001632235	40.4796735690085	38132.0	21.58561	52.601692	12883.448
europe	24	gp	6002	gp	1	414	1500	1.3749335726102194	0.6836680924821001	-1.1602709187368003	1.2566866482226264	0.3254955	-0.19391601	0.20171838	52.1199928476129	32.505825223989	43543.0	46.20551	40.932938	28321.021
europe	24	gp	24096	gp	1	812	1500	1.3749335726102194	-0.34486821507546617	1.512153011106359	-0.18507763126059493	0.45141572	-0.28473216	0.3492738	35.1358329463194	55.8107399249241	22740.0	48.28482	40.140976	30450.076
europe	24	gp	35501	gp	2	114	1500	0.6917343298594157	-0.1501855597834434	-0.522626646435882	-0.9628125403838732	0.18008162	-0.1383686	0.06262496	38.1263306403452	38.0222815780417	11513.0	43.616978	41.356926	26331.639
europe	24	gp	32167	gp	2	506	1500	0.6917343298594157	-0.3691132879556241	-0.3377496464342066	-0.730580113635775	0.037741292	-0.037666142	-0.0038021798	34.4866881035754	39.6266680318994	14869.0	41.25059	42.230835	25371.697
europe	24	gp	45376	gp	2	843	1500	0.6917343298594157	-2.5966259476261	-0.40595261141834466	-1.70615006366399	0.18101746	-0.13886604	0.062106736	-2.545395018182859	39.0347939040604	771.0	43.632534	41.352608	26324.15
europe	24	gp	32783	gp	3	63	1500	0.6917355060577393	-1.0379872639210488	0.6132811601916456	-0.7617487590275552	0.08623503	-0.039725814	0.052569613	23.5268834814022	47.9716303305564	14253.0	42.171745	42.266228	26086.855
europe	24	gp	27031	gp	3	787	1500	0.6917355060577393	-0.3981671925820867	-0.5060698233427874	-0.37103080578659003	0.040445954	-0.109606974	-0.026316814	34.1380915796521	38.1917168596371	19931.0	41.41235	41.655666	24940.46
europe	24	gp	14167	gp	3	946	1500	0.6917355060577393	1.105783767262051	-0.1648113632158661	0.5541546259366886	0.022911679	-0.1093553	-0.05184748	59.0806298327452	41.1733359052756	33376.0	41.121548	41.657864	24569.443
europe	24	gp	38456	gp	4	257	1500	0.6919421037038167	-0.3198864186674138	-0.4695390571303576	-1.1518535305501183	0.13810115	-0.08446616	0.082745686	35.4420214621576	38.5987428412494	8681.0	43.047	41.93306	26400.262
europe	24	gp	9174	gp	4	326	1500	0.6919421037038167	0.970040304550551	-0.09406490237547814	0.9931778445142047	0.12765469	-0.120787226	0.049071744	56.8615219497753	41.8499460399477	39467.0	42.873535	41.61856	25916.965
europe	24	gp	38068	gp	4	1456	1500	0.6919421037038167	-1.7251716455876278	0.6703972238254979	-1.1274670892692598	0.090841524	-0.13174395	0.06227475	12.1069691204493	48.4693675860482	9031.0	42.262245	41.523685	26106.457
europe	24	gp	42576	gp	5	353	1500	1.3774287184079488	-1.3651526106522938	0.22290660408490742	-1.469942155427047	-0.014113951	-0.045007005	-0.07337042	18.3710671340034	44.4680168446108	4162.0	40.616146	42.146595	24339.57
europe	24	gp	11736	gp	5	667	1500	1.3774287184079488	1.4254074902201634	-0.33475748081526885	0.7530060438674416	0.29066068	-0.20983678	0.20200796	64.3181039884999	39.6359597497797	36279.0	45.634308	40.718376	28318.219
europe	24	gp	27061	gp	5	754	1500	1.3774287184079488	0.7427795561208713	1.6799594105086901	-0.38072037841495476	0.2797246	-0.21419267	0.20456183	53.07852135555	57.0931123841306	19899.0	45.454247	40.68063	28355.115
europe	24	gp	14248	gp	6	219	1500	1.374490169684092	1.2893573711602155	-0.39820003290766354	0.5419851919941128	-0.08198569	-0.06255919	-0.07185377	61.9388608792826	39.0935802129445	33287.0	39.452816	42.031937	24433.959
europe	24	gp	8328	gp	6	234	1500	1.374490169684092	1.021812192598266	-0.46654571335220185	1.0436348588200135	-0.084663264	-0.06339422	-0.07434131	57.5518963903799	38.4952504696221	40522.0	39.40891	42.024628	24398.082
europe	24	gp	29420	gp	6	362	1500	1.374490169684092	0.6458393249837132	1.3832743517442423	-0.5482621281400221	0.008389387	-0.05116431	-0.049824174	51.3870324676535	54.6894321288411	17563.0	40.934704	42.13169	24751.68
europe	24	gp	13698	gp	7	541	1500	1.3743625998497009	0.982203895709542	-0.3210917674651099	0.5898661765878637	-0.23661096	0.77835137	-0.21181262	56.7472923618419	39.7878993465107	33902.0	36.57323	49.383095	22263.658
europe	24	gp	4442	gp	7	1338	1500	1.3743625998497009	0.11044504469227609	-1.4423442593131306	1.3882839478144506	0.19522719	-0.104800425	0.06144204	42.3177685565776	30.0023654354624	45493.0	43.7211	41.675545	26230.623
europe	24	gp	2240	gp	7	1394	1500	1.3743625998497009	-0.10116083737520697	-1.5216400183298102	1.5761955757935835	-0.043009937	0.07598198	-0.08640918	38.8152264154067	29.3103256455832	48221.0	39.777752	43.253292	24084.2
europe	24	gp	4572	gp	8	784	1500	0.691656748453776	0.20996321541739674	-1.1981447384347068	1.399655343042823	0.2160363	-0.21478358	-0.024521528	44.2145705091229	32.2107071188628	45352.0	44.31536	40.688972	24991.586
europe	24	gp	43789	gp	8	951	1500	0.691656748453776	-1.4902773387087715	0.9197141471742916	-1.5728685769843709	0.7235684	-0.38438517	0.26163113	15.997236586647197	50.4703016185216	2856.0	52.738403	39.226715	29082.502
europe	24	gp	17718	gp	8	1438	1500	0.691656748453776	1.2509494951597493	-0.14766993547758575	0.2500546600221402	0.3762954	-0.29396772	0.07532709	61.4908655562683	41.2676107985385	28917.0	46.975033	40.00627	26419.049
europe	24	gp	39916	gp	9	149	1500	1.3746058146158855	0.5051309090882549	1.2840814915822303	-1.2660564091415134	0.024519531	0.03677013	0.048957873	49.2496085737833	53.7005236094667	7236.0	41.26656	42.868378	26178.508
europe	24	gp	45071	gp	9	743	1500	1.3746058146158855	-1.0392335144604004	0.5673477057311642	-1.6746010122635457	0.70200944	-0.22987363	0.39596912	23.5974050959309	47.4761251101504	1351.0	52.519802	40.552742	31177.133
europe	24	gp	44800	gp	9	1265	1500	1.3746058146158855	-1.0983265432661473	0.01885152791545577	-1.6473878458363858	-0.060379494	-0.02166954	-0.071870774	22.615858010325	42.7127682634756	1743.0	39.85637	42.360867	24437.996
europe	24	gp	18843	gp	10	704	1500	1.3781253894170125	0.11919302861016018	1.873406064152177	0.19175566502867195	0.35875028	-0.1355786	0.26137456	42.4091434519272	58.8884548521039	27913.0	46.382423	41.478313	28916.746
europe	24	gp	7197	gp	10	1035	1500	1.3781253894170125	0.677658252723692	-0.9887945935715584	1.1686092185908703	0.34686399	-0.18387328	0.19091755	51.6718074463212	34.0842242550324	41997.0	46.18528	41.059784	27900.916
europe	24	gp	8335	gp	10	1152	1500	1.3781253894170125	1.094077514582504	-0.8668452168452037	1.065194801638212	0.346986	-0.18391256	0.19096601	58.5785073388961	35.1410545835864	40506.0	46.1873	41.059444	27901.615
europe	24	gp	6958	gp	11	112	1500	0.6917817711830139	0.8632132066104488	-1.3104706241666768	1.1685741021948226	0.10753578	-0.08702246	-0.026349463	55.1215619693074	31.2006759405829	42321.0	42.637665	41.787636	25038.451
europe	24	gp	14593	gp	11	711	1500	0.6917817711830139	1.2715892670714348	-0.5795745472559484	0.5147126972449512	0.07495719	-0.07463403	0.16451372	61.8679915925219	37.5253955694613	32864.0	42.099464	41.894836	27798.963
europe	24	gp	20253	gp	11	1321	1500	0.6917817711830139	1.2640509540879894	-0.30699722016077013	0.07269768594702072	0.23257257	-0.13085572	0.018228916	61.7434576079314	39.8841100646229	26471.0	44.703293	41.40833	25683.201
europe	24	gp	5391	gp	12	499	1500	1.3745959321657817	0.577958227931277	-1.2512384125294016	1.3191119656486296	-0.23007248	0.0190199	-0.11071126	50.1656911909317	31.8066945939006	44307.0	36.713787	42.880108	23616.475
europe	24	gp	25368	gp	12	539	1500	1.3745959321657817	1.0700745892481767	1.6383355003188382	-0.2515804887657546	0.27694577	-0.18491584	0.097087786	58.3583282706988	56.9964098763196	21578.0	45.154507	41.102306	26623.47
europe	24	gp	40527	gp	12	651	1500	1.3745959321657817	-0.019841478062926778	1.037449351916051	-1.2864310983330653	0.45325962	-0.29818386	0.2066241	40.2136627225098	51.7582150933054	6603.0	48.089737	40.1149	28208.535
europe	24	gp	4495	gp	13	717	1500	1.374514067173004	0.3349817355568075	-1.7666466382002186	1.3900183907200006	-0.4315609	0.64997816	-0.7552883	46.4261353683186	27.2392454851372	45418.0	33.82761	48.064674	14614.525
europe	24	gp	16689	gp	13	894	1500	1.374514067173004	1.2756458743938937	-0.18134016744081782	0.3311364425554622	-0.26244393	0.029191867	-0.23965845	61.8864364009685	40.9007328923811	30214.0	36.607136	42.715008	22018.219
europe	24	gp	32860	gp	13	1336	1500	1.374514067173004	-1.0331065799384902	0.6023413944373427	-0.7872223001192389	0.78065675	-0.465443	0.7224851	23.9408972014245	47.6541625833349	14156.0	53.751034	38.452457	35833.195
europe	24	gp	33987	gp	14	546	1500	0.6920599818229676	-0.5875838891582152	-0.42366269356871517	-0.8655521721274452	0.063003644	-0.121569276	-0.0029463342	31.2937899710193	38.9495468339423	13013.0	42.112717	41.577946	25454.785
europe	24	gp	3138	gp	14	820	1500	0.6920599818229676	0.14848469199462672	-1.4409001762915363	1.501559169866296	0.07713487	-0.06162237	0.023546638	43.5342202655114	30.098955670498	47155.0	42.34771	42.09952	25836.906
europe	24	gp	15570	gp	14	920	1500	0.6920599818229676	1.203619962019474	-0.2499580190505667	0.41901929247509817	0.1066896	-0.049970224	0.020597233	61.0805604499696	40.4608842388757	31541.0	42.83919	42.2009	25794.365
europe	24	gp	4175	gp	15	1053	1500	1.3782910466194154	0.362435020716537	-1.8140135272009532	1.4117516632357856	0.26073626	-0.19592169	0.12193291	46.5954393441919	26.8596151584228	45817.0	44.89618	40.88848	27215.652
europe	24	gp	8103	gp	15	1062	1500	1.3782910466194154	1.0489318202258282	-0.49709368588599023	1.066368752630812	-0.81940293	0.19827464	-0.677486	58.0659533933643	38.2773182241327	40836.0	26.848385	44.306168	15686.693
europe	24	gp	17612	gp	15	1186	1500	1.3782910466194154	1.0742622770328585	-0.3387964337649975	0.24982003645250142	0.12715296	-0.15216187	0.014967224	58.4891940565177	39.6497563666324	29060.0	42.664165	41.26788	25673.027
europe	24	gp	27841	gp	16	341	1500	1.3748244603474935	0.14902521111953462	2.1242435022322392	-0.4349433516049472	0.063810416	-0.090638384	0.04356146	43.2247583169473	60.9228437170131	19145.0	41.82034	41.731926	26067.998
europe	24	gp	31987	gp	16	958	1500	1.3748244603474935	-0.33870449424914023	-0.28032588630145666	-0.7178439213966341	0.0035132917	0.19253714	-0.06544486	35.1865034448227	40.0883709184305	15052.0	40.826584	44.18551	24490.896
europe	24	gp	29740	gp	16	1285	1500	1.3748244603474935	-0.3142837677070098	-0.1602552782314644	-0.5643325200999479	-0.17299525	0.74218756	-0.47147274	35.5889805175688	41.1287267632951	17273.0	37.917553	48.947975	18616.494
europe	24	gp	42954	gp	17	120	1500	1.3745370745658874	-0.9691519403284347	1.2005718932036495	-1.5073243568250665	0.006911373	-0.099065185	-0.037761338	24.7008968320247	53.039752654526	3686.0	40.781113	41.660343	24997.191
europe	24	gp	29313	gp	17	668	1500	1.3745370745658874	-2.4488400531421153	0.6425963858045524	-0.5450936728212735	-0.08379326	-0.05068259	-0.094198205	0.32368111694731283	48.1542102534225	17640.0	39.286793	42.083973	24178.76
europe	24	gp	44631	gp	17	1124	1500	1.3745370745658874	-0.9682988316750125	0.017539211518390458	-1.627654910328479	-0.1648333	-0.17426759	-0.14011294	24.7149514246735	42.6813117344114	1941.0	37.951694	41.00188	23512.916
europe	24	gp	15797	gp	18	223	1500	1.3743069887161254	1.0022258189771838	0.00957854204593538	0.4198979698932097	0.8050866	-0.7568687	0.9576791	57.0801751338074	42.7599316478913	31299.0	53.79315	36.081085	39105.04
europe	24	gp	43230	gp	18	413	1500	1.3743069887161254	-1.017903136236187	-0.015491783104494785	-1.499803809580108	0.72784466	-0.9272222	1.0621303	23.3973173471527	42.5414680085358	3434.0	52.50525	34.59662	40621.18
europe	24	gp	7965	gp	18	1122	1500	1.3743069887161254	0.8668393368166674	-0.5446747292300056	1.0868505242474602	0.52021897	-0.26681927	0.2901192	54.8227926963746	37.9301503809517	40980.0	49.043377	40.35139	29415.225
europe	24	gp	3284	gp	19	355	1500	1.3742429574330648	0.18659725332584415	-1.5740145484687151	1.5086784717896773	-0.32833928	0.2492052	-0.26375288	44.0601571404228	29.0049520909327	46984.0	35.522423	44.821457	21522.154
europe	24	gp	12451	gp	19	371	1500	1.3742429574330648	1.2772942242161713	-0.6066778369067678	0.6958972938933923	-0.08508965	-0.004977177	-0.11445659	62.1440912718244	37.3966377810528	35308.0	39.555542	42.616413	23666.87
europe	24	gp	8261	gp	19	1433	1500	1.3742429574330648	0.9156943438776711	-0.5964538235518362	1.0651154651474086	-0.13772386	0.038243234	-0.16428013	56.1487061259151	37.4853315166887	40612.0	38.682858	42.991352	22951.129
europe	24	gp	38966	gp	20	201	1500	0.6963590780893961	1.0435135663568211	1.9872400034516562	-1.2019783833627973	0.044184484	-0.12055411	0.114230484	58.2178121381502	59.862226177942	8189.0	41.695568	41.576706	27104.766
europe	24	gp	5532	gp	20	1157	1500	0.6963590780893961	0.664538576904162	-1.2169463003849845	1.300213367824688	-0.020719044	-0.05203852	-0.024477538	51.9520905503001	32.0652887834136	44149.0	40.622494	42.171093	25111.336
europe	24	gp	42029	gp	20	1289	1500	0.6963590780893961	-0.24471527171859536	1.491914316448632	-1.4359152206123058	-0.015771963	-0.041244127	0.0033970438	36.9190893583756	55.5651798123675	4827.0	40.704285	42.264736	25511.934
europe	24	gp	26787	gp	21	286	1500	1.3744303226470946	-2.21009698499411	0.2606648142494359	-0.3442016846976312	-0.8868466	0.29098967	-0.8027698	4.054472059766198	44.9185514762032	20166.0	25.94254	45.181232	13526.374
europe	24	gp	9787	gp	21	869	1500	1.3744303226470946	1.3077591605126209	-0.55025145699855	0.9326095454352102	0.0037914799	-0.12640776	0.16258489	62.2438100780812	37.8942457031233	38653.0	40.6747	41.56566	27503.781
europe	24	gp	14701	gp	21	1342	1500	1.3744303226470946	1.0293674283294811	-0.21782467862656074	0.5224303981555571	-0.88116455	0.22335248	-0.771011	57.6388944887385	40.7737875513231	32714.0	26.036526	44.595345	13986.211
europe	24	gp	12398	gp	22	2	1500	0.6919126311937968	1.3490544720106432	-0.5302584245112391	0.6821216021736229	0.01356449	-0.0011063628	-0.03148909	62.8855568099032	37.8928083391232	35375.0	40.82961	42.50184	25022.62
europe	24	gp	35497	gp	22	1061	1500	0.6919126311937968	-0.8667735653421204	0.11859629940769698	-0.9638376977773788	-0.24815759	0.16742888	-0.17512102	26.2906066511456	43.5444757661429	11497.0	36.507202	43.96982	22938.945
europe	24	gp	32946	gp	22	1177	1500	0.6919126311937968	-1.0721461194661286	0.38510493080074265	-0.7856483690910006	-0.2248481	0.26962137	-0.19420022	22.8988279321058	45.8658245912951	14082.0	36.892166	44.859936	22662.162
europe	24	gp	3707	gp	23	867	1500	1.3756136536598205	-0.06582069053772757	-1.4745149025416466	1.4581822503834962	0.009142246	-0.07444384	-0.05535857	39.7349427362737	29.7370682161472	46398.0	40.974762	41.927864	24661.586
europe	24	gp	22809	gp	23	985	1500	1.3756136536598205	-0.4364422926426921	-0.6403872082787239	-0.10065991778947858	-0.050114866	-0.053215865	-0.082521774	33.6051930211286	37.0000413994579	24011.0	39.994705	42.1127	24271.488
europe	24	gp	7259	gp	23	1170	1500	1.3756136536598205	0.6281369568484596	-0.8644638828706971	1.1473468799129483	0.0014313103	-0.07331246	-0.06257289	51.2123813616227	35.0489457941201	41934.0	40.847233	41.937714	24557.979
europe	24	gp	23581	gp	24	393	1500	1.3751083453496298	-0.02957233372124485	-0.6965134318165425	-0.1383047816856275	0.13068652	-0.10297481	0.055919155	40.3240019625088	36.5073861563494	23274.0	42.96589	41.628864	26096.176
europe	24	gp	29842	gp	24	889	1500	1.3751083453496298	-0.029061931439513716	1.7297115169133548	-0.5588676294667696	0.094566025	-0.036274824	0.0353611	40.3324160059173	57.442602365508	17163.0	42.370438	42.204403	25797.457
europe	24	gp	824	gp	24	1044	1500	1.3751083453496298	-0.41572371695255855	-1.5962287913105833	1.6996188663004927	0.13175935	-0.103533015	0.056449495	33.9582496587757	28.7439940654516	49980.0	42.983574	41.62405	26103.88
europe	24	gp	812	gp	25	640	1500	0.6952696959177653	-0.2840118388286099	-1.524340082985374	1.7006372551448938	0.15947962	-0.056710906	0.13654831	35.8971269110075	29.3189300742952	49998.0	43.23884	41.958237	27357.629
europe	24	gp	12889	gp	25	849	1500	0.6952696959177653	1.1339238526870965	-0.029177299135939343	0.6518029126982658	0.23915885	-0.033770364	0.162977	59.3701250853255	42.1953612313936	34816.0	44.557877	42.155804	27740.188
europe	24	gp	24204	gp	25	1380	1500	0.6952696959177653	-0.4526971070117161	-0.5036139287272363	-0.18701585860900322	0.2371601	-0.03255038	0.1618091	33.1046526007912	38.1094846530522	22674.0	44.524788	42.16631	27723.281
europe	24	gp	35567	gp	26	131	1500	0.6918191512425741	0.9048549543019084	1.493319126882647	-0.9628688243941133	0.10955915	-0.07086689	0.09449588	55.7055368223132	55.5550858296316	11430.0	42.62855	41.94124	26761.86
europe	24	gp	44359	gp	26	1330	1500	0.6918191512425741	-2.204758785275593	0.8705417009543129	-1.5983831070101269	0.054400574	-0.025857374	0.10050792	4.574410284115217	50.134759592963	2215.0	41.721584	42.332977	26849.033
europe	24	gp	26945	gp	26	1345	1500	0.6918191512425741	-2.2470611716818385	0.77538739865806	-0.3705267545743693	0.054755762	-0.030792516	0.10715673	3.8788355750520367	49.306586734097	20019.0	41.727425	42.290024	26945.441
europe	24	gp	25450	gp	27	642	1500	1.3743917306264242	-0.23129381758013215	-0.4505329697021314	-0.2750079735120522	0.12325157	-0.085667916	0.054011624	36.9360585183485	38.6545559850178	21501.0	42.80551	41.811707	26264.977
europe	24	gp	1730	gp	27	755	1500	1.3743917306264242	-0.1513287918975504	-1.3590529185878188	1.6161732766585715	-0.0021110016	-0.11560313	0.0057666553	38.2598695319389	30.7931930225153	48884.0	40.730152	41.55268	25566.424
europe	24	gp	43229	gp	27	1043	1500	1.3743917306264242	-0.9383594775709816	0.8061806565972318	-1.5239624974168675	0.012780705	-0.15296686	0.02511381	25.2306748204435	49.5288157834728	3417.0	40.97668	41.229374	25846.557
europe	24	gp	3687	gp	28	168	1500	1.3747147758801779	0.12211494388730523	-1.3800445344568442	1.4592530100829622	0.30601132	-0.19028725	0.17164466	42.8890106540521	30.5634476661995	46416.0	45.926743	40.934437	27857.834
europe	24	gp	45170	gp	28	316	1500	1.3747147758801779	-1.8434897817543687	0.41524936032601867	-1.6791862701805815	0.19893356	-0.1340565	0.11039456	10.419734327062201	46.2128342163623	1182.0	44.157955	41.424595	26975.043
europe	24	gp	9086	gp	28	1364	1500	1.3747147758801779	1.3258298436162044	-0.286681064043474	0.9849555586110255	0.024144758	-0.020460596	-0.07998882	62.7728414102351	40.094181123295	39580.0	41.270668	42.4148	24231.066
europe	24	gp	37825	gp	29	40	1500	1.3747682094573974	-0.7432546716099143	1.6946036291638107	-1.1108518081457774	-0.8976178	0.6097671	-0.79110104	28.3558878359928	57.3192390131375	9283.0	25.790886	47.911938	13901.805
europe	24	gp	41902	gp	29	189	1500	1.3747682094573974	-1.1966977103824121	0.7924616480910033	-1.4060401902612927	0.1951463	-0.13453588	0.1183948	20.8211675627391	49.4961974305701	5019.0	43.949	41.45762	27039.484
europe	24	gp	1965	gp	29	720	1500	1.3747682094573974	-0.2709039476950895	-1.4217724207015234	1.6075258186201555	0.196807	-0.1348136	0.11948148	36.2047911628619	30.2951785697669	48550.0	43.976597	41.45521	27055.182
europe	24	gp	18213	gp	30	140	1500	1.3792274355888368	1.185771809783509	-0.6046337390853518	0.21481864844385057	-0.06717127	-0.044302613	-0.075719714	60.2287062548792	37.2867753730074	28352.0	39.647945	42.158012	24160.611
europe	24	gp	9618	gp	30	873	1500	1.3792274355888368	1.1460384764903049	-0.29560912056148436	0.9448054744743805	0.18993635	-0.10571096	0.20431872	59.5760491858753	39.9732798710599	38883.0	43.871178	41.624157	28200.525
europe	24	gp	40474	gp	30	960	1500	1.3792274355888368	-0.11817183163315982	1.1516453466289012	-1.289102553489335	0.1910375	-0.10596267	0.2054561	38.8102154156313	52.5549817901685	6656.0	43.889267	41.62197	28216.934
europe	24	gp	20027	gp	31	305	1500	0.6921124498049418	1.3943397384601237	-0.4286051447982129	0.10299111271043035	0.26951036	-0.119575426	0.120167	63.532082628515	38.844216559936	26704.0	44.915955	41.526474	26953.61
europe	24	gp	9910	gp	31	622	1500	0.6921124498049418	1.2098914041807194	0.09720261611162384	0.9137174742839782	0.37967497	-0.17388451	0.24204528	60.4794293095517	43.4080165045691	38486.0	46.739197	41.05509	28724.824
europe	24	gp	11540	gp	31	699	1500	0.6921124498049418	1.0569151199968858	-0.17804411575884022	0.7818075748495451	0.5093635	-0.20307535	0.32266858	57.9476441163655	41.0189855448563	36569.0	48.885567	40.801727	29896.494
europe	24	gp	28970	gp	32	228	1500	1.3748447140057882	-0.6620646205033778	-0.5333242388351008	-0.49158785288983103	0.2017581	-0.13314365	0.11694998	29.7525621613549	38.0415465042751	18011.0	44.027523	41.53808	26843.016
europe	24	gp	40958	gp	32	937	1500	1.3748447140057882	-2.1889747172075396	0.14448725342721994	-1.3095158549748178	0.2747191	-0.16303897	0.15200147	4.519860102000891	43.963852002117	6140.0	45.233227	41.276875	27351.736
europe	24	gp	20510	gp	32	1160	1500	1.3748447140057882	-0.29639192369846046	2.1023946866524743	0.07264535484953016	0.04151696	-0.037184607	-0.023035487	35.7954262629384	61.0708590216556	26200.0	41.379482	42.37651	24811.336
europe	24	gp	3608	gp	33	46	1500	1.3743849555651346	0.034318371307016086	-1.2481193720025079	1.4646224262909597	-0.033797454	0.015241295	0.019979015	41.4352911257506	31.6671216170332	46534.0	40.31154	42.660187	25728.885
europe	24	gp	4760	gp	33	381	1500	1.3743849555651346	0.3024260119774208	-1.5006598458646556	1.3644943637483467	0.051191553	-0.01606267	0.06450548	45.8584430539363	29.4696542375928	45092.0	41.713657	42.3878	26370.135
europe	24	gp	5048	gp	33	898	1500	1.3743849555651346	0.39933178013103404	-1.1020117122600388	1.3398442512638613	-0.28417757	-0.13779509	0.10286413	47.4571626360757	32.9384695766704	44737.0	36.18085	41.32855	26922.56
europe	24	gp	32623	gp	34	636	1500	1.3746095895767212	-1.479261312849251	0.9769839552371385	-0.7558537569599281	0.060167488	-0.13820167	0.073614135	16.2926963368971	51.0661269732994	14406.0	41.758503	41.399757	26392.098
europe	24	gp	17094	gp	34	990	1500	1.3746095895767212	1.0629308982098016	-0.3266759990528336	0.30363645770242864	0.061982714	-0.13705592	0.06960727	58.3465891949218	39.7660708145085	29716.0	41.788532	41.40969	26334.197
europe	24	gp	17766	gp	34	1075	1500	1.3746095895767212	1.19380488369219	-0.46844952790162575	0.24516034853262517	0.089662634	-0.14111772	0.028730955	60.5115555335946	38.537185296817	28871.0	42.246426	41.37448	25743.52
europe	24	gp	6968	gp	35	135	1500	0.6960097432136536	0.5431418308310189	-0.9678101211117749	1.1701585333400812	0.1656264	-0.058575675	0.068072535	49.7441161920597	34.1280961161117	42300.0	43.490616	41.995087	26480.457
europe	24	gp	29023	gp	35	657	1500	0.6960097432136536	-0.3565715885720084	-0.35765900498448483	-0.5254449212360917	-0.03262696	0.035659857	0.0070703626	34.8404714207673	39.407321742185	17961.0	40.206573	42.810444	25604.822
europe	24	gp	39943	gp	35	1378	1500	0.6960097432136536	-1.77524775901402	1.0825233573745823	-1.2754702629496821	0.07308196	-0.046729922	0.048479166	11.340270986062002	51.8682472942717	7195.0	41.95763	42.09758	26199.21
europe	24	gp	22716	gp	36	543	1500	1.3783656358718872	-0.5293597128949481	-0.5330550400747619	-0.09579160108934218	0.27749237	-0.18338323	0.09889959	31.960318000661	37.9177821018626	24109.0	45.479706	40.912743	26915.396
europe	24	gp	29699	gp	36	1182	1500	1.3783656358718872	-1.692259867846207	1.201834248836703	-0.5698247161164598	0.2710921	-0.17937687	0.09558669	12.475087199988998	52.7772160194142	17276.0	45.372463	40.94706	26867.643
europe	24	gp	20827	gp	36	1238	1500	1.3783656358718872	1.0707890953955468	-0.2679819813299971	0.025474297500940504	0.15626986	-0.10966839	0.038729727	58.7719653396085	40.1881492226444	25857.0	43.448536	41.544117	26048.072
europe	24	gp	41417	gp	37	97	1500	1.3747446616490682	-0.5136138773558411	-0.4690383925076119	-1.3721675182595332	0.89404345	-0.40686592	0.47126403	32.2982975635039	38.5371889848687	5594.0	55.53069	39.07463	32076.291
europe	24	gp	23518	gp	37	467	1500	1.3747446616490682	-1.5150590099740366	0.6978763826332448	-0.13902687463943303	0.31515905	-0.1850695	0.12001389	15.770151966139402	48.624414145636	23309.0	45.97661	40.991917	27030.316
europe	24	gp	23084	gp	37	1280	1500	1.3747446616490682	0.7724872297930752	1.6333718152911083	-0.106867067845615	0.26376808	-0.16234449	0.034847703	53.5244892534217	56.7111684374824	23771.0	45.128437	41.188362	25806.84
europe	24	gp	16160	gp	38	674	1500	0.6917924841245016	1.1333129698430495	0.0018276358372322384	0.37290853454231104	-0.8175292	0.4511476	-0.21463144	59.6442086716036	42.4701371923765	30835.0	27.31879	46.324512	22366.541
europe	24	gp	32284	gp	38	709	1500	0.6917924841245016	-0.19938371589900628	-0.5141895191910221	-0.7434122636289598	-0.7282704	0.41484484	-0.24516691	37.5614480062224	38.0436179398776	14745.0	28.797806	46.0131	21926.42
europe	24	gp	17770	gp	38	803	1500	0.6917924841245016	1.223587686700309	-0.2090719537600201	0.23595283189531982	0.008927812	0.0039959704	0.010386918	61.140059143674	40.6609897936912	28861.0	41.01317	42.48874	25609.824
europe	24	gp	34293	gp	39	281	1500	1.3747830351193746	0.9995995433941334	1.7711007620343346	-0.8905523027853373	0.025163136	0.068368904	-0.028938275	57.4046444968106	57.8447346218322	12692.0	41.329845	43.046413	25135.172
europe	24	gp	37214	gp	39	1063	1500	1.3747830351193746	0.35944371995632945	1.3715824903234999	-1.0879667362049055	0.07699179	-0.09740856	0.0407637	46.8443091755263	54.3725498299168	9840.999999999998	42.184837	41.605656	26141.787
europe	24	gp	5363	gp	39	1268	1500	1.3747830351193746	0.5190397712480981	-1.2074817055528182	1.3008102277053937	0.02191731	0.072375275	-0.03316299	49.4770866273395	31.9580869320177	44339.0	41.276302	43.081234	25074.16
europe	24	gp	41228	gp	40	41	1500	0.6957657694816589	-0.2184357898719671	1.452166546749999	-1.366638549909603	-0.03341844	-0.011816341	-0.0021783737	37.4670919315262	55.2381350436215	5799.0	40.519543	42.511448	25448.396
europe	24	gp	24243	gp	40	211	1500	0.6957657694816589	-0.7285940773531864	-0.4854728951703628	-0.1972637328697237	0.22320111	-0.27423686	0.16725135	29.0503960385467	38.3938590509022	22639.0	44.753307	40.230175	27888.33
europe	24	gp	40421	gp	40	1002	1500	0.6957657694816589	-1.2208138611042165	0.2854623160689229	-1.3019896214853675	0.22118315	-0.30106586	0.17481264	20.9296532534105	45.0957485715603	6730.0	44.720013	39.996944	27997.219
europe	24	gp	1308	gp	41	549	1500	0.692466386159261	-0.45794009479988496	-1.461483354645853	1.6663400763378529	-0.16275062	-0.14341862	-0.023466142	33.3898606552031	29.9239460377425	49408.0	38.231213	41.360935	25050.502
europe	24	gp	37460	gp	41	929	1500	0.692466386159261	-2.487099574649024	-0.07222885616134216	-1.0934052038909206	0.51159936	-0.23957835	0.56084335	0.1099695672453791	41.9786536818092	9628.0	49.291107	40.526546	33472.957
europe	24	gp	3674	gp	41	1099	1500	0.692466386159261	-0.019150965207071664	-1.3773235198199114	1.461128247808021	0.20789254	-0.022634823	0.32080352	40.5863647192968	30.6542097909327	46450.0	44.310066	42.40899	30012.934
europe	24	gp	13669	gp	42	27	1500	1.3747723579406739	1.215808948732924	-0.029948395985236614	0.5982416998383067	0.26552323	-0.17087995	0.093430474	60.8453688842901	42.3983953918645	33938.0	45.072342	41.172504	26666.396
europe	24	gp	33578	gp	42	260	1500	1.3747723579406739	-0.3949988269506719	1.9866803230771877	-0.8265809788825728	-0.09341321	-0.09011258	-0.12914985	34.108865796616	59.9400082439797	13414.0	39.114643	41.875057	23460.217
europe	24	gp	3951	gp	42	481	1500	1.3747723579406739	0.16599066031036036	-1.7714827839717877	1.4408197962929605	-0.07584992	-0.14617853	-0.14845559	43.4202792282665	27.2496862051241	46075.0	39.406162	41.38737	23182.125
europe	24	gp	38669	gp	43	83	1500	0.6924017548561097	-0.18551708528171526	-0.7313450517492551	-1.175329466846736	0.12439576	-0.034428954	0.003752096	37.9264784152636	36.1473903457824	8469.0	43.019367	42.218864	25523.312
europe	24	gp	1246	gp	43	719	1500	0.6924017548561097	-0.6299688009580545	-1.5140598011858597	1.6607336010008376	0.70048094	-0.07725065	0.34549475	30.6226688989019	29.3284450437507	49490.0	52.48635	41.845806	30466.299
europe	24	gp	7383	gp	43	1206	1500	0.6924017548561097	0.9010055171344977	-0.6104583024963698	1.1277575597040153	-0.027284775	-0.014060197	-0.103562884	55.7816330774376	37.2005455744135	41781.0	40.526756	42.396317	23971.102
europe	24	gp	37071	gp	44	143	1500	1.3749481360117595	0.8050593849404392	1.5364872974364343	-1.0868292617187376	0.040687006	-0.02876872	0.020767104	54.33591031685	55.6748113597961	9974.000000000002	41.66639	42.2127	25932.848
europe	24	gp	13835	gp	44	832	1500	1.3749481360117595	1.136436047443997	-0.5469388840945529	0.5646218159020764	-0.5243593	0.20510025	-0.58520454	59.8284993772756	37.7561374652921	33769.0	32.300713	44.22411	17201.68
europe	24	gp	4463	gp	44	1015	1500	1.3749481360117595	0.34153953166948214	-1.4510069561064531	1.376570803382047	-0.32278368	-0.035232894	-0.525163	46.6530395433573	29.980627536301	45468.0	35.64184	42.157104	18066.791
europe	24	gp	2846	gp	45	698	1500	0.6951788504918416	-0.07483792992583316	-1.4395488282846371	1.5369982577799688	0.029723438	-0.052380815	0.0064320024	39.4998442513729	30.0678762072653	47489.0	41.227665	42.09356	25459.28
europe	24	gp	42266	gp	45	1211	1500	0.6951788504918416	-0.42029097014244704	1.2348042433170354	-1.446914467063253	0.059285622	-0.05084959	0.014836835	33.7914171683136	53.2524696165944	4541.0	41.716164	42.106834	25580.252
europe	24	gp	34317	gp	45	1316	1500	0.6951788504918416	-0.1217025137215585	-0.7468366014789334	-0.8814384107277081	0.029183984	-0.05113449	0.0047000656	38.7254320209636	36.0731608118679	12680.0	41.21875	42.104362	25434.352
europe	24	gp	17283	gp	46	459	1500	1.3749441663424173	0.9583231249198301	-0.5273257765502264	0.27295309860724687	0.030440722	-0.061248325	-0.05228748	56.6437490515101	37.9000863101754	29437.0	41.237015	41.94508	24698.188
europe	24	gp	32315	gp	46	730	1500	1.3749441663424173	-0.6228572762998308	-0.45215062794830035	-0.737878684279493	-0.50974965	0.15111384	-0.46253037	30.3895301941145	38.5525167918675	14709.0	32.267593	43.78813	18720.875
europe	24	gp	36899	gp	46	1079	1500	1.3749441663424173	-2.356929405042046	0.38107459826786516	-1.0536606664265524	-0.57310724	0.1920937	-0.50849766	1.5966681352434975	45.7839163408973	10107.999999999998	31.215591	44.143787	18051.123
europe	24	gp	35324	gp	47	37	1500	1.3751465876897175	-0.42580722808154586	-0.32377903514865736	-0.9450549626182108	0.35158703	-0.24723752	0.23660442	33.7105589131166	39.8186013649101	11674.0	46.577065	40.48123	28728.154
europe	24	gp	19576	gp	47	1133	1500	1.3751465876897175	1.2806953936905432	-0.02544749091826238	0.1269790978687585	-0.057684705	0.020440467	-0.11207752	61.9545606978955	42.4012977809682	27146.0	39.803288	42.798557	23695.846
europe	24	gp	28864	gp	47	1183	1500	1.3751465876897175	-0.1669915525410129	-0.2350607786419133	-0.49724238939385174	0.54850954	-0.29390007	0.35365948	37.994168154985	40.5866472774199	18137.0	49.836292	40.07727	30417.537
europe	24	gp	33719	gp	48	360	1500	1.3753364602724711	-0.3062413024010644	-0.3724607241365374	-0.828795020843343	0.47799626	-0.22385484	0.19972736	35.513591789614	39.4813897269994	13282.0	48.483955	40.78592	28137.21
europe	24	gp	27525	gp	48	1242	1500	1.3753364602724711	-1.5237956768251464	0.3993016086773275	-0.4040292849735779	0.4780018	-0.23310266	0.19293307	15.376678923418602	46.2562571899274	19417.0	48.484047	40.70474	28039.08
europe	24	gp	26171	gp	48	1349	1500	1.3753364602724711	-0.43027797286171254	-0.37131131491408415	-0.3057134993280902	0.2840525	-0.18201339	0.089643724	33.4621716003017	39.4914797441092	20837.0	45.276352	41.15322	26547.246
europe	24	gp	31128	gp	49	462	1500	1.375057621796926	-1.4651535182785507	0.11932189140434499	-0.6660944361596781	0.16458842	-0.093284726	0.09252912	16.9080645459211	43.5243138590634	15898.0	43.507095	41.666607	26838.568
europe	24	gp	7358	gp	49	610	1500	1.375057621796926	1.0632770452031552	-0.7556456457532235	1.1309317891458792	0.7934486	-0.39805403	0.5865608	58.1745964614186	35.879052304637	41814.0	53.77073	39.003605	33963.297
europe	24	gp	28749	gp	49	1295	1500	1.375057621796926	0.453517740794068	1.6143273222465482	-0.5023123731803709	-0.26387262	0.072273925	-0.20503706	48.22271082944	56.5873214092718	18260.0	36.51418	43.11322	22547.188
europe	24	gp	2265	gp	50	700	1500	1.3789942105611166	-0.21633831499976677	-1.483812621253532	1.5878204472708681	0.36691418	-0.23210403	0.110075474	37.1076366417861	29.8096906741168	48195.0	46.755833	40.74496	26890.13
europe	24	gp	2420	gp	50	831	1500	1.3789942105611166	-0.09020013250681698	-1.493878105302403	1.5747804211895677	0.37547773	-0.23066804	0.1845037	39.194221488985	29.7217558257891	48007.0	46.89749	40.757507	27963.174
europe	24	gp	5719	gp	50	1237	1500	1.3789942105611166	0.6151287474779316	-1.2387778790629025	1.2908824065578532	0.4058402	-0.2511394	0.14396307	50.8618111448785	31.9503818505106	43914.0	47.39975	40.578663	27378.693
europe	24	gp	3156	gp	51	289	1500	1.376179615656535	-0.13225549835062994	-1.3319746419060776	1.5125843810351447	-0.03880936	-0.048255835	-0.044084452	38.3844422267715	31.0456631856041	47147.0	39.93642	42.170288	24640.996
europe	24	gp	44297	gp	51	813	1500	1.376179615656535	-1.1768767275756244	0.8232669419484905	-1.589547698219245	0.2062376	-0.15333596	0.07677115	21.0351107436926	49.7228502767608	2297.0	44.00622	41.25967	26388.3
europe	24	gp	16658	gp	51	840	1500	1.376179615656535	1.077175440149903	-0.07888291164091984	0.34380338047236486	0.2065618	-0.15345937	0.076964065	58.4709747142494	41.9048767716217	30249.0	44.011604	41.258602	26391.09
europe	24	gp	42758	gp	52	707	1500	0.6920487642288208	-2.2361891315487155	0.28103524578023215	-1.496889507970802	-0.057363	0.0010775353	-0.03658691	3.8678844061562927	44.9050407413113	3914.0	39.963318	42.467377	25131.766
europe	24	gp	2183	gp	52	1118	1500	0.6920487642288208	-0.25994290943824433	-1.76834819118939	1.5558909770100702	0.01953583	-0.018535355	0.013918081	36.6072875780568	27.060506161638	48270.0	41.23726	42.2966	25865.59
europe	24	gp	10812	gp	52	1128	1500	0.6920487642288208	1.3508541594373622	-0.5527594218060591	0.8083878467147945	-0.07965581	-0.095376	-0.10794375	63.2924921219095	37.6449655842233	37409.0	39.594006	41.62753	24094.973
europe	24	gp	27445	gp	53	484	1500	0.6923065463701884	-1.361047626707918	0.6969622699185284	-0.38917384590829945	0.35472602	-0.19123112	0.12646739	17.9732424450043	48.8190543544055	19503.0	46.464836	41.08302	26940.213
europe	24	gp	37455	gp	53	644	1500	0.6923065463701884	-0.4564024939848689	1.6404700673921193	-1.0723772451707918	0.28076515	-0.11440421	-0.04394282	32.995493031091	57.0368710966394	9649.0	45.236664	41.75217	24482.348
europe	24	gp	29354	gp	53	1073	1500	0.6923065463701884	-1.6270400302272618	0.7864073948823049	-0.5203511172097643	0.15553582	-0.08900699	0.029890671	13.556256828074702	49.5981084834829	17611.0	43.157146	41.973377	25547.264
europe	24	gp	16789	gp	54	1116	1500	1.3748167435328165	1.346435240033027	-0.4480489307345183	0.32790657640556004	0.07872502	-0.10035007	0.045450363	62.9250837664835	38.6547028635066	30085.0	42.111393	41.670113	26003.488
europe	24	gp	2944	gp	54	1352	1500	1.3748167435328165	0.07409985219312258	-1.6739030235302703	1.5255481539038187	-0.09354492	0.25787026	-0.25237295	42.0354568331213	28.0235125682626	47391.0	39.28301	44.77677	21699.922
europe	24	gp	2537	gp	54	1453	1500	1.3748167435328165	-0.15797397283390394	-1.7577289839624282	1.5571051029006526	-0.21441634	-0.15809666	-0.2603988	38.2251913385464	27.2965339316751	47847.0	37.2985	41.169308	21583.95
europe	24	gp	20319	gp	55	19	1500	1.3795500596364338	1.1029537793970168	-0.258695033846726	0.06179612533910474	-0.67791086	0.10372821	-0.47647163	58.9323482314784	40.1841913506379	26407.0	29.56948	43.334732	18575.82
europe	24	gp	24286	gp	55	463	1500	1.3795500596364338	-2.254455133115077	0.6023730683909135	-0.2007674232674437	-0.6937496	0.10108014	-0.4789344	3.5754477988237596	47.6694497998946	22587.0	29.308332	43.311714	18539.988
europe	24	gp	8939	gp	55	961	1500	1.3795500596364338	1.1534724006824197	-0.37411462147429775	0.9811809489415111	-0.63891256	0.003767942	-0.375567	59.7652983907721	39.1808497551777	39783.0	30.212484	42.46578	20043.867
europe	24	gp	43939	gp	56	197	1500	1.3751621882120768	-0.9932035318074836	0.4417858397771521	-1.5729687882282115	0.090669446	-0.04691942	0.04298891	24.0917232816806	46.4626033733088	2678.0	42.16819	42.20415	26072.04
europe	24	gp	20504	gp	56	429	1500	1.3751621882120768	1.084479593218334	-0.2515060462264648	0.05141338573285214	0.22935452	-0.15577808	0.064041525	58.7426170584084	40.4214331829931	26194.0	44.481133	41.255585	26376.814
europe	24	gp	5437	gp	56	1215	1500	1.3751621882120768	0.7170193488634633	-1.3518360494324255	1.2994025308661459	0.22903067	-0.1555712	0.06402425	52.6142398574082	30.8334357621735	44261.0	44.47573	41.257385	26376.564
europe	24	gp	614	gp	57	116	1500	1.375316894054413	-0.6706201360777958	-1.380097093061507	1.730944676255704	0.30776712	-0.18113363	0.1811854	29.7464217427556	30.6592303443916	50245.0	45.896473	41.047447	27864.121
europe	24	gp	14342	gp	57	290	1500	1.375316894054413	1.1863128900781759	-0.5591482920962447	0.5481744063845599	0.10490941	-0.07203257	0.050367765	60.3984569383438	37.7722030658983	33164.0	42.54794	41.992733	25974.916
europe	24	gp	24242	gp	57	1036	1500	1.375316894054413	0.6237718834811616	1.774723945011194	-0.1811117292212529	0.40289754	-0.21911484	0.22623609	51.1127010762339	57.9936462771047	22632.0	47.46677	40.718365	28514.723
europe	24	gp	30914	gp	58	369	1500	1.3746514161427816	0.4845429612833602	1.3274364781271417	-0.6397744827881193	-0.11992258	-0.10626351	-0.1704208	48.8098256773811	54.0538447626591	16118.0	38.80144	41.636257	22890.191
europe	24	gp	8126	gp	58	526	1500	1.3746514161427816	0.8165654921039527	-0.45854752379964114	1.0725002199079368	-0.7122358	0.15772381	-0.5847029	54.3072594716743	38.5850481629365	40824.0	28.994267	43.92271	16912.613
europe	24	gp	9862	gp	58	561	1500	1.3746514161427816	1.1544832185966483	-0.0669488978257157	0.9153834567325154	-1.0183957	0.24055596	-1.0608743	59.9023024487892	41.9767691903289	38557.0	23.925053	44.640137	10042.052
europe	24	gp	35560	gp	59	111	1500	1.3746872504552206	-0.10520657975793789	-0.501380682741441	-0.9641183806793836	0.16308418	-0.11467084	0.024949068	38.9490912407123	38.3382164606435	11448.0	43.41996	41.69637	25691.846
europe	24	gp	12272	gp	59	1191	1500	1.3746872504552206	1.2476255633216298	-0.21864251170122903	0.7080930790396148	0.16246034	-0.117588356	0.022175029	61.4930289799497	40.793486383194	35530.0	43.40956	41.671032	25651.896
europe	24	gp	4284	gp	59	1329	1500	1.3746872504552206	0.20357978118756181	-1.1532062790948965	1.4130299920479725	0.16321474	-0.11417705	0.025491742	44.0947854286361	32.677828351082	45682.0	43.422134	41.700657	25699.66
europe	24	gp	7808	gp	60	268	1500	1.378411606947581	0.8406571690327116	-0.6464815155156347	1.0992219932971423	-0.6234062	1.0583922	-0.6297919	54.7884771199743	36.8920244663837	41189.0	30.806303	51.61442	16415.922
europe	24	gp	38454	gp	60	824	1500	1.378411606947581	-1.899601228840352	0.7370324430495029	-1.1706906582013714	-0.20228887	0.07850933	-0.24291825	9.901513744497493	48.8393262942235	8666.0	37.704437	43.152668	21958.996
europe	24	gp	16212	gp	60	1361	1500	1.378411606947581	1.4223677911113668	-0.3690272569174744	0.37287507068406756	-0.20146959	0.07956435	-0.24242161	64.317222076522	39.287974106335	30782.0	37.717857	43.161777	21966.111
europe	24	gp	42742	gp	61	221	1500	0.6923752586046855	-0.43633310908396516	1.3745751004767728	-1.491240825672157	-0.016087906	-0.003398458	-0.051815942	33.7485035291215	54.5522599718956	3939.0	40.721966	42.64217	24608.986
europe	24	gp	3470	gp	61	1222	1500	0.6923752586046855	0.06961788709043029	-1.600355148345597	1.487820272268311	-0.074473724	-0.06498779	-0.22829266	42.1441509481027	28.8393673687414	46718.0	39.753124	42.10984	22074.8
europe	24	gp	27882	gp	61	1471	1500	0.6923752586046855	-0.2994719429991483	-0.5027452585193823	-0.4334335352325556	-0.09669438	-0.035776515	-0.21768129	36.0195497460217	38.3262201204768	19129.0	39.3844	42.36232	22227.178
europe	24	gp	6149	gp	62	85	1500	1.3747989416122437	0.4544751174055892	-1.0506477581197728	1.2597950485258798	0.24547975	-0.22047	0.062157646	48.1939244715332	33.5239613128816	43348.0	44.74124	40.73058	26090.18
europe	24	gp	19696	gp	62	313	1500	1.3747989416122437	-0.15716485132136737	2.048116639296487	0.1273781979665391	0.65361875	-0.39266986	0.27249187	38.0893971120982	60.4237639400631	27030.0	51.483856	39.235744	29121.072
europe	24	gp	21680	gp	62	714	1500	1.3747989416122437	-0.3195773641690347	-0.45488966580537255	-0.006349420064337812	0.57885325	-0.3552276	0.22664776	35.406279978665	38.6956275131793	25103.0	50.2487	39.560776	28460.463
europe	24	gp	36763	gp	63	48	1500	1.3747427980105082	-0.08655764790626068	1.9180733611011735	-1.043355394391524	-0.21751271	0.0027429983	-0.16750729	39.4062672356537	59.4062482058229	10229.0	37.25756	42.619877	22932.623
europe	24	gp	28780	gp	63	471	1500	1.3747427980105082	-2.1017689441720018	0.38540825249209953	-0.4925557826346136	-0.22431	0.0050944015	-0.17119762	6.340779036182312	45.9736373080727	18218.0	37.146034	42.640484	22879.098
europe	24	gp	5563	gp	63	768	1500	1.3747427980105082	0.4065184421205159	-1.1882851178363516	1.2917343603455893	-0.21873042	0.0031531602	-0.16816503	47.4966355590317	32.1814457867461	44098.0	37.237583	42.62347	22923.084
europe	24	gp	39148	gp	64	191	1500	1.3749458909034729	0.997259857972361	1.6020988961220675	-1.1892482510175726	0.019793738	-0.049343057	-0.0041671307	56.8776406880613	56.3858279534795	8025.0	40.736862	42.135704	25185.1
europe	24	gp	22806	gp	64	819	1500	1.3749458909034729	0.6782750103735548	1.593865270193979	-0.08545790923563111	0.5115787	-0.23421673	0.17437589	51.6102829937124	56.3147808499144	24008.0	48.857647	40.54045	27770.42
europe	24	gp	18206	gp	64	880	1500	1.3749458909034729	1.2324670797599173	-0.46097908299873447	0.21571394088706466	-0.39533615	-0.06357664	-0.41169378	60.761588714982395	38.583742198595	28369.0	33.881874	42.012886	19284.07
europe	24	gp	16550	gp	65	697	1500	0.6949838836987813	1.097178917969564	-0.071322176038595	0.35028726828820866	-0.3783477	0.33739543	-0.20793857	58.5093698927776	41.929790045762	30376.0	34.124996	45.493397	22252.85
europe	24	gp	25770	gp	65	1180	1500	0.6949838836987813	-2.497703861791258	0.6438486023954749	-0.2817339795695303	-0.00050340785	0.11440564	-0.06446548	-0.899228595325873	48.1653612870039	21179.0	40.369205	43.54915	24340.63
europe	24	gp	14394	gp	65	1477	1500	0.6949838836987813	1.361097329039386	-0.3930446712870505	0.5368630743047098	-0.29659846	0.278765	-0.20245136	62.870853667753	39.1246928584518	33091.0	35.475975	44.982197	22332.7
europe	24	gp	16256	gp	66	302	1500	1.3749427715937297	1.251594811048141	-0.028924996757937034	0.3559083898288921	-0.03481837	0.007839328	-0.015889693	61.617101855413	42.2377966483683	30739.0	40.440773	42.556976	25371.729
europe	24	gp	7104	gp	66	857	1500	1.3749427715937297	1.069744543374568	-0.9318642998966513	1.1448397039049847	-0.05955683	-0.01619551	-0.07301559	58.6235681740933	34.3986196843035	42128.0	40.03354	42.348312	24547.059
europe	24	gp	30818	gp	66	1278	1500	1.3749427715937297	-1.0403179866377816	0.5657423818863385	-0.6507427521637127	0.047423888	-0.1412507	-0.012202748	23.8887100180359	47.4006052665605	16207.0	41.794605	41.262604	25424.953
europe	24	gp	9318	gp	67	154	1500	0.6927496671676636	1.0301539157742339	-0.35528759566865203	0.9576376558585651	0.2232968	-0.12889768	0.09349401	57.9124112413997	39.419047351088	39289.0	44.531296	41.3907	26848.453
europe	24	gp	20056	gp	67	1020	1500	0.6927496671676636	-0.6133303690961984	1.6731415541425738	0.08186238766402255	0.113749206	-0.10637773	0.03605351	30.6564661125161	57.0848491249935	26681.0	42.71453	41.586826	26021.518
europe	24	gp	29620	gp	67	1283	1500	0.6927496671676636	-1.3271994496493884	1.0184555348552813	-0.56489709220268	0.041261777	-0.027985435	0.010241997	18.8174867758209	51.3831200594489	17370.0	41.512383	42.269554	25649.924
europe	24	gp	36698	gp	68	595	1500	1.3749871770540874	-0.8114588121269309	-0.5039834135856381	-1.03284150044598	-0.23303863	-0.5428986	0.03787862	27.3657043934015	38.2588977663363	10310.0	36.907524	37.920197	25806.139
europe	24	gp	41524	gp	68	814	1500	1.3749871770540874	-1.2875566945372974	0.4973075896378278	-1.3664366344257053	-0.20642498	-0.5585234	0.08278033	19.5118291268948	46.9737142372247	5482.0	37.34655	37.784206	26455.984
europe	24	gp	32071	gp	68	876	1500	1.3749871770540874	-0.32983616988735487	-0.42218804043145153	-0.7119600169741814	0.17868891	-0.15890881	0.036958907	35.3107180080906	38.9708103501024	14954.0	43.699524	41.262283	25792.828
europe	24	gp	16308	gp	69	246	1500	1.374771821498871	1.3448484560105534	-0.5268879710122825	0.3632047484361011	0.25851664	-0.18764576	0.12894839	63.0052883930909	37.9553487952806	30669.0	45.166504	40.895718	27284.973
europe	24	gp	20697	gp	69	339	1500	1.374771821498871	1.2081912240005297	-0.646714798844557	0.039582055677947696	0.24883692	-0.18490544	0.122690365	60.761223711425	36.9167535081999	25994.0	45.007553	40.91947	27194.57
europe	24	gp	15341	gp	69	924	1500	1.374771821498871	1.1072858198651863	-0.27282569250905064	0.443435486597962	0.23947862	-0.18202645	0.11676916	59.104244053058	40.1574256577991	31828.0	44.853878	40.944424	27109.033
europe	24	gp	43540	gp	70	196	1500	0.6965190092722575	-0.9276150058960522	1.075824023334749	-1.5348781681288148	0.10519893	-0.09382418	-0.035697855	25.2288650413003	51.874253397936	3122.0	42.32956	41.766357	24780.365
europe	24	gp	6759	gp	70	878	1500	0.6965190092722575	0.6301613432444854	-1.0645436959842016	1.1954831642202026	0.010207972	-0.009492249	-0.017275233	51.0215659212981	33.3775683144714	42567.0	40.75676	42.49514	25046.514
europe	24	gp	26533	gp	70	1117	1500	0.6965190092722575	0.24644275431485957	1.4457870071961416	-0.3365509939463788	-0.07999683	-0.01799491	-0.18737084	44.6681899749903	55.0714090750925	20434.0	39.263203	42.42166	22589.176
europe	24	gp	32626	gp	71	721	1500	0.6923030455907185	-1.2815390572310341	0.16254755040013405	-0.7602098505858085	0.24474071	-0.12451019	0.11287332	19.6555315982325	44.0336656251732	14400.0	44.874035	41.556152	26866.533
europe	24	gp	44414	gp	71	818	1500	0.6923030455907185	-1.3190637985221467	0.8155171426118383	-1.617568053370553	0.0592796	-0.0748225	0.029117899	19.0355156249929	49.6692567821895	2158.0	41.80969	41.984993	25670.611
europe	24	gp	13235	gp	71	1077	1500	0.6923030455907185	1.3696927304896978	-0.5789396067515724	0.6425744004988533	0.36725932	-0.2786199	0.22473015	63.4614580507288	37.6341050396161	34430.0	46.89839	40.226078	28463.709
europe	24	gp	41358	gp	72	327	1500	0.6923848827679951	-1.8565336020826655	1.1184240052465668	-1.3696254077971135	0.39390555	-0.2293904	0.15760253	9.70563284599875	52.2791013254469	5646.0	47.076607	40.599846	27650.953
europe	24	gp	560	gp	72	1086	1500	0.6923848827679951	-0.5132622127108661	-1.3989307768163168	1.730157557506909	0.40425462	-0.23503798	0.15759747	32.0121060792082	30.4653969291557	50309.0	47.248466	40.550907	27650.88
europe	24	gp	43630	gp	72	1208	1500	0.6923848827679951	-1.004657104193482	1.0308204594512294	-1.551185809857775	0.05867106	0.008061792	0.027149849	23.8519628047214	51.5199878839635	3030.0	41.509678	42.657448	25771.336
europe	24	gp	41996	gp	73	729	1500	0.6972306609153748	-0.7277679321693368	0.7196519004447576	-1.4247869611183326	-0.24494633	-0.28056002	-0.34182823	28.9783301065986	48.893595412461	4885.0	36.94647	40.15378	20557.094
europe	24	gp	15771	gp	73	1048	1500	0.6972306609153748	1.1098412080311733	-0.28708799093123044	0.40224585797786316	-0.29743606	0.14952487	-0.20207025	59.3049000291879	40.0967399840994	31325.0	36.080215	43.911846	22579.61
europe	24	gp	2342	gp	73	1051	1500	0.6972306609153748	-0.13907207582653236	-1.8424300656900108	1.561209339138279	-0.089276575	-0.010301212	-0.11779994	38.6937400161132	26.5062192443276	48097.0	39.51553	42.515293	23799.13
europe	24	gp	16661	gp	74	496	1500	0.6922522385915121	0.9281374828824923	-0.08626288211483386	0.3244118897441897	-0.32706404	-0.09233809	-0.3365198	56.2378442029786	41.712121451075	30245.0	35.51087	41.659405	20673.672
europe	24	gp	10516	gp	74	759	1500	0.6922522385915121	1.257070756995134	-0.4489107930381312	0.8461785404675888	0.05763102	-0.17291272	-0.032584384	61.6694741662679	38.5653111442788	37801.0	41.86329	40.96023	25075.133
europe	24	gp	31533	gp	74	903	1500	0.6922522385915121	-0.6421150296310568	-0.39955908377000393	-0.6936407481085196	0.052240264	-0.17504133	-0.034976825	30.3084802007884	38.9935514917485	15502.0	41.774273	40.94176	25040.486
europe	24	gp	16816	gp	75	25	1500	0.6956523497899373	0.9758188826988689	-0.4548866613008731	0.31953701062726575	-0.09076961	0.018641254	-0.012890044	56.9744200363919	38.6144334889621	30054.0	39.430866	42.74209	25270.459
europe	24	gp	6285	gp	75	426	1500	0.6956523497899373	0.5352763431521088	-1.178497748196112	1.231019542312664	-0.14147452	0.045732114	-0.088124685	49.7282499073238	32.3068493467227	43170.0	38.596855	42.978237	24187.852
europe	24	gp	23123	gp	75	769	1500	0.6956523497899373	-0.14773891797537736	-0.4091006032034781	-0.11855279417181554	-0.12292293	0.091304645	-0.01713273	38.4938188624319	39.0135420974688	23750.0	38.902	43.375484	25209.408
europe	24	gp	22454	gp	76	715	1500	1.3751923402150472	-0.5359228690262896	-0.2013198227135092	-0.07157816710977222	-0.03768121	-0.3458671	0.18041702	31.9188277621715	40.905748809388	24350.0	40.178333	39.6426	27978.342
europe	24	gp	20055	gp	76	998	1500	1.3751923402150472	0.25847452530615284	1.40052808612906	0.09038358791791774	0.04306507	0.03863093	-0.10308614	45.0878001365271	54.9037414213589	26682.0	41.516888	43.002594	23896.334
europe	24	gp	1418	gp	76	1405	1500	1.3751923402150472	-0.3067622445282665	-1.3498811740413186	1.6610375716019694	-0.14093058	-0.299327	0.100480914	35.7176946200374	30.8688700136358	49297.0	38.466736	40.049297	26827.387
europe	24	gp	28121	gp	77	157	1500	0.6922036647796631	-0.45806449748078515	1.5553678365769095	-0.4409207968231316	0.32793495	-0.17637792	0.113344796	33.0538043500846	56.0990220956335	18887.0	46.077972	41.09142	26860.059
europe	24	gp	18908	gp	77	271	1500	0.6922036647796631	-0.6511841561360179	1.9595323617093827	0.18230197028830655	0.3249533	-0.17422868	0.11219152	29.8537729156525	59.601579912272	27852.0	46.028564	41.110046	26843.469
europe	24	gp	28115	gp	77	1031	1500	0.6922036647796631	-0.3506775723397009	1.7474524290244848	-0.4407122448653698	0.24023929	-0.13424909	0.050281856	34.8332272140819	57.7636595115783	18890.0	44.624836	41.456516	25952.902
europe	24	gp	7879	gp	78	420	1500	0.6929667830467224	0.8437583296680355	-0.48373475766964275	1.0788480031888945	0.17001666	-0.12684573	-0.00052683614	54.989622842949	38.3424496773879	41099.0	43.85176	41.44731	25588.66
europe	24	gp	24241	gp	78	604	1500	0.6929667830467224	-1.0564677607455044	0.48261245732908076	-0.20683952199200195	-0.80640435	0.38144597	-0.4797083	23.5763127772687	46.7494810222036	22624.0	27.710201	45.86935	18702.945
europe	24	gp	127	gp	78	1252	1500	0.6929667830467224	-0.5583155691540478	-1.3723542349279159	1.7599318358787692	-0.8112368	0.42962968	-0.4694528	31.8114429721999	30.6116344145386	50886.0	27.630314	46.28854	18850.314
europe	24	gp	17890	gp	79	76	1500	1.3751657446225485	1.0386325789186912	0.03487589645102577	0.23140322964558	-0.45684052	0.14699128	-0.24982207	57.9543262703576	42.8991943212781	28724.0	33.110306	43.872982	21728.615
europe	24	gp	19948	gp	79	250	1500	1.3751657446225485	-0.14985832871910526	-0.4901607166782976	0.09794709403477493	-0.13522497	-0.024272306	-0.10850746	38.2101449141647	38.3389329869541	26784.0	38.453247	42.385456	23782.852
europe	24	gp	34854	gp	79	440	1500	1.3751657446225485	0.5134956996531689	1.7782598388799387	-0.9084772688446467	0.063269235	-0.040290985	0.0078346785	49.2303236596422	58.0415409400303	12154.0	41.750793	42.246323	25474.072
europe	24	gp	4218	gp	80	59	1500	1.3776691436767579	0.2295375632625372	-1.5201827308734017	1.4198299174605036	0.053831767	-0.076658234	0.01415621	44.5203052817378	29.4660985788241	45756.0	41.61273	42.011196	25460.809
europe	24	gp	25403	gp	80	964	1500	1.3776691436767579	-0.4505251707797396	1.6699678313155588	-0.25698895518864007	0.50229234	-0.26058435	0.33907902	33.2666291494735	57.1904272955622	21546.0	49.03385	40.412766	30152.06
europe	24	gp	1690	gp	80	1386	1500	1.3776691436767579	-0.10836860840198528	-1.5487263069114565	1.6401504806119669	0.13247964	-0.1339573	0.007966366	38.9286349421461	29.2180377210672	48937.0	42.914192	41.513233	25371.44
europe	24	gp	7192	gp	81	205	1500	1.374725341796875	0.779785038085952	-1.0711857686313988	1.1665691732984926	0.64247876	0.074556105	0.32170415	53.4127477583585	33.4056395863909	42010.0	51.13511	43.330173	29802.45
europe	24	gp	11404	gp	81	613	1500	1.374725341796875	1.2141887133182048	-0.047781045216875366	0.8010104729464154	0.21565996	1.1217037	-0.28221166	60.618646923642	42.2704758052198	36728.0	44.055027	52.400673	21076.398
europe	24	gp	36901	gp	81	1279	1500	1.374725341796875	-1.9728554975600745	0.4252140632150757	-1.0413859984796823	-0.18332061	1.4483174	-0.7982545	7.751876847143592	46.367607734186	10106.999999999998	37.436726	55.229836	13620.035
europe	24	gp	30252	gp	82	91	1500	1.3749216198921204	-0.5242272057655167	-0.21139000965404106	-0.6063426227361064	0.000553933	-0.084531486	-0.020061746	32.1948022092947	40.8263666787524	16820.0	40.9371	41.92369	25179.066
europe	24	gp	22694	gp	82	966	1500	1.3749216198921204	-0.1105870849881185	-0.6209717677785269	-0.09413120598200826	-0.011470191	-0.063917026	-0.0029461335	39.0856074857051	37.2834854446089	24123.0	40.73679	42.102005	25423.096
europe	24	gp	512	gp	82	1059	1500	1.3749216198921204	-0.6714365058791298	-1.4556016145410984	1.7465474769283782	-0.017085943	-0.06382045	-0.00867402	29.7424515522716	30.0639392541449	50367.0	40.643238	42.10284	25341.43
europe	24	gp	6000	gp	83	416	1500	1.3750213185946147	0.7221144654282042	-1.364767305221155	1.24780430253518	0.027805213	-0.069045655	-0.01078771	52.5600337595578	30.6340413108501	43549.0	41.043095	41.877377	25287.3
europe	24	gp	8832	gp	83	518	1500	1.3750213185946147	1.1953073142958215	-0.3140787467899626	0.9999688205091193	-0.026085537	-0.057630103	-0.064701796	60.4091788144674	39.7511555580933	39953.0	40.149174	41.976433	24505.027
europe	24	gp	20511	gp	83	1462	1500	1.3750213185946147	0.6210418125635482	2.0296876603876086	0.052115265363287075	0.024408937	-0.06346475	0.000731612	50.8834785974971	60.0886627400448	26200.0	40.986755	41.925804	25454.441
europe	24	gp	22489	gp	84	529	1500	0.6999183376630147	-0.9555845310544729	0.9178839006359893	-0.053007956914236896	0.3484563	-0.39641535	0.29074565	25.016772639471	50.6867858864473	24302.0	46.47051	39.295444	29254.72
europe	24	gp	15003	gp	84	646	1500	0.6999183376630147	1.2340753734636776	-0.3850448714256383	0.500651916187352	0.34067282	-0.28955156	0.23200773	61.0404819667293	39.3939958588496	32279.0	46.342457	40.221657	28408.44
europe	24	gp	25758	gp	84	1484	1500	0.6999183376630147	-1.1906728020707258	-0.13716081861868862	-0.268725004124935	0.0055591715	-0.02632104	0.010311223	21.1491621836816	41.5424652299799	21194.0	40.829254	42.50314	25214.29
europe	24	gp	12783	gp	85	122	1500	0.6954112768173217	1.0677618706723035	-0.3718043315447244	0.6636976423076986	-0.00612888	-0.016623698	-0.026952704	58.3956863241714	39.3050186958958	34926.0	40.72716	42.395245	24896.87
europe	24	gp	22451	gp	85	436	1500	0.6954112768173217	-0.5871315589498655	-0.4711793799841716	-0.06433706226265434	-0.14002539	0.12685792	-0.029878002	31.1680337800479	38.4404125939192	24354.0	38.52419	43.643597	24854.39
europe	24	gp	16594	gp	85	575	1500	0.6954112768173217	1.197152054660495	-0.44793174711044137	0.3465080992457381	0.03436732	-0.030646544	-0.014040913	60.5245188575479	38.6426771015072	30320.0	41.393436	42.27324	25084.365
europe	24	gp	8133	gp	86	444	1500	1.3747606515884399	1.128722004464027	-0.35575703148706256	1.0714051087140437	0.12105428	-0.09748613	0.10600234	59.3937609301873	39.5714978119557	40813.0	42.962223	41.837246	26880.955
europe	24	gp	14420	gp	86	1388	1500	1.3747606515884399	1.023500400281054	-0.3036650746956844	0.5338939220600222	-0.15065873	0.022708489	-0.124843456	57.6779642146306	40.0284882042109	33056.0	38.531532	42.891685	23549.545
europe	24	gp	45121	gp	86	1402	1500	1.3747606515884399	-1.8419090212995424	0.9472573440255071	-1.6688833259153153	0.043797843	-0.08582997	0.08359783	10.953148408517002	51.0025341418908	1267.0	41.702442	41.939503	26557.629
europe	24	gp	2108	gp	87	909	1500	1.3750277876853942	-0.2455937677190524	-1.6865157757842755	1.5976580772252214	0.15529828	-0.040388666	0.17394523	36.681966328076	28.0719310110859	48361.0	43.363182	42.242294	27825.82
europe	24	gp	19135	gp	87	1317	1500	1.3750277876853942	-0.12341464045369632	1.9170503271408972	0.15870492856034832	0.15079178	-0.15339744	-0.08151161	38.7181880478641	59.0925290137479	27606.0	43.28808	41.26948	24141.193
europe	24	gp	37700	gp	87	1480	1500	1.3750277876853942	0.4869487911613337	1.977093849048034	-1.103247623210214	-0.02032966	0.0028282078	0.07123193	48.8904269910975	59.609401995274	9404.0	40.43619	42.61432	26344.316
europe	24	gp	11433	gp	88	695	1500	0.6933562755584717	1.3379395467398936	-0.5308345759305415	0.7821981539657505	-0.10207127	-0.10589146	-0.1230534	62.9053089784978	38.0373707035056	36700.0	39.256844	41.74347	23676.186
europe	24	gp	17690	gp	88	911	1500	0.6933562755584717	1.13228337413555	-0.2071929577353531	0.24428037988290377	-0.1645983	-0.098572545	-0.17728794	59.5279368634159	40.8599786693553	28961.0	38.23	41.8073	22895.914
europe	24	gp	11183	gp	88	916	1500	0.6933562755584717	1.180907675596569	-0.5253476053301757	0.8011041669584543	-0.18709229	-0.088532194	-0.18429992	60.3264655814706	38.0852247681693	36972.0	37.86059	41.894867	22795.033
europe	24	gp	11776	gp	89	830	1500	1.3749821225802104	1.1552257324106305	-0.3766587518676081	0.7555570957939687	0.26639882	-0.16154048	0.11928886	59.918581622629	39.3369979991895	36212.0	45.13797	41.19183	27069.432
europe	24	gp	20507	gp	89	1209	1500	1.3749821225802104	0.7012441777372825	1.6897834156215354	0.05885113999486154	0.2607829	-0.16071734	0.118504144	52.3691640246555	57.1546620881454	26201.0	45.044582	41.198925	27058.156
europe	24	gp	38240	gp	89	1374	1500	1.3749821225802104	-0.29155680234544085	-0.6280300869366763	-1.1454737591264599	0.36955673	-0.20049258	0.20938449	35.8595302891731	37.1695770665751	8896.0	46.85342	40.85597	28364.02
europe	24	gp	1367	gp	90	11	1500	1.378882356484731	-0.25717964729724624	-1.2564064118577811	1.6633231226682712	0.22866066	-0.15282929	0.08161926	36.3479143846692	31.6366235888778	49348.0	44.365273	41.290653	26482.979
europe	24	gp	10512	gp	90	738	1500	1.378882356484731	1.3546739277345337	-0.4237219930170727	0.8648280225334324	0.43352854	-0.23965007	0.20481527	62.9467993229409	38.9208975768011	37805.0	47.746014	40.53115	28263.895
europe	24	gp	37768	gp	90	770	1500	1.378882356484731	-0.6203800548223715	1.847723989514518	-1.104950022718195	0.15608591	-0.17734107	0.042057507	30.3543638544334	58.7913725264386	9330.0	43.16764	41.076225	25911.076
europe	24	gp	41744	gp	91	591	1500	1.3750808795293172	-1.4090998505307402	0.7177164471675662	-1.39130888351275	0.23951899	-0.17840078	0.18243515	17.3562232868628	48.9447584933681	5223.0	44.67986	41.094666	27947.246
europe	24	gp	37828	gp	91	1253	1500	1.3750808795293172	-0.788292075111049	-0.43475552727616407	-1.109791543531515	0.03884696	0.013711726	-0.008430784	27.6452755755861	38.8489713758556	9288.0	41.353992	42.777596	25191.219
europe	24	gp	22123	gp	91	1362	1500	1.3750808795293172	-0.5002195292793208	-0.5349665456574249	-0.043696111386095346	0.23486301	-0.18127424	0.18079944	32.4196898216134	37.9711113229943	24682.0	44.60269	41.069496	27923.629
europe	24	gp	3053	gp	92	107	1500	1.374380640188853	0.10169586755409811	-1.1890216871488741	1.5176208070081298	-0.32568502	0.1710651	-0.32241145	42.5602581446502	32.2378142156357	47248.0	35.491627	43.921764	20795.514
europe	24	gp	8560	gp	92	1234	1500	1.374380640188853	1.1204009669162256	-0.3507027595436663	1.0314666866902893	0.13545293	-0.5095959	0.28051367	59.4090493324524	39.4394684825426	40259.0	43.118584	38.074486	29463.227
europe	24	gp	26437	gp	92	1464	1500	1.374380640188853	0.3019547727436835	1.7103216881304972	-0.3409500816415168	0.09126484	-0.10758314	0.04012228	45.8724242260313	57.1448846660861	20529.0	42.387737	41.52801	26007.336
europe	24	gp	28992	gp	93	379	1500	1.3745765725771586	-1.3975973413413456	0.32686213678878645	-0.532909136035242	0.25000402	-0.021194175	0.23051246	17.6763830960745	45.1951364285902	17977.0	45.06744	42.220676	28906.955
europe	24	gp	11975	gp	93	1201	1500	1.3745765725771586	1.2605024826344915	-0.02578336005985481	0.7211887829724196	0.29989251	-0.030188214	0.2541784	61.8667845133972	42.1814564883432	35932.0	45.896828	42.143814	29245.781
europe	24	gp	35997	gp	93	1297	1500	1.3745765725771586	0.2956281757710507	1.7137487989462457	-1.0212075794650701	-0.30485108	-0.013226876	-0.34229413	45.8259336194753	57.0473578534791	10986.0	35.84308	42.28876	20706.047
europe	24	gp	5230	gp	94	419	1500	0.6924242218335469	0.4039377279706142	-1.7135293191748848	1.3351536081179185	-0.013746852	-0.030806808	0.0021810404	47.4612169783369	27.7807968375251	44514.0	40.569782	42.35233	25334.805
europe	24	gp	225	gp	94	649	1500	0.6924242218335469	-0.6211804014456664	-1.627382813539562	1.768631136987424	0.33449724	-0.2301731	0.39642617	30.5476467932425	28.5267824490908	50751.0	46.31551	40.62592	31007.318
europe	24	gp	37916	gp	94	1143	1500	0.6924242218335469	-2.0689825348427666	0.3280986983628895	-1.1200375390432409	0.12422319	-0.12998481	0.13263665	6.660152957498077	45.4602733760151	9188.0	42.84617	41.4935	27211.838
europe	24	gp	810	gp	95	454	1500	0.6954651792844136	-0.49418920783666664	-1.4781431205677031	1.7090356465773742	-0.3726982	0.15146269	-0.08224547	32.6542692398227	29.752244345441703	50003.0	34.66366	43.865932	24245.125
europe	24	gp	25022	gp	95	531	1500	0.6954651792844136	-0.13968514453603992	1.589864941438404	-0.24491538644212074	-0.0760319	-0.07264354	-0.044015355	38.5175540744211	56.3236504406875	21906.0	39.57034	41.924995	24794.86
europe	24	gp	39292	gp	95	1334	1500	0.6954651792844136	-1.8174828940095427	0.3443069007521378	-1.2218561314276304	-0.114122786	0.019392535	-0.03496676	10.7677844147459	45.5361206019841	7858.0	38.94034	42.7221	24924.975
europe	24	gp	43356	gp	96	73	1500	0.6927842696507772	-0.9672717787452517	0.8194461000062415	-1.5241862874526502	-0.0033765924	-0.13656333	-0.14619379	24.784820895427	49.7002452505462	3296.0	40.684982	41.39585	23134.365
europe	24	gp	15410	gp	96	292	1500	0.6927842696507772	1.212034181339145	-0.1269962538068876	0.45309021225988283	0.1251097	-0.08600702	0.025593115	60.7340740284351	41.4789564125037	31762.0	42.80446	41.83501	25607.508
europe	24	gp	16850	gp	96	1144	1500	0.6927842696507772	0.9959785448695527	-0.05843421801539772	0.3309083334221696	-0.04998949	0.005457363	-0.070794724	57.1700775504198	42.0745217919429	30003.0	39.91607	42.629517	24219.854
europe	24	gp	42241	gp	97	26	1500	0.6918078939119975	-0.3069194940589494	0.8306102530743329	-1.441290686995071	-0.07154962	-0.01139625	-0.016668526	35.7339465218012	49.7445034257679	4568.0	39.622112	42.37308	25309.357
europe	24	gp	31133	gp	97	548	1500	0.6918078939119975	-1.067252458706726	0.5583575559593728	-0.6632945322904147	-0.021485355	-0.040721215	-0.017575191	23.1737091077761	47.3610419768415	15895.0	40.449146	42.116352	25296.156
europe	24	gp	3246	gp	97	577	1500	0.6918078939119975	-0.05339701163777225	-1.307284454505613	1.4759029814622577	-0.9752182	0.63178176	-0.07434377	39.9219834964681	31.0281062279508	47040.0	24.69406	48.00384	24469.652
europe	24	gp	31417	gp	98	789	1500	1.3816501021385192	-1.0098860611631484	1.1588319548243289	-0.6699997502381277	0.19553173	-0.1526644	0.10168271	23.8355168569244	52.6173647771166	15609.0	43.86878	41.276226	26769.643
europe	24	gp	36619	gp	98	1096	1500	1.3816501021385192	-0.13599329171587254	-0.6458327957435338	-1.0303740736732951	-0.62406284	0.09216654	-0.5241511	38.3590478912773	37.0115641318485	10397.000000000002	30.247646	43.3934	17718.371
europe	24	gp	9886	gp	98	1269	1500	1.3816501021385192	1.2879496821922716	-0.6243652128223083	0.9143473808427294	0.19887406	-0.15383375	0.104138136	62.0240565693831	37.1972046056811	38523.0	43.924324	41.266117	26805.154
europe	24	gp	847	gp	99	522	1500	0.6907569487889608	-0.29651035387676117	-1.3598411993627502	1.6986782283419475	0.40761748	-0.0623538	0.15149555	35.7992463606865	30.7250505920953	49973.0	47.458572	41.962196	27626.707
europe	24	gp	3712	gp	99	871	1500	0.6907569487889608	0.24740882445914916	-1.53245998587813	1.449841686895465	-0.170329	0.07505269	-0.0988521	44.8057522096418	29.2300512566937	46379.0	37.888622	43.152233	24010.88
europe	24	gp	16189	gp	99	976	1500	0.6907569487889608	0.9999579952685133	-0.5327293252154918	0.3723808471653147	-0.26731062	0.10282104	-0.15299925	57.2668655119111	37.8884174950526	30817.0	36.28275	43.392727	23228.822
europe	24	gp	42267	gp	100	256	1500	1.3779768705368043	-1.3041385742517515	0.5708556139640474	-1.44224692801377	0.28500757	-0.11378078	0.058960337	19.1243234233227	47.6532811994778	4541.0	45.431747	41.66898	26258.6
europe	24	gp	26139	gp	100	336	1500	1.3779768705368043	0.6289618590965652	1.630968504981197	-0.31441976958874823	0.21455911	-0.15654935	0.10855387	51.1257216583623	56.9195665266487	20857.0	44.265514	41.295147	26976.057
europe	24	gp	36001	gp	100	1466	1500	1.3779768705368043	-0.6666325367400877	-0.5141649314604096	-0.9957750221381132	-0.015319761	-0.08087049	0.0009884872	29.6778798923553	38.1692818585218	11000.0	40.46	41.956646	25419.936
europe	24	gp	8835	gp	101	152	1500	1.375089712937673	0.9857141845080909	-0.38189046884902667	1.007918339676053	-0.04371904	0.07414897	-0.006905573	57.0413921195276	39.2073103187383	39944.0	40.07325	43.13806	25297.162
europe	24	gp	5144	gp	101	485	1500	1.375089712937673	0.4229947126829982	-1.2456032000494686	1.3325242705861078	-0.039025947	0.06909496	0.001951443	47.7660898588527	31.7626912882374	44629.0	40.150604	43.094498	25424.994
europe	24	gp	35320	gp	101	1444	1500	1.375089712937673	-0.4885283946777433	-0.3098271658815012	-0.9499023198170997	-0.062796	-0.082899846	-0.17814866	32.7414590051537	39.8284472052204	11687.0	39.758804	41.784405	22825.63
europe	24	gp	43141	gp	102	716	1500	0.6919027169545492	-0.7741072399284099	1.0473959335714909	-1.540197611739805	-0.105634466	0.03446464	-0.10577341	28.2909283788017	51.5006493748399	3506.0	39.326286	42.774994	24138.059
europe	24	gp	31503	gp	102	975	1500	0.6919027169545492	-0.4320647610221789	-0.5209587691076881	-0.7040318891103327	-0.23946579	0.036986403	-0.24652448	33.937472889505	37.9904307615999	15533.0	37.11696	42.79672	22113.562
europe	24	gp	3473	gp	102	1083	1500	0.6919027169545492	0.19321667617308103	-1.4961238638355825	1.4633107763300242	-0.23906426	0.03716796	-0.2454799	44.2598149510227	29.590102958668105	46707.0	37.123585	42.798283	22128.588
europe	24	gp	34824	gp	103	13	1500	0.6919065197308858	-0.16691563696181802	1.7314271614704546	-0.9154528569673509	-0.292811	0.086360134	-0.08130034	37.9594332794779	57.5468004911097	12189.0	35.86919	43.29862	24249.336
europe	24	gp	1417	gp	103	569	1500	0.6919065197308858	-0.26576196592900475	-1.5934814877255186	1.6511894372560527	0.015407185	0.0051854346	0.04527717	36.3182878462154	28.7492469043981	49298.0	40.986538	42.59555	26079.416
europe	24	gp	1101	gp	103	838	1500	0.6919065197308858	-0.42226478549522	-1.693786433639603	1.6755355012180737	-0.28925797	0.07590279	-0.103095695	33.7198717967022	27.8804900873735	49650.0	35.92818	43.208046	23934.215
europe	24	gp	27597	gp	104	494	1500	1.3748970786730448	-0.4642281391890645	-0.5201417067835459	-0.4198185834959637	0.022872366	0.0030775843	-0.084834866	33.04000754034	38.088729277741	19367.0	41.160084	42.613274	24186.807
europe	24	gp	42932	gp	104	508	1500	1.3748970786730448	-0.5560101206744197	1.1280431022475856	-1.5074474488853253	-0.6423562	0.068729505	-0.25400063	31.5099806361096	52.3414196750842	3718.0	30.070572	43.180996	21752.818
europe	24	gp	39936	gp	104	969	1500	1.3748970786730448	-0.6926982018216612	-0.5241843740622649	-1.2638447155995107	-0.2934374	-0.032335598	-0.09505199	29.231358642355	38.0537702823739	7223.0	35.887127	42.307037	24039.8
europe	24	gp	31136	gp	105	745	1500	1.3794382135073344	-0.3027487196510049	-0.5963709786447524	-0.6546159480632283	0.108324125	-0.15607208	0.019119887	35.6305283245333	37.3259714214122	15919.0	42.44277	41.168976	25715.807
europe	24	gp	34233	gp	105	977	1500	1.3794382135073344	-0.1577955588711552	-0.5719398602644009	-0.8716571438798787	-0.014622988	0.018465903	-0.022981185	38.032672072631	37.5392104911016	12763.0	40.405308	42.692375	25103.613
europe	24	gp	15001	gp	105	1135	1500	1.3794382135073344	1.033213897148991	-0.39392844944306094	0.4718526157760408	-0.3444248	-0.052755132	-0.4238682	57.769916181776	39.0929251858889	32299.0	34.939877	42.070744	19274.309
europe	24	gp	16388	gp	106	129	1500	1.3746705889701842	1.4296000707574683	-0.20867655028635845	0.3713583114892829	0.15064542	-0.18051042	0.102858946	64.296532651424	40.8330405182383	30575.0	43.202824	41.077652	26711.604
europe	24	gp	1751	gp	106	195	1500	1.3746705889701842	-0.12807502122336692	-1.5502236365674196	1.641717036184424	0.22761823	-0.20647295	0.1540726	38.6059060136573	29.1822975153263	48854.0	44.472332	40.85218	27448.51
europe	24	gp	15264	gp	106	486	1500	1.3746705889701842	1.1250881956832925	-0.24549283854792456	0.4652504629780479	0.21796541	-0.2026648	0.15118013	59.274239536787	40.5133073405936	31926.0	44.313126	40.88525	27406.89
europe	24	gp	30227	gp	107	263	1500	1.3747017979621887	-0.09809712489572801	-0.5101169032578601	-0.6037238218057708	0.028459221	-0.054629717	-0.020603023	39.121546871438	38.0504115788893	16844.0	41.222797	42.004776	25307.727
europe	24	gp	42453	gp	107	264	1500	1.3747017979621887	-0.5451265077401909	1.4970917647419137	-1.468856668205446	0.10975521	-0.06586336	0.08971372	31.6993938443859	55.4762284792311	4287.0	42.57258	41.90725	26908.922
europe	24	gp	23965	gp	107	1198	1500	1.3747017979621887	0.3311795857213647	2.08172557567756	-0.1880025830404893	0.5475057	-0.17984974	0.31890726	46.2489473498495	60.5517953126814	22878.0	49.84067	40.917664	30235.56
europe	24	gp	12643	gp	108	408	1500	1.3747281114260355	1.2232644669587303	-0.42134563033907696	0.6654766758054435	0.0072595435	-0.046883512	0.012743085	61.2387205677095	38.7947261332047	35088.0	41.07885	42.0147	25671.617
europe	24	gp	37922	gp	108	1127	1500	1.3747281114260355	-0.488005258054454	-0.3312132630052693	-1.12946790090443	0.025715154	-0.06846248	-0.029812934	32.8679660958375	39.5697685749431	9194.0	41.384823	41.829147	25057.701
europe	24	gp	35376	gp	108	1333	1500	1.3747281114260355	-0.21972444441370584	1.5739894916892858	-0.9619933470567797	0.20116723	-0.2768612	-0.051101245	37.3157331439322	55.9524847809484	11610.0	44.293602	40.03714	24750.596
europe	24	gp	44716	gp	109	243	1500	1.3761072357495625	-0.969814527673594	0.9073563004540639	-1.6158507780613223	0.288611	-0.18751693	0.15725178	24.4457857171946	50.4822636946185	1853.0	45.283062	40.957355	27569.896
europe	24	gp	31220	gp	109	1055	1500	1.3761072357495625	-0.45303713621880565	-0.13086489082906777	-0.6519719133281974	0.10487944	-0.0965417	0.0494698	33.0026949397106	41.4502036330186	15833.0	42.240795	41.7488	26006.637
europe	24	gp	31591	gp	109	1286	1500	1.3761072357495625	-1.6673493324226627	0.5615443780053333	-0.6803091245875188	0.061909713	-0.15862405	0.03879837	12.8958570583953	47.4738546197526	15422.0	41.529297	41.20871	25851.861
europe	24	gp	41308	gp	110	491	1500	1.3787709712982177	-1.7455366257740572	0.9025158825343707	-1.3520177733115595	-0.35101712	0.08009172	-0.3383955	11.808083735330698	50.4978884604691	5715.0	34.917736	43.33134	20429.098
europe	24	gp	4548	gp	110	659	1500	1.3787709712982177	0.33240939798390423	-1.690119177123272	1.3794533853326756	0.010598269	-0.056110505	-0.07074342	46.2433209351514	27.9058466823793	45366.0	40.910343	42.144485	24314.43
europe	24	gp	22936	gp	110	1434	1500	1.3787709712982177	-0.12343124282209977	-0.6273391590736607	-0.09763936349206252	0.28491634	-0.16064952	0.15945238	38.6892360782767	37.1668379195596	23924.0	45.45628	41.23354	27656.035
europe	24	gp	40714	gp	111	162	1500	1.3743514696756998	-0.36991746195832304	1.6148486819849366	-1.3125776952772348	-0.13128135	0.072913125	-0.003428726	34.6601574999714	56.5257588024865	6407.0	38.62392	43.17476	25311.977
europe	24	gp	21558	gp	111	179	1500	1.3743514696756998	0.7164484557751754	1.753087754180875	-0.011252304167215947	0.19020768	-0.122136205	0.09467345	52.7047691731729	57.7227153439491	25199.0	43.963875	41.485905	26728.637
europe	24	gp	16876	gp	111	1130	1500	1.3743514696756998	1.0290536378995392	-0.20801159663134963	0.31913421355234023	0.054121085	-0.049582347	0.0030252703	57.8971624785825	40.7423446055978	29970.0	41.70347	42.11412	25405.178
europe	24	gp	24360	gp	112	312	1500	1.3748924414316812	0.18916150367878	1.6591532956469113	-0.19339025701879095	-0.094480336	-0.01895481	-0.09556944	43.7906727127245	56.9851443169939	22531.0	39.08441	42.429104	23937.275
europe	24	gp	31852	gp	112	826	1500	1.3748924414316812	-0.11217659121535067	1.5809196099065665	-0.7057011056759693	0.6414967	-0.91680604	0.9114394	38.7907922571627	56.3065392720727	15166.0	51.295937	34.641075	38414.07
europe	24	gp	33380	gp	112	1383	1500	1.3748924414316812	0.3915076324408979	1.4805631578354177	-0.8127542483892616	-0.097648956	-0.018952463	-0.09881225	47.1480525846977	55.4360396398311	13627.0	39.031837	42.429127	23890.656
europe	24	gp	41252	gp	113	394	1500	0.6917246619860331	-0.9522783948936138	0.4584759942073608	-1.353512553798216	-0.36573118	-0.006520179	-0.1794353	24.7540348448744	46.5136947289439	5784.0	34.520435	42.490757	22735.402
europe	24	gp	9459	gp	113	443	1500	0.6917246619860331	1.1713356769517376	-0.2725999459641265	0.955314902746625	0.012534738	-0.016310286	0.013300183	60.1136250742213	40.1887532576587	39119.0	40.818817	42.406055	25518.13
europe	24	gp	8674	gp	113	1081	1500	0.6917246619860331	0.9550944951684073	-0.38617011615213637	1.0253381383418503	-0.39262462	0.025897339	-0.16904896	56.5130652173524	39.2061950310064	40130.0	34.072643	42.771217	22885.361
europe	24	gp	33920	gp	114	380	1500	0.6913610100746155	-0.21463377924784138	-0.1834449996426473	-0.8371364576091521	-0.051405787	-0.03586793	-0.025726436	37.0839276666244	41.0259161642257	13074.0	39.81121	42.29074	24803.465
europe	24	gp	24593	gp	114	587	1500	0.6913610100746155	-0.4098281461090086	-0.45447869052903683	-0.1960033883543552	-0.036308244	-0.07191638	-0.025817862	33.8225382564305	38.7029898987751	22342.0	40.063465	41.981785	24802.143
europe	24	gp	20314	gp	114	1376	1500	0.6913610100746155	-0.07598991088915043	-0.48043397796902515	0.0864465816248567	-0.24106617	0.065480776	-0.30554447	39.4004476119718	38.4805370416248	26425.0	36.642284	43.159363	20758.512
europe	24	gp	38864	gp	115	828	1500	1.3776029308636983	-1.5374117762583577	0.6693514609790185	-1.1811867469648216	0.070169315	-0.06782864	0.025266722	15.519357969048599	48.3731316916738	8278.0	42.03741	41.974228	25727.766
europe	24	gp	25102	gp	115	1027	1500	1.3776029308636983	-0.06212952655463391	1.6032257263460936	-0.24525665490324386	0.30307305	-0.34819058	0.1371285	39.8550597449342	56.47939043015	21815.0	45.879303	39.540615	27345.7
europe	24	gp	14681	gp	115	1273	1500	1.3776029308636983	1.0819363420737302	-0.24125232940039706	0.5102215246015843	0.33447704	-0.33398747	0.15933482	58.727140525748	40.4688664101466	32742.0	46.39733	39.663902	27666.885
europe	24	gp	42690	gp	116	163	1500	1.3747897426287332	-0.9607718379721413	1.349703186380666	-1.4652442866555309	0.10820344	-0.13315694	0.08129039	24.7026840630167	54.1252955676325	4003.0	42.399296	41.29468	26572.871
europe	24	gp	39143	gp	116	364	1500	1.3747897426287332	-1.888385967165693	0.6230122331364207	-1.1898540140332383	-1.0836389	0.5569004	-1.0699492	9.3462699295239	47.8375217367038	8022.0	22.668653	47.26548	9771.873
europe	24	gp	8699	gp	116	1115	1500	1.3747897426287332	1.0133656696515536	-0.2073638232400918	1.007375267356768	-0.7659293	0.44851655	-0.79920024	57.3840244711092	40.6526010853535	40088.0	27.928255	46.32768	13723.138
europe	24	gp	30417	gp	117	87	1500	1.3748368978500367	-0.6808916837543709	0.26921628253092844	-0.5947607975219473	0.29326633	-0.21706533	0.18290615	29.3770203646086	45.0358215233213	16617.0	45.50534	40.80176	27834.096
europe	24	gp	44476	gp	117	809	1500	1.3748368978500367	-1.3232363574506059	0.35842069539679106	-1.5996805980421405	0.1959551	-0.14976595	0.07861954	18.7422554187584	45.8125252893807	2122.0	43.89424	41.38774	26329.863
europe	24	gp	45072	gp	117	1167	1500	1.3748368978500367	-1.670076192275446	0.5599837034862133	-1.6533410275421494	0.29327947	-0.21706247	0.1830358	12.999917592565097	47.5675365321174	1348.0	45.505558	40.80179	27835.967
europe	24	gp	9429	gp	118	403	1500	1.374548371632894	1.3552560230798267	-0.12576862790232857	0.9498956292359463	-0.63773483	0.11891131	-0.39272904	63.347516163711305	41.4713307969592	39147.0	30.44234	43.592476	19833.605
europe	24	gp	30536	gp	118	835	1500	1.374548371632894	0.92307155521663	1.9587996057568582	-0.6232226199830841	-0.2987184	0.050776683	-0.17549883	56.2119564597394	59.5426038513175	16518.0	36.039658	43.001812	22958.418
europe	24	gp	42714	gp	118	1021	1500	1.374548371632894	-0.961179610788837	1.248755939611016	-1.4953233949379092	-0.62271345	0.11823103	-0.3821191	25.102123293392	53.3871838634981	3973.0	30.690351	43.58658	19986.227
