ind	co1	co2
42784	3.3937044865167234	3.3937044865167234
8161	1.0640999140037641	1.0640999140037641
12398	1.7408912958767258	1.7408912958767258
42047	1.1526191935656531	1.1526191935656531
43565	1.863743891323332	1.863743891323332
32738	3.913099222503971	3.913099222503971
43503	0.4441530474969534	0.4441530474969534
17147	1.9454729746458599	1.9454729746458599
11950	1.6309269072050383	1.6309269072050383
25801	1.3437445814526796	1.3437445814526796
9213	0.4875562907151423	0.4875562907151423
1367	2.323758956688572	2.323758956688572
12019	0.13971980641497672	0.13971980641497672
34824	1.5194931990183602	1.5194931990183602
1640	1.560045495747124	1.560045495747124
10621	0.9781102327769319	0.9781102327769319
43290	1.434733949991724	1.434733949991724
24719	2.733289319945902	2.733289319945902
40120	1.5201341562355202	1.5201341562355202
20319	2.5273771573445267	2.5273771573445267
16210	1.2683455403921358	1.2683455403921358
44272	1.767174700480096	1.767174700480096
37698	2.191272026786657	2.191272026786657
10482	1.1925994378802027	1.1925994378802027
6930	1.6962793952555424	1.6962793952555424
16816	1.3513836857921295	1.3513836857921295
42241	0.9675849169887424	0.9675849169887424
13669	1.0131815791187397	1.0131815791187397
42450	0.32075003030488725	0.32075003030488725
31033	0.3794679724732707	0.3794679724732707
8887	2.33121421656793	2.33121421656793
4578	1.2588385127676744	1.2588385127676744
26443	0.5185160828803927	0.5185160828803927
4025	0.45556030282718607	0.45556030282718607
3402	0.1234362259300138	0.1234362259300138
5788	0.49449087251313917	0.49449087251313917
7020	0.8799567106753332	0.8799567106753332
35324	1.471473750242966	1.471473750242966
17760	1.8259925843791154	1.8259925843791154
31990	0.7527849852399886	0.7527849852399886
37825	0.6279571505178922	0.6279571505178922
41228	1.191851849335814	1.191851849335814
21148	0.7003611104263678	0.7003611104263678
31419	2.1148068985117288	2.1148068985117288
41517	1.8161401263477968	1.8161401263477968
9048	2.5901120754816347	2.5901120754816347
3608	0.5126748233110971	0.5126748233110971
33452	0.6685764939031185	0.6685764939031185
36763	1.5130902145495575	1.5130902145495575
1478	2.4370919181887034	2.4370919181887034
31027	0.778195890793538	0.778195890793538
20360	1.6488165016242813	1.6488165016242813
556	0.6821088053945918	0.6821088053945918
45010	0.9890217448178706	0.9890217448178706
39491	2.665416503851893	2.665416503851893
20948	1.8957864342574031	1.8957864342574031
9397	0.8637579541836381	0.8637579541836381
35596	3.7996271147006393	3.7996271147006393
27745	2.3173775251179967	2.3173775251179967
4218	1.8481069967984007	1.8481069967984007
34412	1.4980826050683653	1.4980826050683653
20597	0.9155583612406819	0.9155583612406819
32045	1.2024933258581632	1.2024933258581632
32783	0.8361942221087321	0.8361942221087321
39881	1.837059709623508	1.837059709623508
26165	0.2875603350819058	0.2875603350819058
17661	1.1868266091851045	1.1868266091851045
2159	1.4752679500596342	1.4752679500596342
7542	2.7373948067557956	2.7373948067557956
23620	0.8633563373856756	0.8633563373856756
15622	2.703316732345229	2.703316732345229
43350	0.9117816541411061	0.9117816541411061
16711	2.557242153072642	2.557242153072642
43356	1.963409884794653	1.963409884794653
45375	1.5227261567672223	1.5227261567672223
45421	1.9371503892520074	1.9371503892520074
17890	0.16309069584860836	0.16309069584860836
43194	1.0980680889716177	1.0980680889716177
32832	0.9815437314230858	0.9815437314230858
33307	1.1462160684330112	1.1462160684330112
3777	1.9188363043087338	1.9188363043087338
33840	0.8509322215781354	0.8509322215781354
45210	2.0056364604897237	2.0056364604897237
38669	1.1310178875183168	1.1310178875183168
9026	0.2269528938943981	0.2269528938943981
6149	3.894307419399231	3.894307419399231
3823	2.377078448489347	2.377078448489347
30417	1.1714558248131997	1.1714558248131997
31504	1.0222422303583127	1.0222422303583127
24993	2.6526858162684706	2.6526858162684706
20503	0.6781247995009061	0.6781247995009061
30252	2.5245646121667518	2.5245646121667518
510	1.6546053478962166	1.6546053478962166
18306	0.5097534198161948	0.5097534198161948
35539	1.7432453797863945	1.7432453797863945
29427	2.117380755760675	2.117380755760675
27806	1.546459442670022	1.546459442670022
41417	1.9640530584531692	1.9640530584531692
33509	2.3747786650680243	2.3747786650680243
3560	0.508717136234885	0.508717136234885
14955	3.253925458630661	3.253925458630661
24605	1.1616141953068329	1.1616141953068329
26436	1.8337788137007576	1.8337788137007576
6409	2.943309683885537	2.943309683885537
22332	2.01058528586921	2.01058528586921
18689	1.7218678619597736	1.7218678619597736
15594	0.4163679610814389	0.4163679610814389
3053	1.6828453835554256	1.6828453835554256
5582	1.5053657808514567	1.5053657808514567
13337	2.0014577789353547	2.0014577789353547
10674	1.7157960956648086	1.7157960956648086
35560	0.4456353922299977	0.4456353922299977
6958	1.0548804716296687	1.0548804716296687
15855	2.001155312655773	2.001155312655773
35501	1.0214629797968988	1.0214629797968988
12443	0.4842836081099178	0.4842836081099178
614	2.0688392374050606	2.0688392374050606
9005	2.342574102607733	2.342574102607733
37861	1.641309542019328	1.641309542019328
42983	2.2153029393673984	2.2153029393673984
42954	1.5209616573449138	1.5209616573449138
17915	0.6083284835798648	0.6083284835798648
12783	1.4378622828632743	1.4378622828632743
17020	1.158265948989025	1.158265948989025
13652	0.13769996697366926	0.13769996697366926
2266	0.09487928992098627	0.09487928992098627
6833	1.8386514680514097	1.8386514680514097
14272	3.1197638576619067	3.1197638576619067
43387	0.9504275626208969	0.9504275626208969
16388	1.325697849886274	1.325697849886274
14599	0.4516766300308973	0.4516766300308973
35567	0.7296809346221148	0.7296809346221148
28637	0.5282040442646296	0.5282040442646296
4947	1.0828318043890788	1.0828318043890788
17910	1.1901927363467655	1.1901927363467655
6968	0.6917928533515302	0.6917928533515302
24599	1.1070883449092852	1.1070883449092852
31129	0.6430198840561459	0.6430198840561459
43833	2.337526806800642	2.337526806800642
32689	0.9237819974384676	0.9237819974384676
18213	1.2633731975886175	1.2633731975886175
14066	1.960938103976675	1.960938103976675
22492	1.1901814872024712	1.1901814872024712
37071	1.404074126510479	1.404074126510479
41313	0.29764540365027536	0.29764540365027536
7539	0.7510970084395532	0.7510970084395532
45301	2.914497504054625	2.914497504054625
28448	1.390608430246815	1.390608430246815
39056	2.0239410397074282	2.0239410397074282
39916	1.3930998899300366	1.3930998899300366
42390	2.881927660566685	2.881927660566685
15915	0.2517410388137531	0.2517410388137531
8835	0.19296990725262875	0.19296990725262875
6695	1.657375553019266	1.657375553019266
9318	1.7862612475624906	1.7862612475624906
42817	1.3172792644991052	1.3172792644991052
29356	1.2960876819437608	1.2960876819437608
28121	0.3343498818861397	0.3343498818861397
19875	2.0353827974995102	2.0353827974995102
42219	1.0364025443918101	1.0364025443918101
13064	1.4985433012197753	1.4985433012197753
1634	0.522009537651269	0.522009537651269
40714	3.050743063054534	3.050743063054534
42690	0.5500535740795004	0.5500535740795004
14765	1.166740568772456	1.166740568772456
29928	1.9730322830820886	1.9730322830820886
26699	0.18801702224925243	0.18801702224925243
18234	0.9542967171236673	0.9542967171236673
3687	0.17744623676401572	0.17744623676401572
20059	1.125976941007274	1.125976941007274
33009	0.16029147224482376	0.16029147224482376
23841	1.1218133327620783	1.1218133327620783
45105	1.0279498787546544	1.0279498787546544
15983	2.231797049700817	2.231797049700817
39460	0.4951699241584686	0.4951699241584686
45002	0.11847200137384895	0.11847200137384895
38420	0.1978865466625409	0.1978865466625409
31799	0.7655117238871334	0.7655117238871334
40366	2.376154969673845	2.376154969673845
21558	2.0060905261687547	2.0060905261687547
7498	3.125401257191259	3.125401257191259
27092	0.6170795727642489	0.6170795727642489
39293	1.0924184654500724	1.0924184654500724
31062	0.5479859961746338	0.5479859961746338
16404	1.9518151128772487	1.9518151128772487
32948	0.8268111623171515	0.8268111623171515
19281	0.875883511455311	0.875883511455311
9044	0.846646746418678	0.846646746418678
41440	1.2752128114082137	1.2752128114082137
41902	1.8274911772050437	1.8274911772050437
5233	1.0948110747673796	1.0948110747673796
39148	3.212017006559879	3.212017006559879
22359	2.3470932070354773	2.3470932070354773
42947	1.1895155162352566	1.1895155162352566
7499	1.428572725503683	1.428572725503683
1751	1.0366457418314705	1.0366457418314705
43540	1.7387411605516123	1.7387411605516123
43939	1.3747170014735173	1.3747170014735173
23297	0.35372506139405535	0.35372506139405535
42904	3.0176840333677877	3.0176840333677877
40332	1.7311886727725154	1.7311886727725154
38966	0.7703529438125605	0.7703529438125605
3471	3.1441119825427317	3.1441119825427317
40644	1.3971458555974636	1.3971458555974636
12537	1.1594665817916952	1.1594665817916952
7192	1.3876642875295215	1.3876642875295215
19872	2.2146710215318013	2.2146710215318013
6307	1.3130316012394112	1.3130316012394112
10921	1.2197782481604815	1.2197782481604815
3504	1.2513442554847665	1.2513442554847665
13388	2.8991896890076614	2.8991896890076614
24243	1.0787203674063635	1.0787203674063635
10238	0.7188440794220256	0.7188440794220256
28164	0.22925923176027274	0.22925923176027274
22203	0.5093725995443517	0.5093725995443517
31386	2.079579208314439	2.079579208314439
902	2.174550825319356	2.174550825319356
18116	0.6654812940789492	0.6654812940789492
2211	1.0007510045371855	1.0007510045371855
14248	0.7053442417546951	0.7053442417546951
27137	2.3696985639701724	2.3696985639701724
42742	1.3162999698008173	1.3162999698008173
44300	0.12199879146851356	0.12199879146851356
15797	1.2728478871928246	1.2728478871928246
7858	1.7988968423536986	1.7988968423536986
26532	0.8538645288869525	0.8538645288869525
44353	0.5147501245219608	0.5147501245219608
22894	1.687775839941438	1.687775839941438
28970	0.06830056813256624	0.06830056813256624
15120	0.7003685143768295	0.7003685143768295
6117	0.9264148008816463	0.9264148008816463
36832	1.3234052813348713	1.3234052813348713
879	0.22049094271548186	0.22049094271548186
20505	0.812934639632603	0.812934639632603
8328	0.2988018085787396	0.2988018085787396
37029	1.4038822117466774	1.4038822117466774
2532	0.6913816185799297	0.6913816185799297
14035	0.7145394052274145	0.7145394052274145
19950	1.140025365019716	1.140025365019716
42046	1.8927290189106718	1.8927290189106718
38159	0.9705810969432572	0.9705810969432572
6122	1.5564324144906594	1.5564324144906594
17237	1.4373183940725254	1.4373183940725254
44716	1.4800153233287934	1.4800153233287934
39656	0.7554036829680154	0.7554036829680154
44792	0.1968120950544563	0.1968120950544563
16308	1.8455607300678527	1.8455607300678527
13057	1.05728556994256	1.05728556994256
9545	2.0469874195388122	2.0469874195388122
7196	1.620833414146245	1.620833414146245
19948	1.429510466194969	1.429510466194969
16412	2.4137940168374	2.4137940168374
43863	0.9415220183027114	0.9415220183027114
25683	0.31069803375835725	0.31069803375835725
10009	0.5368216065932677	0.5368216065932677
22615	0.4483395967503083	0.4483395967503083
42267	0.960646036883629	0.960646036883629
38456	2.208225068517441	2.208225068517441
42286	0.8257043610856747	0.8257043610856747
19336	0.8795371429215177	0.8795371429215177
33578	0.5248403256207171	0.5248403256207171
13507	1.0242445214605298	1.0242445214605298
33453	0.42218810732933254	0.42218810732933254
30227	1.923009113402494	1.923009113402494
42453	0.2883953392685893	0.2883953392685893
4263	1.6676479371503599	1.6676479371503599
20681	1.0769331548938232	1.0769331548938232
4776	2.1410282289610976	2.1410282289610976
7808	2.385217864612766	2.385217864612766
32130	2.3619652658986245	2.3619652658986245
9908	0.9965248112299623	0.9965248112299623
18908	0.1208191567554211	0.1208191567554211
20453	2.4488609512924446	2.4488609512924446
22499	0.26138935146683706	0.26138935146683706
20592	1.2787309179900979	1.2787309179900979
84	0.5027708630426493	0.5027708630426493
18236	1.17855719739772	1.17855719739772
41103	2.9346340525681005	2.9346340525681005
6068	1.6335245143606834	1.6335245143606834
38498	1.3636898167502207	1.3636898167502207
25838	0.9475567550101406	0.9475567550101406
34293	1.395483809457792	1.395483809457792
1565	1.8366578842123158	1.8366578842123158
12058	1.5959262871237412	1.5959262871237412
5215	0.11349391174285728	0.11349391174285728
34320	0.3644184791381595	0.3644184791381595
26787	1.04349880160438	1.04349880160438
42760	1.7694026670954766	1.7694026670954766
1664	1.437064636668416	1.437064636668416
3156	0.8411643043765618	0.8411643043765618
14342	2.4019859396690615	2.4019859396690615
40282	0.5118102255476762	0.5118102255476762
15410	2.435148700484412	2.435148700484412
28781	0.5209086532488636	0.5209086532488636
37731	2.2694917795589182	2.2694917795589182
19362	1.2817905766925723	1.2817905766925723
40390	0.40915345128110303	0.40915345128110303
27028	0.07178056692087664	0.07178056692087664
4777	0.6921634116763544	0.6921634116763544
11237	0.3488667160859451	0.3488667160859451
32129	1.041170461449164	1.041170461449164
25682	0.6454839678600749	0.6454839678600749
16256	2.367312270069727	2.367312270069727
44637	2.700122061516624	2.700122061516624
30750	1.1015356651401143	1.1015356651401143
20027	0.7145890030346091	0.7145890030346091
41122	0.6405585916052565	0.6405585916052565
2530	1.3245956085368937	1.3245956085368937
4874	1.7553343406115829	1.7553343406115829
19784	1.3620819380198523	1.3620819380198523
34134	1.053440887136315	1.053440887136315
12116	1.3105081861742374	1.3105081861742374
24360	0.0675597671255328	0.0675597671255328
19696	0.5781006785094673	0.5781006785094673
12945	0.3708699414762455	0.3708699414762455
20857	0.2978725600085961	0.2978725600085961
45170	1.7572706053643192	1.7572706053643192
4822	1.7144224200789369	1.7144224200789369
42981	2.48122318667437	2.48122318667437
19137	0.5434402956363531	0.5434402956363531
39294	0.35796393217305034	0.35796393217305034
21977	1.334013462530757	1.334013462530757
35228	0.4453718943907897	0.4453718943907897
13450	0.9098616018228857	0.9098616018228857
12866	0.4384925678477155	0.4384925678477155
13270	1.9646344484022742	1.9646344484022742
9174	2.505541343042437	2.505541343042437
41358	1.6680133378627706	1.6680133378627706
11942	1.303571144855941	1.303571144855941
18210	0.4855676155817039	0.4855676155817039
39326	1.5897930592970484	1.5897930592970484
12053	2.5493283254868	2.5493283254868
9928	2.84939438763946	2.84939438763946
12063	2.285138034862574	2.285138034862574
21144	0.059396784944851344	0.059396784944851344
11156	3.433813990831526	3.433813990831526
26139	0.6927881928572923	0.6927881928572923
2074	2.1399486002083394	2.1399486002083394
32591	0.40228196867124943	0.40228196867124943
20697	2.0763540127911893	2.0763540127911893
12093	2.3445629184210866	2.3445629184210866
27841	1.5926349261382446	1.5926349261382446
38922	1.838177055279057	1.838177055279057
26883	1.0964808441139253	1.0964808441139253
18905	1.498302618731734	1.498302618731734
2814	0.7665552193543801	0.7665552193543801
32042	2.1062541603882745	2.1062541603882745
19660	1.9968646410280653	1.9968646410280653
20477	2.128672913336409	2.128672913336409
39151	0.22599319161332532	0.22599319161332532
19285	1.6179323724280033	1.6179323724280033
13838	2.4613371648495272	2.4613371648495272
25366	0.29703805770949065	0.29703805770949065
42576	1.714338333501075	1.714338333501075
17717	1.881722724783141	1.881722724783141
3284	1.2662885557610208	1.2662885557610208
21838	1.5083620635472363	1.5083620635472363
35011	0.8498999000708991	0.8498999000708991
27318	0.14189799313127083	0.14189799313127083
16575	0.36883958354328916	0.36883958354328916
33719	1.4781619566773574	1.4781619566773574
43254	1.4394646642887539	1.4394646642887539
29420	0.04725495997134055	0.04725495997134055
8036	0.7475660356227265	0.7475660356227265
39143	0.7263148588112511	0.7263148588112511
10363	0.7902658228487005	0.7902658228487005
21621	0.8133160688275064	0.8133160688275064
24842	2.8037107068990235	2.8037107068990235
42387	2.3782233534616086	2.3782233534616086
30914	0.5176864542865713	0.5176864542865713
30994	2.421606465288562	2.421606465288562
12451	0.659356417651026	0.659356417651026
24697	2.814910870561898	2.814910870561898
25841	0.3708224048132196	0.3708224048132196
7849	1.2037316554099655	1.2037316554099655
16772	1.557926301067544	1.557926301067544
33433	2.056614126126636	2.056614126126636
6194	2.063102871173365	2.063102871173365
31539	1.3987935705806807	1.3987935705806807
28992	0.23868725087746145	0.23868725087746145
33920	0.45286030874106176	0.45286030874106176
4760	0.334710732841049	0.334710732841049
43384	0.60503358824018	0.60503358824018
25864	0.038934830494199435	0.038934830494199435
11020	1.0056539099085535	1.0056539099085535
2973	2.338817668463835	2.338817668463835
6651	0.7609063591516372	0.7609063591516372
11946	0.7751503522540621	0.7751503522540621
11216	1.0154080198176543	1.0154080198176543
6193	1.3476932584816987	1.3476932584816987
15914	1.5370336754131402	1.5370336754131402
12371	0.9508099329784343	0.9508099329784343
44327	0.20268406891413127	0.20268406891413127
23581	3.4267696721135246	3.4267696721135246
41252	1.342631813522694	1.342631813522694
10384	2.524429226040837	2.524429226040837
41576	1.6752048765148282	1.6752048765148282
35303	1.3680675942003369	1.3680675942003369
32892	0.805870174268087	0.805870174268087
2787	0.6855034599349267	0.6855034599349267
39594	1.736664140224847	1.736664140224847
7475	0.9375361968595969	0.9375361968595969
2840	0.5929684890368182	0.5929684890368182
9429	2.366985568537182	2.366985568537182
41167	0.394305810048062	0.394305810048062
26104	0.9476957355150979	0.9476957355150979
30881	1.0976520651538464	1.0976520651538464
34665	0.4656353973689843	0.4656353973689843
12643	2.325128242783199	2.325128242783199
33137	3.557917458279388	3.557917458279388
35562	0.04330238396189212	0.04330238396189212
45441	0.9203892566537674	0.9203892566537674
26445	2.382368072611517	2.382368072611517
43230	0.9122141675105606	0.9122141675105606
6002	1.626389311715331	1.626389311715331
24202	0.4016488800092738	0.4016488800092738
6000	1.061817605222239	1.061817605222239
17146	1.395838095916722	1.395838095916722
28515	1.21599877760731	1.21599877760731
5230	0.41032186241940216	0.41032186241940216
7879	0.6996025381694815	0.6996025381694815
26753	0.8640553977180305	0.8640553977180305
16728	1.5829234393032992	1.5829234393032992
13389	1.805770933265617	1.805770933265617
18514	1.6200562424511107	1.6200562424511107
17686	0.8149254588424797	0.8149254588424797
6285	1.5649567921953285	1.5649567921953285
15338	0.6527242156858797	0.6527242156858797
18696	1.6642205415389333	1.6642205415389333
20504	0.561079309584213	0.561079309584213
22493	1.4784410265302124	1.4784410265302124
14769	0.8712313635380142	0.8712313635380142
15366	2.6298506495211846	2.6298506495211846
13832	1.5252775062565365	1.5252775062565365
12203	2.8285689220550507	2.8285689220550507
16799	1.094389088827783	1.094389088827783
22451	0.7813816212698894	0.7813816212698894
10924	2.6622784636196104	2.6622784636196104
6729	1.331710746601534	1.331710746601534
30125	0.5384977600286716	0.5384977600286716
34854	2.8450850986826044	2.8450850986826044
32400	1.0022938246095987	1.0022938246095987
13476	0.13234384935841403	0.13234384935841403
9459	1.1267409869488174	1.1267409869488174
8133	0.31792911688804826	0.31792911688804826
36360	1.188128413618017	1.188128413618017
2459	0.8149377253102585	0.8149377253102585
17363	0.223988357928809	0.223988357928809
39048	0.8250859512051572	0.8250859512051572
45068	0.44937294207119005	0.44937294207119005
43161	0.459566628042155	0.459566628042155
17364	0.9984827796431863	0.9984827796431863
25730	1.762521562529435	1.762521562529435
20727	1.917889938216283	1.917889938216283
810	1.3878464329123537	1.3878464329123537
19456	2.695955318524888	2.695955318524888
15799	0.9555911175851114	0.9555911175851114
32313	0.5433103319288092	0.5433103319288092
16155	0.6857156697983033	0.6857156697983033
17283	2.9324593239670906	2.9324593239670906
19843	0.9273710682096872	0.9273710682096872
12644	0.6477533075714069	0.6477533075714069
31128	1.8266905132048272	1.8266905132048272
24286	2.3496991072926847	2.3496991072926847
21585	1.0492730790272857	1.0492730790272857
36728	0.5876598730826481	0.5876598730826481
5680	0.1738222108621743	0.1738222108621743
23518	2.4312535816481753	2.4312535816481753
18620	0.2649224412661928	0.2649224412661928
34817	2.1118837693292454	2.1118837693292454
36416	0.30111556122107164	0.30111556122107164
28780	0.7555413796615462	0.7555413796615462
4462	1.1239588801312668	1.1239588801312668
30787	1.0265719606122505	1.0265719606122505
22646	2.6327398039182377	2.6327398039182377
45435	1.1277580989316403	1.1277580989316403
12370	1.4056653337903335	1.4056653337903335
15041	0.776963380380478	0.776963380380478
25903	1.6141211709300505	1.6141211709300505
28833	0.6956200106004673	0.6956200106004673
21523	1.7265549009360859	1.7265549009360859
3951	1.6458778862163224	1.6458778862163224
31986	2.421543019930806	2.421543019930806
557	1.087272473013267	1.087272473013267
27445	0.07587430208939538	0.07587430208939538
5144	1.2597703484043523	1.2597703484043523
15264	0.46234835981071176	0.46234835981071176
4759	1.2891224697387194	1.2891224697387194
5118	2.588699935720588	2.588699935720588
42087	1.7330914653954375	1.7330914653954375
41283	0.34282321863248966	0.34282321863248966
41308	2.668796053361512	2.668796053361512
13976	1.3774362125715514	1.3774362125715514
2387	2.0822522535749757	2.0822522535749757
27597	1.961028124082795	1.961028124082795
38990	2.6573361867736915	2.6573361867736915
16661	2.039326098803791	2.039326098803791
23770	2.1245103765525037	2.1245103765525037
5974	0.3937358047161801	0.3937358047161801
5391	0.47625073825284525	0.47625073825284525
2504	1.72783571822961	1.72783571822961
9692	1.661117746741731	1.661117746741731
29617	2.028791937815935	2.028791937815935
37155	1.4670754992210526	1.4670754992210526
17739	1.5332347221144444	1.5332347221144444
8079	1.5282815144596982	1.5282815144596982
32167	2.0468474862725476	2.0468474862725476
45174	1.2168549499067047	1.2168549499067047
42932	2.078809657289189	2.078809657289189
16254	0.1830032012117222	0.1830032012117222
8078	0.9674020571381066	0.9674020571381066
5791	3.0711927201894	3.0711927201894
1775	1.2413275828305297	1.2413275828305297
6217	0.2737449001110246	0.2737449001110246
25264	2.0667731953001036	2.0667731953001036
25769	0.4777921975615983	0.4777921975615983
1873	1.2890762041690016	1.2890762041690016
19748	0.5978321629452026	0.5978321629452026
8832	0.26964149516271696	0.26964149516271696
13570	1.960083244358026	1.960083244358026
19664	0.013377185886905174	0.013377185886905174
34507	3.9044868164940465	3.9044868164940465
847	0.5784886882183471	0.5784886882183471
38691	0.877470073532124	0.877470073532124
10410	0.556294369149108	0.556294369149108
28669	0.6444566468578838	0.6444566468578838
8126	2.5011020624257876	2.5011020624257876
23263	0.830085598241076	0.830085598241076
11604	0.05289617653630341	0.05289617653630341
22489	0.36274138952058765	0.36274138952058765
4471	1.3837150925638366	1.3837150925638366
25022	0.004294814707495931	0.004294814707495931
38272	2.4726771619136656	2.4726771619136656
24168	0.907698813471353	0.907698813471353
38394	0.19152592952704595	0.19152592952704595
45451	0.4781393913626858	0.4781393913626858
21891	2.7750144223076605	2.7750144223076605
36320	0.395754279840953	0.395754279840953
24934	1.837093946800215	1.837093946800215
25368	0.8468180853606645	0.8468180853606645
35472	0.7263536386555143	0.7263536386555143
13698	2.0521558049215205	2.0521558049215205
25167	2.753355026891496	2.753355026891496
22716	1.5808698853154217	1.5808698853154217
31681	0.7288456689989595	0.7288456689989595
16666	1.855329051391382	1.855329051391382
33987	1.9921424170766826	1.9921424170766826
42669	0.5048020289662059	0.5048020289662059
31133	0.2807720300091099	0.2807720300091099
1308	1.2656364618678375	1.2656364618678375
15445	0.9535316138457596	0.9535316138457596
6353	0.21098606693450994	0.21098606693450994
38589	0.005308808083330452	0.005308808083330452
44914	0.2084828972941869	0.2084828972941869
13776	1.2839489106997792	1.2839489106997792
35200	2.514733649104405	2.514733649104405
8333	1.7554836040994881	1.7554836040994881
10622	0.18034674569230869	0.18034674569230869
11693	1.2891671653308192	1.2891671653308192
25486	1.0538569087593719	1.0538569087593719
33605	1.2808388809040858	1.2808388809040858
9862	0.9779263509907099	0.9779263509907099
32337	2.1503957348958886	2.1503957348958886
757	0.052096795629779424	0.052096795629779424
14229	1.1766158197053773	1.1766158197053773
42201	0.18976499800433821	0.18976499800433821
42744	2.7774457134025186	2.7774457134025186
19780	0.5295741841510098	0.5295741841510098
39596	2.1876059380026707	2.1876059380026707
1417	2.1717940576222095	2.1717940576222095
34414	0.7852999901289877	0.7852999901289877
43841	1.6959993541576273	1.6959993541576273
929	0.16662485519069914	0.16662485519069914
14519	2.828117638577818	2.828117638577818
28032	0.9137724855865716	0.9137724855865716
16594	1.026308958126933	1.026308958126933
15266	0.8046792632026155	0.8046792632026155
3246	3.7170213434478256	3.7170213434478256
17482	1.6370672358129041	1.6370672358129041
2632	0.7676119164959907	0.7676119164959907
23517	0.14531935564929555	0.14531935564929555
3181	2.3007159102322436	2.3007159102322436
2849	1.841204144613799	1.841204144613799
27919	1.6041221355846975	1.6041221355846975
16664	2.9917325828505907	2.9917325828505907
26793	2.0896028180288697	2.0896028180288697
43414	1.456077443911924	1.456077443911924
24593	2.6327989919032717	2.6327989919032717
9260	0.3882695081899622	0.3882695081899622
30258	1.3316426014858749	1.3316426014858749
4715	0.7993898418866308	0.7993898418866308
41744	1.2153246178870538	1.2153246178870538
40119	1.0651760801486925	1.0651760801486925
42555	0.6795330870415733	0.6795330870415733
28163	2.1613503155406892	2.1613503155406892
36698	1.692971853310841	1.692971853310841
26226	2.2100800794838094	2.2100800794838094
2176	0.935763608998592	0.935763608998592
26758	0.858927468901403	0.858927468901403
20429	0.1407942070038687	0.1407942070038687
29950	1.107378575292809	1.107378575292809
27450	0.9892210797256465	0.9892210797256465
33847	0.7042751250975537	0.7042751250975537
12535	0.7406251806144428	0.7406251806144428
24241	1.6889652253984764	1.6889652253984764
29348	2.924850578025738	2.924850578025738
17098	1.5185158438040391	1.5185158438040391
38797	0.9810189119822033	0.9810189119822033
5660	0.6894576438487086	0.6894576438487086
33240	0.3938137244431279	0.3938137244431279
7358	1.5656227654617898	1.5656227654617898
931	2.337485169548109	2.337485169548109
5454	0.04373137700563878	0.04373137700563878
11404	1.5022977656560506	1.5022977656560506
10485	2.541888332529643	2.541888332529643
44487	1.7294549438175446	1.7294549438175446
22027	1.0348857630704429	1.0348857630704429
4411	0.5556624572352491	0.5556624572352491
10788	1.9217279013826998	1.9217279013826998
24990	1.882287759327732	1.882287759327732
12753	1.1294143023951382	1.1294143023951382
16192	1.0268841321482816	1.0268841321482816
9910	2.486752642474191	2.486752642474191
4920	0.26931829983190725	0.26931829983190725
41020	2.986159738087613	2.986159738087613
32312	2.8088755122077718	2.8088755122077718
9424	1.4217810469373047	1.4217810469373047
42000	0.5973953155698458	0.5973953155698458
15971	2.1258001366410912	2.1258001366410912
36894	2.7609890738934766	2.7609890738934766
7106	0.9947887528648198	0.9947887528648198
16604	0.7056951210106454	0.7056951210106454
32921	2.6561683062298407	2.6561683062298407
18398	2.802070129596336	2.802070129596336
25640	1.5851263446783856	1.5851263446783856
2945	0.6238634393805814	0.6238634393805814
32623	0.9683030292015306	0.9683030292015306
37295	0.35569901143284577	0.35569901143284577
12292	1.0036382109182664	1.0036382109182664
26012	1.7075216884795053	1.7075216884795053
812	1.7921327743294755	1.7921327743294755
7059	1.2271861094266256	1.2271861094266256
25450	0.8949597558605518	0.8949597558605518
16822	0.6976547903102708	0.6976547903102708
37455	0.25551872318341606	0.25551872318341606
10235	0.6713292947321003	0.6713292947321003
15003	0.5065117705839648	0.5065117705839648
36835	2.990569457327636	2.990569457327636
11432	0.8959346187118071	0.8959346187118071
225	0.8352231519923041	0.8352231519923041
31890	1.8727120951512908	1.8727120951512908
40527	0.8564821902267116	0.8564821902267116
4644	0.45140240698200396	0.45140240698200396
3713	0.2928495161668375	0.2928495161668375
13873	1.8160484647530666	1.8160484647530666
24126	0.6891581171673773	0.6891581171673773
19985	1.6833299699834052	1.6833299699834052
29023	0.9843879968017092	0.9843879968017092
35930	1.078301754293998	1.078301754293998
4548	1.4943890208422763	1.4943890208422763
28185	0.9018860702007375	0.9018860702007375
6426	2.949979740724451	2.949979740724451
26194	0.6795837733913118	0.6795837733913118
23497	0.19168863692973148	0.19168863692973148
27128	3.8948889362018937	3.8948889362018937
123	1.8036795224539828	1.8036795224539828
23618	1.0255382586507724	1.0255382586507724
11736	3.1761826283892414	3.1761826283892414
29313	2.054269136026666	2.054269136026666
29547	0.7016620637790365	0.7016620637790365
10739	1.2568599375069036	1.2568599375069036
33785	0.8905533115827451	0.8905533115827451
3867	1.4853423910179342	1.4853423910179342
7317	0.89081339084615	0.89081339084615
16160	1.883063149368291	1.883063149368291
33843	2.102884440452268	2.102884440452268
36071	1.6582426700241837	1.6582426700241837
3950	0.854035474458269	0.854035474458269
6279	0.9367454653006635	0.9367454653006635
37488	0.6095965744795555	0.6095965744795555
43812	0.7278722572211797	0.7278722572211797
20724	2.837188370845801	2.837188370845801
17048	1.4999475118017256	1.4999475118017256
37860	1.5821681812774104	1.5821681812774104
601	1.9080467170547453	1.9080467170547453
40933	1.9782080857031215	1.9782080857031215
38043	0.23389440171664477	0.23389440171664477
15858	0.3472568915609169	0.3472568915609169
28723	1.3818073580772814	1.3818073580772814
20654	1.5600299777800348	1.5600299777800348
10118	1.469942693971865	1.469942693971865
28869	0.8863568180159507	0.8863568180159507
14541	1.856565897218988	1.856565897218988
32858	1.1437817088613247	1.1437817088613247
26791	0.9728242028008955	0.9728242028008955
11433	1.3483164926048081	1.3483164926048081
2660	1.4842106224348237	1.4842106224348237
16550	0.4433406038663785	0.4433406038663785
2846	1.998750909729496	1.998750909729496
11540	0.6170248501273996	0.6170248501273996
2265	1.393305508055532	1.393305508055532
20370	1.7563480869201213	1.7563480869201213
45438	0.8766874196829594	0.8766874196829594
17592	1.899760868549969	1.899760868549969
18843	1.532894722995337	1.532894722995337
38671	1.6417379615224843	1.6417379615224843
9110	2.039538865065273	2.039538865065273
42758	0.10796911592962832	0.10796911592962832
36173	0.11805987366584458	0.11805987366584458
32284	2.6903947616092196	2.6903947616092196
33303	1.543381998601813	1.543381998601813
14593	0.24474512859328068	0.24474512859328068
43732	2.443642486610341	2.443642486610341
40553	0.9301446052257696	0.9301446052257696
21680	1.9941986958331892	1.9941986958331892
22454	0.4596839991086604	0.4596839991086604
43141	1.154987395280098	1.154987395280098
4495	2.8638877145592994	2.8638877145592994
23348	0.7723610520764573	0.7723610520764573
1246	0.3491862720673691	0.3491862720673691
1965	1.605306059645051	1.605306059645051
32626	0.27944101395065857	0.27944101395065857
25399	2.4718894366538295	2.4718894366538295
31687	2.6695598575686765	2.6695598575686765
35840	0.5224718763929886	0.5224718763929886
6121	0.15499578722551266	0.15499578722551266
10097	1.8379969070279447	1.8379969070279447
32374	2.387229362400144	2.387229362400144
10049	0.84684342387304	0.84684342387304
41996	1.3345660613668953	1.3345660613668953
32315	1.1799090519609152	1.1799090519609152
20855	1.9896410516250032	1.9896410516250032
17093	0.0758414953452542	0.0758414953452542
4130	2.2150756032527754	2.2150756032527754
19810	0.1303763060617702	0.1303763060617702
32888	1.2416425468241559	1.2416425468241559
23649	1.5799649877918427	1.5799649877918427
28751	1.476533634663003	1.476533634663003
10512	1.5777446203425751	1.5777446203425751
5044	1.3110219897472193	1.3110219897472193
23295	1.4846775660147946	1.4846775660147946
1386	2.4750978960262584	2.4750978960262584
31763	0.541246164485186	0.541246164485186
45071	0.8709286437220258	0.8709286437220258
2291	1.0994169270401675	1.0994169270401675
31136	1.3438569778445901	1.3438569778445901
24600	1.653119872935894	1.653119872935894
24059	1.0036772968723529	1.0036772968723529
27227	1.9722666364140293	1.9722666364140293
35965	1.6531543810963485	1.6531543810963485
2634	2.4200037560098075	2.4200037560098075
14225	1.19094387684881	1.19094387684881
3503	1.4713334663210165	1.4713334663210165
24455	1.4519958577378496	1.4519958577378496
27061	1.1445810917698274	1.1445810917698274
1730	0.9030196667290318	0.9030196667290318
16281	1.9828571226816805	1.9828571226816805
30028	1.784483417700256	1.784483417700256
24809	0.26417801444403943	0.26417801444403943
10516	0.5154456646788166	0.5154456646788166
15482	1.8293737837817945	1.8293737837817945
5334	3.352090192242684	3.352090192242684
28307	0.9927793640364638	0.9927793640364638
10673	2.7899861893317537	2.7899861893317537
14273	0.9511475919773138	0.9511475919773138
25267	2.0267862858546835	2.0267862858546835
10120	0.16409169818696134	0.16409169818696134
32307	1.1154490998339117	1.1154490998339117
5563	0.28983392618691484	0.28983392618691484
23123	0.1076253287078256	0.1076253287078256
37768	0.8745547755655946	0.8745547755655946
16026	2.147133185835248	2.147133185835248
17145	1.715456034104638	1.715456034104638
31282	1.185285256370273	1.185285256370273
33752	0.6589094241413602	0.6589094241413602
4520	0.8936827821028687	0.8936827821028687
32311	1.1822384402030441	1.1822384402030441
11720	0.14403349942868282	0.14403349942868282
40246	0.9157186869428829	0.9157186869428829
41208	0.11346202805905126	0.11346202805905126
40038	1.7982440833745588	1.7982440833745588
28420	0.7860078417501785	0.7860078417501785
5364	1.5148991840662465	1.5148991840662465
3673	1.4916551805342344	1.4916551805342344
4572	0.49173576426834753	0.49173576426834753
17365	1.4208387820984536	1.4208387820984536
5830	1.7929806736574112	1.7929806736574112
27031	1.3935716210474638	1.3935716210474638
29355	1.008925291887879	1.008925291887879
31417	0.6411275320470464	0.6411275320470464
6934	1.5173088708366516	1.5173088708366516
14170	0.7893161832043404	0.7893161832043404
19961	1.6494174637274543	1.6494174637274543
41998	0.5434581139818582	0.5434581139818582
23203	0.8471723099218066	0.8471723099218066
5480	0.9684717400226698	0.9684717400226698
2553	1.410280241212992	1.410280241212992
32277	0.8474023820655104	0.8474023820655104
13625	1.0592100886520845	1.0592100886520845
4581	1.0144179762578063	1.0144179762578063
28892	0.3522449247110675	0.3522449247110675
22928	2.337181014356905	2.337181014356905
2850	3.7976811045044516	3.7976811045044516
17770	0.7751116628965975	0.7751116628965975
35010	1.5285657112169528	1.5285657112169528
2923	1.5411847106925929	1.5411847106925929
34661	2.013085590985778	2.013085590985778
36515	0.9588418640009694	0.9588418640009694
3268	2.156896450860664	2.156896450860664
44476	0.8325360781348417	0.8325360781348417
42045	0.33038711370245266	0.33038711370245266
15187	1.5706890130283973	1.5706890130283973
24096	0.47111428467147043	0.47111428467147043
44297	0.6150985845351409	0.6150985845351409
41524	0.6276106153292258	0.6276106153292258
10240	2.2752975993297646	2.2752975993297646
11079	1.282041417212229	1.282041417212229
10509	0.6255104966228902	0.6255104966228902
44414	2.4685061404074	2.4685061404074
22806	1.3593213983995402	1.3593213983995402
3138	2.043156851063915	2.043156851063915
45004	0.9209379300856053	0.9209379300856053
32335	3.0871159093953136	3.0871159093953136
40497	2.832944314510822	2.832944314510822
38454	0.7333892766515944	0.7333892766515944
13190	0.7821810431850335	0.7821810431850335
31852	1.0600281771767397	1.0600281771767397
21861	1.6000841768400855	1.6000841768400855
38864	1.6878980777637853	1.6878980777637853
4797	1.4382200309023303	1.4382200309023303
11776	0.9032248741438923	0.9032248741438923
2420	1.0708000928017603	1.0708000928017603
13835	1.0184343298027998	1.0184343298027998
11898	0.6722327341452377	0.6722327341452377
4522	1.0311657437184374	1.0311657437184374
30536	1.3891228199214456	1.3891228199214456
8429	2.171064462918081	2.171064462918081
3081	1.6309386774409957	1.6309386774409957
1101	0.18730204920155602	0.18730204920155602
29390	1.2452595557516777	1.2452595557516777
16658	1.4063494950950823	1.4063494950950823
20197	0.9523123028787865	0.9523123028787865
16025	1.3471237526283324	1.3471237526283324
45376	0.9612232434918628	0.9612232434918628
22118	1.464630017717926	1.464630017717926
16824	0.877593723361152	0.877593723361152
43355	0.8454582857896719	0.8454582857896719
19749	0.04196311307431633	0.04196311307431633
8204	0.8690234485321446	0.8690234485321446
12889	1.8783893605185984	1.8783893605185984
26501	2.782353598274393	2.782353598274393
32489	0.8396140874321132	0.8396140874321132
39975	1.361984379724729	1.361984379724729
15236	1.190316601785037	1.190316601785037
7545	1.494591186725586	1.494591186725586
13750	0.7988894650645048	0.7988894650645048
16154	1.0315058179015337	1.0315058179015337
7104	5.0831584819684394	5.0831584819684394
28717	2.0427292403381707	2.0427292403381707
21522	0.17595054004420518	0.17595054004420518
14169	1.039279197782914	1.039279197782914
40795	0.6277456973954914	0.6277456973954914
13626	0.6384837620536791	0.6384837620536791
14300	1.0170364894301902	1.0170364894301902
9216	2.232558575523999	2.232558575523999
37676	0.6912991091965631	0.6912991091965631
24882	0.5395625389328392	0.5395625389328392
3707	0.7002392404297864	0.7002392404297864
43382	0.08544952165128261	0.08544952165128261
9787	0.9044654739274186	0.9044654739274186
16571	1.7269631552555715	1.7269631552555715
3712	2.3506758243806294	2.3506758243806294
13510	3.322237296284397	3.322237296284397
9618	1.5179728785124402	1.5179728785124402
17633	0.8753026716974796	0.8753026716974796
14492	0.8699686570244214	0.8699686570244214
32071	1.7788819006106529	1.7788819006106529
20589	0.6525411123225777	0.6525411123225777
6759	1.7550358734612121	1.7550358734612121
3780	0.011355894668619637	0.011355894668619637
18206	1.4677137576975507	1.4677137576975507
45213	1.249446151966478	1.249446151966478
13063	0.7671227805342633	0.7671227805342633
28482	1.4898489706148337	1.4898489706148337
5072	0.29453581259551487	0.29453581259551487
36594	2.0896133984993757	2.0896133984993757
20539	1.0923141167926884	1.0923141167926884
17182	0.5027762490631937	0.5027762490631937
5503	0.5333683642199893	0.5333683642199893
29842	0.15694407783493536	0.15694407783493536
18180	0.6267252213940685	0.6267252213940685
9377	1.2927906202481272	1.2927906202481272
19665	0.28428356259013654	0.28428356259013654
40642	0.6549269297178582	0.6549269297178582
16689	0.17827699048923984	0.17827699048923984
45409	0.22576884653004714	0.22576884653004714
38041	1.3993329484153645	1.3993329484153645
11940	1.172402056598931	1.172402056598931
5048	1.6886381141836238	1.6886381141836238
24124	1.218453104289855	1.218453104289855
32590	0.7346134520635368	0.7346134520635368
23708	0.7020836887061508	0.7020836887061508
1328	3.150909131206503	3.150909131206503
31533	1.0063705129466836	1.0063705129466836
36732	0.8048142982516895	0.8048142982516895
14301	0.9124106419333067	0.9124106419333067
28212	0.7709784314280234	0.7709784314280234
15055	0.6297864808750291	0.6297864808750291
10965	4.664260845051297	4.664260845051297
2108	2.430680411342567	2.430680411342567
32018	2.1223365481909657	2.1223365481909657
17690	0.3875236717497954	0.3875236717497954
36518	0.6135419846047554	0.6135419846047554
41826	1.397871524217425	1.397871524217425
15333	1.7517574092112829	1.7517574092112829
15259	1.2231908556302726	1.2231908556302726
11183	1.769164932981985	1.769164932981985
42386	0.5488996596954276	0.5488996596954276
17475	1.4390963118207023	1.4390963118207023
398	1.2484602276799597	1.2484602276799597
15570	3.3931430501703983	3.3931430501703983
21387	1.2279425388488718	1.2279425388488718
9812	1.1610713586298762	1.1610713586298762
20019	0.6361688087059316	0.6361688087059316
15341	1.8880356635593487	1.8880356635593487
3401	0.6346033009783779	0.6346033009783779
2689	0.3604077798606161	0.3604077798606161
24631	2.293911411168594	2.293911411168594
9667	1.3155432128691535	1.3155432128691535
37460	1.0827534427229375	1.0827534427229375
5583	0.4020745994060997	0.4020745994060997
206	1.8186978366593567	1.8186978366593567
23272	1.5489699598968585	1.5489699598968585
14482	1.9689813058571302	1.9689813058571302
207	0.11962649699172723	0.11962649699172723
13089	1.583764375756188	1.583764375756188
6885	0.7525663792237479	0.7525663792237479
40958	2.131943140848408	2.131943140848408
35933	1.074051794533708	1.074051794533708
37462	0.617728162129332	0.617728162129332
8104	1.1823529436567914	1.1823529436567914
34449	1.0107716432046652	1.0107716432046652
13903	1.4213014863214697	1.4213014863214697
23766	1.9726850071288635	1.9726850071288635
30749	1.0036766266697124	1.0036766266697124
35263	0.7935732698300604	0.7935732698300604
14167	1.362224034835258	1.362224034835258
41042	1.7352930267815494	1.7352930267815494
29778	0.18065588330239946	0.18065588330239946
16900	0.04674557117269862	0.04674557117269862
6652	2.2376024062911295	2.2376024062911295
43789	1.050086418111663	1.050086418111663
17281	1.2703723945468213	1.2703723945468213
7084	1.878481013479214	1.878481013479214
11377	1.287650576753773	1.287650576753773
42955	1.2738154850392809	1.2738154850392809
17357	0.7168680665737777	0.7168680665737777
26009	2.1942041108222154	2.1942041108222154
31987	1.3865659222031654	1.3865659222031654
23844	2.107154754380427	2.107154754380427
40474	0.8340620098510385	0.8340620098510385
8939	1.5465244371989144	1.5465244371989144
11468	0.24544923335520696	0.24544923335520696
42223	2.1711343373046073	2.1711343373046073
25403	1.3587294646200112	1.3587294646200112
16976	0.7675636887714796	0.7675636887714796
22694	2.811358084673342	2.811358084673342
1163	0.5391787272263352	0.5391787272263352
45085	0.3317440529628689	0.3317440529628689
39936	0.9323803184005158	0.9323803184005158
32219	1.2452101812762777	1.2452101812762777
8040	1.8496183379981441	1.8496183379981441
17403	0.20476162917843366	0.20476162917843366
41783	1.5088407950190454	1.5088407950190454
39516	0.6860597340366139	0.6860597340366139
31503	1.4553115453893337	1.4553115453893337
16189	1.2198071784674553	1.2198071784674553
34233	0.9292860618236719	0.9292860618236719
30255	1.7760273294042213	1.7760273294042213
33866	0.5179280013070857	0.5179280013070857
19539	0.7016556466805803	0.7016556466805803
12671	0.6965009261462611	0.6965009261462611
39411	3.902402610410612	3.902402610410612
13087	0.6610413126484534	0.6610413126484534
10643	0.30075434826804825	0.30075434826804825
22809	2.8128043963689344	2.8128043963689344
36361	0.4642041340860763	0.4642041340860763
41145	2.080560967913922	2.080560967913922
36699	1.8891554354658013	1.8891554354658013
4846	2.0444773141013126	2.0444773141013126
17094	0.8249394343263876	0.8249394343263876
25175	0.5331123950313568	0.5331123950313568
39438	1.051178310315175	1.051178310315175
36105	3.0391686666694637	3.0391686666694637
13364	1.2818513024798983	1.2818513024798983
26880	0.01198282853707422	0.01198282853707422
14832	1.7840802557496032	1.7840802557496032
41233	1.0748098436178746	1.0748098436178746
20055	1.3733960100814326	1.3733960100814326
6147	0.34356638556700536	0.34356638556700536
19930	1.1347812077836068	1.1347812077836068
1303	1.9271484591079597	1.9271484591079597
40421	1.998423175563341	1.998423175563341
555	0.9940981720376836	0.9940981720376836
9193	0.9192387682896367	0.9192387682896367
4971	0.871489346481659	0.871489346481659
11899	1.291490362168571	1.291490362168571
42271	1.3492978699501523	1.3492978699501523
9857	0.2327852606436821	0.2327852606436821
37326	1.92780001111126	1.92780001111126
17366	1.709566366992314	1.709566366992314
25230	0.9399300771394115	0.9399300771394115
21426	1.8647341259621102	1.8647341259621102
22112	0.945213328608741	0.945213328608741
10367	0.6570570406587737	0.6570570406587737
4463	0.47385636015303156	0.47385636015303156
22616	3.3727497467604257	3.3727497467604257
30821	1.5131639978306999	1.5131639978306999
19304	0.13957897761384108	0.13957897761384108
35592	0.6347566627463112	0.6347566627463112
20056	0.6197933619653162	0.6197933619653162
42714	1.6734580651699316	1.6734580651699316
23524	0.5665505741903772	0.5665505741903772
1691	2.0470455726282584	2.0470455726282584
15022	1.0295018966019431	1.0295018966019431
34482	0.2683181668290874	0.2683181668290874
41918	3.2641721164359065	3.2641721164359065
25102	1.0706529463848917	1.0706529463848917
33684	0.8681334216530692	0.8681334216530692
36966	1.2314830014454472	1.2314830014454472
29080	1.4132625858256578	1.4132625858256578
28115	1.8106841642989757	1.8106841642989757
19723	1.3195650426381051	1.3195650426381051
29923	2.224793978772723	2.224793978772723
19372	2.742024159124	2.742024159124
7197	0.23149758008985388	0.23149758008985388
24242	0.6255843221273036	0.6255843221273036
3924	2.9684963391047896	2.9684963391047896
18085	0.8353209691870125	0.8353209691870125
39547	2.527145833261806	2.527145833261806
13239	0.9073673517211712	0.9073673517211712
41523	1.093142291363535	1.093142291363535
15689	1.746311663355283	1.746311663355283
43229	2.7038235326409588	2.7038235326409588
824	1.6834160738186623	1.6834160738186623
34371	0.1897857239254236	0.1897857239254236
20659	1.5935773251460694	1.5935773251460694
5861	0.666652302588546	0.666652302588546
15771	2.8263868258290787	2.8263868258290787
12144	0.11370011467572072	0.11370011467572072
20372	3.3109365544330336	3.3109365544330336
2342	1.4377234327114805	1.4377234327114805
39687	0.2152414418486419	0.2152414418486419
4175	1.4426741635271474	1.4426741635271474
45052	1.0264755181593463	1.0264755181593463
31220	0.376802871578636	0.376802871578636
32370	1.0279872754236175	1.0279872754236175
37355	2.4203740836478973	2.4203740836478973
26280	0.15946117918495872	0.15946117918495872
512	0.1680755434887815	0.1680755434887815
31028	0.8648100523466613	0.8648100523466613
35497	2.6731773434204964	2.6731773434204964
8103	1.2816117131852987	1.2816117131852987
37214	1.0204344973079027	1.0204344973079027
82	0.9435336689629393	0.9435336689629393
34204	2.01761007542478	2.01761007542478
13275	1.5490469629426387	1.5490469629426387
8624	1.3158963913674486	1.3158963913674486
13986	1.2257354623202834	1.2257354623202834
41829	3.2952538430242444	3.2952538430242444
34660	0.2852160172763536	0.2852160172763536
13977	0.051497926802099636	0.051497926802099636
36288	0.4288574722804488	0.4288574722804488
29354	0.9503874940123117	0.9503874940123117
40210	1.4513722788019658	1.4513722788019658
17766	0.959050638718356	0.959050638718356
1687	1.9316749516870255	1.9316749516870255
13235	1.5490026164756814	1.5490026164756814
6005	3.0265262522539738	3.0265262522539738
36899	1.230097346627803	1.230097346627803
28450	0.6325569063502191	0.6325569063502191
8674	1.7274367548303102	1.7274367548303102
36795	0.5831393042527759	0.5831393042527759
3473	2.5990188693536638	2.5990188693536638
18556	2.6317130300104825	2.6317130300104825
40341	2.019341131166158	2.019341131166158
560	0.8192223803036254	0.8192223803036254
8150	0.9350006773631765	0.9350006773631765
37253	1.3533435176026167	1.3533435176026167
8394	1.0252781656124454	1.0252781656124454
683	1.5004689566519127	1.5004689566519127
23179	1.0261967925050517	1.0261967925050517
26641	0.42507627280023663	0.42507627280023663
44485	2.888253396154576	2.888253396154576
22812	0.9483176266919229	0.9483176266919229
14744	0.6452703815619985	0.6452703815619985
36619	1.616067954053523	1.616067954053523
1456	0.7224429193472375	0.7224429193472375
339	0.8688074120598406	0.8688074120598406
3674	0.6252414840620283	0.6252414840620283
15888	1.5370978609834198	1.5370978609834198
30628	1.100246894706257	1.100246894706257
34939	0.7538990955951475	0.7538990955951475
21892	2.8234203641335505	2.8234203641335505
37952	0.6743903244652121	0.6743903244652121
1966	1.3299442358723041	1.3299442358723041
23525	3.0877690317722424	3.0877690317722424
2338	0.412167508434632	0.412167508434632
44769	0.8175818640506347	0.8175818640506347
17207	1.5532400486750562	1.5532400486750562
39221	0.19892833906538177	0.19892833906538177
36136	1.1615224329704485	1.1615224329704485
32555	0.9385276245804519	0.9385276245804519
26228	1.2538612094280717	1.2538612094280717
21973	1.6827338182721214	1.6827338182721214
8699	1.7619327247326204	1.7619327247326204
16789	1.3325649415277123	1.3325649415277123
26533	0.7578392962555432	0.7578392962555432
2183	2.462868497013282	2.462868497013282
2904	0.3757257873338008	0.3757257873338008
30911	0.9709024749722523	0.9709024749722523
35014	1.3784588596334135	1.3784588596334135
7965	1.1802601670959894	1.1802601670959894
17737	0.9410132747049447	0.9410132747049447
44631	1.421520970896477	1.421520970896477
11571	1.1117698886061855	1.1117698886061855
24131	3.8022578468490167	3.8022578468490167
37922	1.0216588159494355	1.0216588159494355
10812	0.8005257771569413	0.8005257771569413
37892	0.849962516665531	0.849962516665531
16876	0.48318993500826335	0.48318993500826335
2366	1.389810689893552	1.389810689893552
36829	1.012240869923328	1.012240869923328
19576	0.899229288577449	0.899229288577449
14629	0.8933967711216513	0.8933967711216513
15001	1.4059975615108178	1.4059975615108178
481	0.7617749811112974	0.7617749811112974
11187	1.783131737293274	1.783131737293274
35125	0.9002570715297632	0.9002570715297632
13545	0.8583191043120301	0.8583191043120301
21307	0.08599961003841916	0.08599961003841916
40450	1.2812913745016303	1.2812913745016303
41470	1.2621590334322448	1.2621590334322448
37916	2.281651833475657	2.281651833475657
16850	1.6556366593783731	1.6556366593783731
5807	0.7588902167819838	0.7588902167819838
43987	0.4864699932429518	0.4864699932429518
38765	0.5957544440150302	0.5957544440150302
662	1.8954597491248029	1.8954597491248029
26504	1.320644315494604	1.320644315494604
42547	0.6869992497447606	0.6869992497447606
170	1.1219265663957314	1.1219265663957314
8335	2.988340310800017	2.988340310800017
7338	3.4861249368243343	3.4861249368243343
7080	2.6094907015278377	2.6094907015278377
43446	0.22680848924865027	0.22680848924865027
16213	1.0003419620768148	1.0003419620768148
5532	0.4269114424582675	0.4269114424582675
30372	0.18793166987831056	0.18793166987831056
18117	0.9080320071073955	0.9080320071073955
20510	0.4840444642517079	0.4840444642517079
4575	1.8685303519872196	1.8685303519872196
7895	0.8828190898118302	0.8828190898118302
20502	1.1509328958274403	1.1509328958274403
11612	1.629698798866102	1.629698798866102
11795	1.5426770899079654	1.5426770899079654
36798	2.6628195888634814	2.6628195888634814
45072	1.7569891184082571	1.7569891184082571
6732	1.7137917340017075	1.7137917340017075
36567	1.9902619245247548	1.9902619245247548
7259	2.2040608625480163	2.2040608625480163
3671	2.4777843847766228	2.4777843847766228
21685	0.09019817975091682	0.09019817975091682
12621	2.2915622714650343	2.2915622714650343
27323	2.7513098953993	2.7513098953993
27448	0.6501687275752532	0.6501687275752532
27254	1.0412593993613526	1.0412593993613526
32946	0.7720401149954141	0.7720401149954141
5122	2.0679505265283207	2.0679505265283207
26751	1.9631635341322484	1.9631635341322484
25770	0.7599753320294238	0.7599753320294238
23528	1.3719016452590127	1.3719016452590127
29699	1.467117126028053	1.467117126028053
28864	0.43999476222984635	0.43999476222984635
9988	1.1119589546297008	1.1119589546297008
31981	1.1140054177781982	1.1140054177781982
17612	1.2628026528420708	1.2628026528420708
14362	1.1083905579651279	1.1083905579651279
45054	1.935060781430141	1.935060781430141
21767	2.5359459023233497	2.5359459023233497
12022	3.236613597331396	3.236613597331396
12272	0.8855198831403297	0.8855198831403297
30027	0.1857991692118851	0.1857991692118851
43625	2.2489100770396924	2.2489100770396924
12348	2.5513114364506606	2.5513114364506606
1929	1.2808275875864852	1.2808275875864852
11939	0.955660768652837	0.955660768652837
14727	1.2981606774915073	1.2981606774915073
23965	1.999943379578502	1.999943379578502
3800	0.13878327735478868	0.13878327735478868
10897	2.2204606531627027	2.2204606531627027
11975	0.06013955322222886	0.06013955322222886
33988	0.2875768637642869	0.2875768637642869
20225	1.3057733921743755	1.3057733921743755
5416	0.45973893606828287	0.45973893606828287
36004	2.756295985261649	2.756295985261649
7383	0.7351113531320914	0.7351113531320914
27345	0.8698871835432125	0.8698871835432125
43630	0.26212525667587516	0.26212525667587516
20507	0.35288505913852075	0.35288505913852075
7064	2.1426998770953256	2.1426998770953256
42266	2.3699154204409605	2.3699154204409605
7405	1.149033913573243	1.149033913573243
33882	1.7801955645079381	1.7801955645079381
42743	0.5523120522818633	0.5523120522818633
5437	0.8390875145115402	0.8390875145115402
45222	2.2737228298215726	2.2737228298215726
1926	0.262145618489222	0.262145618489222
30877	1.7165259599688407	1.7165259599688407
45008	1.58772699868591	1.58772699868591
45194	1.0564791221099363	1.0564791221099363
5166	2.1553722544433302	2.1553722544433302
3470	3.0616009076794386	3.0616009076794386
37251	0.04916126516173536	0.04916126516173536
10428	2.4650998364592427	2.4650998364592427
25233	0.7249355532283823	0.7249355532283823
28891	0.4776609857795294	0.4776609857795294
26005	0.6529427955904361	0.6529427955904361
7695	0.37305046198741354	0.37305046198741354
10373	2.8075527077949096	2.8075527077949096
414	0.6974058598734266	0.6974058598734266
11513	0.7279335820323558	0.7279335820323558
26670	0.9176084453150876	0.9176084453150876
25905	0.5406467323020043	0.5406467323020043
8560	2.412642567669561	2.412642567669561
13219	1.0912002411962891	1.0912002411962891
43508	1.1996268063409403	1.1996268063409403
5719	1.999035678071556	1.999035678071556
20827	2.0258734127959537	2.0258734127959537
8039	1.3684385237601493	1.3684385237601493
38239	1.4143860083751736	1.4143860083751736
28092	0.16567639356871555	0.16567639356871555
27525	0.5758899786485561	0.5758899786485561
33957	1.0620036603571015	1.0620036603571015
5727	0.42353319614888085	0.42353319614888085
40902	0.7945196477735973	0.7945196477735973
13112	1.2122162583147305	1.2122162583147305
10486	0.1882912955647581	0.1882912955647581
15623	0.5382876053917516	0.5382876053917516
24995	0.9961646279026583	0.9961646279026583
45207	2.2817458423294683	2.2817458423294683
14707	0.7230893399442835	0.7230893399442835
127	2.019054636642124	2.019054636642124
37828	0.07998253457115345	0.07998253457115345
8558	1.138322891381162	1.138322891381162
29804	0.7724060876388908	0.7724060876388908
32196	2.0745153784326886	2.0745153784326886
10811	1.9745633386065575	1.9745633386065575
12187	1.2538529115130106	1.2538529115130106
21972	1.6465308863175792	1.6465308863175792
13311	0.5859445494906488	0.5859445494906488
42884	0.8846111474732427	0.8846111474732427
43197	1.133069673236014	1.133069673236014
44176	2.6663327333248406	2.6663327333248406
11951	1.7796184027619746	1.7796184027619746
44800	0.6116879161340656	0.6116879161340656
2077	0.44318201017440906	0.44318201017440906
128	1.0244373137565301	1.0244373137565301
5363	1.929557781946639	1.929557781946639
9886	1.987188659454639	1.987188659454639
31952	0.31772454485503243	0.31772454485503243
16972	0.19071022926564696	0.19071022926564696
24283	1.9605619246342587	1.9605619246342587
14681	0.5164203444677975	0.5164203444677975
5462	1.1804734556558076	1.1804734556558076
15528	1.4212694766076364	1.4212694766076364
9714	1.2120790698043553	1.2120790698043553
31711	2.0841672579262607	2.0841672579262607
30818	0.9102701207870237	0.9102701207870237
36901	2.4187035477123375	2.4187035477123375
23084	0.6097003388145281	0.6097003388145281
11576	0.4894810823013551	0.4894810823013551
41282	0.9334447975307758	0.9334447975307758
29620	2.77945311178866	2.77945311178866
16410	1.296677463946692	1.296677463946692
29740	1.942731852873416	1.942731852873416
31591	1.3992096000618468	1.3992096000618468
3319	1.5199868966894101	1.5199868966894101
25899	1.8192010549231405	1.8192010549231405
42029	1.014617344967203	1.014617344967203
44835	1.8315538445643402	1.8315538445643402
35300	1.6996000417233184	1.6996000417233184
7957	1.0230367178565238	1.0230367178565238
38991	1.133161016043297	1.133161016043297
42502	1.3829332251885171	1.3829332251885171
28749	1.0979355751440627	1.0979355751440627
28809	1.2715617836603634	1.2715617836603634
35997	0.3876237373598017	0.3876237373598017
16843	2.481413254989298	2.481413254989298
484	1.8118205702640662	1.8118205702640662
41053	1.8769079019924764	1.8769079019924764
23706	2.8079827380943954	2.8079827380943954
24089	0.4820912685968608	0.4820912685968608
28187	1.3359533245953454	1.3359533245953454
12589	1.0125362368110733	1.0125362368110733
36201	1.0830479834457207	1.0830479834457207
12701	2.9895856015155946	2.9895856015155946
19171	0.8898178130574823	0.8898178130574823
22453	2.0174840264887814	2.0174840264887814
12188	1.4678133830821545	1.4678133830821545
4666	0.34943540100884696	0.34943540100884696
44554	2.353812634805087	2.353812634805087
34202	1.7037401812125896	1.7037401812125896
28249	1.9618245373276404	1.9618245373276404
23767	0.9867464441420224	0.9867464441420224
2363	1.3067995726392085	1.3067995726392085
34317	1.0406521641243371	1.0406521641243371
19135	1.3782806077383665	1.3782806077383665
29024	0.2619929803503279	0.2619929803503279
26174	0.40425416402492553	0.40425416402492553
37186	1.3170353504879264	1.3170353504879264
20253	0.5524163209527163	0.5524163209527163
23118	0.9254399955669425	0.9254399955669425
41717	2.217112500698307	2.217112500698307
41443	2.105805086926817	2.105805086926817
45133	1.1813499834765717	1.1813499834765717
17401	1.957589741604437	1.957589741604437
416	1.5166904713656555	1.5166904713656555
15145	1.8521767290370756	1.8521767290370756
4284	1.237616413398453	1.237616413398453
44359	2.0205884657140185	2.0205884657140185
13062	0.5855962014636062	0.5855962014636062
8279	0.4171113849093403	0.4171113849093403
35376	2.043940173650186	2.043940173650186
39292	1.0945175892342545	1.0945175892342545
6171	0.12799062753387425	0.12799062753387425
32860	0.5852104096238775	0.5852104096238775
17427	0.0988025597105936	0.0988025597105936
4442	0.7922900496754244	0.7922900496754244
42764	0.6945873648786427	0.6945873648786427
40211	0.6035836021584042	0.6035836021584042
22486	0.12086092568540718	0.12086092568540718
14701	1.416499930125684	1.416499930125684
37730	1.1358621498817218	1.1358621498817218
44177	2.2028786094138857	2.2028786094138857
26945	0.3256644526931216	0.3256644526931216
10407	1.2148125560355272	1.2148125560355272
39434	1.4157754707778374	1.4157754707778374
10172	1.3242312564608825	1.3242312564608825
26171	0.957222354431319	0.957222354431319
3582	0.09023611995058556	0.09023611995058556
7540	0.9744409309042109	0.9744409309042109
2944	0.3963435938782518	0.3963435938782518
740	1.1145735268479118	1.1145735268479118
32784	0.8822870469187477	0.8822870469187477
38100	1.7887299507897465	1.7887299507897465
37982	2.0281291005731106	2.0281291005731106
9861	3.6517545305293093	3.6517545305293093
2369	1.754181521558985	1.754181521558985
13330	0.1365145204679784	0.1365145204679784
10922	0.7497766843585092	0.7497766843585092
16212	1.1680121806937622	1.1680121806937622
22123	0.9141831237515655	0.9141831237515655
2733	0.4376716832561204	0.4376716832561204
9086	2.1506198577208515	2.1506198577208515
42718	0.1328058658528133	0.1328058658528133
45212	2.1088231738877763	2.1088231738877763
23820	1.594582669188132	1.594582669188132
6094	1.8898708711250756	1.8898708711250756
36480	2.752272955067217	2.752272955067217
43420	0.4794557772543382	0.4794557772543382
40472	0.6356667272161025	0.6356667272161025
42244	2.278179725227529	2.278179725227529
27452	2.1479227964567986	2.1479227964567986
38240	1.5834435749094014	1.5834435749094014
14525	0.3307192920785258	0.3307192920785258
20314	2.5011894528522953	2.5011894528522953
37428	0.37745230602036006	0.37745230602036006
39943	0.5056249894567029	0.5056249894567029
9264	0.14225464143237876	0.14225464143237876
24204	1.454068824446864	1.454068824446864
43016	2.1528456892025476	2.1528456892025476
34235	0.707251171863756	0.707251171863756
33380	0.8957436905057001	0.8957436905057001
6469	3.267876776381721	3.267876776381721
25974	2.4376437305526553	2.4376437305526553
1690	2.5685954539837432	2.5685954539837432
27713	1.3756279167558931	1.3756279167558931
14420	2.1138960739167856	2.1138960739167856
13958	1.3679152523364155	1.3679152523364155
43226	0.216696270577882	0.216696270577882
25235	0.6951461668776777	0.6951461668776777
18337	0.6992907686145365	0.6992907686145365
38198	1.5772314549183362	1.5772314549183362
2240	1.0175571793501432	1.0175571793501432
33690	0.9203405817900835	0.9203405817900835
37795	1.2848311112879267	1.2848311112879267
16472	2.440008275554117	2.440008275554117
38580	0.2769751162443653	0.2769751162443653
18212	2.4728534972198855	2.4728534972198855
17129	1.206259339367939	1.206259339367939
31652	0.08402620053325338	0.08402620053325338
45121	1.3462305347662988	1.3462305347662988
27159	0.4021525275996384	0.4021525275996384
2140	1.7709041511484234	1.7709041511484234
1418	2.2576842163460644	2.2576842163460644
34818	1.4105355862054711	1.4105355862054711
13842	0.22522512960849272	0.22522512960849272
42333	1.2974037307839834	1.2974037307839834
39084	0.5589543989379151	0.5589543989379151
37762	1.0892766768071458	1.0892766768071458
10035	0.3687842881508724	0.3687842881508724
21518	1.587066224945752	1.587066224945752
32375	0.2058034857216584	0.2058034857216584
13866	0.9489163318958648	0.9489163318958648
20699	1.0524413127376508	1.0524413127376508
41314	0.223499143362624	0.223499143362624
12911	2.107423559773989	2.107423559773989
6234	1.1713674501723483	1.1713674501723483
20361	2.155093752526068	2.155093752526068
23036	0.6033258019600538	0.6033258019600538
4055	2.313775352146929	2.313775352146929
40371	1.4191414629072292	1.4191414629072292
13537	0.5972250495289919	0.5972250495289919
31312	0.6679641192737713	0.6679641192737713
36964	0.7419151255185009	0.7419151255185009
26230	3.7330750116974882	3.7330750116974882
32073	2.42189401652122	2.42189401652122
40799	0.8775619683523325	0.8775619683523325
40882	1.6076559993083	1.6076559993083
14902	1.1262446830728974	1.1262446830728974
3829	1.0203685807606158	1.0203685807606158
2949	1.7286212760732074	1.7286212760732074
8261	0.9238708459565796	0.9238708459565796
22936	2.921947786021894	2.921947786021894
28359	0.055370529485708864	0.055370529485708864
43843	1.3573112049985325	1.3573112049985325
4261	1.7421332662482407	1.7421332662482407
17718	0.043098431229857126	0.043098431229857126
43836	1.362045314350123	1.362045314350123
23007	0.8841922364755306	0.8841922364755306
6092	1.8027551446554795	1.8027551446554795
18617	1.1013546054265075	1.1013546054265075
33682	0.15570392111372866	0.15570392111372866
35320	1.1341565278607595	1.1341565278607595
42184	0.03947149211902856	0.03947149211902856
34744	0.7455677872287685	0.7455677872287685
16930	1.192483096192385	1.192483096192385
42598	0.9252798609589172	0.9252798609589172
44121	0.12292218555393764	0.12292218555393764
24285	2.781867867866203	2.781867867866203
28941	1.3148784142557557	1.3148784142557557
35542	0.4443218119958656	0.4443218119958656
2537	2.4559361486449216	2.4559361486449216
40937	1.9815164210524587	1.9815164210524587
8838	2.275487418767244	2.275487418767244
38068	2.291615343074263	2.291615343074263
35498	3.4971817884325755	3.4971817884325755
4057	0.46103626996888625	0.46103626996888625
4967	0.7792590049423644	0.7792590049423644
10507	0.9302379305142893	0.9302379305142893
3405	0.2587665858261269	0.2587665858261269
20511	1.1637726034634095	1.1637726034634095
29995	0.9003258523149897	0.9003258523149897
26437	0.19874265172003014	0.19874265172003014
22884	0.5021860019865338	0.5021860019865338
36001	0.5224774060840714	0.5224774060840714
42048	1.3810914225010475	1.3810914225010475
16714	1.3246247442935122	1.3246247442935122
396	0.10463931378696256	0.10463931378696256
40901	1.7808558050500112	1.7808558050500112
27882	1.447643720811067	1.447643720811067
33101	1.350699656008501	1.350699656008501
4996	2.455594317640119	2.455594317640119
10830	0.35404036787453574	0.35404036787453574
3079	1.8946961210026523	1.8946961210026523
31646	1.0128939990988253	1.0128939990988253
14394	1.5762103864115473	1.5762103864115473
41214	1.1493490840299507	1.1493490840299507
39074	0.5497253937943977	0.5497253937943977
37700	0.04649322366034525	0.04649322366034525
31538	1.7216943055458773	1.7216943055458773
15859	1.2263917814443854	1.2263917814443854
19900	1.1925941605732424	1.1925941605732424
25758	0.33621864000986845	0.33621864000986845
37529	2.451232769410624	2.451232769410624
6283	1.4319460187298252	1.4319460187298252
31592	2.2558269371169883	2.2558269371169883
40030	2.794698216301133	2.794698216301133
26135	0.04908434144174323	0.04908434144174323
9262	0.21883748276569537	0.21883748276569537
19991	0.9391450823884893	0.9391450823884893
5390	1.4955460036521067	1.4955460036521067
17266	2.3763517830583405	2.3763517830583405
36702	0.18330877517894617	0.18330877517894617
14808	0.10674357809414137	0.10674357809414137
44726	1.3615569464222679	1.3615569464222679
37158	2.002132628653201	2.002132628653201
38271	1.7205074695085392	1.7205074695085392
8963	3.240801541295195	3.240801541295195
