ind	co1	co2
22182	6.715829949629266	6.715829949629266
44312	7.865185302548952	7.865185302548952
36328	7.92877888988338	7.92877888988338
33946	6.774076202788688	6.774076202788688
38639	6.68692902261301	6.68692902261301
4639	7.235753115417598	7.235753115417598
29565	8.095111257216285	8.095111257216285
23163	7.067235081605645	7.067235081605645
7807	6.874413021885398	6.874413021885398
7572	7.708189044514358	7.708189044514358
1629	7.751769533059699	7.751769533059699
34120	7.623749902377665	7.623749902377665
45324	8.099996282144975	8.099996282144975
8016	7.842176877218108	7.842176877218108
20176	7.472690242564669	7.472690242564669
15384	7.154608822302663	7.154608822302663
34833	8.173898082709684	8.173898082709684
19888	7.250881039727436	7.250881039727436
29663	7.059410962463769	7.059410962463769
22812	6.8659296656726445	6.8659296656726445
20242	7.909200862113799	7.909200862113799
16659	6.671389766948353	6.671389766948353
6370	7.340162628933244	7.340162628933244
584	6.7611946921361685	6.7611946921361685
7822	7.248025202823422	7.248025202823422
39766	7.748168738925912	7.748168738925912
20389	7.37860086214231	7.37860086214231
29418	7.331168230264338	7.331168230264338
38264	8.352204147236566	8.352204147236566
2627	6.903967480495709	6.903967480495709
1423	6.9901699547376355	6.9901699547376355
2165	7.740500719546374	7.740500719546374
839	7.590502380298446	7.590502380298446
33622	7.9149369845848865	7.9149369845848865
5276	6.917440170515474	6.917440170515474
5419	8.39094325180209	8.39094325180209
29813	8.37258733677611	8.37258733677611
35963	8.294208941739337	8.294208941739337
30411	7.753094819489285	7.753094819489285
17299	7.078474705301821	7.078474705301821
20355	6.731304562120793	6.731304562120793
26395	7.957408118077968	7.957408118077968
29597	8.002654403838278	8.002654403838278
11187	7.109248419676058	7.109248419676058
22341	7.793442808041422	7.793442808041422
42137	7.574865757997291	7.574865757997291
28654	8.345364872133336	8.345364872133336
23841	8.276742638951475	8.276742638951475
43344	6.851743455495842	6.851743455495842
9818	7.86640066276944	7.86640066276944
36307	7.765236650389192	7.765236650389192
41188	8.196995466063257	8.196995466063257
11559	8.6724668974673	8.6724668974673
9257	7.9132361974136955	7.9132361974136955
9334	8.00523923803039	8.00523923803039
30345	7.201048225235178	7.201048225235178
33909	7.744221367641056	7.744221367641056
3773	7.852237008101538	7.852237008101538
32961	7.516327425633478	7.516327425633478
18474	7.499602696827832	7.499602696827832
21785	8.035707916628873	8.035707916628873
6146	7.813888218527131	7.813888218527131
3484	7.75219261684413	7.75219261684413
27441	7.709782567609393	7.709782567609393
30130	6.957123533476868	6.957123533476868
36776	7.915762225852036	7.915762225852036
43536	7.464133582800803	7.464133582800803
27339	7.218247565762515	7.218247565762515
19755	6.683839710235895	6.683839710235895
13561	7.539251943933249	7.539251943933249
38844	7.335939433327584	7.335939433327584
44568	7.311930689460094	7.311930689460094
33071	7.4508579639492245	7.4508579639492245
40682	7.979333121688619	7.979333121688619
15450	7.692583052254809	7.692583052254809
36493	7.365203034358541	7.365203034358541
2885	7.685735621595817	7.685735621595817
31758	7.687002244921492	7.687002244921492
36397	7.12121727373676	7.12121727373676
35965	7.822149073368429	7.822149073368429
18776	6.571548474042164	6.571548474042164
1991	7.637785431459396	7.637785431459396
25848	8.01819968529998	8.01819968529998
5208	7.740736033203206	7.740736033203206
27554	8.560986688662204	8.560986688662204
42178	7.572492105926243	7.572492105926243
13553	7.090475520850955	7.090475520850955
3098	7.085384543655935	7.085384543655935
32049	7.077127862622425	7.077127862622425
5178	7.502847303691882	7.502847303691882
3696	7.239471419599818	7.239471419599818
26932	7.095230968857862	7.095230968857862
25545	6.44782035133957	6.44782035133957
41329	8.601837592346493	8.601837592346493
41164	7.535144047557703	7.535144047557703
16467	7.974578799816464	7.974578799816464
7358	7.427033155258399	7.427033155258399
34336	6.708908214651162	6.708908214651162
13667	6.894636601657349	6.894636601657349
23260	8.182311907550831	8.182311907550831
40055	6.206110266781846	6.206110266781846
21333	7.864075345893919	7.864075345893919
13241	7.1706013705857865	7.1706013705857865
4330	7.860177380864955	7.860177380864955
34571	8.612095933847515	8.612095933847515
45310	7.568831366816991	7.568831366816991
32180	8.112321830029995	8.112321830029995
24328	7.599219818661014	7.599219818661014
30623	8.478459497700618	8.478459497700618
17667	6.833546762187452	6.833546762187452
18744	7.246411052422928	7.246411052422928
44597	8.091195960528061	8.091195960528061
43515	7.489249283841669	7.489249283841669
12640	6.794727794425673	6.794727794425673
13821	6.852652696259758	6.852652696259758
24921	7.895168777048755	7.895168777048755
5353	7.249039747592607	7.249039747592607
6356	7.032961700605514	7.032961700605514
1813	7.4521690031499634	7.4521690031499634
22807	6.959959724327471	6.959959724327471
34197	7.143977372463806	7.143977372463806
45243	7.335736781231958	7.335736781231958
41990	7.559053091959801	7.559053091959801
17724	7.474185158920466	7.474185158920466
17478	7.709505503503665	7.709505503503665
17328	7.36733119024126	7.36733119024126
35362	6.914060282480342	6.914060282480342
4119	8.024269661896524	8.024269661896524
28558	7.705528774870651	7.705528774870651
45164	7.459694818495974	7.459694818495974
31218	7.259835617219379	7.259835617219379
25325	6.5685844354943255	6.5685844354943255
44618	7.402128542803775	7.402128542803775
15250	7.253973857661437	7.253973857661437
3456	7.203881413608968	7.203881413608968
12423	6.704355902038286	6.704355902038286
17580	7.527377940081979	7.527377940081979
45072	8.202536675691086	8.202536675691086
21700	7.487137885299202	7.487137885299202
41043	8.236373024849781	8.236373024849781
19356	7.629002138700791	7.629002138700791
26721	7.5784415143862205	7.5784415143862205
15498	7.809887392373365	7.809887392373365
5492	7.46270250207046	7.46270250207046
44159	7.91472866876618	7.91472866876618
26299	7.0546366113150505	7.0546366113150505
14699	7.510628354086479	7.510628354086479
9385	7.709376238417353	7.709376238417353
583	6.5938481962016775	6.5938481962016775
22183	8.229074939588685	8.229074939588685
13992	8.141247973194513	8.141247973194513
31336	7.197537307436023	7.197537307436023
40455	7.336122043706497	7.336122043706497
21416	6.912491021136295	6.912491021136295
18036	8.193033777584809	8.193033777584809
19203	6.5885358636920115	6.5885358636920115
33686	7.310720497987425	7.310720497987425
26188	7.872643894418573	7.872643894418573
28631	7.5156064321883544	7.5156064321883544
27655	7.032606780305363	7.032606780305363
44308	7.178925881523998	7.178925881523998
1306	6.879844151836889	6.879844151836889
22662	6.93638497647137	6.93638497647137
11751	7.1726589084056025	7.1726589084056025
31156	7.215174432872049	7.215174432872049
7343	7.211822222344037	7.211822222344037
28577	8.266585925284067	8.266585925284067
4676	7.641574477465262	7.641574477465262
13581	7.787438645873337	7.787438645873337
39875	8.451460213385209	8.451460213385209
13457	7.028696659393793	7.028696659393793
8132	7.336429941456532	7.336429941456532
40421	7.1941943854391495	7.1941943854391495
17887	8.180970792660341	8.180970792660341
8502	6.421806453671837	6.421806453671837
10152	6.937778431966241	6.937778431966241
38881	8.055317883642937	8.055317883642937
5042	8.067083325235433	8.067083325235433
32778	7.80187850185514	7.80187850185514
38261	7.1431234912541575	7.1431234912541575
33422	7.938114168726724	7.938114168726724
43489	7.745752380711242	7.745752380711242
22568	6.908611638491861	6.908611638491861
23189	7.7303302487320655	7.7303302487320655
24360	7.34815387804003	7.34815387804003
38505	7.022883332647908	7.022883332647908
14610	6.973579329566046	6.973579329566046
34859	7.395988653218171	7.395988653218171
6292	8.198823657586903	8.198823657586903
36241	8.221871579589605	8.221871579589605
44677	8.432796731995236	8.432796731995236
40274	7.5911266944947435	7.5911266944947435
1622	8.029307386292242	8.029307386292242
32213	7.689897355748561	7.689897355748561
23061	7.218824626615629	7.218824626615629
18954	7.293268119665259	7.293268119665259
7344	7.491699264507252	7.491699264507252
29777	7.3700509511459105	7.3700509511459105
29161	7.496574981834994	7.496574981834994
19525	7.7604129564645215	7.7604129564645215
44648	7.097543335193739	7.097543335193739
30132	7.661372143680763	7.661372143680763
34363	7.831323414151906	7.831323414151906
14393	7.392299952791867	7.392299952791867
42589	7.863003232424092	7.863003232424092
34251	7.287347228224353	7.287347228224353
38228	7.190315347355412	7.190315347355412
6983	7.537769982420401	7.537769982420401
38982	8.170674830013677	8.170674830013677
751	6.726358014565471	6.726358014565471
44961	8.201023735539026	8.201023735539026
19560	7.806221720848877	7.806221720848877
16354	7.519802428167899	7.519802428167899
30590	7.597313118489347	7.597313118489347
11992	7.339788671903103	7.339788671903103
16787	7.783916170828298	7.783916170828298
33863	7.802969103219175	7.802969103219175
26559	7.774708598816537	7.774708598816537
24494	7.825670414010363	7.825670414010363
22084	7.730472665974225	7.730472665974225
2163	8.333106561067986	8.333106561067986
44537	8.440185572668652	8.440185572668652
38387	7.38017697171249	7.38017697171249
7548	7.655833422268614	7.655833422268614
39157	8.449126395127868	8.449126395127868
4595	6.780068862765515	6.780068862765515
32299	7.153241815260618	7.153241815260618
40024	7.396792185681619	7.396792185681619
41559	6.7568977385134845	6.7568977385134845
20081	7.222094637878271	7.222094637878271
15924	7.876357235774141	7.876357235774141
20419	7.6843316235463295	7.6843316235463295
34631	7.466708045686751	7.466708045686751
23115	7.332945042744664	7.332945042744664
45246	7.4526452272013906	7.4526452272013906
7439	7.909562518601858	7.909562518601858
5637	6.988643324889974	6.988643324889974
31098	7.083639744878326	7.083639744878326
5852	7.1275873350047	7.1275873350047
35062	7.145097628268162	7.145097628268162
41891	7.5509785602865245	7.5509785602865245
26561	8.33465684439302	8.33465684439302
40752	7.693392464760003	7.693392464760003
18058	7.799921715586423	7.799921715586423
685	6.6965694406465905	6.6965694406465905
12026	8.221837841764637	8.221837841764637
42405	6.443136547882513	6.443136547882513
14278	7.223451304531641	7.223451304531641
6841	8.311046503286061	8.311046503286061
9003	7.1653114519197505	7.1653114519197505
15276	7.6790413653455705	7.6790413653455705
29596	7.979380043858306	7.979380043858306
29738	8.020261945971985	8.020261945971985
38875	7.190038190643005	7.190038190643005
13535	7.858447278510968	7.858447278510968
125	8.014753599536537	8.014753599536537
35088	7.7584693846032575	7.7584693846032575
17123	8.024196449378826	8.024196449378826
30344	8.04093051048187	8.04093051048187
10658	7.472599012791819	7.472599012791819
435	7.610097317685749	7.610097317685749
25629	6.769629039810546	6.769629039810546
40748	7.634236500370567	7.634236500370567
17231	7.129868795377258	7.129868795377258
11362	7.006680129002627	7.006680129002627
34309	7.28024557075693	7.28024557075693
18108	7.269369277472471	7.269369277472471
28080	8.264216946778804	8.264216946778804
29033	7.025583864549143	7.025583864549143
37853	7.6822318709423785	7.6822318709423785
24761	8.249059016764408	8.249059016764408
44904	7.092165979145871	7.092165979145871
21650	8.41123796421028	8.41123796421028
19385	7.9149547341181075	7.9149547341181075
20881	7.3529839771634204	7.3529839771634204
41791	8.399549340091651	8.399549340091651
2062	7.354214007114981	7.354214007114981
30419	7.995609124740902	7.995609124740902
37086	6.661647056239894	6.661647056239894
41850	7.465681140220009	7.465681140220009
6191	7.002824834910897	7.002824834910897
15144	6.713458760682953	6.713458760682953
15001	7.872721000825976	7.872721000825976
31533	7.634282534242452	7.634282534242452
10121	7.630068501572291	7.630068501572291
80	8.078494476075308	8.078494476075308
9074	7.577463859971462	7.577463859971462
22086	8.412550702525582	8.412550702525582
27029	6.902254838606474	6.902254838606474
26898	7.382115855290335	7.382115855290335
8385	7.080175405719444	7.080175405719444
43976	7.445875000947265	7.445875000947265
11828	7.39171008871681	7.39171008871681
42998	6.8402774777912905	6.8402774777912905
20646	7.069926953529052	7.069926953529052
1647	7.917085771475344	7.917085771475344
7338	8.528789559980432	8.528789559980432
7569	7.719065449590212	7.719065449590212
4379	6.541839483929913	6.541839483929913
27112	7.389090592166295	7.389090592166295
9439	7.521485166592669	7.521485166592669
42347	8.084253078713388	8.084253078713388
2572	8.109902539835051	8.109902539835051
15983	6.876402520637467	6.876402520637467
35035	7.542651837179035	7.542651837179035
13726	7.342092341779047	7.342092341779047
5842	6.848529374561891	6.848529374561891
16512	7.750942168749022	7.750942168749022
23561	7.039262973496348	7.039262973496348
36550	7.334788716712597	7.334788716712597
43191	7.775049767890532	7.775049767890532
6009	6.894755030310501	6.894755030310501
3429	8.285999189904883	8.285999189904883
12867	7.506317519803549	7.506317519803549
1233	7.9589126633134	7.9589126633134
42786	6.600833941341364	6.600833941341364
4356	6.9502616771205625	6.9502616771205625
45051	8.525753103994758	8.525753103994758
45333	7.701593381143058	7.701593381143058
2740	8.06557504144843	8.06557504144843
23106	7.486270668831683	7.486270668831683
29978	8.347235389849168	8.347235389849168
17721	6.398058160270469	6.398058160270469
2085	6.88984372738123	6.88984372738123
12864	7.490691955439049	7.490691955439049
7251	7.891668459753334	7.891668459753334
10660	7.43651561635143	7.43651561635143
34045	7.123042493571487	7.123042493571487
40845	7.245012852958552	7.245012852958552
20246	7.437000420241378	7.437000420241378
38265	7.933434598226324	7.933434598226324
14998	7.218113882369907	7.218113882369907
4646	7.90404916406097	7.90404916406097
9285	7.8355066819374	7.8355066819374
6840	7.528064097149097	7.528064097149097
40573	7.4399605626965855	7.4399605626965855
3652	7.3299245207900645	7.3299245207900645
8078	9.030486305871086	9.030486305871086
19355	7.5016409539545075	7.5016409539545075
10334	8.028080041769558	8.028080041769558
1003	7.617944056486751	7.617944056486751
32809	7.733995184790727	7.733995184790727
45050	7.93881046075171	7.93881046075171
8592	7.822595095122862	7.822595095122862
4469	7.457314781401016	7.457314781401016
2836	7.35373352886459	7.35373352886459
14558	7.74145330313877	7.74145330313877
12919	7.95179579527605	7.95179579527605
3024	7.8403034921725485	7.8403034921725485
13138	7.1125987433364415	7.1125987433364415
42883	7.681262394689415	7.681262394689415
7715	7.726136511787229	7.726136511787229
10292	7.92505385632136	7.92505385632136
30449	6.894360846238207	6.894360846238207
24395	6.878818638738866	6.878818638738866
35430	7.999058920344113	7.999058920344113
27143	7.687106784530358	7.687106784530358
12173	7.427432600705541	7.427432600705541
27526	7.75829545444902	7.75829545444902
5497	8.020373228157123	8.020373228157123
14664	7.056828942294464	7.056828942294464
3795	7.7636615296157165	7.7636615296157165
17431	8.233595087064964	8.233595087064964
13107	7.996682446342258	7.996682446342258
22993	7.566577739262391	7.566577739262391
36051	7.375714714395737	7.375714714395737
10611	7.79539702572593	7.79539702572593
44316	8.248639216993505	8.248639216993505
39614	7.252815484276746	7.252815484276746
35671	6.3685746988316705	6.3685746988316705
35346	6.877441787489756	6.877441787489756
20490	7.579122341785258	7.579122341785258
44192	7.036575265120761	7.036575265120761
5989	7.0627449032532175	7.0627449032532175
1995	6.56084735358999	6.56084735358999
13956	7.781261376303924	7.781261376303924
14313	7.733655805473265	7.733655805473265
17048	7.262001101069354	7.262001101069354
22454	7.784431586615463	7.784431586615463
42968	7.5386556315652875	7.5386556315652875
20784	7.819960311658315	7.819960311658315
10335	7.985239464149047	7.985239464149047
12195	8.221019348149737	8.221019348149737
42490	7.726846022600992	7.726846022600992
20238	7.561343711531662	7.561343711531662
22250	7.990763651025825	7.990763651025825
8506	7.127227481042565	7.127227481042565
20932	7.91095305288841	7.91095305288841
27926	7.381468725212367	7.381468725212367
43821	7.449369139046173	7.449369139046173
44853	8.419323911822646	8.419323911822646
3354	8.013705123969718	8.013705123969718
4885	7.546704134288029	7.546704134288029
13578	7.051819499121991	7.051819499121991
2996	8.076779948993439	8.076779948993439
39932	7.5818303353832945	7.5818303353832945
25289	7.435880603202177	7.435880603202177
33635	7.0693087431901755	7.0693087431901755
43622	7.054621304072348	7.054621304072348
41185	6.989895615872409	6.989895615872409
1731	7.737218227754449	7.737218227754449
32650	7.701113723656078	7.701113723656078
925	7.6872420821249685	7.6872420821249685
31071	7.311000228103762	7.311000228103762
24959	6.600146085896675	6.600146085896675
33740	7.263083843407511	7.263083843407511
31890	7.473132693940586	7.473132693940586
20853	7.412890720718423	7.412890720718423
6264	6.818719434733424	6.818719434733424
13111	8.177059041286476	8.177059041286476
1695	7.377075184089662	7.377075184089662
35185	6.936903674819118	6.936903674819118
33378	7.468329117967669	7.468329117967669
7279	6.481357275374649	6.481357275374649
9258	7.777645465009182	7.777645465009182
24534	7.298209926238724	7.298209926238724
23721	8.14431543631203	8.14431543631203
10472	7.303324416560054	7.303324416560054
5568	7.669841589309372	7.669841589309372
16682	6.712194850062734	6.712194850062734
45223	8.442553520630884	8.442553520630884
35456	6.773271833736864	6.773271833736864
42218	7.792717523066808	7.792717523066808
14343	7.709964812790996	7.709964812790996
13328	7.52430359841769	7.52430359841769
33685	6.961015850642808	6.961015850642808
2790	7.684980424351983	7.684980424351983
35494	6.189269804375449	6.189269804375449
33022	7.340464705886639	7.340464705886639
5751	7.693740500198934	7.693740500198934
24762	7.663651048822052	7.663651048822052
43514	7.7234266186573945	7.7234266186573945
11518	7.411926026844852	7.411926026844852
18914	7.423625114536696	7.423625114536696
15273	8.415201056268483	8.415201056268483
11051	7.67119354747864	7.67119354747864
10469	6.698176134057133	6.698176134057133
41794	7.504626305277284	7.504626305277284
5560	7.18448900955109	7.18448900955109
9895	6.599053279680007	6.599053279680007
36082	6.448761264781038	6.448761264781038
29590	7.309700430111925	7.309700430111925
42853	8.121752635087017	8.121752635087017
10063	7.261177043870669	7.261177043870669
16911	7.0411811659144306	7.0411811659144306
5757	7.857997083478384	7.857997083478384
31216	8.710164090014239	8.710164090014239
10818	7.426744556865352	7.426744556865352
45148	7.884814307495839	7.884814307495839
25876	6.6888738140280335	6.6888738140280335
28044	6.9032416513433335	6.9032416513433335
34896	7.373124295036279	7.373124295036279
15851	7.141912201195613	7.141912201195613
8394	7.535091697303388	7.535091697303388
28223	7.258145817832558	7.258145817832558
15472	7.30392126374224	7.30392126374224
253	6.804758831054297	6.804758831054297
29278	7.085784553094908	7.085784553094908
18117	7.690171655197536	7.690171655197536
28769	7.8382404268041475	7.8382404268041475
43608	7.357061427852415	7.357061427852415
28794	8.6158245592487	8.6158245592487
8434	7.391776970657567	7.391776970657567
19638	7.375030924644805	7.375030924644805
6433	9.473092308814817	9.473092308814817
30269	8.06375681615219	8.06375681615219
23629	7.297445506082041	7.297445506082041
43227	7.870796276976424	7.870796276976424
35997	6.925014168973117	6.925014168973117
13240	7.710411222844407	7.710411222844407
45093	8.749408218302124	8.749408218302124
21679	7.569638892373378	7.569638892373378
17203	7.941393820818634	7.941393820818634
16125	7.1738453253789825	7.1738453253789825
10630	7.647638814533566	7.647638814533566
14703	7.194093518045717	7.194093518045717
10691	7.7665217603460235	7.7665217603460235
4999	6.917384629474776	6.917384629474776
27229	6.955677192234829	6.955677192234829
20566	7.525933485998392	7.525933485998392
5592	7.580353249721149	7.580353249721149
38523	7.701349259555966	7.701349259555966
5429	6.967321701465555	6.967321701465555
38470	7.671315224809788	7.671315224809788
23724	6.744189839102035	6.744189839102035
25226	8.124413201921051	8.124413201921051
310	7.624774761367302	7.624774761367302
41735	7.633515039185183	7.633515039185183
9254	7.348303292972369	7.348303292972369
16981	7.6836807633634505	7.6836807633634505
5471	7.406272685055027	7.406272685055027
36592	6.989880954220144	6.989880954220144
2816	7.66954109446203	7.66954109446203
28341	8.430875425655667	8.430875425655667
23110	6.901955260065937	6.901955260065937
34142	7.612058248713483	7.612058248713483
17976	7.098544858275162	7.098544858275162
32094	7.333114550586511	7.333114550586511
22484	7.599234414905662	7.599234414905662
39317	6.876319197006259	6.876319197006259
4739	6.976119406758334	6.976119406758334
14595	9.034740627465803	9.034740627465803
27523	7.144922731102071	7.144922731102071
17794	7.224356470971053	7.224356470971053
19704	7.941975651012967	7.941975651012967
12167	7.401749331018005	7.401749331018005
12709	7.514473349175299	7.514473349175299
4051	7.630580694327681	7.630580694327681
31186	7.887502736889092	7.887502736889092
13724	7.676988873235088	7.676988873235088
27832	7.556416903081181	7.556416903081181
1773	7.998887811643557	7.998887811643557
42889	7.448595965181482	7.448595965181482
23027	7.635458326812954	7.635458326812954
22936	7.112063344872373	7.112063344872373
16980	7.849024879959991	7.849024879959991
36710	7.929292865733117	7.929292865733117
28821	7.318835167345056	7.318835167345056
25898	6.863851598676304	6.863851598676304
1578	7.067167389782875	7.067167389782875
7461	7.300515776551259	7.300515776551259
14581	6.726357574151243	6.726357574151243
7363	7.50362372841944	7.50362372841944
33250	8.67811445556075	8.67811445556075
44791	7.423183030707156	7.423183030707156
22852	7.6972578052102465	7.6972578052102465
18136	7.649676754772005	7.649676754772005
8127	8.393438890244413	8.393438890244413
5499	7.303360689316221	7.303360689316221
36819	7.4068970745558325	7.4068970745558325
44852	7.442687546954354	7.442687546954354
4828	7.867983903527102	7.867983903527102
45328	7.835551021154436	7.835551021154436
19035	7.789379525268383	7.789379525268383
38068	8.43900479507724	8.43900479507724
23633	6.969569683385382	6.969569683385382
26292	7.103598267635186	7.103598267635186
6765	7.5021097780702055	7.5021097780702055
5707	7.5028660114147785	7.5028660114147785
1997	7.076728401133493	7.076728401133493
35040	7.421532440579776	7.421532440579776
27028	7.630459481976364	7.630459481976364
8414	8.796989017707908	8.796989017707908
36329	8.008909331513301	8.008909331513301
34797	7.647817762506842	7.647817762506842
44369	8.695260505579348	8.695260505579348
24789	6.816506726487654	6.816506726487654
28635	7.464113607574267	7.464113607574267
952	7.468433237133525	7.468433237133525
719	7.766538477874285	7.766538477874285
39495	7.60442731384602	7.60442731384602
17867	7.858241432961782	7.858241432961782
15497	8.316574606684894	8.316574606684894
11821	8.00981389210736	8.00981389210736
41486	7.456445523556966	7.456445523556966
25540	7.5015108569661875	7.5015108569661875
29442	6.975657688686691	6.975657688686691
4052	8.472524853929766	8.472524853929766
21477	7.313037352327266	7.313037352327266
30180	7.351053979847883	7.351053979847883
16409	7.303192243377073	7.303192243377073
1230	7.539072152847115	7.539072152847115
1305	8.437399757875106	8.437399757875106
40031	7.654937771023122	7.654937771023122
13556	7.199003949559463	7.199003949559463
1771	7.768707904371471	7.768707904371471
22308	7.569865883856429	7.569865883856429
11477	6.857922052967241	6.857922052967241
6267	7.8760529635924605	7.8760529635924605
30309	7.368534937417809	7.368534937417809
29774	7.181284756765764	7.181284756765764
14150	7.67956094566781	7.67956094566781
15328	7.459441300139571	7.459441300139571
20038	6.8489393781711385	6.8489393781711385
29884	7.499700636130371	7.499700636130371
11079	7.414161231223674	7.414161231223674
17844	7.685330090983531	7.685330090983531
33598	6.796857212996012	6.796857212996012
16102	7.693561468943183	7.693561468943183
6461	7.887012146686584	7.887012146686584
28283	7.418309342152041	7.418309342152041
29185	7.630297419126254	7.630297419126254
19528	8.147673534315194	8.147673534315194
25120	7.369054371835955	7.369054371835955
13134	7.288714137655871	7.288714137655871
12323	7.650223705241942	7.650223705241942
10692	7.549957590991225	7.549957590991225
267	6.516400761296629	6.516400761296629
1346	7.109178733860738	7.109178733860738
2635	7.537045009422832	7.537045009422832
4409	7.090434404670995	7.090434404670995
18916	7.234038458787974	7.234038458787974
35923	7.43047977322034	7.43047977322034
2543	7.80792180901696	7.80792180901696
37124	8.350808709541306	8.350808709541306
32339	7.85120343775285	7.85120343775285
23363	8.106731320863435	8.106731320863435
29810	7.043458323212431	7.043458323212431
9994	6.9521427754222405	6.9521427754222405
20690	7.509507372111528	7.509507372111528
28257	8.035242511970322	8.035242511970322
42685	7.369590733196167	7.369590733196167
17471	7.724695165373557	7.724695165373557
34148	7.54495151656765	7.54495151656765
754	7.6209476650752634	7.6209476650752634
16740	7.965852435135476	7.965852435135476
2158	8.662930849008799	8.662930849008799
5374	7.089407182226466	7.089407182226466
11543	8.291037119598686	8.291037119598686
6949	7.466742776605428	7.466742776605428
15648	7.99968152471235	7.99968152471235
15350	8.11537348081522	8.11537348081522
24630	7.138544225224068	7.138544225224068
23509	7.222178668555617	7.222178668555617
5593	7.35730726456609	7.35730726456609
33476	7.126235246189455	7.126235246189455
44625	8.07445055633793	8.07445055633793
25129	7.563583038229433	7.563583038229433
5596	7.267418897478985	7.267418897478985
34572	8.143483341936347	8.143483341936347
4610	7.852613392927227	7.852613392927227
40027	7.517128138903396	7.517128138903396
42939	8.566919737439816	8.566919737439816
998	8.245021449350933	8.245021449350933
41093	6.642017727259458	6.642017727259458
25601	7.179985071875651	7.179985071875651
10194	6.846863458204211	6.846863458204211
8173	7.447784366077477	7.447784366077477
16633	8.217105835920917	8.217105835920917
184	6.7625345942484465	6.7625345942484465
7047	8.013227940338485	8.013227940338485
12970	7.697829491695264	7.697829491695264
17404	7.278971515822363	7.278971515822363
36627	7.204536295099767	7.204536295099767
13108	7.59540520003339	7.59540520003339
19835	6.303066476547692	6.303066476547692
16152	6.9037310760466815	6.9037310760466815
35401	8.009664180112397	8.009664180112397
28890	7.558197207066482	7.558197207066482
39477	6.979529265871983	6.979529265871983
13208	7.616424525600304	7.616424525600304
4257	7.283901740793719	7.283901740793719
15857	7.555556663498827	7.555556663498827
10878	7.885195166558637	7.885195166558637
11848	6.765728931739084	6.765728931739084
96	7.962987631394641	7.962987631394641
7340	6.539819136789559	6.539819136789559
26070	7.979137043586826	7.979137043586826
38412	6.728531770782992	6.728531770782992
28075	7.595336007589723	7.595336007589723
8790	7.444131969504649	7.444131969504649
40721	7.295559166914316	7.295559166914316
23259	7.455670437271422	7.455670437271422
43787	6.808616275067012	6.808616275067012
26653	6.722421726341229	6.722421726341229
3797	7.905682167395537	7.905682167395537
32931	6.440244330179435	6.440244330179435
19636	6.617550809102646	6.617550809102646
42880	7.681834530168709	7.681834530168709
20349	7.625376207162382	7.625376207162382
32277	8.253715669539018	8.253715669539018
31793	7.935613414787491	7.935613414787491
24531	7.233084924314749	7.233084924314749
1377	7.49513926419862	7.49513926419862
17864	8.52761965648343	8.52761965648343
24148	8.008843467493401	8.008843467493401
45242	7.168519580790753	7.168519580790753
26526	6.690906286110437	6.690906286110437
16378	7.482254154190427	7.482254154190427
9866	7.509203426427397	7.509203426427397
117	6.712722951535474	6.712722951535474
6077	7.648394867716473	7.648394867716473
5201	7.451683568033909	7.451683568033909
5351	6.996578644844624	6.996578644844624
4091	7.977587948784371	7.977587948784371
27031	7.922776664878147	7.922776664878147
19823	6.342491694294774	6.342491694294774
17744	7.201410074994029	7.201410074994029
11058	7.536197200015606	7.536197200015606
5970	7.283541682359724	7.283541682359724
6935	7.385575514275724	7.385575514275724
25988	7.292556376000292	7.292556376000292
24295	6.952612626183612	6.952612626183612
36751	8.106108549143405	8.106108549143405
15201	6.744479139391668	6.744479139391668
22871	7.652041671343917	7.652041671343917
45035	7.286553662790001	7.286553662790001
20036	6.980360243581626	6.980360243581626
34601	7.546264429415931	7.546264429415931
23787	7.88990793450935	7.88990793450935
7674	8.893541591853948	8.893541591853948
39549	6.91297850811541	6.91297850811541
21448	7.573132184355218	7.573132184355218
1677	7.211422284911395	7.211422284911395
10385	7.063912286333149	7.063912286333149
15927	7.78989520176333	7.78989520176333
40220	6.78586181343721	6.78586181343721
29130	7.709710818256068	7.709710818256068
17281	7.308315616990212	7.308315616990212
15686	8.077194881022796	8.077194881022796
26621	7.159441296970973	7.159441296970973
19612	6.720868320537868	6.720868320537868
34720	7.1821235905622265	7.1821235905622265
13963	7.06845356834239	7.06845356834239
7714	8.079782129979767	8.079782129979767
44877	7.4369054690833325	7.4369054690833325
23137	8.230402550617672	8.230402550617672
35305	7.678122674799426	7.678122674799426
1179	7.67420513976146	7.67420513976146
27917	7.3375920498458385	7.3375920498458385
34121	7.780998347552425	7.780998347552425
14849	7.449144497815115	7.449144497815115
10565	8.231660862190868	8.231660862190868
2995	8.249152992498935	8.249152992498935
43312	7.0404987265139045	7.0404987265139045
7914	7.194131423329263	7.194131423329263
40901	8.13501191128179	8.13501191128179
11675	6.245686835193039	6.245686835193039
12869	6.607177092950765	6.607177092950765
23938	7.177912870626348	7.177912870626348
2911	7.099047138370434	7.099047138370434
16171	7.515105838096567	7.515105838096567
3210	8.055931305288363	8.055931305288363
21329	8.080963793973522	8.080963793973522
18651	8.164664381099971	8.164664381099971
38223	7.289435749039761	7.289435749039761
5427	6.925268915423243	6.925268915423243
12028	6.927094270286052	6.927094270286052
5304	7.796603049968033	7.796603049968033
35862	6.995456813383483	6.995456813383483
4095	7.450902204730171	7.450902204730171
27082	7.026768591767903	7.026768591767903
43218	7.865826488109355	7.865826488109355
34039	7.671224484992568	7.671224484992568
23785	7.897165862438271	7.897165862438271
31988	7.0749209385260325	7.0749209385260325
6625	7.019158411967089	7.019158411967089
24077	7.585456897680708	7.585456897680708
7769	7.059164064727751	7.059164064727751
3408	6.9258097499964695	6.9258097499964695
30303	8.240140353433551	8.240140353433551
28555	8.144415739067929	8.144415739067929
40181	8.807203767298738	8.807203767298738
35013	7.379126802678145	7.379126802678145
24179	7.124611975264664	7.124611975264664
35891	7.43918446297431	7.43918446297431
18141	7.242899022035738	7.242899022035738
25985	7.680898590220756	7.680898590220756
27352	7.050386402426874	7.050386402426874
27929	7.714766495505944	7.714766495505944
6975	6.924122005569021	6.924122005569021
2500	7.944854993676892	7.944854993676892
4612	6.7524866215834285	6.7524866215834285
33042	7.266152242469368	7.266152242469368
29985	7.8552790094526355	7.8552790094526355
8981	7.585512865469559	7.585512865469559
14818	8.237635818127023	8.237635818127023
36944	8.134031295694443	8.134031295694443
5016	7.023759008054723	7.023759008054723
17184	7.458510387306284	7.458510387306284
31855	8.197830329583736	8.197830329583736
1316	7.051396294838381	7.051396294838381
4118	6.989042151814415	6.989042151814415
22727	8.665237089835175	8.665237089835175
4992	7.214580428084998	7.214580428084998
21087	7.772192916824119	7.772192916824119
19205	8.278244991361127	8.278244991361127
2307	6.823751231206109	6.823751231206109
28246	7.726917591695683	7.726917591695683
44653	6.975356108367544	6.975356108367544
33893	7.324504508975855	7.324504508975855
18556	8.166571124254883	8.166571124254883
12996	7.4796565658278	7.4796565658278
17209	7.246597187829989	7.246597187829989
37880	8.000314324233578	8.000314324233578
33106	7.294885632352146	7.294885632352146
24995	7.045703569947222	7.045703569947222
38674	6.373371174948742	6.373371174948742
16314	7.057026846379063	7.057026846379063
37118	6.510805433437468	6.510805433437468
2164	7.536344452620154	7.536344452620154
29159	6.93436299855961	6.93436299855961
38847	7.648022250468578	7.648022250468578
24327	7.34016627895715	7.34016627895715
45254	7.395799663123184	7.395799663123184
3230	7.7312761069839695	7.7312761069839695
20326	7.919344972900054	7.919344972900054
13870	7.176270248138346	7.176270248138346
44220	7.125879556537102	7.125879556537102
44924	7.247602558110427	7.247602558110427
16997	7.5094628545924005	7.5094628545924005
15448	6.87898478782433	6.87898478782433
8932	7.873644167585832	7.873644167585832
337	7.4439286784980006	7.4439286784980006
38472	7.788896156198601	7.788896156198601
44031	6.838390353275311	6.838390353275311
37912	8.243017005206486	8.243017005206486
10467	7.710598880426527	7.710598880426527
358	7.352964837081339	7.352964837081339
4219	7.11491263042342	7.11491263042342
44809	7.67428250666205	7.67428250666205
11516	7.063690281368512	7.063690281368512
16197	7.488116033371726	7.488116033371726
2634	7.5021580204059495	7.5021580204059495
14540	7.816236586387821	7.816236586387821
2890	7.036590988611991	7.036590988611991
10820	7.7559357759494585	7.7559357759494585
24626	6.89992690820708	6.89992690820708
2301	7.231155906142511	7.231155906142511
17766	7.13525186303911	7.13525186303911
9309	7.256289487766012	7.256289487766012
35341	6.919928359175714	6.919928359175714
3633	7.187380646467162	7.187380646467162
17816	7.4568256097401955	7.4568256097401955
9342	7.838408913021035	7.838408913021035
15814	7.021196894228769	7.021196894228769
15705	7.553719645360248	7.553719645360248
42949	7.129712528732828	7.129712528732828
4094	6.5894562956314005	6.5894562956314005
15363	7.473048519842002	7.473048519842002
32607	7.481076563987817	7.481076563987817
13173	8.053550433387455	8.053550433387455
16411	7.7334174464441725	7.7334174464441725
350	7.915422864158819	7.915422864158819
26953	7.782399519191058	7.782399519191058
17609	7.661993664063553	7.661993664063553
17183	7.88771126541375	7.88771126541375
16862	7.38246615001977	7.38246615001977
12320	7.695740289246652	7.695740289246652
27521	7.496079999261274	7.496079999261274
43275	8.00654539095043	8.00654539095043
37788	7.15928024258425	7.15928024258425
42972	8.580872692786373	8.580872692786373
22042	7.498088152265559	7.498088152265559
43336	7.808558800008002	7.808558800008002
14580	7.020350679104659	7.020350679104659
13381	8.022041999448696	8.022041999448696
33735	7.340102549234727	7.340102549234727
36778	6.864853206353062	6.864853206353062
10936	6.806672787631973	6.806672787631973
45053	7.879790631117072	7.879790631117072
18285	7.057581255909179	7.057581255909179
20491	7.494257165280639	7.494257165280639
2598	7.0869300777354125	7.0869300777354125
30012	7.513926577818096	7.513926577818096
23694	7.6265159372210665	7.6265159372210665
42119	7.15993816043421	7.15993816043421
42614	7.340800832097994	7.340800832097994
32483	7.274393966480988	7.274393966480988
6684	7.111441796566136	7.111441796566136
24696	8.372860124665111	8.372860124665111
15806	7.024914437581078	7.024914437581078
13301	7.6164287184809245	7.6164287184809245
40774	7.544856582585177	7.544856582585177
18684	7.435738380704188	7.435738380704188
37278	7.821254684225983	7.821254684225983
25905	8.801049405761354	8.801049405761354
22997	6.657650237210254	6.657650237210254
33345	7.230922406744692	7.230922406744692
16069	6.548438177412416	6.548438177412416
35543	7.589057332022623	7.589057332022623
29509	6.889157063769996	6.889157063769996
39473	8.038680851670051	8.038680851670051
10496	7.597166734053055	7.597166734053055
20054	7.43137050525496	7.43137050525496
15674	7.214107216608435	7.214107216608435
7593	7.153142686986271	7.153142686986271
27484	7.638084005849099	7.638084005849099
9514	7.9120829320953465	7.9120829320953465
15572	7.18706673599513	7.18706673599513
11445	6.914054919588599	6.914054919588599
23656	7.126171311374654	7.126171311374654
16408	8.010465727185217	8.010465727185217
25875	7.698905299567708	7.698905299567708
4723	7.1569907547108444	7.1569907547108444
19132	7.476111281713405	7.476111281713405
12921	7.06569451212437	7.06569451212437
31190	8.398965677985839	8.398965677985839
25058	7.104299981903054	7.104299981903054
25718	7.108414676808528	7.108414676808528
18485	7.360667150177194	7.360667150177194
39108	6.531023628892173	6.531023628892173
27231	7.5396280840867815	7.5396280840867815
2188	6.92201808141068	6.92201808141068
11414	7.095643567593719	7.095643567593719
42089	6.62720721933165	6.62720721933165
6760	7.563741554411315	7.563741554411315
35213	7.808552752854171	7.808552752854171
8390	7.220141028854542	7.220141028854542
44794	7.582606833750059	7.582606833750059
13661	8.197725876388057	8.197725876388057
1025	7.349278198409213	7.349278198409213
30633	7.6450879784081005	7.6450879784081005
7703	7.401821965630994	7.401821965630994
28165	6.798728976944969	6.798728976944969
16489	8.930165843553496	8.930165843553496
33860	8.425853985218017	8.425853985218017
2183	7.426372965191892	7.426372965191892
11503	6.9268754783656	6.9268754783656
6805	8.278121420150445	8.278121420150445
16858	6.805676132711167	6.805676132711167
1512	7.3387058365341105	7.3387058365341105
22544	8.18587408099006	8.18587408099006
27623	7.668821147742822	7.668821147742822
2810	7.990064176116565	7.990064176116565
41092	8.000824644976525	8.000824644976525
32991	7.924412110860363	7.924412110860363
34767	7.994627642944771	7.994627642944771
35208	7.131853012090806	7.131853012090806
3613	7.444726512904631	7.444726512904631
466	8.068059982275761	8.068059982275761
40336	6.647578067540364	6.647578067540364
7946	7.0601714182677435	7.0601714182677435
18974	8.048068085566852	8.048068085566852
1774	7.251645873195348	7.251645873195348
8611	8.058108511880993	8.058108511880993
39372	7.952452728384745	7.952452728384745
3018	7.973449885733225	7.973449885733225
40781	7.784520318387655	7.784520318387655
15627	7.289116902824571	7.289116902824571
38991	7.657596409564173	7.657596409564173
41651	7.031581869061027	7.031581869061027
11272	7.670447904788011	7.670447904788011
14450	7.1821444288771525	7.1821444288771525
37090	6.629882269424667	6.629882269424667
7700	7.510210358448951	7.510210358448951
10053	8.416579322828106	8.416579322828106
34198	7.412627680526334	7.412627680526334
29699	7.733298222509292	7.733298222509292
15192	6.381501899469937	6.381501899469937
37127	8.395216208298985	8.395216208298985
42177	7.210302750080585	7.210302750080585
45181	7.006126665008315	7.006126665008315
31535	7.5795219865123435	7.5795219865123435
31495	7.581587679174289	7.581587679174289
8115	7.684090811846641	7.684090811846641
15900	7.143660895147273	7.143660895147273
33124	8.250732256206168	8.250732256206168
40476	6.690127688628314	6.690127688628314
43822	8.249672635461348	8.249672635461348
41015	7.930860144865301	7.930860144865301
6977	7.3616887970244385	7.3616887970244385
24563	6.928009361546572	6.928009361546572
994	6.488990164714577	6.488990164714577
43002	7.5628212692186905	7.5628212692186905
25632	7.303599729837232	7.303599729837232
8904	6.909745953801242	6.909745953801242
5422	6.921412426072464	6.921412426072464
10506	6.7200541207986095	6.7200541207986095
20444	7.5811973146288905	7.5811973146288905
10048	6.917523146922843	6.917523146922843
41216	8.404712561409436	8.404712561409436
6450	7.262252260172023	7.262252260172023
11672	8.302973074485227	8.302973074485227
26531	7.532400810676961	7.532400810676961
4186	7.958704692786315	7.958704692786315
16104	7.114737417100972	7.114737417100972
8190	7.130784427130736	7.130784427130736
38609	7.344656621006324	7.344656621006324
23196	6.705157669192659	6.705157669192659
45160	7.669000358251569	7.669000358251569
36571	7.196279434627251	7.196279434627251
30098	7.05875885898044	7.05875885898044
37314	7.057176380773317	7.057176380773317
3475	7.376207264024798	7.376207264024798
12314	7.321352875012033	7.321352875012033
17637	7.7844136522243526	7.7844136522243526
37691	6.752591523330851	6.752591523330851
22729	7.969087273324059	7.969087273324059
15878	8.51101221575267	8.51101221575267
13239	7.758267650875028	7.758267650875028
43804	6.723557911488294	6.723557911488294
41733	8.5402698649992	8.5402698649992
32217	6.723411283084167	6.723411283084167
7436	6.6320804233331785	6.6320804233331785
3182	7.669337727003929	7.669337727003929
33253	7.642490536811177	7.642490536811177
7362	7.683168764660926	7.683168764660926
4912	7.1223359724627615	7.1223359724627615
27273	8.158263961343595	8.158263961343595
42349	7.376606766197499	7.376606766197499
26690	7.517614839029384	7.517614839029384
16391	8.34077794380121	8.34077794380121
19729	8.79520725767897	8.79520725767897
2835	6.457537227468684	6.457537227468684
24072	7.860141719090731	7.860141719090731
43649	6.929150178134689	6.929150178134689
38359	8.077703218015763	8.077703218015763
33649	8.430482540851395	8.430482540851395
21484	7.502355176942108	7.502355176942108
36775	7.882596872043513	7.882596872043513
39810	8.439217609765645	8.439217609765645
41626	7.3842138647752735	7.3842138647752735
36084	6.710275942226975	6.710275942226975
2549	7.673102603126048	7.673102603126048
44790	6.953915760223656	6.953915760223656
9911	8.027555813911453	8.027555813911453
3955	7.372230656484209	7.372230656484209
4262	6.904240908570897	6.904240908570897
28793	7.048257694388713	7.048257694388713
10544	7.660254328179821	7.660254328179821
13964	7.5482185017302275	7.5482185017302275
15100	7.251430860981534	7.251430860981534
45218	7.308158106460233	7.308158106460233
20669	6.83140834071415	6.83140834071415
2359	7.676092473647597	7.676092473647597
15277	8.008688503502619	8.008688503502619
21873	7.301667557034013	7.301667557034013
43370	7.506421542007564	7.506421542007564
8130	7.54686300875125	7.54686300875125
16725	7.404765019132376	7.404765019132376
43590	6.481691925000674	6.481691925000674
13658	7.519777529580079	7.519777529580079
17668	6.691151892517949	6.691151892517949
14871	7.904671089793312	7.904671089793312
15474	8.432045586791707	8.432045586791707
15167	6.5702192044802326	6.5702192044802326
16517	7.770245717690197	7.770245717690197
28340	7.446241143065021	7.446241143065021
24497	6.93223147980678	6.93223147980678
19927	8.08886833646999	8.08886833646999
37717	7.439063632720698	7.439063632720698
11495	7.834743245037397	7.834743245037397
41862	7.413949732871363	7.413949732871363
27950	7.537887636325886	7.537887636325886
4100	7.488076349619599	7.488076349619599
8525	7.055831994840116	7.055831994840116
6144	7.7196042148409685	7.7196042148409685
28956	7.711402657188999	7.711402657188999
11827	7.07700397147513	7.07700397147513
31307	7.4936251726375485	7.4936251726375485
10937	7.326983871001608	7.326983871001608
24007	7.50947503100278	7.50947503100278
25441	7.954215088456141	7.954215088456141
35123	7.326752090273016	7.326752090273016
17771	7.095053523525289	7.095053523525289
12569	7.382210722534596	7.382210722534596
4650	7.661327035148079	7.661327035148079
5277	7.523904592581665	7.523904592581665
9703	7.244914468281691	7.244914468281691
28218	6.93575031875604	6.93575031875604
8616	7.433063997077103	7.433063997077103
6621	7.5529127289049285	7.5529127289049285
36052	7.296407909408084	7.296407909408084
41075	6.8598050979362215	6.8598050979362215
29916	7.4749445049566186	7.4749445049566186
20353	6.976452888382409	6.976452888382409
16068	6.164033629333055	6.164033629333055
7459	7.410756911687331	7.410756911687331
24530	7.313587004621261	7.313587004621261
3229	7.791930185123096	7.791930185123096
30692	7.473292487707009	7.473292487707009
15649	7.025768999223924	7.025768999223924
37384	7.38408624825345	7.38408624825345
22434	7.934279699943081	7.934279699943081
12024	7.3186598369333495	7.3186598369333495
42787	6.801455154139056	6.801455154139056
32609	7.232689187065054	7.232689187065054
38253	7.0171752494429995	7.0171752494429995
18973	6.313313811432525	6.313313811432525
9533	7.199080233870079	7.199080233870079
4973	6.430160072579765	6.430160072579765
21733	8.377063004151477	8.377063004151477
38161	7.07330329065291	7.07330329065291
17611	7.4718004045307165	7.4718004045307165
28634	8.704929870846051	8.704929870846051
21854	7.704676518119238	7.704676518119238
21949	7.875912984655014	7.875912984655014
11674	6.831381166025454	6.831381166025454
15364	7.115052866336302	7.115052866336302
19238	7.5101878372133015	7.5101878372133015
35566	7.636816783277134	7.636816783277134
1000	7.242547614535197	7.242547614535197
7528	7.261264782656533	7.261264782656533
43104	7.199142839003602	7.199142839003602
22725	7.358167829967756	7.358167829967756
13666	7.534649793828776	7.534649793828776
3313	6.966179176125748	6.966179176125748
22150	7.701731002570828	7.701731002570828
40850	7.997089490787338	7.997089490787338
1099	7.89893440754866	7.89893440754866
17669	7.552905768689564	7.552905768689564
10543	7.181410389065045	7.181410389065045
33158	7.122518818495545	7.122518818495545
15601	8.518061704606074	8.518061704606074
38841	6.388651591385971	6.388651591385971
13172	6.675255727361083	6.675255727361083
23365	7.02689469519544	7.02689469519544
9059	6.70518150345096	6.70518150345096
43918	8.37977635650794	8.37977635650794
32656	6.5785961029218685	6.5785961029218685
39736	6.775819648926456	6.775819648926456
32933	8.434813400557541	8.434813400557541
12095	7.8890253063180955	7.8890253063180955
6593	7.336867072585226	7.336867072585226
11059	6.8713775227773	6.8713775227773
17405	6.84110631832513	6.84110631832513
1026	6.889644154193209	6.889644154193209
31726	6.546100299436125	6.546100299436125
42466	7.651218805585234	7.651218805585234
11025	6.732260004637652	6.732260004637652
10507	7.424299708083039	7.424299708083039
37444	7.227503677516365	7.227503677516365
14177	6.769103914123059	6.769103914123059
1251	6.799786493433393	6.799786493433393
37280	7.664463458607589	7.664463458607589
5840	6.597241662742524	6.597241662742524
42884	8.034902331868395	8.034902331868395
6581	7.7203814258758	7.7203814258758
44273	7.445140753400043	7.445140753400043
3451	8.505923505813922	8.505923505813922
24663	8.049952315723143	8.049952315723143
12834	7.776190821539255	7.776190821539255
35826	7.4393986648623995	7.4393986648623995
21816	7.885017059174835	7.885017059174835
20470	7.865050815190545	7.865050815190545
44701	7.340218206457499	7.340218206457499
32611	5.991716574918183	5.991716574918183
12365	8.236422328852713	8.236422328852713
15098	7.763088246221465	7.763088246221465
27953	7.881686388024369	7.881686388024369
31575	7.552895725744802	7.552895725744802
37687	7.298580076586644	7.298580076586644
16747	8.053079176145767	8.053079176145767
20994	6.108645182344976	6.108645182344976
16293	7.518875620622974	7.518875620622974
32212	7.257570350496851	7.257570350496851
14151	7.00947512345628	7.00947512345628
14953	7.499287912409269	7.499287912409269
16264	7.729287737575657	7.729287737575657
22596	7.632844197146415	7.632844197146415
30722	8.014783956927962	8.014783956927962
24435	7.365732051450356	7.365732051450356
10195	7.520899793630463	7.520899793630463
13332	6.808458272173896	6.808458272173896
19522	6.534874757916208	6.534874757916208
42879	7.610385522060777	7.610385522060777
42488	7.7742971193840775	7.7742971193840775
1792	7.494653700077612	7.494653700077612
21418	6.999800693844991	6.999800693844991
10912	7.601043362938945	7.601043362938945
15125	7.162409909853352	7.162409909853352
16994	7.2545209299088596	7.2545209299088596
4048	7.759238251042154	7.759238251042154
19898	6.8324841935290515	6.8324841935290515
14720	7.5014695863342356	7.5014695863342356
4826	7.5958339422691425	7.5958339422691425
6235	7.519490960824992	7.519490960824992
1996	7.498610162209737	7.498610162209737
14577	7.5650313953612915	7.5650313953612915
11513	7.386618856159257	7.386618856159257
2208	7.35299075445597	7.35299075445597
30185	6.970785350787957	6.970785350787957
1127	7.721766123775006	7.721766123775006
8955	7.304977987049893	7.304977987049893
31305	6.993580522109433	6.993580522109433
11416	6.599499485262064	6.599499485262064
10529	6.740314044504064	6.740314044504064
43542	6.73674391312362	6.73674391312362
18680	7.76039001125361	7.76039001125361
37085	7.315692149446863	7.315692149446863
37848	7.875817077425426	7.875817077425426
28687	8.226304256384239	8.226304256384239
43589	7.123414670126033	7.123414670126033
27805	7.15785622539175	7.15785622539175
35995	7.792493665412085	7.792493665412085
37475	7.433059798122532	7.433059798122532
4277	6.94165887857058	6.94165887857058
37147	7.462080984758519	7.462080984758519
15330	7.3061085149746345	7.3061085149746345
3283	7.577504355652723	7.577504355652723
38526	7.864180161142634	7.864180161142634
6432	7.984553128797965	7.984553128797965
40085	6.904838988905433	6.904838988905433
3406	6.933856814955938	6.933856814955938
6679	7.62347388220486	7.62347388220486
10713	7.878441151724891	7.878441151724891
5617	7.289804451564566	7.289804451564566
7460	8.388636132523597	8.388636132523597
2811	7.202232193123269	7.202232193123269
38641	7.030352317533046	7.030352317533046
3102	7.068974806040064	7.068974806040064
45269	7.395986066883201	7.395986066883201
33377	8.170690201812008	8.170690201812008
39527	8.032414810943408	8.032414810943408
37385	7.819726359914534	7.819726359914534
25439	7.336778796684383	7.336778796684383
7345	7.09033549803298	7.09033549803298
14347	8.522388712487176	8.522388712487176
10613	7.488652250299314	7.488652250299314
12606	7.91396130125021	7.91396130125021
23232	7.155997853608423	7.155997853608423
22343	7.34767582278454	7.34767582278454
28367	7.480645039247185	7.480645039247185
23900	6.607071373260418	6.607071373260418
36950	7.6098296841351205	7.6098296841351205
41161	7.201336022147267	7.201336022147267
21980	7.795396494570402	7.795396494570402
12513	6.347609889388988	6.347609889388988
2813	7.310408488466101	7.310408488466101
20031	7.764915681524983	7.764915681524983
25828	6.902683473197899	6.902683473197899
2867	8.007125984531344	8.007125984531344
33916	7.070379025944273	7.070379025944273
38956	7.418626019980461	7.418626019980461
21485	7.108292522410672	7.108292522410672
40090	6.581314672651419	6.581314672651419
37445	7.987442655575191	7.987442655575191
35210	7.182231057074594	7.182231057074594
3841	8.131666543734685	8.131666543734685
32833	7.204426069141641	7.204426069141641
40997	7.718944042829284	7.718944042829284
16384	7.82359509296299	7.82359509296299
5200	7.09023236174382	7.09023236174382
12969	7.036554429545961	7.036554429545961
34602	8.10116614179665	8.10116614179665
12175	6.343343973668917	6.343343973668917
39645	6.452208190793713	6.452208190793713
22251	7.5273594121381455	7.5273594121381455
16469	7.547579031032656	7.547579031032656
24287	7.782337123299363	7.782337123299363
33132	7.653654549912669	7.653654549912669
41812	7.8817301381964455	7.8817301381964455
32408	7.686621602817483	7.686621602817483
39908	7.9508187230599745	7.9508187230599745
25665	7.796284422818013	7.796284422818013
26685	7.371506710963686	7.371506710963686
15675	7.273373880637233	7.273373880637233
22543	7.647280209478259	7.647280209478259
28858	7.950167718170355	7.950167718170355
26648	8.375283728121069	8.375283728121069
14847	8.131614304617688	8.131614304617688
11657	8.48042101524564	8.48042101524564
30698	6.9518724566684105	6.9518724566684105
37909	6.9041482821576965	6.9041482821576965
36147	7.191820975999609	7.191820975999609
3757	8.232636043074299	8.232636043074299
35125	7.413920783277925	7.413920783277925
17233	6.909433518808051	6.909433518808051
24958	7.543464249252845	7.543464249252845
4788	7.71443862281761	7.71443862281761
8015	7.7292088402583845	7.7292088402583845
22246	7.66950836382675	7.66950836382675
40454	6.977413313346087	6.977413313346087
43305	7.67397050908004	7.67397050908004
3932	6.8278076216874	6.8278076216874
24147	7.501485132729711	7.501485132729711
2550	6.923478342186238	6.923478342186238
10938	7.725124049021498	7.725124049021498
24391	6.7401921320890885	6.7401921320890885
9942	7.028402012361309	7.028402012361309
36911	7.113569682317545	7.113569682317545
9646	6.95771609792937	6.95771609792937
28106	8.172495774185316	8.172495774185316
12633	7.691370498299543	7.691370498299543
14174	6.9956161298673845	6.9956161298673845
11221	7.462839022497624	7.462839022497624
2063	6.762636669325496	6.762636669325496
13065	8.212209304730777	8.212209304730777
35784	8.39149639298834	8.39149639298834
214	7.757435905905782	7.757435905905782
30695	8.33244807242026	8.33244807242026
26780	6.564757771845836	6.564757771845836
17641	6.8827002688042676	6.8827002688042676
45127	7.37272870004793	7.37272870004793
44996	7.5688724741759	7.5688724741759
13533	7.779638879187362	7.779638879187362
3157	8.121927361635894	8.121927361635894
23088	6.665326857872188	6.665326857872188
6129	8.0129627480306	8.0129627480306
23718	7.186155859498376	7.186155859498376
42042	7.603994579398738	7.603994579398738
15122	7.3339898804501695	7.3339898804501695
3405	7.965102638365546	7.965102638365546
9123	7.632854667671141	7.632854667671141
23510	7.704797423848117	7.704797423848117
25793	6.831303932618103	6.831303932618103
10771	7.542879492215821	7.542879492215821
27139	7.449640024072337	7.449640024072337
44767	8.036099928622237	8.036099928622237
26455	8.055292238703949	8.055292238703949
18886	7.055075107119995	7.055075107119995
33911	7.154008115927041	7.154008115927041
32380	6.696325141524759	6.696325141524759
42292	8.290185296195576	8.290185296195576
31917	7.210676014591479	7.210676014591479
20851	7.677082202616903	7.677082202616903
33975	7.16286081850495	7.16286081850495
18743	7.137178777314317	7.137178777314317
13308	7.0666025248704285	7.0666025248704285
29327	8.110856285528897	8.110856285528897
11291	8.642136746275648	8.642136746275648
11471	7.08379905407532	7.08379905407532
5841	7.031975800796454	7.031975800796454
321	8.1142954711301	8.1142954711301
31106	8.058702409128125	8.058702409128125
41793	7.407797965820506	7.407797965820506
40121	7.172667122398253	7.172667122398253
19830	7.441284803474783	7.441284803474783
41796	7.428184662704942	7.428184662704942
31404	6.523570379835753	6.523570379835753
9701	7.4886668892949455	7.4886668892949455
25851	7.4324885715055835	7.4324885715055835
44431	7.890159064802415	7.890159064802415
4640	8.130818273888515	8.130818273888515
10741	7.297710552701197	7.297710552701197
33369	7.558284847483721	7.558284847483721
22435	7.491188735886772	7.491188735886772
32710	7.377915846564364	7.377915846564364
12318	6.628748469113565	6.628748469113565
9968	7.002045644051827	7.002045644051827
43682	8.337231242207357	8.337231242207357
28366	6.918604260817396	6.918604260817396
32184	6.874008768601493	6.874008768601493
35731	7.2353642120203725	7.2353642120203725
38098	6.968233181925391	6.968233181925391
2628	7.243361919454279	7.243361919454279
18307	7.090423367122355	7.090423367122355
27116	8.178409637213388	8.178409637213388
17674	7.8722685281331914	7.8722685281331914
25692	7.59930791703504	7.59930791703504
11222	7.822562089379153	7.822562089379153
31796	8.03257328159672	8.03257328159672
6738	7.666022184039291	7.666022184039291
29124	6.9017917019068085	6.9017917019068085
41458	7.8615381626207235	7.8615381626207235
38501	7.963561668820523	7.963561668820523
9510	7.457852294221466	7.457852294221466
24758	7.388960891382477	7.388960891382477
22634	7.0930361633691055	7.0930361633691055
22600	7.595289524264137	7.595289524264137
1234	7.260419843819664	7.260419843819664
6588	8.433602409855858	8.433602409855858
10027	8.177242832909219	8.177242832909219
9414	6.8448451202129075	6.8448451202129075
36360	7.208077987692792	7.208077987692792
34976	7.937374814495538	7.937374814495538
28459	7.872135843447539	7.872135843447539
8019	7.825562512538463	7.825562512538463
15224	7.181088418314694	7.181088418314694
25290	7.238858041622134	7.238858041622134
9124	6.739089075469094	6.739089075469094
6011	6.901479147922765	6.901479147922765
41795	7.62987616180177	7.62987616180177
1370	7.1490838931783705	7.1490838931783705
39294	7.187370197280809	7.187370197280809
14094	7.9340243825325745	7.9340243825325745
14415	6.955309168934008	6.955309168934008
17497	6.4558765809898695	6.4558765809898695
5594	7.197072909881807	7.197072909881807
189	7.1936856016884905	7.1936856016884905
39763	7.358419877893199	7.358419877893199
19559	7.136203250219567	7.136203250219567
38383	7.500514991143556	7.500514991143556
25260	7.855327941679635	7.855327941679635
6007	7.076328954058109	7.076328954058109
23840	6.858130208227065	6.858130208227065
22928	7.075101611185251	7.075101611185251
39347	7.943338050131408	7.943338050131408
5025	7.826329443917262	7.826329443917262
36336	7.537449895136557	7.537449895136557
813	7.7814887385160025	7.7814887385160025
6592	7.655376222585454	7.655376222585454
36988	7.925576182069881	7.925576182069881
39287	7.597370403078932	7.597370403078932
17726	7.750385804986614	7.750385804986614
8108	7.112998395797745	7.112998395797745
34599	8.129095840527564	8.129095840527564
25466	7.0041541585241465	7.0041541585241465
37980	8.223354823379251	8.223354823379251
14115	7.322426016232324	7.322426016232324
44540	7.1561672662351805	7.1561672662351805
6902	8.214617609718786	8.214617609718786
4781	6.953314446497478	6.953314446497478
22211	7.4131703530247135	7.4131703530247135
9515	7.630010010934645	7.630010010934645
42158	7.76598911608987	7.76598911608987
28603	8.009748162000243	8.009748162000243
20529	7.319254851678693	7.319254851678693
40681	8.713994808408714	8.713994808408714
8355	8.028074242294567	8.028074242294567
44875	7.265018450867668	7.265018450867668
10293	7.057285438856456	7.057285438856456
39185	7.633495738779944	7.633495738779944
16937	7.059512557053218	7.059512557053218
9388	7.456942337821562	7.456942337821562
7458	6.710588303504703	6.710588303504703
27779	6.982350170854916	6.982350170854916
7010	7.847469478983666	7.847469478983666
8557	7.9550867018398765	7.9550867018398765
6552	6.664275826797379	6.664275826797379
7222	8.167868219558986	8.167868219558986
11979	7.706119418718999	7.706119418718999
9180	7.817864702981042	7.817864702981042
27341	7.6573696042151385	7.6573696042151385
9912	8.055991589346227	8.055991589346227
11804	7.051076391065196	7.051076391065196
6087	6.382105702739648	6.382105702739648
10911	7.281734387754299	7.281734387754299
19615	7.083312291661186	7.083312291661186
34765	8.161241950697566	8.161241950697566
41919	7.765450537330502	7.765450537330502
6848	6.684309160720866	6.684309160720866
19979	8.080137613515571	8.080137613515571
10653	7.3640900032083705	7.3640900032083705
8554	7.6960074931995335	7.6960074931995335
20183	7.412104179534169	7.412104179534169
43688	7.600341958932882	7.600341958932882
15173	7.633850986123997	7.633850986123997
7168	7.626923156411079	7.626923156411079
29501	7.575385102332211	7.575385102332211
40180	7.377930421102814	7.377930421102814
32449	7.1407516898057155	7.1407516898057155
19029	7.501984071550992	7.501984071550992
28604	7.630110177398695	7.630110177398695
13109	6.558761494011084	6.558761494011084
36685	8.180415202112442	8.180415202112442
5891	7.10324093900295	7.10324093900295
18255	8.011146178696603	8.011146178696603
6906	7.25560563688605	7.25560563688605
2474	7.90998646640545	7.90998646640545
42917	7.2514491665364345	7.2514491665364345
32276	8.151046537836612	8.151046537836612
17549	7.023305633807955	7.023305633807955
9934	7.632939982550263	7.632939982550263
11024	8.291120986390307	8.291120986390307
34628	7.1204557411576355	7.1204557411576355
14848	7.70545107050137	7.70545107050137
16170	7.664711641094797	7.664711641094797
6716	7.484078202869127	7.484078202869127
30934	7.18833149004397	7.18833149004397
37506	7.1697210270756315	7.1697210270756315
12527	7.346875871019559	7.346875871019559
15810	7.195558260674435	7.195558260674435
15454	7.027050410698431	7.027050410698431
4354	7.589470105370772	7.589470105370772
32334	8.678349031354994	8.678349031354994
1555	8.252931128388125	8.252931128388125
1772	6.194352495520387	6.194352495520387
45332	7.4838523400002135	7.4838523400002135
43188	7.059166358221163	7.059166358221163
33529	7.939479734747187	7.939479734747187
16557	8.228948240639363	8.228948240639363
5659	7.476148155810522	7.476148155810522
12029	7.881195236391333	7.881195236391333
4098	7.055767435945434	7.055767435945434
44925	7.335024406607757	7.335024406607757
29952	7.543310602084067	7.543310602084067
34950	8.071703649213752	8.071703649213752
5662	6.958616275059506	6.958616275059506
44399	7.826740707120363	7.826740707120363
14019	8.234002260739667	8.234002260739667
1627	7.16047724112544	7.16047724112544
29740	7.118135316732071	7.118135316732071
2861	7.297764067060798	7.297764067060798
21519	6.962057509701195	6.962057509701195
39843	7.297132180991949	7.297132180991949
41753	7.05506206673835	7.05506206673835
21981	7.672302508002076	7.672302508002076
31406	6.5843606749813395	6.5843606749813395
35962	8.250165635306274	8.250165635306274
38302	7.819871232337543	7.819871232337543
40547	7.821320582983205	7.821320582983205
24461	7.6469386033979605	7.6469386033979605
23780	8.092687804039139	8.092687804039139
15467	7.6857678681720945	7.6857678681720945
10686	7.168296616104307	7.168296616104307
21176	7.301188876482505	7.301188876482505
10913	8.014607353113979	8.014607353113979
22046	7.152079767472685	7.152079767472685
19590	7.218377742133776	7.218377742133776
15327	8.282143887543725	8.282143887543725
24811	7.749397879660087	7.749397879660087
38682	8.279066396139196	8.279066396139196
32894	7.296205780041315	7.296205780041315
37946	7.905680697218505	7.905680697218505
12422	7.432017658566239	7.432017658566239
37411	7.461472310986001	7.461472310986001
28958	6.8107611844037015	6.8107611844037015
38067	8.428863987456834	8.428863987456834
18478	6.729557578249977	6.729557578249977
15383	8.144128165890056	8.144128165890056
23426	7.4234047737591204	7.4234047737591204
10363	7.786742071222109	7.786742071222109
30780	8.27037099940077	8.27037099940077
10915	8.54651090811603	8.54651090811603
6194	7.581713659669592	7.581713659669592
16318	7.706385199011967	7.706385199011967
26453	7.06291627947074	7.06291627947074
11478	7.237228535575291	7.237228535575291
29151	7.361593465994152	7.361593465994152
1734	7.713557168471917	7.713557168471917
16837	7.37242567447794	7.37242567447794
5328	7.95613408908533	7.95613408908533
26068	8.003557625363701	8.003557625363701
13914	7.795573360610384	7.795573360610384
14118	7.58870037679281	7.58870037679281
16909	7.427604116880571	7.427604116880571
22404	8.382313386777538	8.382313386777538
33894	7.9468197753902245	7.9468197753902245
