sim	exp	nam	typ	gro	ind	idx	snp	run	true_lat	true_lon	pred_lat	pred_lon	diff_space	true_tim	pred_tim	diff_time
europe	45	gp_mix	gp_mix	0	41517	44	2688	1.4166332761446634	57.5975768739416	35.8414074795135	57.886818	34.787933	70.308	5468.0	6455.252	-987.251953125
europe	45	gp_mix	gp_mix	0	37861	118	2688	1.4166332761446634	47.6666244743717	3.39797248970252	51.902073	28.46591	1850.1354	9250.0	11066.215	-1816.21484375
europe	45	gp_mix	gp_mix	0	5791	511	2688	1.4166332761446634	29.9269557257894	51.2378383782838	33.748463	50.92728	425.94287	43807.0	43260.52	546.48046875
europe	45	gp_mix	gp_mix	1	10238	212	2688	1.4147322257359822	40.4796735690085	57.7028001632235	38.051224	61.31404	411.71997	38132.0	38607.344	-475.34375
europe	45	gp_mix	gp_mix	1	6002	414	2688	1.4147322257359822	32.505825223989	52.1199928476129	32.60648	52.012573	15.053933	43543.0	42772.688	770.3125
europe	45	gp_mix	gp_mix	1	24096	812	2688	1.4147322257359822	55.8107399249241	35.1358329463194	40.96972	29.34791	1703.2177	22740.0	19266.258	3473.7421875
europe	45	gp_mix	gp_mix	2	35501	114	2688	2.4105417728424072	38.0222815780417	38.1263306403452	39.719456	31.085554	637.87396	11513.0	12938.273	-1425.2734375
europe	45	gp_mix	gp_mix	2	32167	506	2688	2.4105417728424072	39.6266680318994	34.4866881035754	43.870094	41.95419	778.1957	14869.0	26114.598	-11245.59765625
europe	45	gp_mix	gp_mix	2	45376	843	2688	2.4105417728424072	39.0347939040604	-2.54539501818286	45.870262	26.136116	2457.378	771.0	4591.289	-3820.2890625
europe	45	gp_mix	gp_mix	3	32783	63	2688	2.4155818502108257	47.9716303305564	23.5268834814022	44.283367	20.097315	487.78586	14253.0	12711.511	1541.4892578125
europe	45	gp_mix	gp_mix	3	27031	787	2688	2.4155818502108257	38.1917168596371	34.1380915796521	37.95154	40.32153	541.838	19931.0	21269.008	-1338.0078125
europe	45	gp_mix	gp_mix	3	14167	946	2688	2.4155818502108257	41.1733359052756	59.0806298327452	39.853355	60.657166	198.24757	33376.0	31439.127	1936.873046875
europe	45	gp_mix	gp_mix	4	38456	257	2688	1.413529670238495	38.5987428412494	35.4420214621576	43.07441	24.768986	1025.4598	8681.0	6972.985	1708.01513671875
europe	45	gp_mix	gp_mix	4	9174	326	2688	1.413529670238495	41.8499460399477	56.8615219497753	34.461857	55.037907	836.78827	39467.0	41334.15	-1867.1484375
europe	45	gp_mix	gp_mix	4	38068	1456	2688	1.413529670238495	48.4693675860482	12.1069691204493	47.341396	17.611658	428.94992	9031.0	3116.213	5914.787109375
europe	45	gp_mix	gp_mix	5	42576	353	2688	2.410952611764272	44.4680168446108	18.3710671340034	44.55727	27.605192	731.8751	4162.0	9863.363	-5701.36328125
europe	45	gp_mix	gp_mix	5	11736	667	2688	2.410952611764272	39.6359597497797	64.3181039884999	39.984123	56.759487	646.5976	36279.0	39529.8	-3250.80078125
europe	45	gp_mix	gp_mix	5	27061	754	2688	2.410952611764272	57.0931123841306	53.07852135555	60.809517	40.92863	808.32794	19899.0	15922.776	3976.2236328125
europe	45	gp_mix	gp_mix	6	14248	219	2688	2.414522643884023	39.0935802129445	61.9388608792826	44.589066	56.18891	774.3476	33287.0	26925.012	6361.98828125
europe	45	gp_mix	gp_mix	6	8328	234	2688	2.414522643884023	38.4952504696221	57.5518963903799	37.529247	58.60162	141.40268	40522.0	40416.598	105.40234375
europe	45	gp_mix	gp_mix	6	29420	362	2688	2.414522643884023	54.6894321288411	51.3870324676535	53.380707	33.41761	1179.1537	17563.0	18392.385	-829.384765625
europe	45	gp_mix	gp_mix	7	13698	541	2688	2.413200390338898	39.7878993465107	56.7472923618419	41.100094	59.80088	296.728	33902.0	30245.172	3656.828125
europe	45	gp_mix	gp_mix	7	4442	1338	2688	2.413200390338898	30.0023654354624	42.3177685565776	30.248404	42.860184	58.905674	45493.0	46018.277	-525.27734375
europe	45	gp_mix	gp_mix	7	2240	1394	2688	2.413200390338898	29.3103256455832	38.8152264154067	29.829748	38.199913	82.92817	48221.0	48341.137	-120.13671875
europe	45	gp_mix	gp_mix	8	4572	784	2688	2.4093297719955444	32.2107071188628	44.2145705091229	32.21432	48.299545	384.28934	45352.0	44110.496	1241.50390625
europe	45	gp_mix	gp_mix	8	43789	951	2688	2.4093297719955444	50.4703016185216	15.9972365866472	49.834896	27.787853	842.1244	2856.0	2563.3955	292.6044921875
europe	45	gp_mix	gp_mix	8	17718	1438	2688	2.4093297719955444	41.2676107985385	61.4908655562683	43.531338	51.313683	872.10583	28917.0	27035.451	1881.548828125
europe	45	gp_mix	gp_mix	9	39916	149	2688	2.4148331006368	53.7005236094667	49.2496085737833	52.673378	27.397196	1454.6843	7236.0	8693.647	-1457.6474609375
europe	45	gp_mix	gp_mix	9	45071	743	2688	2.4148331006368	47.4761251101504	23.5974050959309	49.710552	23.522722	248.5178	1351.0	2784.839	-1433.839111328125
europe	45	gp_mix	gp_mix	9	44800	1265	2688	2.4148331006368	42.7127682634756	22.615858010325	45.816383	21.981674	348.778	1743.0	3508.7966	-1765.796630859375
europe	45	gp_mix	gp_mix	10	18843	704	2688	2.4113752285639447	58.8884548521039	42.4091434519272	40.598175	48.5453	2078.9346	27913.0	27201.934	711.06640625
europe	45	gp_mix	gp_mix	10	7197	1035	2688	2.4113752285639447	34.0842242550324	51.6718074463212	36.840923	54.448784	396.4602	41997.0	38595.918	3401.08203125
europe	45	gp_mix	gp_mix	10	8335	1152	2688	2.4113752285639447	35.1410545835864	58.5785073388961	36.246128	55.780075	280.9908	40506.0	41280.984	-774.984375
europe	45	gp_mix	gp_mix	11	6958	112	2688	2.416666269302368	31.2006759405829	55.1215619693074	35.3614	54.844505	463.36713	42321.0	41644.66	676.33984375
europe	45	gp_mix	gp_mix	11	14593	711	2688	2.416666269302368	37.5253955694613	61.8679915925219	38.98704	60.517395	200.79839	32864.0	33353.125	-489.125
europe	45	gp_mix	gp_mix	11	20253	1321	2688	2.416666269302368	39.8841100646229	61.7434576079314	38.81733	34.503067	2336.189	26471.0	20419.125	6051.875
europe	45	gp_mix	gp_mix	12	5391	499	2688	2.416196326414744	31.8066945939006	50.1656911909317	35.11472	51.534378	389.11847	44307.0	42602.516	1704.484375
europe	45	gp_mix	gp_mix	12	25368	539	2688	2.416196326414744	56.9964098763196	58.3583282706988	41.56474	26.480518	2837.006	21578.0	20102.23	1475.76953125
europe	45	gp_mix	gp_mix	12	40527	651	2688	2.416196326414744	51.7582150933054	40.2136627225098	57.341747	39.39588	623.08405	6603.0	9250.207	-2647.20703125
europe	45	gp_mix	gp_mix	13	4495	717	2688	2.4104843378067016	27.2392454851372	46.4261353683186	30.252459	35.20257	1143.7328	45418.0	48965.438	-3547.4375
europe	45	gp_mix	gp_mix	13	16689	894	2688	2.4104843378067016	40.9007328923811	61.8864364009685	52.46013	51.36075	1512.0631	30214.0	26491.037	3722.962890625
europe	45	gp_mix	gp_mix	13	32860	1336	2688	2.4104843378067016	47.6541625833349	23.9408972014245	44.402855	32.394733	745.5089	14156.0	11333.425	2822.5751953125
europe	45	gp_mix	gp_mix	14	33987	546	2688	3.412418826421102	38.9495468339423	31.2937899710193	41.95967	26.916594	499.06595	13013.0	16737.443	-3724.443359375
europe	45	gp_mix	gp_mix	14	3138	820	2688	3.412418826421102	30.098955670498	43.5342202655114	30.809706	39.424667	401.73978	47155.0	47233.44	-78.44140625
europe	45	gp_mix	gp_mix	14	15570	920	2688	3.412418826421102	40.4608842388757	61.0805604499696	39.755516	60.467434	94.18384	31541.0	35069.703	-3528.703125
europe	45	gp_mix	gp_mix	15	4175	1053	2688	2.409026086330414	26.8596151584228	46.5954393441919	32.675087	48.567284	674.0322	45817.0	43747.098	2069.90234375
europe	45	gp_mix	gp_mix	15	8103	1062	2688	2.409026086330414	38.2773182241327	58.0659533933643	37.006847	56.986313	170.27211	40836.0	40675.613	160.38671875
europe	45	gp_mix	gp_mix	15	17612	1186	2688	2.409026086330414	39.6497563666324	58.4891940565177	43.05278	52.48056	628.0036	29060.0	27382.389	1677.611328125
europe	45	gp_mix	gp_mix	16	27841	341	2688	2.4173937400182086	60.9228437170131	43.2247583169473	54.737194	33.797302	884.0296	19145.0	21138.885	-1993.884765625
europe	45	gp_mix	gp_mix	16	31987	958	2688	2.4173937400182086	40.0883709184305	35.1865034448227	37.078667	38.478508	440.24426	15052.0	14886.937	165.0634765625
europe	45	gp_mix	gp_mix	16	29740	1285	2688	2.4173937400182086	41.1287267632951	35.5889805175688	40.757946	31.23173	368.24957	17273.0	18296.102	-1023.1015625
europe	45	gp_mix	gp_mix	17	42954	120	2688	1.4177447358767192	53.039752654526	24.7008968320247	50.31896	33.40491	671.4587	3686.0	3397.663	288.3369140625
europe	45	gp_mix	gp_mix	17	29313	668	2688	1.4177447358767192	48.1542102534225	0.323681116947311	46.746334	43.587532	3213.7114	17640.0	22030.225	-4390.224609375
europe	45	gp_mix	gp_mix	17	44631	1124	2688	1.4177447358767192	42.6813117344114	24.7149514246735	45.022995	30.670141	543.69965	1941.0	4348.87	-2407.8701171875
europe	45	gp_mix	gp_mix	18	15797	223	2688	1.4113691171010336	42.7599316478913	57.0801751338074	40.62205	35.789955	1778.8896	31299.0	20125.463	11173.537109375
europe	45	gp_mix	gp_mix	18	43230	413	2688	1.4113691171010336	42.5414680085358	23.3973173471527	49.028698	34.4689	1119.3396	3434.0	11384.645	-7950.64453125
europe	45	gp_mix	gp_mix	18	7965	1122	2688	1.4113691171010336	37.9301503809517	54.8227926963746	38.88537	61.826405	619.25836	40980.0	39585.336	1394.6640625
europe	45	gp_mix	gp_mix	19	3284	355	2688	2.416115164756775	29.0049520909327	44.0601571404228	32.01852	46.854412	428.84015	46984.0	42653.2	4330.80078125
europe	45	gp_mix	gp_mix	19	12451	371	2688	2.416115164756775	37.3966377810528	62.1440912718244	39.93855	60.27432	325.9263	35308.0	33393.977	1914.0234375
europe	45	gp_mix	gp_mix	19	8261	1433	2688	2.416115164756775	37.4853315166887	56.1487061259151	37.296932	56.184414	21.185366	40612.0	40419.492	192.5078125
europe	45	gp_mix	gp_mix	20	38966	201	2688	2.4119177063306174	59.862226177942	58.2178121381502	61.262512	39.532475	1029.2899	8189.0	9930.872	-1741.8720703125
europe	45	gp_mix	gp_mix	20	5532	1157	2688	2.4119177063306174	32.0652887834136	51.9520905503001	31.684826	44.255688	727.82275	44149.0	46132.848	-1983.84765625
europe	45	gp_mix	gp_mix	20	42029	1289	2688	2.4119177063306174	55.5651798123675	36.9190893583756	51.946434	28.145544	702.45746	4827.0	5002.324	-175.32421875
europe	45	gp_mix	gp_mix	21	26787	286	2688	2.4180160403251647	44.9185514762032	4.0544720597662	53.87455	54.64025	3707.5276	20166.0	25700.822	-5534.822265625
europe	45	gp_mix	gp_mix	21	9787	869	2688	2.4180160403251647	37.8942457031233	62.2438100780812	39.86059	60.61535	260.13858	38653.0	39430.645	-777.64453125
europe	45	gp_mix	gp_mix	21	14701	1342	2688	2.4180160403251647	40.7737875513231	57.6388944887385	42.279995	58.946503	199.74178	32714.0	32053.799	660.201171875
europe	45	gp_mix	gp_mix	22	12398	2	2688	2.415614076455434	37.8928083391232	62.8855568099032	47.30789	50.41933	1458.4122	35375.0	29204.895	6170.10546875
europe	45	gp_mix	gp_mix	22	35497	1061	2688	2.415614076455434	43.5444757661429	26.2906066511456	46.41232	25.622637	323.18533	11497.0	9805.156	1691.84375
europe	45	gp_mix	gp_mix	22	32946	1177	2688	2.415614076455434	45.8658245912951	22.8988279321058	53.970318	25.39903	918.6307	14082.0	17031.906	-2949.90625
europe	45	gp_mix	gp_mix	23	3707	867	2688	2.4121219436327617	29.7370682161472	39.7349427362737	33.303417	50.868126	1126.5845	46398.0	43938.34	2459.66015625
europe	45	gp_mix	gp_mix	23	22809	985	2688	2.4121219436327617	37.0000413994579	33.6051930211286	38.0793	40.649395	632.4073	24011.0	23277.018	733.982421875
europe	45	gp_mix	gp_mix	23	7259	1170	2688	2.4121219436327617	35.0489457941201	51.2123813616227	30.505898	44.11245	833.72974	41934.0	45994.137	-4060.13671875
europe	45	gp_mix	gp_mix	24	23581	393	2688	2.4175201336542766	36.5073861563494	40.3240019625088	39.54994	50.807022	977.79315	23274.0	25328.549	-2054.548828125
europe	45	gp_mix	gp_mix	24	29842	889	2688	2.4175201336542766	57.442602365508	40.3324160059173	56.454906	30.336006	615.50354	17163.0	19000.531	-1837.53125
europe	45	gp_mix	gp_mix	24	824	1044	2688	2.4175201336542766	28.7439940654516	33.9582496587757	31.305727	44.3933	1043.7253	49980.0	45262.11	4717.890625
europe	45	gp_mix	gp_mix	25	812	640	2688	2.4123865445454915	29.3189300742952	35.8971269110075	33.053513	43.975563	873.0923	49998.0	47966.137	2031.86328125
europe	45	gp_mix	gp_mix	25	12889	849	2688	2.4123865445454915	42.1953612313936	59.3701250853255	40.553574	60.923767	223.89581	34816.0	38298.465	-3482.46484375
europe	45	gp_mix	gp_mix	25	24204	1380	2688	2.4123865445454915	38.1094846530522	33.1046526007912	40.656548	29.912958	394.22644	22674.0	25287.979	-2613.978515625
europe	45	gp_mix	gp_mix	26	35567	131	2688	2.4195625225702924	55.5550858296316	55.7055368223132	59.032753	40.93272	965.5281	11430.0	13134.617	-1704.6171875
europe	45	gp_mix	gp_mix	26	44359	1330	2688	2.4195625225702924	50.134759592963	4.57441028411522	47.24289	19.21462	1119.626	2215.0	1998.792	216.2080078125
europe	45	gp_mix	gp_mix	26	26945	1345	2688	2.4195625225702924	49.306586734097	3.87883557505204	44.834732	24.206045	1611.9797	20019.0	15292.083	4726.9169921875
europe	45	gp_mix	gp_mix	27	25450	642	2688	2.421155122915904	38.6545559850178	36.9360585183485	37.695023	36.249958	122.39511	21501.0	24729.13	-3228.130859375
europe	45	gp_mix	gp_mix	27	1730	755	2688	2.421155122915904	30.7931930225153	38.2598695319389	30.316544	39.08343	95.015335	48884.0	48086.03	797.96875
europe	45	gp_mix	gp_mix	27	43229	1043	2688	2.421155122915904	49.5288157834728	25.2306748204435	48.363007	25.352169	129.93536	3417.0	2709.8137	707.186279296875
europe	45	gp_mix	gp_mix	28	3687	168	2688	2.41405367453893	30.5634476661995	42.8890106540521	32.44149	49.65899	674.8023	46416.0	42480.582	3935.41796875
europe	45	gp_mix	gp_mix	28	45170	316	2688	2.41405367453893	46.2128342163623	10.4197343270622	44.58263	25.09409	1158.2812	1182.0	5968.286	-4786.2861328125
europe	45	gp_mix	gp_mix	28	9086	1364	2688	2.41405367453893	40.094181123295	62.7728414102351	39.685104	58.338013	381.05313	39580.0	37356.387	2223.61328125
europe	45	gp_mix	gp_mix	29	37825	40	2688	2.4155741413434346	57.3192390131375	28.3558878359928	48.102673	27.65631	1025.9042	9283.0	6479.6353	2803.36474609375
europe	45	gp_mix	gp_mix	29	41902	189	2688	2.4155741413434346	49.4961974305701	20.8211675627391	47.801456	21.92916	205.2683	5019.0	1943.3983	3075.6016845703125
europe	45	gp_mix	gp_mix	29	1965	720	2688	2.4155741413434346	30.2951785697669	36.2047911628619	29.762388	38.074238	189.46812	48550.0	48018.777	531.22265625
europe	45	gp_mix	gp_mix	30	18213	140	2688	2.411211061477661	37.2867753730074	60.2287062548792	46.74102	48.853233	1407.1869	28352.0	24991.033	3360.966796875
europe	45	gp_mix	gp_mix	30	9618	873	2688	2.411211061477661	39.9732798710599	59.5760491858753	38.520588	59.784706	162.52786	38883.0	37661.46	1221.5390625
europe	45	gp_mix	gp_mix	30	40474	960	2688	2.411211061477661	52.5549817901685	38.8102154156313	57.438717	30.814625	744.0327	6656.0	4268.531	2387.46923828125
europe	45	gp_mix	gp_mix	31	20027	305	2688	2.4163203636805215	38.844216559936	63.532082628515	43.694878	43.17519	1779.45	26704.0	24712.934	1991.06640625
europe	45	gp_mix	gp_mix	31	9910	622	2688	2.4163203636805215	43.4080165045691	60.4794293095517	34.479595	52.81472	1192.5365	38486.0	41534.766	-3048.765625
europe	45	gp_mix	gp_mix	31	11540	699	2688	2.4163203636805215	41.0189855448563	57.9476441163655	40.721004	54.115	323.94046	36569.0	29868.82	6700.1796875
europe	45	gp_mix	gp_mix	32	28970	228	2688	1.413200314839681	38.0415465042751	29.7525621613549	41.061413	32.899128	430.67245	18011.0	14060.0	3951.0
europe	45	gp_mix	gp_mix	32	40958	937	2688	1.413200314839681	43.963852002117	4.51986010200089	48.40268	22.265728	1448.5585	6140.0	11660.142	-5520.1416015625
europe	45	gp_mix	gp_mix	32	20510	1160	2688	1.413200314839681	61.0708590216556	35.7954262629384	39.59066	35.06189	2389.0203	26200.0	24830.242	1369.7578125
europe	45	gp_mix	gp_mix	33	3608	46	2688	2.4061603506406146	31.6671216170332	41.4352911257506	30.544632	40.95438	132.94751	46534.0	47456.844	-922.84375
europe	45	gp_mix	gp_mix	33	4760	381	2688	2.4061603506406146	29.4696542375928	45.8584430539363	31.571135	45.809635	233.72073	45092.0	45667.594	-575.59375
europe	45	gp_mix	gp_mix	33	5048	898	2688	2.4061603506406146	32.9384695766704	47.4571626360757	32.991474	49.154396	158.44797	44737.0	43556.664	1180.3359375
europe	45	gp_mix	gp_mix	34	32623	636	2688	2.4152973691622415	51.0661269732994	16.2926963368971	46.55247	16.523705	502.17996	14406.0	7174.8896	7231.1103515625
europe	45	gp_mix	gp_mix	34	17094	990	2688	2.4152973691622415	39.7660708145085	58.3465891949218	40.02974	58.228634	30.997229	29716.0	30401.652	-685.65234375
europe	45	gp_mix	gp_mix	34	17766	1075	2688	2.4152973691622415	38.537185296817	60.5115555335946	47.44572	53.82475	1129.0426	28871.0	27740.875	1130.125
europe	45	gp_mix	gp_mix	35	6968	135	2688	2.410556197166443	34.1280961161117	49.7441161920597	34.312737	52.065662	214.43446	42300.0	42322.812	-22.8125
europe	45	gp_mix	gp_mix	35	29023	657	2688	2.410556197166443	39.407321742185	34.8404714207673	40.463978	29.708225	453.00085	17961.0	16548.957	1412.04296875
europe	45	gp_mix	gp_mix	35	39943	1378	2688	2.410556197166443	51.8682472942717	11.340270986062	43.601555	25.246964	1383.8295	7195.0	7924.9917	-729.99169921875
europe	45	gp_mix	gp_mix	36	22716	543	2688	2.414963475863139	37.9177821018626	31.960318000661	39.735783	31.0328	217.5307	24109.0	21645.947	2463.052734375
europe	45	gp_mix	gp_mix	36	29699	1182	2688	2.414963475863139	52.7772160194142	12.475087199989	49.742577	27.088554	1069.1631	17276.0	16747.666	528.333984375
europe	45	gp_mix	gp_mix	36	20827	1238	2688	2.414963475863139	40.1881492226444	58.7719653396085	39.45548	30.526093	2403.4375	25857.0	21641.928	4215.072265625
europe	45	gp_mix	gp_mix	37	41417	97	2688	2.415960697333018	38.5371889848687	32.2982975635039	47.54618	30.23161	1015.6319	5594.0	8970.644	-3376.6435546875
europe	45	gp_mix	gp_mix	37	23518	467	2688	2.415960697333018	48.624414145636	15.7701519661394	43.830524	25.398607	911.42175	23309.0	17724.004	5584.99609375
europe	45	gp_mix	gp_mix	37	23084	1280	2688	2.415960697333018	56.7111684374824	53.5244892534217	57.67473	42.629086	664.3461	23771.0	20844.08	2926.919921875
europe	45	gp_mix	gp_mix	38	16160	674	2688	2.4106834570566815	42.4701371923765	59.6442086716036	39.685703	61.2162	336.46988	30835.0	33756.176	-2921.17578125
europe	45	gp_mix	gp_mix	38	32284	709	2688	2.4106834570566815	38.0436179398776	37.5614480062224	38.203262	34.79514	242.62415	14745.0	19382.537	-4637.537109375
europe	45	gp_mix	gp_mix	38	17770	803	2688	2.4106834570566815	40.6609897936912	61.140059143674	46.789703	32.247868	2404.218	28861.0	21972.385	6888.615234375
europe	45	gp_mix	gp_mix	39	34293	281	2688	1.4157979647318522	57.8447346218322	57.4046444968106	57.165127	40.614468	1003.23676	12692.0	18721.754	-6029.75390625
europe	45	gp_mix	gp_mix	39	37214	1063	2688	1.4157979647318522	54.3725498299168	46.8443091755263	58.157494	39.91145	599.7884	9841.0	11812.698	-1971.6982421875
europe	45	gp_mix	gp_mix	39	5363	1268	2688	1.4157979647318522	31.9580869320177	49.4770866273395	30.779486	46.10532	345.88712	44339.0	44616.754	-277.75390625
europe	45	gp_mix	gp_mix	40	41228	41	2688	2.4110817352930707	55.2381350436215	37.4670919315262	55.599525	31.88592	354.4215	5799.0	5567.0703	231.9296875
europe	45	gp_mix	gp_mix	40	24243	211	2688	2.4110817352930707	38.3938590509022	29.0503960385467	42.52653	25.796127	535.59216	22639.0	21208.275	1430.724609375
europe	45	gp_mix	gp_mix	40	40421	1002	2688	2.4110817352930707	45.0957485715603	20.9296532534105	48.084625	33.44784	1011.26483	6730.0	18074.432	-11344.431640625
europe	45	gp_mix	gp_mix	41	1308	549	2688	2.417298611005147	29.9239460377425	33.3898606552031	30.877573	45.96045	1209.6068	49408.0	45228.29	4179.7109375
europe	45	gp_mix	gp_mix	41	37460	929	2688	2.417298611005147	41.9786536818092	0.10996956724538	48.392365	39.46712	3129.141	9628.0	19585.375	-9957.375
europe	45	gp_mix	gp_mix	41	3674	1099	2688	2.417298611005147	30.6542097909327	40.5863647192968	32.920776	52.002316	1107.4087	46450.0	42544.805	3905.1953125
europe	45	gp_mix	gp_mix	42	13669	27	2688	1.416906734307607	42.3983953918645	60.8453688842901	42.141537	58.302635	211.15442	33938.0	29351.994	4586.005859375
europe	45	gp_mix	gp_mix	42	33578	260	2688	1.416906734307607	59.9400082439797	34.108865796616	52.008488	30.310085	912.69037	13414.0	7508.8066	5905.193359375
europe	45	gp_mix	gp_mix	42	3951	481	2688	1.416906734307607	27.2496862051241	43.4202792282665	31.897907	45.99856	573.79846	46075.0	45198.152	876.84765625
europe	45	gp_mix	gp_mix	43	38669	83	2688	2.41101864973704	36.1473903457824	37.9264784152636	42.186222	33.671852	764.8765	8469.0	16748.953	-8279.953125
europe	45	gp_mix	gp_mix	43	1246	719	2688	2.41101864973704	29.3284450437507	30.6226688989019	31.137972	39.193314	847.3581	49490.0	47828.47	1661.53125
europe	45	gp_mix	gp_mix	43	7383	1206	2688	2.41101864973704	37.2005455744135	55.7816330774376	39.97908	61.08123	554.4673	41781.0	38895.496	2885.50390625
europe	45	gp_mix	gp_mix	44	37071	143	2688	2.415886386235555	55.6748113597961	54.33591031685	58.77689	38.35039	1019.1838	9974.0	9750.972	223.0283203125
europe	45	gp_mix	gp_mix	44	13835	832	2688	2.415886386235555	37.7561374652921	59.8284993772756	41.071617	60.31	370.97583	33769.0	32394.436	1374.564453125
europe	45	gp_mix	gp_mix	44	4463	1015	2688	2.415886386235555	29.980627536301	46.6530395433573	30.777744	38.83273	755.2411	45468.0	47585.582	-2117.58203125
europe	45	gp_mix	gp_mix	45	2846	698	2688	1.4112608313560486	30.0678762072653	39.4998442513729	32.107647	45.006737	571.2394	47489.0	45594.44	1894.55859375
europe	45	gp_mix	gp_mix	45	42266	1211	2688	1.4112608313560486	53.2524696165944	33.7914171683136	49.83808	24.916664	720.88336	4541.0	3858.228	682.77197265625
europe	45	gp_mix	gp_mix	45	34317	1316	2688	1.4112608313560486	36.0731608118679	38.7254320209636	35.960148	43.383972	419.13535	12680.0	19813.545	-7133.544921875
europe	45	gp_mix	gp_mix	46	17283	459	2688	2.4158208767573037	37.9000863101754	56.6437490515101	42.670868	56.864574	530.8168	29437.0	29402.244	34.755859375
europe	45	gp_mix	gp_mix	46	32315	730	2688	2.4158208767573037	38.5525167918675	30.3895301941145	40.084866	43.356445	1127.3595	14709.0	25601.312	-10892.3125
europe	45	gp_mix	gp_mix	46	36899	1079	2688	2.4158208767573037	45.7839163408973	1.5966681352435	42.064156	29.644272	2271.8708	10108.0	10530.171	-422.1708984375
europe	45	gp_mix	gp_mix	47	35324	37	2688	2.4159080266952513	39.8186013649101	33.7105589131166	38.14524	42.08741	747.27203	11674.0	24336.31	-12662.310546875
europe	45	gp_mix	gp_mix	47	19576	1133	2688	2.4159080266952513	42.4012977809682	61.9545606978955	53.092632	39.341606	2052.559	27146.0	20138.531	7007.46875
europe	45	gp_mix	gp_mix	47	28864	1183	2688	2.4159080266952513	40.5866472774199	37.994168154985	39.24679	36.458107	198.3812	18137.0	20351.479	-2214.478515625
europe	45	gp_mix	gp_mix	48	33719	360	2688	2.411309810479482	39.4813897269994	35.513591789614	40.078903	28.813416	576.2575	13282.0	17277.596	-3995.595703125
europe	45	gp_mix	gp_mix	48	27525	1242	2688	2.411309810479482	46.2562571899274	15.3766789234186	56.732925	52.293175	2765.0647	19417.0	23456.38	-4039.380859375
europe	45	gp_mix	gp_mix	48	26171	1349	2688	2.411309810479482	39.4914797441092	33.4621716003017	38.82057	31.04821	221.0974	20837.0	19191.5	1645.5
europe	45	gp_mix	gp_mix	49	31128	462	2688	1.4145228783289592	43.5243138590634	16.9080645459211	39.57173	26.16715	886.2937	15898.0	17595.11	-1697.109375
europe	45	gp_mix	gp_mix	49	7358	610	2688	1.4145228783289592	35.879052304637	58.1745964614186	37.74339	57.38446	218.91095	41814.0	41050.32	763.6796875
europe	45	gp_mix	gp_mix	49	28749	1295	2688	1.4145228783289592	56.5873214092718	48.22271082944	57.70914	44.21408	272.01993	18260.0	20373.736	-2113.736328125
europe	45	gp_mix	gp_mix	50	2265	700	2688	2.4066481987635293	29.8096906741168	37.1076366417861	30.07521	39.817192	262.7327	48195.0	46916.6	1278.3984375
europe	45	gp_mix	gp_mix	50	2420	831	2688	2.4066481987635293	29.7217558257891	39.194221488985	29.766455	40.167675	94.1131	48007.0	47023.605	983.39453125
europe	45	gp_mix	gp_mix	50	5719	1237	2688	2.4066481987635293	31.9503818505106	50.8618111448785	35.142097	53.671467	440.1252	43914.0	41778.71	2135.2890625
europe	45	gp_mix	gp_mix	51	3156	289	2688	2.415208609898885	31.0456631856041	38.3844422267715	28.129292	41.6654	453.60977	47147.0	46951.152	195.84765625
europe	45	gp_mix	gp_mix	51	44297	813	2688	2.415208609898885	49.7228502767608	21.0351107436926	48.8863	24.950602	298.69513	2297.0	4107.538	-1810.5380859375
europe	45	gp_mix	gp_mix	51	16658	840	2688	2.415208609898885	41.9048767716217	58.4709747142494	49.707523	46.029373	1294.1796	30249.0	27264.918	2984.08203125
europe	45	gp_mix	gp_mix	52	42758	707	2688	2.414865223566691	44.9050407413113	3.86788440615629	47.60352	24.35017	1598.2135	3914.0	3370.1528	543.84716796875
europe	45	gp_mix	gp_mix	52	2183	1118	2688	2.414865223566691	27.060506161638	36.6072875780568	29.497185	41.22478	527.04974	48270.0	46895.164	1374.8359375
europe	45	gp_mix	gp_mix	52	10812	1128	2688	2.414865223566691	37.6449655842233	63.2924921219095	39.805927	59.77731	388.178	37409.0	37956.195	-547.1953125
europe	45	gp_mix	gp_mix	53	27445	484	2688	2.4064305226008096	48.8190543544055	17.9732424450043	44.590324	34.84909	1366.5249	19503.0	19938.404	-435.404296875
europe	45	gp_mix	gp_mix	53	37455	644	2688	2.4064305226008096	57.0368710966394	32.995493031091	57.902233	40.665348	468.32916	9649.0	12878.196	-3229.1962890625
europe	45	gp_mix	gp_mix	53	29354	1073	2688	2.4064305226008096	49.5981084834829	13.5562568280747	49.35776	18.374939	349.10345	17611.0	13107.786	4503.2138671875
europe	45	gp_mix	gp_mix	54	16789	1116	2688	1.4145324190457662	38.6547028635066	62.9250837664835	40.919514	57.092087	558.2455	30085.0	30798.803	-713.802734375
europe	45	gp_mix	gp_mix	54	2944	1352	2688	1.4145324190457662	28.0235125682626	42.0354568331213	29.475512	44.472027	287.19946	47391.0	44598.652	2792.34765625
europe	45	gp_mix	gp_mix	54	2537	1453	2688	1.4145324190457662	27.2965339316751	38.2251913385464	26.803394	36.776207	153.61382	47847.0	47249.414	597.5859375
europe	45	gp_mix	gp_mix	55	20319	19	2688	2.40851548910141	40.1841913506379	58.9323482314784	43.49786	38.26355	1746.5408	26407.0	18617.84	7789.16015625
europe	45	gp_mix	gp_mix	55	24286	463	2688	2.40851548910141	47.6694497998946	3.57544779882376	55.497852	45.124973	2949.969	22587.0	24286.678	-1699.677734375
europe	45	gp_mix	gp_mix	55	8939	961	2688	2.40851548910141	39.1808497551777	59.7652983907721	38.352943	56.879772	266.556	39783.0	40353.46	-570.4609375
europe	45	gp_mix	gp_mix	56	43939	197	2688	2.4170977512995404	46.4626033733088	24.0917232816806	48.384563	22.871445	232.58745	2678.0	1817.4758	860.524169921875
europe	45	gp_mix	gp_mix	56	20504	429	2688	2.4170977512995404	40.4214331829931	58.7426170584084	39.51552	34.726	2042.8629	26194.0	22853.05	3340.94921875
europe	45	gp_mix	gp_mix	56	5437	1215	2688	2.4170977512995404	30.8334357621735	52.6142398574082	32.072094	46.36865	608.13666	44261.0	44438.17	-177.171875
europe	45	gp_mix	gp_mix	57	614	116	2688	2.4150169571240743	30.6592303443916	29.7464217427556	31.455912	31.607716	198.19258	50245.0	50847.215	-602.21484375
europe	45	gp_mix	gp_mix	57	14342	290	2688	2.4150169571240743	37.7722030658983	60.3984569383438	44.296795	56.823692	784.80835	33164.0	32796.06	367.94140625
europe	45	gp_mix	gp_mix	57	24242	1036	2688	2.4150169571240743	57.9936462771047	51.1127010762339	49.279064	56.73929	1036.7218	22632.0	25726.121	-3094.12109375
europe	45	gp_mix	gp_mix	58	30914	369	2688	1.4105689446131389	54.0538447626591	48.8098256773811	54.985767	46.077248	204.52998	16118.0	15174.889	943.111328125
europe	45	gp_mix	gp_mix	58	8126	526	2688	1.4105689446131389	38.5850481629365	54.3072594716743	34.857475	56.33683	452.20563	40824.0	41659.645	-835.64453125
europe	45	gp_mix	gp_mix	58	9862	561	2688	1.4105689446131389	41.9767691903289	59.9023024487892	35.300335	58.97495	746.7277	38557.0	41040.17	-2483.171875
europe	45	gp_mix	gp_mix	59	35560	111	2688	2.416255613168081	38.3382164606435	38.9490912407123	35.910507	35.076324	436.69275	11448.0	14046.872	-2598.8720703125
europe	45	gp_mix	gp_mix	59	12272	1191	2688	2.416255613168081	40.793486383194	61.4930289799497	41.66347	60.355873	135.65112	35530.0	32111.037	3418.962890625
europe	45	gp_mix	gp_mix	59	4284	1329	2688	2.416255613168081	32.677828351082	44.0947854286361	30.995075	44.660156	194.58574	45682.0	45404.832	277.16796875
europe	45	gp_mix	gp_mix	60	7808	268	2688	2.410860081513723	36.8920244663837	54.7884771199743	38.53627	60.35179	522.2941	41189.0	39634.55	1554.44921875
europe	45	gp_mix	gp_mix	60	38454	824	2688	2.410860081513723	48.8393262942235	9.90151374449749	41.914215	26.239206	1485.8342	8666.0	9919.025	-1253.025390625
europe	45	gp_mix	gp_mix	60	16212	1361	2688	2.410860081513723	39.287974106335	64.317222076522	40.982426	53.865646	907.6596	30782.0	28110.12	2671.880859375
europe	45	gp_mix	gp_mix	61	42742	221	2688	2.414468042055766	54.5522599718956	33.7485035291215	56.24309	30.373789	284.1226	3939.0	4553.2856	-614.28564453125
europe	45	gp_mix	gp_mix	61	3470	1222	2688	2.414468042055766	28.8393673687414	42.1441509481027	29.809898	38.699276	350.95227	46718.0	47990.55	-1272.55078125
europe	45	gp_mix	gp_mix	61	27882	1471	2688	2.414468042055766	38.3262201204768	36.0195497460217	43.856815	37.075478	621.2918	19129.0	21752.402	-2623.40234375
europe	45	gp_mix	gp_mix	62	6149	85	2688	3.4187422434488934	33.5239613128816	48.1939244715332	34.935314	53.982483	554.72815	43348.0	40835.15	2512.8515625
europe	45	gp_mix	gp_mix	62	19696	313	2688	3.4187422434488934	60.4237639400631	38.0893971120982	37.69747	32.10338	2561.9385	27030.0	23270.893	3759.107421875
europe	45	gp_mix	gp_mix	62	21680	714	2688	3.4187422434488934	38.6956275131793	35.406279978665	39.374546	31.110485	378.59756	25103.0	23996.965	1106.03515625
europe	45	gp_mix	gp_mix	63	36763	48	2688	2.4118528445561727	59.4062482058229	39.4062672356537	57.246853	35.915306	314.87396	10229.0	8835.6	1393.400390625
europe	45	gp_mix	gp_mix	63	28780	471	2688	2.4118528445561727	45.9736373080727	6.34077903618231	48.57023	21.332373	1165.2393	18218.0	17991.324	226.67578125
europe	45	gp_mix	gp_mix	63	5563	768	2688	2.4118528445561727	32.1814457867461	47.4966355590317	34.563644	54.129917	670.31915	44098.0	42275.367	1822.6328125
europe	45	gp_mix	gp_mix	64	39148	191	2688	1.4167743444442749	56.3858279534795	56.8776406880613	59.08788	38.273296	1140.243	8025.0	13006.928	-4981.927734375
europe	45	gp_mix	gp_mix	64	22806	819	2688	1.4167743444442749	56.3147808499144	51.6102829937124	51.74018	29.811594	1504.2308	24008.0	18629.598	5378.40234375
europe	45	gp_mix	gp_mix	64	18206	880	2688	1.4167743444442749	38.583742198595	60.7615887149824	42.333485	51.691116	872.68646	28369.0	26157.506	2211.494140625
europe	45	gp_mix	gp_mix	65	16550	697	2688	1.4118796507517497	41.929790045762	58.5093698927776	44.73603	50.054432	751.1764	30376.0	28764.531	1611.46875
europe	45	gp_mix	gp_mix	65	25770	1180	2688	1.4118796507517497	48.1653612870039	-0.89922859532587	47.11658	29.170454	2241.4514	21179.0	17207.2	3971.80078125
europe	45	gp_mix	gp_mix	65	14394	1477	2688	1.4118796507517497	39.1246928584518	62.870853667753	40.33804	58.795395	373.66782	33091.0	32966.562	124.4375
europe	45	gp_mix	gp_mix	66	16256	302	2688	2.41537458896637	42.2377966483683	61.617101855413	39.172382	59.916447	369.75522	30739.0	33293.55	-2554.55078125
europe	45	gp_mix	gp_mix	66	7104	857	2688	2.41537458896637	34.3986196843035	58.6235681740933	38.810318	60.218708	510.77878	42128.0	37725.676	4402.32421875
europe	45	gp_mix	gp_mix	66	30818	1278	2688	2.41537458896637	47.4006052665605	23.8887100180359	48.87493	27.591267	319.8873	16207.0	18130.271	-1923.271484375
europe	45	gp_mix	gp_mix	67	9318	154	2688	1.4186710278193155	39.419047351088	57.9124112413997	37.047718	60.275826	334.84323	39289.0	39111.21	177.7890625
europe	45	gp_mix	gp_mix	67	20056	1020	2688	1.4186710278193155	57.0848491249935	30.6564661125161	41.53891	46.675327	2071.134	26681.0	22675.512	4005.48828125
europe	45	gp_mix	gp_mix	67	29620	1283	2688	1.4186710278193155	51.3831200594489	18.8174867758209	45.522396	30.828215	1097.4419	17370.0	13584.616	3785.3837890625
europe	45	gp_mix	gp_mix	68	36698	595	2688	2.4130043983459473	38.2588977663363	27.3657043934015	40.24529	26.981375	223.34146	10310.0	7887.0806	2422.91943359375
europe	45	gp_mix	gp_mix	68	41524	814	2688	2.4130043983459473	46.9737142372247	19.5118291268948	43.313797	26.7714	699.3787	5482.0	6202.7188	-720.71875
europe	45	gp_mix	gp_mix	68	32071	876	2688	2.4130043983459473	38.9708103501024	35.3107180080906	38.75179	35.08571	31.187708	14954.0	13412.822	1541.177734375
europe	45	gp_mix	gp_mix	69	16308	246	2688	2.415674622853597	37.9553487952806	63.0052883930909	42.39595	53.224514	965.6903	30669.0	28191.746	2477.25390625
europe	45	gp_mix	gp_mix	69	20697	339	2688	2.415674622853597	36.9167535081999	60.761223711425	44.579105	50.190807	1230.47	25994.0	27608.555	-1614.5546875
europe	45	gp_mix	gp_mix	69	15341	924	2688	2.415674622853597	40.1574256577991	59.104244053058	40.127472	51.22614	669.44574	31828.0	28882.127	2945.873046875
europe	45	gp_mix	gp_mix	70	43540	196	2688	2.4069151004155476	51.874253397936	25.2288650413003	49.644516	21.65645	352.92844	3122.0	1320.4702	1801.52978515625
europe	45	gp_mix	gp_mix	70	6759	878	2688	2.4069151004155476	33.3775683144714	51.0215659212981	38.083645	58.836834	877.7861	42567.0	40384.094	2182.90625
europe	45	gp_mix	gp_mix	70	26533	1117	2688	2.4069151004155476	55.0714090750925	44.6681899749903	55.05793	56.189934	732.82776	20434.0	25136.285	-4702.28515625
europe	45	gp_mix	gp_mix	71	32626	721	2688	1.4160828471183777	44.0336656251732	19.6555315982325	50.06342	28.499397	946.67725	14400.0	19829.016	-5429.015625
europe	45	gp_mix	gp_mix	71	44414	818	2688	1.4160828471183777	49.6692567821895	19.0355156249929	45.308537	21.455471	517.7889	2158.0	2521.7898	-363.789794921875
europe	45	gp_mix	gp_mix	71	13235	1077	2688	1.4160828471183777	37.6341050396161	63.4614580507288	39.041996	62.547302	175.68127	34430.0	35805.406	-1375.40625
europe	45	gp_mix	gp_mix	72	41358	327	2688	2.4174615025520323	52.2791013254469	9.70563284599875	44.511887	21.802446	1239.3881	5646.0	7158.6562	-1512.65625
europe	45	gp_mix	gp_mix	72	560	1086	2688	2.4174615025520323	30.4653969291557	32.0121060792082	29.482407	37.961918	583.35645	50309.0	48526.727	1782.2734375
europe	45	gp_mix	gp_mix	72	43630	1208	2688	2.4174615025520323	51.5199878839635	23.8519628047214	51.20695	25.507086	120.06442	3030.0	4649.718	-1619.7177734375
europe	45	gp_mix	gp_mix	73	41996	729	2688	2.4064005454381308	48.893595412461	28.9783301065986	49.283325	23.377647	410.0458	4885.0	2167.0935	2717.906494140625
europe	45	gp_mix	gp_mix	73	15771	1048	2688	2.4064005454381308	40.0967399840994	59.3049000291879	39.745888	61.504944	191.62375	31325.0	34944.145	-3619.14453125
europe	45	gp_mix	gp_mix	73	2342	1051	2688	2.4064005454381308	26.5062192443276	38.6937400161132	30.324732	39.90777	440.87564	48097.0	46885.9	1211.1015625
europe	45	gp_mix	gp_mix	74	16661	496	2688	2.415242119630178	41.712121451075	56.2378442029786	42.210117	37.43522	1552.5193	30245.0	24710.822	5534.177734375
europe	45	gp_mix	gp_mix	74	10516	759	2688	2.415242119630178	38.5653111442788	61.6694741662679	40.146824	63.347378	227.44803	37801.0	35978.527	1822.47265625
europe	45	gp_mix	gp_mix	74	31533	903	2688	2.415242119630178	38.9935514917485	30.3084802007884	42.25948	30.435507	363.31253	15502.0	17894.346	-2392.345703125
europe	45	gp_mix	gp_mix	75	16816	25	2688	2.4090537865956625	38.6144334889621	56.9744200363919	41.490437	58.651634	350.19336	30054.0	31621.854	-1567.853515625
europe	45	gp_mix	gp_mix	75	6285	426	2688	2.4090537865956625	32.3068493467227	49.7282499073238	32.588264	49.9665	38.457546	43170.0	44074.383	-904.3828125
europe	45	gp_mix	gp_mix	75	23123	769	2688	2.4090537865956625	39.0135420974688	38.4938188624319	40.167725	40.872776	240.87126	23750.0	20221.117	3528.8828125
europe	45	gp_mix	gp_mix	76	22454	715	2688	2.4120311458905537	40.905748809388	31.9188277621715	41.51083	49.541893	1473.2222	24350.0	24757.238	-407.23828125
europe	45	gp_mix	gp_mix	76	20055	998	2688	2.4120311458905537	54.9037414213589	45.0878001365271	36.95732	38.18324	2063.3313	26682.0	24670.83	2011.169921875
europe	45	gp_mix	gp_mix	76	1418	1405	2688	2.4120311458905537	30.8688700136358	35.7176946200374	30.466202	38.68685	287.47897	49297.0	48822.62	474.37890625
europe	45	gp_mix	gp_mix	77	28121	157	2688	2.4146533648173016	56.0990220956335	33.0538043500846	50.21769	25.740992	814.7841	18887.0	13005.1045	5881.8955078125
europe	45	gp_mix	gp_mix	77	18908	271	2688	2.4146533648173016	59.601579912272	29.8537729156525	41.062634	48.52621	2431.929	27852.0	25838.193	2013.806640625
europe	45	gp_mix	gp_mix	77	28115	1031	2688	2.4146533648173016	57.7636595115783	34.8332272140819	57.996597	40.989075	364.73587	18890.0	17739.047	1150.953125
europe	45	gp_mix	gp_mix	78	7879	420	2688	1.410134983062744	38.3424496773879	54.989622842949	39.663143	60.413998	491.0981	41099.0	40360.08	738.921875
europe	45	gp_mix	gp_mix	78	24241	604	2688	1.410134983062744	46.7494810222036	23.5763127772687	47.352787	32.489944	678.2625	22624.0	21280.57	1343.4296875
europe	45	gp_mix	gp_mix	78	127	1252	2688	1.410134983062744	30.6116344145386	31.8114429721999	31.222204	37.291225	527.08014	50886.0	49764.48	1121.51953125
europe	45	gp_mix	gp_mix	79	17890	76	2688	2.413601052761078	42.8991943212781	57.9543262703576	40.78004	56.713585	257.07248	28724.0	28973.092	-249.091796875
europe	45	gp_mix	gp_mix	79	19948	250	2688	2.413601052761078	38.3389329869541	38.2101449141647	41.967514	30.136583	795.4855	26784.0	24356.727	2427.2734375
europe	45	gp_mix	gp_mix	79	34854	440	2688	2.413601052761078	58.0415409400303	49.2303236596422	56.848732	33.6917	937.0171	12154.0	6096.105	6057.89501953125
europe	45	gp_mix	gp_mix	80	4218	59	2688	1.4077240347862243	29.4660985788241	44.5203052817378	32.096645	46.05124	327.016	45756.0	43937.26	1818.73828125
europe	45	gp_mix	gp_mix	80	25403	964	2688	1.4077240347862243	57.1904272955622	33.2666291494735	55.777363	36.834595	269.5357	21546.0	13847.97	7698.0302734375
europe	45	gp_mix	gp_mix	80	1690	1386	2688	1.4077240347862243	29.2180377210672	38.9286349421461	28.535828	35.617405	331.20084	48937.0	48756.56	180.44140625
europe	45	gp_mix	gp_mix	81	7192	205	2688	2.416095228989919	33.4056395863909	53.4127477583585	31.655996	49.53885	411.95572	42010.0	43992.66	-1982.66015625
europe	45	gp_mix	gp_mix	81	11404	613	2688	2.416095228989919	42.2704758052198	60.618646923642	40.128746	59.00865	273.59103	36728.0	39017.082	-2289.08203125
europe	45	gp_mix	gp_mix	81	36901	1279	2688	2.416095228989919	46.367607734186	7.75187684714359	41.199326	25.671925	1544.8081	10107.0	14697.296	-4590.2958984375
europe	45	gp_mix	gp_mix	82	30252	91	2688	2.4153282324473064	40.8263666787524	32.1948022092947	44.727562	32.29048	433.86334	16820.0	18444.826	-1624.826171875
europe	45	gp_mix	gp_mix	82	22694	966	2688	2.4153282324473064	37.2834854446089	39.0856074857051	38.00427	37.4086	168.0004	24123.0	24065.61	57.390625
europe	45	gp_mix	gp_mix	82	512	1059	2688	2.4153282324473064	30.0639392541449	29.7424515522716	29.631008	39.26102	919.01666	50367.0	47741.31	2625.69140625
europe	45	gp_mix	gp_mix	83	6000	416	2688	2.41011145512263	30.6340413108501	52.5600337595578	33.14035	49.00683	436.07495	43549.0	43330.17	218.828125
europe	45	gp_mix	gp_mix	83	8832	518	2688	2.41011145512263	39.7511555580933	60.4091788144674	39.677483	60.14812	23.785091	39953.0	38520.24	1432.76171875
europe	45	gp_mix	gp_mix	83	20511	1462	2688	2.41011145512263	60.0886627400448	50.8834785974971	40.313965	52.6974	2202.4314	26200.0	25852.85	347.150390625
europe	45	gp_mix	gp_mix	84	22489	529	2688	2.4138495763142904	50.6867858864473	25.016772639471	41.25066	27.817057	1071.1266	24302.0	22577.47	1724.529296875
europe	45	gp_mix	gp_mix	84	15003	646	2688	2.4138495763142904	39.3939958588496	61.0404819667293	42.420464	51.661945	856.37024	32279.0	31992.482	286.517578125
europe	45	gp_mix	gp_mix	84	25758	1484	2688	2.4138495763142904	41.5424652299799	21.1491621836816	51.39734	32.594753	1399.8542	21194.0	21384.188	-190.1875
europe	45	gp_mix	gp_mix	85	12783	122	2688	2.408797200520833	39.3050186958958	58.3956863241714	39.100266	59.756634	119.456696	34926.0	33718.707	1207.29296875
europe	45	gp_mix	gp_mix	85	22451	436	2688	2.408797200520833	38.4404125939192	31.1680337800479	41.406635	53.236774	1905.2083	24354.0	26224.404	-1870.404296875
europe	45	gp_mix	gp_mix	85	16594	575	2688	2.408797200520833	38.6426771015072	60.5245188575479	41.483788	55.912422	503.70947	30320.0	28189.736	2130.263671875
europe	45	gp_mix	gp_mix	86	8133	444	2688	1.4163857181866963	39.5714978119557	59.3937609301873	37.84349	59.79743	195.31148	40813.0	39652.47	1160.53125
europe	45	gp_mix	gp_mix	86	14420	1388	2688	1.4163857181866963	40.0284882042109	57.6779642146306	39.55625	59.654457	176.84016	33056.0	32711.29	344.7109375
europe	45	gp_mix	gp_mix	86	45121	1402	2688	1.4163857181866963	51.0025341418908	10.953148408517	45.09034	24.96223	1228.4762	1267.0	3555.3704	-2288.370361328125
europe	45	gp_mix	gp_mix	87	2108	909	2688	2.4132726430892943	28.0719310110859	36.681966328076	30.397163	40.731903	470.34155	48361.0	46398.99	1962.01171875
europe	45	gp_mix	gp_mix	87	19135	1317	2688	2.4132726430892943	59.0925290137479	38.7181880478641	46.2601	37.293533	1430.0465	27606.0	21019.262	6586.73828125
europe	45	gp_mix	gp_mix	87	37700	1480	2688	2.4132726430892943	59.609401995274	48.8904269910975	59.259106	35.61466	750.4405	9404.0	8249.821	1154.1787109375
europe	45	gp_mix	gp_mix	88	11433	695	2688	1.4084263404210409	38.0373707035056	62.9053089784978	39.638905	57.691322	485.3409	36700.0	37354.535	-654.53515625
europe	45	gp_mix	gp_mix	88	17690	911	2688	1.4084263404210409	40.8599786693553	59.5279368634159	40.58029	53.92086	473.47803	28961.0	25653.402	3307.59765625
europe	45	gp_mix	gp_mix	88	11183	916	2688	1.4084263404210409	38.0852247681693	60.3264655814706	39.446854	57.39317	295.9493	36972.0	36993.977	-21.9765625
europe	45	gp_mix	gp_mix	89	11776	830	2688	1.412473742167155	39.3369979991895	59.918581622629	39.213722	60.868637	82.91865	36212.0	38811.78	-2599.78125
europe	45	gp_mix	gp_mix	89	20507	1209	2688	1.412473742167155	57.1546620881454	52.3691640246555	40.42173	47.525974	1892.9677	26201.0	27406.488	-1205.48828125
europe	45	gp_mix	gp_mix	89	38240	1374	2688	1.412473742167155	37.1695770665751	35.8595302891731	39.54848	29.33996	626.7735	8896.0	14881.217	-5985.216796875
europe	45	gp_mix	gp_mix	90	1367	11	2688	1.4096179882685342	31.6366235888778	36.3479143846692	31.6474	41.93556	528.89764	49348.0	46824.914	2523.0859375
europe	45	gp_mix	gp_mix	90	10512	738	2688	1.4096179882685342	38.9208975768011	62.9467993229409	37.482616	57.972275	463.0879	37805.0	37327.883	477.1171875
europe	45	gp_mix	gp_mix	90	37768	770	2688	1.4096179882685342	58.7913725264386	30.3543638544334	57.727722	36.10691	356.54727	9330.0	7543.723	1786.27685546875
europe	45	gp_mix	gp_mix	91	41744	591	2688	2.4125995437304177	48.9447584933681	17.3562232868628	47.322502	24.526197	561.57416	5223.0	3382.7961	1840.203857421875
europe	45	gp_mix	gp_mix	91	37828	1253	2688	2.4125995437304177	38.8489713758556	27.6452755755861	37.31399	35.844944	737.40967	9288.0	14095.748	-4807.748046875
europe	45	gp_mix	gp_mix	91	22123	1362	2688	2.4125995437304177	37.9711113229943	32.4196898216134	40.857307	40.779034	786.1278	24682.0	21499.537	3182.462890625
europe	45	gp_mix	gp_mix	92	3053	107	2688	2.419494152069092	32.2378142156357	42.5602581446502	30.20305	40.35664	308.36624	47248.0	47564.73	-316.73046875
europe	45	gp_mix	gp_mix	92	8560	1234	2688	2.419494152069092	39.4394684825426	59.4090493324524	38.43556	58.685722	127.96403	40259.0	40108.562	150.4375
europe	45	gp_mix	gp_mix	92	26437	1464	2688	2.419494152069092	57.1448846660861	45.8724242260313	57.59076	36.55	560.73047	20529.0	21440.375	-911.375
europe	45	gp_mix	gp_mix	93	28992	379	2688	2.412100307146708	45.1951364285902	17.6763830960745	43.02931	32.89911	1236.9698	17977.0	23213.58	-5236.580078125
europe	45	gp_mix	gp_mix	93	11975	1201	2688	2.412100307146708	42.1814564883432	61.8667845133972	37.01406	55.907032	768.28406	35932.0	40030.14	-4098.140625
europe	45	gp_mix	gp_mix	93	35997	1297	2688	2.412100307146708	57.0473578534791	45.8259336194753	57.01836	37.677002	492.79028	10986.0	11045.971	-59.970703125
europe	45	gp_mix	gp_mix	94	5230	419	2688	2.41807359457016	27.7807968375251	47.4612169783369	37.432858	57.60961	1431.8022	44514.0	38213.29	6300.7109375
europe	45	gp_mix	gp_mix	94	225	649	2688	2.41807359457016	28.5267824490908	30.5476467932425	31.433315	37.344906	729.9071	50751.0	47818.684	2932.31640625
europe	45	gp_mix	gp_mix	94	37916	1143	2688	2.41807359457016	45.4602733760151	6.66015295749808	48.157005	26.070358	1503.0732	9188.0	6957.7773	2230.22265625
europe	45	gp_mix	gp_mix	95	810	454	2688	2.411974334716797	29.7522443454417	32.6542692398227	31.359777	39.335228	664.09735	50003.0	49341.98	661.01953125
europe	45	gp_mix	gp_mix	95	25022	531	2688	2.411974334716797	56.3236504406875	38.5175540744211	50.622044	48.464073	912.2947	21906.0	22570.92	-664.919921875
europe	45	gp_mix	gp_mix	95	39292	1334	2688	2.411974334716797	45.5361206019841	10.7677844147459	46.655167	25.733948	1158.9371	7858.0	3592.3706	4265.62939453125
europe	45	gp_mix	gp_mix	96	43356	73	2688	1.4172664006551108	49.7002452505462	24.784820895427	52.452175	27.630348	364.8402	3296.0	3333.377	-37.376953125
europe	45	gp_mix	gp_mix	96	15410	292	2688	1.4172664006551108	41.4789564125037	60.7340740284351	39.96092	61.605564	184.08154	31762.0	33776.105	-2014.10546875
europe	45	gp_mix	gp_mix	96	16850	1144	2688	1.4172664006551108	42.0745217919429	57.1700775504198	56.800148	55.15987	1643.6727	30003.0	24334.824	5668.17578125
europe	45	gp_mix	gp_mix	97	42241	26	2688	2.417145542303721	49.7445034257679	35.7339465218012	50.67288	28.887121	497.8676	4568.0	5545.723	-977.72314453125
europe	45	gp_mix	gp_mix	97	31133	548	2688	2.417145542303721	47.3610419768415	23.1737091077761	43.86605	27.041716	491.3344	15895.0	9387.684	6507.31640625
europe	45	gp_mix	gp_mix	97	3246	577	2688	2.417145542303721	31.0281062279508	39.9219834964681	29.29813	35.012245	509.64264	47040.0	48676.816	-1636.81640625
europe	45	gp_mix	gp_mix	98	31417	789	2688	2.407992398738861	52.6173647771166	23.8355168569244	49.363647	33.755077	781.9721	15609.0	16140.773	-531.7734375
europe	45	gp_mix	gp_mix	98	36619	1096	2688	2.407992398738861	37.0115641318485	38.3590478912773	40.71591	33.37921	596.0925	10397.0	22623.59	-12226.58984375
europe	45	gp_mix	gp_mix	98	9886	1269	2688	2.407992398738861	37.1972046056811	62.0240565693831	35.019527	56.189163	577.2586	38523.0	41459.76	-2936.76171875
europe	45	gp_mix	gp_mix	99	847	522	2688	1.4128897070884705	30.7250505920953	35.7992463606865	30.725237	37.84529	195.57098	49973.0	48441.97	1531.03125
europe	45	gp_mix	gp_mix	99	3712	871	2688	1.4128897070884705	29.2300512566937	44.8057522096418	31.299131	43.07434	283.86035	46379.0	46461.586	-82.5859375
europe	45	gp_mix	gp_mix	99	16189	976	2688	1.4128897070884705	37.8884174950526	57.2668655119111	40.942776	57.072334	340.0399	30817.0	29969.92	847.080078125
europe	45	gp_mix	gp_mix	100	42267	256	2688	2.4093241572380064	47.6532811994778	19.1243234233227	41.766212	34.36713	1367.5437	4541.0	10845.584	-6304.583984375
europe	45	gp_mix	gp_mix	100	26139	336	2688	2.4093241572380064	56.9195665266487	51.1257216583623	56.505585	34.906677	988.5601	20857.0	18907.809	1949.19140625
europe	45	gp_mix	gp_mix	100	36001	1466	2688	2.4093241572380064	38.1692818585218	29.6778798923553	41.9499	35.014065	618.6054	11000.0	8521.9795	2478.0205078125
europe	45	gp_mix	gp_mix	101	8835	152	2688	2.4176437854766846	39.2073103187383	57.0413921195276	36.935196	59.377663	325.01987	39944.0	39542.285	401.71484375
europe	45	gp_mix	gp_mix	101	5144	485	2688	2.4176437854766846	31.7626912882374	47.7660898588527	29.12338	47.256912	297.50818	44629.0	44440.254	188.74609375
europe	45	gp_mix	gp_mix	101	35320	1444	2688	2.4176437854766846	39.8284472052204	32.7414590051537	38.755867	29.902151	271.87656	11687.0	10079.737	1607.2626953125
europe	45	gp_mix	gp_mix	102	43141	716	2688	2.416236662864685	51.5006493748399	28.2909283788017	53.39587	30.56384	261.0044	3506.0	5157.606	-1651.60595703125
europe	45	gp_mix	gp_mix	102	31503	975	2688	2.416236662864685	37.9904307615999	33.937472889505	40.682083	31.803246	351.06906	15533.0	17997.234	-2464.234375
europe	45	gp_mix	gp_mix	102	3473	1083	2688	2.416236662864685	29.5901029586681	44.2598149510227	29.83352	41.376694	279.74536	46707.0	46814.035	-107.03515625
europe	45	gp_mix	gp_mix	103	34824	13	2688	2.4097798506418866	57.5468004911097	37.9594332794779	47.398117	30.917845	1223.5803	12189.0	19231.367	-7042.3671875
europe	45	gp_mix	gp_mix	103	1417	569	2688	2.4097798506418866	28.7492469043981	36.3182878462154	29.463211	38.0668	187.50574	49298.0	48192.992	1105.0078125
europe	45	gp_mix	gp_mix	103	1101	838	2688	2.4097798506418866	27.8804900873735	33.7198717967022	28.274271	31.338749	237.67247	49650.0	50064.94	-414.94140625
europe	45	gp_mix	gp_mix	104	27597	494	2688	1.4135318835576376	38.088729277741	33.04000754034	41.813522	31.335802	438.88806	19367.0	15688.508	3678.4921875
europe	45	gp_mix	gp_mix	104	42932	508	2688	1.4135318835576376	52.3414196750842	31.5099806361096	59.604324	39.433426	944.7484	3718.0	9103.898	-5385.8984375
europe	45	gp_mix	gp_mix	104	39936	969	2688	1.4135318835576376	38.0537702823739	29.231358642355	41.98792	24.856232	574.4323	7223.0	6164.665	1058.3349609375
europe	45	gp_mix	gp_mix	105	31136	745	2688	2.4059799909591675	37.3259714214122	35.6305283245333	38.602535	29.994307	513.9873	15919.0	12114.949	3804.05078125
europe	45	gp_mix	gp_mix	105	34233	977	2688	2.4059799909591675	37.5392104911016	38.032672072631	39.60044	39.051365	245.7085	12763.0	16018.436	-3255.435546875
europe	45	gp_mix	gp_mix	105	15001	1135	2688	2.4059799909591675	39.0929251858889	57.769916181776	39.560856	52.38441	466.07013	32299.0	28814.998	3484.001953125
europe	45	gp_mix	gp_mix	106	16388	129	2688	1.4149959643681844	40.8330405182383	64.296532651424	42.045105	46.057037	1523.4666	30575.0	23187.223	7387.77734375
europe	45	gp_mix	gp_mix	106	1751	195	2688	1.4149959643681844	29.1822975153263	38.6059060136573	28.484554	42.31397	369.42087	48854.0	47290.1	1563.8984375
europe	45	gp_mix	gp_mix	106	15264	486	2688	1.4149959643681844	40.5133073405936	59.274239536787	38.84583	59.3573	185.55113	31926.0	32797.2	-871.19921875
europe	45	gp_mix	gp_mix	107	30227	263	2688	1.4145029226938883	38.0504115788893	39.121546871438	42.051933	28.203705	1029.2594	16844.0	13317.426	3526.57421875
europe	45	gp_mix	gp_mix	107	42453	264	2688	1.4145029226938883	55.4762284792311	31.6993938443859	59.211117	38.877636	597.7116	4287.0	10018.317	-5731.3173828125
europe	45	gp_mix	gp_mix	107	23965	1198	2688	1.4145029226938883	60.5517953126814	46.2489473498495	53.185474	37.01777	990.80865	22878.0	18695.268	4182.732421875
europe	45	gp_mix	gp_mix	108	12643	408	2688	2.4107306321461994	38.7947261332047	61.2387205677095	39.41657	58.544785	242.50249	35088.0	35739.85	-651.8515625
europe	45	gp_mix	gp_mix	108	37922	1127	2688	2.4107306321461994	39.5697685749431	32.8679660958375	44.40348	42.262394	943.37177	9194.0	13310.221	-4116.220703125
europe	45	gp_mix	gp_mix	108	35376	1333	2688	2.4107306321461994	55.9524847809484	37.3157331439322	52.819042	34.22697	401.6525	11610.0	8277.072	3332.927734375
europe	45	gp_mix	gp_mix	109	44716	243	2688	2.417015500863393	50.4822636946185	24.4457857171946	49.344334	26.160866	176.31909	1853.0	4507.3003	-2654.30029296875
europe	45	gp_mix	gp_mix	109	31220	1055	2688	2.417015500863393	41.4502036330186	33.0026949397106	47.580288	53.68241	1768.828	15833.0	26333.623	-10500.623046875
europe	45	gp_mix	gp_mix	109	31591	1286	2688	2.417015500863393	47.4738546197526	12.8958570583953	49.575474	33.91528	1560.2396	15422.0	20487.281	-5065.28125
europe	45	gp_mix	gp_mix	110	41308	491	2688	2.4109804749488832	50.4978884604691	11.8080837353307	48.944958	23.67671	869.5066	5715.0	1543.9181	4171.0819091796875
europe	45	gp_mix	gp_mix	110	4548	659	2688	2.4109804749488832	27.9058466823793	46.2433209351514	31.394323	46.742096	390.8821	45366.0	45140.12	225.87890625
europe	45	gp_mix	gp_mix	110	22936	1434	2688	2.4109804749488832	37.1668379195596	38.6892360782767	40.615944	47.264805	834.8897	23924.0	26318.652	-2394.65234375
europe	45	gp_mix	gp_mix	111	40714	162	2688	1.4150557438532512	56.5257588024865	34.6601574999714	55.31124	30.0595	316.8023	6407.0	5637.761	769.23876953125
europe	45	gp_mix	gp_mix	111	21558	179	2688	1.4150557438532512	57.7227153439491	52.7047691731729	58.00096	45.871826	405.18698	25199.0	20375.191	4823.80859375
europe	45	gp_mix	gp_mix	111	16876	1130	2688	1.4150557438532512	40.7423446055978	57.8971624785825	43.664	53.90887	461.91287	29970.0	29383.066	586.93359375
europe	45	gp_mix	gp_mix	112	24360	312	2688	2.4185213327407835	56.9851443169939	43.7906727127245	51.523872	37.711407	723.7537	22531.0	20999.111	1531.888671875
europe	45	gp_mix	gp_mix	112	31852	826	2688	2.4185213327407835	56.3065392720727	38.7907922571627	55.631454	35.46516	220.11777	15166.0	16523.018	-1357.017578125
europe	45	gp_mix	gp_mix	112	33380	1383	2688	2.4185213327407835	55.4360396398311	47.1480525846977	60.19954	39.46359	697.44696	13627.0	10752.324	2874.67578125
