20002226	5156	12	0	4050	0
20006584	3851	3680	1	1686	0
20008880	4122	3679	1	1416	0
20013276	3826	15	0	5377	0
20014081	6167	12	0	3039	0
20014523	5245	49	1	3923	0
20014827	4709	2399	2	2108	0
20015655	3145	1911	3	4159	0
20017295	4435	325	0	4458	0
20017721	3971	2722	2	2523	0
20017738	3797	3035	2	2384	0
20017831	4356	791	3	4068	0
20018091	4428	2484	5	2301	0
20018195	3347	892	3	4976	0
20020466	4631	3457	1	1129	0
20021935	3196	93	1	5928	0
20025383	5652	2772	1	793	0
20026572	3175	2934	1	3108	0
20026758	5309	1972	2	1935	0
20027049	5649	2771	3	795	0
20031148	5697	1435	0	2086	0
20036890	3990	2185	0	3043	0
20037489	3587	1601	0	4030	0
20039820	4351	3678	0	1189	0
20041054	5087	3257	0	874	0
20041973	5559	296	0	3363	0
20047291	4123	4	0	5091	0
20049085	5227	3163	0	828	0
20050859	3858	1650	1	3709	0
20052348	3160	894	0	5164	0
20052373	3297	2150	1	3770	0
20052571	3887	833	0	4498	0
20053363	6050	83	0	3085	0
20056558	5294	535	0	3389	0
20056631	3180	2646	2	3390	0
20056759	4250	2628	1	2339	0
20057205	3535	381	1	5301	0
20057317	3652	2	0	5564	0
20058237	3676	1229	2	4311	0
20058239	3653	396	2	5167	0
20061244	6410	6	0	2802	0
20061456	3940	1144	2	4132	0
20063613	5346	5	0	3867	0
20064575	5135	915	3	3165	0
20068594	3012	748	1	5457	0
20078134	5781	304	0	3133	0
20080310	4309	1245	2	3662	0
20081036	4012	1396	2	3808	0
20081064	3990	521	1	4706	0
20087406	4049	1742	0	3427	0
20089063	3674	434	0	5110	0
20089905	4107	2036	4	3071	0
20089945	4282	457	0	4479	0
20090064	4173	1034	3	4008	0
20090156	4114	1230	0	3874	0
20091436	3809	515	0	4894	0
20091791	3653	1979	3	3583	0
20095361	4079	340	0	4799	0
20095663	3702	541	0	4975	0
20095828	3000	683	0	5535	0
20096176	4272	2421	2	2523	0
20096220	4396	560	0	4262	0
20097285	4817	389	0	4012	0
20097370	4482	1369	3	3364	0
20097941	3172	2074	3	3969	0
20098917	4852	361	0	4005	0
20099109	3639	2716	2	2861	0
20099765	4920	30	0	4268	0
20102935	4269	405	0	4544	0
20109839	4167	515	1	4535	0
20110436	3464	378	0	5376	0
20117992	3658	4778	0	782	0
20118776	4539	24	0	4655	0
20122098	5743	53	0	3422	0
20127066	3203	85	0	5930	0
20128011	4005	89	0	5124	0
20135583	3442	539	1	5236	0
20135612	3171	2844	2	3201	0
20135845	4489	11	0	4718	0
20137314	3604	70	0	5544	0
20137386	7284	33	0	1901	0
20137973	5233	52	0	3933	0
20138121	3737	84	0	5397	0
20138436	5872	2489	1	856	0
20139463	6166	49	0	3003	0
20140036	5092	850	1	3275	0
20141920	5141	2223	1	1853	0
20142270	3704	2368	1	3145	0
20142681	4385	1867	1	2965	0
20142866	6509	1248	0	1461	0
20143206	4959	626	1	3632	0
20144332	4944	1374	2	2898	0
20148249	6892	1902	0	424	0
20148417	3443	6	0	5769	0
20149560	4897	1134	1	3186	0
20150998	5703	1093	3	2419	0
20151431	4661	1364	3	3190	0
20154724	4908	8	0	4302	0
20155678	6321	828	3	2066	0
20158241	4259	1881	2	3076	0
20163868	7128	1203	1	886	0
20165383	7961	98	0	1159	0
20171860	3885	2721	2	2610	0
20171884	3722	4166	1	1329	0
20173263	3475	1923	1	3819	0
20181165	3452	270	0	5496	0
20181167	3437	1423	2	4356	0
20183342	4487	2012	2	2717	0
20184603	3857	604	0	4757	0
20185591	3320	1391	2	4505	0
20186581	7095	842	1	1280	0
20187321	4162	193	0	4863	0
20188458	4930	1594	2	2692	0
20188656	3699	1394	2	4123	0
20190672	7091	221	0	1906	0
20191436	5024	1193	1	3000	0
20193622	4357	647	0	4214	0
20200990	3983	2469	1	2765	0
20202289	7412	459	2	1345	0
20202506	7062	547	2	1607	0
20209469	3667	1874	1	3676	0
20211101	8125	195	1	897	0
20211233	6142	770	2	2304	0
20211670	3518	1598	1	4101	0
20211792	5071	203	2	3942	0
20212747	6700	820	1	1697	0
20213965	3913	2497	2	2806	0
20214692	3600	744	0	4874	0
20222500	7895	340	1	982	0
20227723	6750	1191	1	1276	0
20227797	7478	1	0	1739	0
20230028	5813	74	0	3331	0
20233086	3320	357	0	5541	0
20234258	4398	79	0	4741	0
20236731	5949	784	0	2485	0
20238343	4140	2699	1	2378	0
20238466	4405	802	0	4011	0
20238860	5480	972	1	2765	0
20240590	3624	200	0	5394	0
20243147	6594	455	4	2165	0
20244408	4591	1565	1	3061	0
20247674	3573	520	0	5125	0
20248709	3794	683	2	4739	0
20249510	3910	1365	1	3942	0
20249606	3714	601	3	4900	0
20250730	3675	803	3	4737	0
20250799	3114	524	0	5580	0
20254017	5425	251	0	3542	0
20255699	3970	377	0	4871	0
20257846	3963	4380	0	875	0
20258473	5225	3555	0	438	0
20260536	3466	4158	0	1594	0
20262931	3941	4341	0	936	0
20263843	3567	554	1	5096	0
20266735	4489	288	0	4441	0
20268188	4317	223	0	4678	0
20269169	7427	1512	0	279	0
20278924	4589	389	0	4240	0
20279405	4154	3443	0	1621	0
20280633	4266	64	0	4888	0
20281969	3285	3874	0	2059	0
20283943	3572	1334	0	4312	0
20285487	3052	686	1	5479	0
20286121	4418	2119	1	2680	0
20286563	4647	1373	2	3196	0
20287919	6419	673	0	2126	0
20287981	4997	3063	0	1158	0
20290088	6650	520	1	2047	0
20290932	3684	52	0	5482	0
20291241	6255	11	0	2952	0
20292378	4642	983	0	3593	0
20293055	7699	151	0	1368	0
20293560	4181	1355	0	3682	0
20293791	5106	2055	0	2057	0
20294526	4671	99	0	4448	0
20296319	3210	1780	1	4227	0
20296874	6364	18	0	2836	0
20297111	3991	1427	0	3800	0
20301964	4757	546	0	3915	0
20304926	4944	1061	1	3212	0
20305887	3636	2477	2	3103	0
20306279	3869	257	0	5092	0
20307444	3848	213	0	5157	0
20315218	5531	0	0	3687	0
20315599	7381	913	0	924	0
20316055	4123	756	0	4339	0
20334629	3730	917	1	4570	0
20338267	7506	897	2	813	0
20342503	7650	493	0	1075	0
20355218	6664	343	0	2211	0
20360850	4740	221	0	4257	0
20364844	5718	157	1	3342	0
20369787	5447	1498	0	2273	0
20380145	6559	1091	2	1566	0
20382144	4100	2378	2	2738	0
20386066	6194	1206	2	1816	0
20389400	3080	2542	3	3593	0
20389874	3434	490	1	5293	0
20390322	3756	1658	0	3804	0
20391400	4158	437	1	4622	0
20392425	3837	1563	0	3818	0
20392941	4716	2179	0	2323	0
20394713	5608	505	0	3105	0
20395401	3432	3482	0	2304	0
20395497	3805	278	0	5135	0
20395868	5031	3539	0	648	0
20398312	4817	2184	2	2215	0
20399052	4200	391	0	4627	0
20399180	4431	2035	0	2752	0
20402686	5747	1528	0	1943	0
20402767	4703	1868	2	2645	0
20405165	6145	280	0	2793	0
20407495	4094	18	0	5106	0
20408181	3505	974	0	4739	0
20409374	4653	2761	1	1803	0
20410795	3529	1112	1	4576	0
20414239	5128	2006	2	2082	0
20416794	3790	483	0	4945	0
20417765	5674	110	1	3433	0
20419340	3935	4684	0	599	0
20424996	4300	2	0	4916	0
20425206	4661	11	0	4546	0
20426906	3772	91	0	5355	0
20427541	5115	1709	0	2394	0
20429861	4817	2850	0	1551	0
20429910	3946	964	0	4308	0
20431299	4519	147	0	4552	0
20433809	6036	10	0	3172	0
20434396	5428	1073	2	2715	0
20434402	5974	1000	0	2244	0
20435466	3809	1384	2	4023	0
20436391	5170	2	0	4046	0
20437634	5620	1359	0	2239	0
20437764	4240	1846	0	3132	0
20439313	3044	3416	0	2758	0
20440770	5268	8	0	3942	0
20441633	4234	1609	2	3373	0
20442054	5336	2405	0	1477	0
20442311	6084	525	0	2609	0
20444473	4458	799	2	3959	0
20445661	3493	41	0	5684	0
20451281	3231	891	1	5095	0
20452434	5365	912	0	2941	0
20454022	3538	18	0	5662	0
20455220	3801	716	0	4701	0
20457340	7592	181	0	1445	0
20464891	3668	1555	1	3994	0
20469854	6395	111	0	2712	0
20470148	3849	885	1	4483	0
20473179	4231	1040	1	3946	0
20477168	4247	671	0	4300	0
20487743	5560	2005	0	1653	0
20490518	5178	2153	1	1886	0
20493870	3072	3375	1	2770	0
20498664	3734	770	1	4713	0
20498914	5572	539	0	3107	0
20499033	4932	1316	0	2970	0
20499168	3860	1574	0	3784	0
20499942	4128	1626	0	3464	0
20500591	5697	553	1	2967	0
20501442	4026	2009	0	3183	0
20501582	3446	795	0	4977	0
20501974	3135	1159	0	4924	0
20517965	3928	132	0	5158	0
20518226	4531	620	1	4066	0
20519462	7289	1	0	1928	0
20519808	3556	1350	2	4310	0
20520732	6631	773	2	1812	0
20525890	3901	150	0	5167	0
20526070	3682	166	0	5370	0
20526785	3788	180	0	5250	0
20530208	3870	1373	0	3975	0
20530347	5112	94	0	4012	0
20541370	3280	4252	0	1686	0
20542393	4667	3472	2	1077	0
20542980	4754	25	0	4439	0
20543021	4342	134	0	4742	0
20544835	4865	3373	2	978	0
20545421	7478	1	0	1739	0
20549072	4060	31	0	5127	0
20550054	5427	0	0	3791	0
20551208	3300	2266	0	3652	0
20551745	4981	2792	0	1445	0
20556029	3905	628	0	4685	0
20556676	3896	417	0	4905	0
20556762	6024	355	1	2838	0
20557542	5700	909	2	2607	0
20561069	3092	8	0	6118	0
20561095	3099	91	0	6028	0
20561434	5268	524	0	3426	0
20562389	6373	1646	1	1198	0
20567939	3753	9	0	5456	0
20568807	4520	244	1	4453	0
20569145	6647	426	0	2145	0
20569923	3915	709	3	4591	0
20570287	5201	601	0	3416	0
20571807	4035	595	0	4588	0
20572638	6191	991	1	2035	0
20572894	4032	1411	1	3774	0
20574315	4134	761	3	4320	0
20576256	5881	977	0	2360	0
20576777	6109	675	0	2434	0
20580487	3760	2156	0	3302	0
20582418	3570	1543	1	4104	0
20582685	6301	787	1	2129	0
20583238	3302	864	3	5049	0
20583322	5194	1146	1	2877	0
20584645	4776	516	0	3926	0
20585364	3833	691	0	4694	0
20585432	3999	2256	3	2960	0
20585773	3626	937	0	4655	0
20587351	4048	653	0	4517	0
20591780	4087	3495	2	1634	0
20592340	4042	2907	3	2266	0
20592875	3534	3532	1	2151	0
20596449	4161	390	0	4667	0
20599382	4791	2815	1	1611	0
20601012	3508	726	0	4984	0
20601060	5513	2466	1	1238	0
20602235	3001	3947	1	2269	0
20602561	4507	2145	0	2566	0
20604959	3970	1590	1	3657	0
20605151	5778	1306	2	2132	0
20607376	6692	1793	3	730	0
20608200	4323	2713	3	2179	0
20613063	3772	864	0	4582	0
20613508	4015	2173	1	3029	0
20615095	4487	3090	1	1640	0
20615227	4428	80	0	4710	0
20618230	3320	3101	1	2796	0
20620175	4047	815	0	4356	0
20620323	3364	2701	1	3152	0
20621764	3599	1686	1	3932	0
20623631	4233	298	0	4687	0
20624063	3951	997	0	4270	0
20624128	5257	7	0	3954	0
20625054	5047	2406	1	1764	0
20625450	4194	175	1	4848	0
20627436	4476	243	0	4499	0
20630834	3363	2129	0	3726	0
20632407	3104	1253	0	4861	0
20633346	3320	429	0	5469	0
20635722	3192	818	0	5208	0
20636038	4276	1688	1	3253	0
20636232	4173	366	0	4679	0
20637374	4701	2998	1	1518	0
20640210	5621	159	0	3438	0
20644752	7140	626	2	1450	0
20648574	3258	7	0	5953	0
20650550	4476	574	1	4167	0
20651050	6417	1	0	2800	0
20652798	4781	964	1	3472	0
20653428	5020	11	0	4187	0
20656718	3962	113	0	5143	0
20656824	3450	1254	1	4513	0
20657352	3633	2751	0	2834	0
20658089	4843	1249	2	3124	0
20660452	4727	1032	1	3458	0
20660982	5751	15	0	3452	0
20662938	3396	1372	0	4450	0
20667005	5774	1796	3	1645	0
20667619	7598	389	1	1230	0
20673052	5404	21	0	3793	0
20677490	4124	314	1	4779	0
20678551	3095	373	0	5750	0
20678931	4093	314	1	4810	0
20680718	3616	1353	1	4248	0
20680760	4002	2426	0	2790	0
20681159	4850	297	0	4071	0
20681571	4514	837	0	3867	0
20682330	4098	2518	1	2601	0
20683946	3456	1267	1	4494	0
20685997	5661	479	3	3075	0
20686162	3923	3256	4	2035	0
20686850	7571	1531	0	116	0
20687285	4210	604	3	4401	0
20687755	4745	726	3	3744	0
20695831	4105	4153	0	960	0
20697620	4607	5	0	4606	0
20703026	4323	1216	2	3677	0
20705117	3241	1171	0	4806	0
20705372	7112	21	0	2085	0
20707153	4831	829	0	3558	0
20710317	4593	24	0	4601	0
20710543	3722	3152	4	2340	0
20715869	4573	647	2	3996	0
20716518	3257	19	0	5942	0
20717283	3339	0	0	5879	0
20717539	3920	513	0	4785	0
20717657	3524	714	2	4978	0
20717763	4434	2081	1	2702	0
20720138	3631	14	0	5573	0
20724987	5928	3	0	3287	0
20726556	3846	682	0	4690	0
20726885	3614	681	0	4923	0
20728516	3621	438	0	5159	0
20729046	5156	1174	1	2887	0
20729212	3229	724	0	5265	0
20730258	5182	10	0	4026	0
20731117	5440	1765	3	2010	0
20732082	3602	2681	3	2932	0
20735465	5397	2348	0	1473	0
20735869	3828	4474	0	916	0
20736532	3488	4501	0	1229	0
20739723	3995	2264	2	2957	0
20740016	3305	2019	1	3893	0
20741347	3352	1862	1	4003	0
20745485	4293	3815	1	1109	0
20750561	7472	747	1	998	0
20756045	3901	511	1	4805	0
20759403	5145	1529	1	2543	0
20762197	3852	3173	1	2192	0
20766279	7690	198	0	1330	0
20767524	4436	1460	4	3318	0
20769184	3154	2135	4	3925	0
20769658	3193	615	1	5409	0
20770061	6072	1200	4	1942	0
20770887	3712	2627	5	2874	0
20771183	3771	5	0	5442	0
20771286	4476	200	0	4542	0
20771987	5439	235	0	3544	0
20772487	3711	750	0	4757	0
20772773	3390	18	0	5810	0
20772817	3205	2984	5	3024	0
20773115	3116	1744	2	4356	0
20773962	3531	500	0	5187	0
20774958	5479	0	0	3739	0
20775137	4357	66	0	4795	0
20775350	3602	2854	3	2759	0
20776345	4289	4246	1	682	0
20778806	4368	71	0	4779	0
20779003	4782	478	0	3958	0
20783639	3706	24	0	5488	0
20785310	6210	393	0	2615	0
20785783	3932	728	2	4556	0
20788900	3709	9	0	5500	0
20789633	3187	4450	1	1580	0
20792099	6155	249	0	2814	0
20793015	3851	2169	3	3195	0
20793030	3689	1	0	5528	0
20798595	3631	2111	3	3473	0
20798620	3357	604	1	5256	0
20798808	4914	1592	3	2709	0
20803523	4775	14	0	4429	0
20804065	3744	3939	2	1533	0
20807073	4407	286	0	4525	0
20813488	4238	3536	0	1444	0
20818935	4612	2202	0	2404	0
20821965	3913	868	1	4436	0
20824362	4401	99	1	4717	0
20830127	4523	309	0	4386	0
20833819	5524	4	0	3690	0
20835339	4609	1	0	4608	0
20837541	4315	619	1	4283	0
20837635	3678	2	0	5538	0
20837672	3541	5	0	5672	0
20837857	3754	1057	0	4407	0
20838873	4342	76	0	4800	0
20848945	4958	1	0	4259	0
20848989	3626	2	0	5590	0
20849079	3464	1909	2	3843	0
20851834	4149	1199	0	3870	0
20853579	5063	1	0	4154	0
20855188	5638	745	0	2835	0
20856845	4048	1163	0	4007	0
20857064	4773	674	1	3770	0
20857187	3882	71	0	5265	0
20857630	4219	1192	1	3806	0
20859827	3924	840	2	4452	0
20860671	4540	763	2	3913	0
20861138	4385	14	0	4819	0
20865703	7405	277	3	1533	0
20866735	3570	758	3	4887	0
20868839	4213	805	3	4197	0
20869172	3412	967	3	4836	0
20870524	3615	1543	3	4057	0
20872901	4632	1218	2	3366	0
20877812	3193	1039	0	4986	0
20883203	3791	1172	0	4255	0
20883422	3887	1756	3	3572	0
20883816	3091	5427	0	700	0
20884833	3559	540	0	5119	0
20892784	3480	2039	3	3696	0
20893965	3489	2798	1	2930	0
20898650	4163	1923	1	3131	0
20898890	4270	339	1	4608	0
20899016	5217	1526	1	2474	0
20899066	4034	1862	2	3320	0
20899167	5134	1	0	4083	0
20901000	4716	1630	2	2870	0
20902101	3881	410	1	4926	0
20902195	3434	2115	2	3667	0
20902244	3591	1732	3	3892	0
20904743	3669	3149	2	2398	0
20904858	4697	4027	0	494	0
20911404	3524	5259	0	435	0
20911830	4133	4801	0	284	0
20911872	3425	5378	0	415	0
20914451	3555	503	0	5160	0
20915701	4735	1528	1	2954	0
20917206	3281	1857	0	4080	0
20918089	3862	3037	1	2318	0
20918912	5914	232	0	3072	0
20920496	3967	1072	2	4177	0
20921903	4541	645	1	4031	0
20926687	3420	409	0	5389	0
20926957	4227	967	1	4023	0
20930035	3251	5087	1	879	0
20930228	4298	752	0	4168	0
20933592	5095	584	0	3539	0
20933596	5018	1086	1	3113	0
20934213	5107	476	0	3635	0
20934796	3501	2748	1	2968	0
20936248	4867	3448	2	901	0
20941052	4072	365	2	4779	0
20943195	3326	1113	1	4778	0
20945055	3590	1771	0	3857	0
20945520	4976	2595	1	1646	0
20945644	3843	4846	1	528	0
20945686	4019	4744	1	454	0
20946756	5003	3712	1	502	0
20951359	4540	714	0	3964	0
20957431	4404	3638	1	1175	0
20959421	3105	2417	1	3695	0
20965375	3438	4875	0	905	0
20965442	4224	1371	0	3623	0
20965771	4187	2013	1	3017	0
20965942	3633	3356	0	2229	0
20966145	3199	43	0	5976	0
20970595	4847	1123	1	3247	0
20974802	3323	1068	0	4827	0
20977000	4006	1126	1	4085	0
20980231	3738	47	0	5433	0
20980337	4983	4	0	4231	0
20980644	3879	14	0	5325	0
20980880	3554	2210	1	3453	0
20980922	3343	919	0	4956	0
20982405	6686	496	0	2036	0
20982538	3808	37	0	5373	0
20982631	3474	3326	0	2418	0
20983863	5891	546	0	2781	0
20984254	4199	1463	1	3555	0
20984554	4928	1973	1	2316	0
20986078	3390	2271	1	3556	0
20986557	5131	293	0	3794	0
20988757	3104	967	0	5147	0
20991479	3270	5935	0	13	0
20993162	3861	1784	0	3573	0
20994952	5799	274	0	3145	0
20995067	3552	726	1	4939	0
20996555	4892	4155	1	170	0
20996757	4517	1134	0	3567	0
21002613	7409	974	1	834	0
21002726	7837	199	1	1181	0
21004443	4757	46	0	4415	0
21009586	4338	2660	1	2219	0
21011182	3632	535	0	5051	0
21011510	3600	22	0	5596	0
21011814	3780	369	0	5069	0
21012097	3906	187	0	5125	0
21015685	4363	980	1	3874	0
21018485	3088	2856	2	3272	0
21020128	4089	874	1	4254	0
21020868	3593	519	0	5106	0
21022402	3066	2070	2	4080	0
21022653	4037	325	0	4856	0
21024155	2891	501	0	5826	0
21026961	4315	155	0	4748	0
21035578	4049	1088	0	4081	0
21036781	3515	650	2	5051	0
21043302	3183	3604	2	2429	0
21046569	4821	807	2	3588	0
21051715	3451	101	0	5666	0
21052693	3649	459	0	5110	0
21053397	4125	55	0	5038	0
21054726	3755	3594	1	1868	0
21060356	3616	2079	0	3523	0
21069129	6256	1394	0	1568	0
21070238	4518	167	0	4533	0
21071967	4782	402	1	4033	0
21072577	4354	3374	1	1489	0
21075458	6187	118	0	2913	0
21081119	5726	307	0	3185	0
21087927	3340	1118	1	4759	0
21087956	4130	2241	0	2847	0
21091861	4858	1564	3	2793	0
21097583	7238	0	0	1980	0
21097727	7798	615	1	804	0
21097783	7400	788	0	1030	0
21099691	7854	153	1	1210	0
21100916	5606	226	0	3386	0
21102799	7421	193	1	1603	0
21124290	5784	2083	1	1350	0
21126346	3476	3380	1	2361	0
21152384	4880	1571	0	2767	0
21155195	3867	2783	1	2567	0
21156667	4107	2766	1	2344	0
21157070	4680	10	0	4528	0
21167177	5853	194	0	3171	0
21173402	7070	602	1	1545	0
21186608	6358	1505	0	1355	0
21190512	7520	729	1	968	0
21191412	5292	6	0	3920	0
21199917	5690	2	0	3526	0
21203898	5306	2423	0	1489	0
21209769	4512	2687	1	2018	0
21211235	3641	701	1	4875	0
21213367	7388	118	0	1712	0
21213903	6165	3051	0	2	0
21214735	5103	2217	0	1898	0
21218807	4846	5	0	4367	0
21220375	4110	3072	0	2036	0
21221497	7466	901	1	850	0
21234923	7337	861	1	1019	0
21249338	5107	2	0	4109	0
21249603	3663	2417	0	3138	0
21252818	5919	2	0	3297	0
21254593	4620	2036	1	2561	0
21264378	6555	179	0	2484	0
21274671	5693	1523	3	1999	0
21276854	4572	2109	0	2537	0
21305273	5763	302	1	3152	0
21312171	6968	6	0	2244	0
21316782	3566	2318	3	3331	0
21318456	7281	927	0	1010	0
21320187	3794	197	0	5227	0
21324933	6805	230	1	2182	0
21337313	4034	1475	1	3708	0
21337322	3932	2640	0	2646	0
21355872	3606	18	0	5594	0
21364183	5461	250	0	3507	0
21365490	3821	8	0	5389	0
21375904	7273	634	0	1311	0
21395133	3880	2282	1	3055	0
21396886	7570	692	0	956	0
21400218	4947	1923	0	2348	0
21416459	5191	7	0	4020	0
21455915	3957	5257	0	4	0
21492531	3538	2435	1	3244	0
21493585	4080	513	1	4624	0
21501900	5953	5	0	3260	0
21505931	5966	1268	0	1984	0
21507888	3356	2098	0	3764	0
21519040	5820	9	0	3389	0
21522974	3456	6	0	5756	0
21534237	6692	961	0	1565	0
21541735	4679	198	0	4341	0
21544601	5785	580	1	2852	0
21544735	4313	494	1	4410	0
21548068	4309	524	1	4384	0
21551003	6480	3	0	2735	0
21551341	3967	621	1	4629	0
21558490	6971	877	1	1369	0
21559941	3114	39	0	6065	0
21560080	5455	182	0	3581	0
21569591	3662	5	0	5551	0
21571131	5354	85	0	3779	0
21571601	3748	1574	0	3896	0
21572182	5241	10	0	3967	0
21573855	3298	310	0	5610	0
21575045	4681	1978	0	2559	0
21576796	4360	517	0	4341	0
21577203	3566	2225	0	3427	0
21578095	5048	73	0	4097	0
21579334	5565	40	0	3613	0
21581021	3655	1545	0	4018	0
21581765	3262	1206	2	4748	0
21581979	3446	1807	0	3965	0
21583311	4952	2807	1	1458	0
21583925	3961	1520	1	3736	0
21583973	4125	1281	1	3811	0
21584585	4091	3287	1	1839	0
21587849	3384	1993	1	3840	0
21588116	5485	1318	3	2412	0
21588278	3980	633	0	4605	0
21590754	5192	2481	3	1542	0
21592392	3286	4032	3	1897	0
21592975	6074	116	0	3028	0
21593117	4299	3386	3	1530	0
21593773	6886	967	1	1364	0
21594962	3746	102	0	5370	0
21598136	3803	330	0	5085	0
21598160	4526	168	0	4524	0
21600677	3492	502	0	5224	0
21603881	3939	53	0	5226	0
21605441	4154	78	0	4986	0
21606783	4903	571	0	3744	0
21614970	4682	126	0	4410	0
21617245	3343	1795	0	4080	0
21622403	3341	781	0	5096	0
21625145	4313	861	1	4043	0
21626931	5070	292	0	3856	0
21628927	3560	3310	1	2347	0
21629094	3312	2379	2	3525	0
21631663	3394	1141	0	4683	0
21632470	3855	398	0	4965	0
21635416	3838	942	1	4437	0
21635529	3479	239	0	5500	0
21636746	3574	435	0	5209	0
21639167	4626	1648	2	2942	0
21639935	3736	1065	0	4417	0
21641522	5125	1569	1	2523	0
21641939	5347	79	0	3792	0
21644282	3671	74	0	5473	0
21644469	3024	85	0	6109	0
21646997	5967	1149	1	2101	0
21648615	3294	2538	1	3385	0
21649908	4803	550	0	3865	0
21651179	6647	187	0	2384	0
21651575	6002	631	0	2585	0
21652177	4097	1273	0	3848	0
21654735	3674	1421	0	4123	0
21655884	5735	458	0	3025	0
21656500	3832	614	0	4772	0
21657162	4042	2249	1	2926	0
21657239	3404	354	0	5460	0
21664279	4056	86	0	5076	0
21664909	3339	25	0	5854	0
21665942	6191	4	0	3023	0
21669790	4761	646	1	3810	0
21670235	3246	30	0	5942	0
21674005	3911	3110	0	2197	0
21678600	6546	719	0	1953	0
21680408	3566	286	0	5366	0
21681636	4182	233	0	4803	0
21682434	3459	5156	0	603	0
21685445	3104	830	0	5284	0
21687261	7177	1386	0	655	0
21688141	3303	4437	0	1478	0
21688419	6908	1319	1	990	0
21703208	4879	3443	1	895	0
21705378	3707	291	1	5219	0
21711731	4620	717	0	3881	0
21723308	7609	112	0	1497	0
21727483	4527	3797	1	893	0
21731734	3974	292	0	4952	0
21766453	4794	1548	0	2876	0
21766663	5560	1721	0	1937	0
21770035	6096	1463	1	1658	0
21780651	4061	2962	1	2194	0
21785229	3763	4059	2	1394	0
21786068	4189	2705	0	2324	0
21795388	4252	2770	0	2196	0
21796616	5554	2753	1	910	0
21801477	3842	4	0	5372	0
21804457	3176	202	0	5840	0
21805048	3445	4633	3	1137	0
21815660	3491	1068	1	4658	0
21817448	3585	13	0	5620	0
21820858	3875	197	1	5145	0
21820990	3893	3050	1	2274	0
21821005	3958	916	2	4342	0
21821757	5083	2497	4	1634	0
21821880	3116	2359	0	3743	0
21822360	4108	243	1	4866	0
21823292	5501	1852	1	1864	0
21823629	3538	4748	2	930	0
21824108	4670	2760	1	1787	0
21826566	4536	823	1	3858	0
21827233	6321	26	0	2871	0
21830659	3801	967	1	4449	0
21830942	7847	7	0	1364	0
21837755	4344	728	0	4146	0
21839690	3680	1936	1	3601	0
21840129	4451	1748	1	3018	0
21840498	5239	1702	4	2273	0
21840886	3809	2137	3	3269	0
21842892	3749	553	2	4914	0
21843401	7468	173	1	1576	0
21844297	4221	2081	3	2913	0
21847548	4513	1351	0	3354	0
21848075	3930	9	1	5278	0
21848233	5430	11	0	3777	0
21851312	3761	662	0	4795	0
21851462	3967	1756	1	3494	0
21852078	3802	2689	1	2726	0
21859210	3349	654	0	5215	0
21859450	4224	801	1	4192	0
21859507	4583	990	1	3644	0
21860986	4206	799	1	4212	0
21861656	5715	1219	2	2282	0
21862625	4507	671	1	4039	0
21862653	4301	9	0	4908	0
21863000	5034	548	0	3636	0
21863095	3662	2	0	5554	0
21863691	3795	2627	1	2795	0
21863899	4531	1	0	4686	0
21863956	4614	3256	1	1347	0
21864206	3587	387	0	5244	0
21866829	3231	618	2	5367	0
21868159	6284	1816	1	1117	0
21869773	5708	1939	1	1570	0
21870510	6012	4	0	3202	0
21873204	3577	975	1	4665	0
21874187	7195	375	1	1647	0
21875390	4511	1704	2	3001	0
21875692	5051	68	0	4099	0
21875916	3795	1874	1	3548	0
21876492	4338	799	0	4081	0
21877074	7092	819	2	1305	0
21879347	3869	2	0	5347	0
21879524	6660	497	0	2061	0
21880068	4957	722	0	3539	0
21882820	3400	1933	2	3883	0
21889340	2976	2749	3	3490	0
21889381	3617	390	2	5209	0
21889506	4125	1009	1	4083	0
21889635	3166	5629	1	422	0
21890314	3845	109	0	5264	0
21890386	6425	2203	1	589	0
21892479	3248	2355	1	3614	0
21892652	3786	2	0	5430	0
21894214	5455	586	0	3177	0
21894307	3642	1913	2	3661	0
21894735	3538	975	1	4704	0
21894816	5196	644	1	3377	0
21895008	3709	714	0	4795	0
21896767	3416	1054	2	4746	0
21899357	3088	48	0	6082	0
21899491	4250	1114	0	3854	0
21900420	3656	4300	1	1261	0
21900583	5459	667	1	3091	0
21901457	5020	3379	0	819	0
21902950	4433	1114	1	3670	0
21904374	3384	1165	1	4668	0
21904529	3172	678	2	5366	0
21904574	3269	967	0	4982	0
21907604	3594	4524	2	1098	0
21910649	4095	3636	3	1484	0
21910890	3692	2707	2	2817	0
21914362	3542	2160	2	3514	0
21917234	4431	835	0	3952	0
21921058	3510	4171	0	1537	0
21921736	3259	1025	1	4933	0
21922132	3901	1006	3	4308	0
21925506	4811	13	0	4394	0
21925603	3866	238	0	5114	0
21926498	7241	655	4	1318	0
21927848	3810	1218	1	4189	0
21933193	4308	4483	0	427	0
21935433	3642	2920	2	2654	0
21935467	3974	630	1	4613	0
21935705	4131	1573	1	3513	0
21938375	5186	1267	1	2764	0
21938828	6434	6	0	2778	0
21941023	4155	4500	1	562	0
21942404	3564	24	0	5630	0
21942600	3520	3153	1	2544	0
21942957	4600	218	0	4400	0
21942971	4154	782	0	4282	0
21943136	3601	1994	1	3622	0
21943504	3441	5183	1	593	0
21944169	3152	570	0	5496	0
21944413	4948	24	0	4246	0
21946396	3922	1519	0	3777	0
21947720	3587	621	0	5010	0
21953138	4465	3397	3	1353	0
21953436	4863	3673	1	681	0
21954294	3125	2241	1	3851	0
21958536	4252	638	0	4328	0
21958909	3353	561	0	5304	0
21959015	3789	4538	1	890	0
21959590	7229	1150	1	838	0
21961338	3580	907	2	4729	0
21964134	6603	384	0	2231	0
21966833	3848	2069	1	3300	0
21970289	4243	3633	1	1341	0
21974208	3382	3868	1	1967	0
21979230	4504	3240	3	1471	0
21983611	3455	3277	2	2484	0
21988563	3594	1300	0	4324	0
21988622	3774	4258	1	1185	0
21988976	4408	552	1	4257	0
21993250	3970	90	0	5158	0
21996670	3639	622	3	4954	0
21996848	3920	2557	1	2740	0
21997282	3605	2248	3	3362	0
21998761	2989	5970	1	258	0
21998818	2688	225	0	6305	0
21998838	3135	998	0	5085	0
22000026	4336	378	3	4501	0
22001421	5308	200	0	3710	0
22001981	7478	355	2	1383	0
22002867	6225	458	1	2534	0
22003793	4800	867	2	3549	0
22006721	3210	1397	0	4611	0
22008798	4344	503	1	4370	0
22013150	3868	15	0	5335	0
22013177	4439	110	0	4669	0
22013476	3929	10	0	5279	0
22013561	7441	1372	1	404	0
22020152	5297	307	0	3614	0
22020194	5350	228	1	3639	0
22021862	6215	228	0	2775	0
22023151	7545	1547	1	125	0
22030189	7762	353	1	1102	0
22031336	4190	11	0	5017	0
22033944	3801	1168	1	4248	0
22038094	6247	1226	5	1740	0
22040294	4137	4126	0	955	0
22040465	3004	6134	0	80	0
22040489	3126	23	0	6069	0
22041073	4548	2192	2	2476	0
22042643	7639	1324	0	255	0
22046558	7526	1067	1	624	0
22048664	6428	718	0	2072	0
22052387	4626	3511	0	1081	0
22052814	3567	864	1	4786	0
22054427	7382	1136	1	699	0
22055855	4550	344	0	4324	0
22055917	8065	909	0	244	0
22063436	3614	56	0	5548	0
22068259	3597	966	1	4654	0
22072324	4838	329	0	4051	0
22076538	3471	456	0	5291	0
22076638	4557	3160	4	1497	0
22076705	3654	4137	3	1424	0
22080775	5146	309	0	3763	0
22081011	4200	441	0	4577	0
22082664	8271	652	1	294	0
22088841	5959	2138	4	1117	0
22104971	5415	2937	3	863	0
22106775	3669	4789	0	760	0
22110418	4494	3839	0	885	0
22124166	6203	2072	3	940	0
22126329	4156	3	0	5059	0
22131536	5144	3246	0	828	0
22137861	6431	1850	0	937	0
22138198	6979	197	0	2042	0
22140348	4076	549	1	4592	0
22141983	5704	711	0	2803	0
22147077	5079	798	0	3341	0
22147764	4240	1232	0	3746	0
22148164	5111	1113	0	2994	0
22150120	3502	892	0	4824	0
22155723	3875	4012	1	1330	0
22158363	3825	2687	1	2705	0
22159709	3458	130	0	5630	0
22160111	3972	772	0	4474	0
22160723	3529	1122	0	4567	0
22160894	4467	805	0	3946	0
22166196	3607	417	0	5194	0
22166593	4856	7	0	4355	0
22168216	3391	3825	2	2000	0
22168276	3898	206	0	5114	0
22168310	3801	1065	0	4352	0
22169186	3689	246	0	5283	0
22169926	4055	167	0	4996	0
22174426	3349	1641	0	4228	0
22174600	3677	4308	1	1232	0
22177878	3778	242	0	5198	0
22183739	4003	2736	1	2478	0
22184552	3428	1001	0	4789	0
22185479	3419	793	0	5006	0
22190933	3413	1055	1	4749	0
22197336	3892	1758	1	3567	0
22198190	3518	170	0	5530	0
22199821	4853	3831	2	532	0
22200998	4776	131	0	4311	0
22203789	3712	5486	0	20	0
22206138	5906	3304	0	8	0
22208030	4157	5005	0	56	0
22216279	3451	2117	1	3649	0
22216574	2873	3654	3	2688	0
22224102	4202	1680	1	3335	0
22227091	3968	2274	3	2973	0
22228836	3208	2399	3	3608	0
22231446	3407	311	0	5500	0
22232477	6059	1215	1	1943	0
22235249	6246	5	0	2967	0
22238775	3460	2306	1	3451	0
22244023	5102	1404	3	2709	0
22246131	3294	52	0	5872	0
22249589	3878	2352	1	2987	0
22249963	4722	337	0	4159	0
22251115	4532	4568	0	118	0
22252262	4875	3401	0	942	0
22252790	4120	4981	0	117	0
22255754	3476	1557	3	4182	0
22262225	3010	887	0	5321	0
22262504	5040	423	0	3755	0
22264586	4015	5132	0	71	0
22265293	5483	1784	3	1948	0
22267908	3404	203	0	5611	0
22267966	3450	1708	3	4057	0
22271839	5039	2448	1	1730	0
22273703	4073	0	0	5145	0
22273833	3834	568	0	4816	0
22275696	4530	143	0	4545	0
22276189	4158	5003	0	57	0
22278790	3717	4628	0	873	0
22279191	3585	4740	0	893	0
22279888	3952	5176	0	90	0
22280365	6342	843	1	2032	0
22282619	3341	4982	0	895	0
22283991	3246	5260	0	712	0
22284495	4340	1468	1	3409	0
22284708	3534	5519	0	165	0
22285357	3783	584	0	4851	0
22285529	4323	62	0	4833	0
22287866	7475	116	1	1626	0
22290156	4611	1503	2	3102	0
22293056	4151	309	0	4758	0
22308516	6041	2915	0	262	0
22308704	3933	2454	0	2831	0
22308708	3961	4923	0	334	0
22321550	7573	493	0	1152	0
22328279	5074	1324	2	2818	0
22343298	4661	162	0	4395	0
22345093	4450	2731	2	2035	0
22346009	5063	127	0	4028	0
22350165	6798	424	1	1995	0
22350541	3131	5681	0	406	0
22350547	3033	1302	2	4881	0
22353136	6325	592	3	2298	0
22354110	4126	383	0	4709	0
22354277	4928	3182	1	1107	0
22354537	4885	3189	0	1144	0
22355044	4855	869	1	3493	0
22356905	6334	2204	1	679	0
22357217	3471	4374	0	1373	0
22361062	3307	3225	2	2684	0
22361845	4468	1993	3	2754	0
22365456	3892	11	0	5315	0
22368342	3627	2892	2	2697	0
22370157	3567	868	0	4783	0
22371711	6343	2469	0	406	0
22373624	6012	254	0	2952	0
22375065	3115	4832	0	1271	0
22375127	3728	1	0	5489	0
22376847	5992	3	0	3223	0
22378412	4153	105	0	4960	0
22378462	3437	22	0	5759	0
22383521	6828	139	1	2250	0
22384713	6454	193	2	2569	0
22390072	4637	4281	0	300	0
22391767	6445	119	1	2653	0
22392708	5410	4	0	3804	0
22401024	3961	602	1	4654	0
22408527	4557	4352	0	309	0
22415680	3948	4996	0	274	0
22421113	5207	552	0	3459	0
22421691	5709	7	0	3502	0
22423543	5391	591	1	3235	0
22423574	4222	1	0	4995	0
22424660	7216	14	0	1988	0
22426187	6552	1511	2	1153	0
22429552	8146	332	0	740	0
22430069	4098	484	0	4636	0
22431521	3476	7	0	5735	0
22432282	3779	5035	0	404	0
22434705	3502	5338	0	378	0
22435550	4489	4386	0	343	0
22438744	5055	52	0	4111	0
22439520	4047	3167	2	2002	0
22442025	3200	4996	0	1022	0
22442228	3393	16	0	5809	0
22442987	4233	89	0	4896	0
22443887	5628	1684	1	1905	0
22448217	3766	739	0	4713	0
22448877	3619	117	0	5482	0
22450487	3992	1140	0	4086	0
22451845	4266	3803	0	1149	0
22452211	4495	11	0	4712	0
22453324	4201	282	0	4735	0
22453640	5709	266	1	3242	0
22453842	4334	681	1	4202	0
22454325	3496	927	1	4794	0
22454484	3152	1	0	6065	0
22456970	3151	1022	1	5044	0
22457611	4634	690	1	3893	0
22463457	5368	230	1	3619	0
22465160	3933	4872	0	413	0
22466667	3391	64	0	5763	0
22472732	4321	1530	0	3367	0
22473410	4533	1589	0	3096	0
22473658	6491	1302	0	1425	0
22475816	4035	290	0	4893	0
22477493	3690	1762	2	3764	0
22480159	4938	1913	2	2365	0
22482230	4518	427	1	4272	0
22485467	4777	1780	1	2660	0
22485871	3694	1984	3	3537	0
22487036	4778	2667	1	1772	0
22487500	4180	657	1	4380	0
22488940	3635	295	0	5288	0
22490724	3572	1598	0	4048	0
22491984	3899	1792	1	3526	0
22492887	4132	1192	0	3894	0
22493672	3332	4731	1	1154	0
22493824	3315	1014	1	4888	0
22493977	6203	2706	0	309	0
22494791	5534	524	0	3160	0
22496703	4266	3849	1	1102	0
22498103	7712	589	0	917	0
22498765	3063	1825	0	4330	0
22499222	3092	922	0	5204	0
22499255	3283	2800	1	3134	0
22499530	3428	1839	0	3951	0
22500396	3935	260	0	5023	0
22501846	4067	1499	0	3652	0
22503667	3521	4231	0	1466	0
22506159	4588	4268	0	362	0
22506253	4028	2082	1	3107	0
22506709	6678	90	0	2450	0
22506851	3423	2437	0	3358	0
22508862	3540	515	0	5163	0
22509251	3351	4566	0	1301	0
22510784	6441	1287	1	1489	0
22512847	3464	4388	0	1366	0
22514236	3220	4332	1	1665	0
22516420	3226	337	0	5655	0
22518187	4544	392	0	4282	0
22518578	3302	368	0	5548	0
22519423	4016	370	0	4832	0
22522352	6284	146	0	2788	0
22522611	5897	7	0	3314	0
22522927	6677	733	0	1808	0
22523466	5563	116	0	3539	0
22523727	3559	4340	2	1317	0
22524896	3613	11	0	5594	0
22524941	4108	16	0	5094	0
22525462	6173	233	0	2812	0
22526814	7633	1118	0	467	0
22528531	4189	366	0	4663	0
22529868	3696	3983	0	1539	0
22530214	3608	12	0	5598	0
22531506	4237	4	0	4977	0
22531553	3563	1693	2	3960	0
22532190	6640	107	0	2471	0
22533106	4939	3067	2	1210	0
22533608	3140	5020	0	1058	0
22534047	4946	12	0	4260	0
22534242	4187	1967	3	3061	0
22534333	3726	233	0	5259	0
22535399	3898	825	1	4494	0
22535413	3854	755	1	4608	0
22535811	4082	3433	2	1701	0
22536534	5186	359	0	3673	0
22536643	4469	3902	2	845	0
22538597	5330	1592	3	2293	0
22538787	3915	752	1	4550	0
22538901	4410	4038	2	768	0
22539257	5327	1193	3	2695	0
22539813	4546	1324	0	3348	0
22540918	7691	1310	0	217	0
22545138	3922	332	0	4964	0
22545297	5597	1000	0	2621	0
22547290	3687	1407	3	4121	0
22547352	4283	1683	2	3250	0
22547679	2877	322	0	6019	0
22547689	2749	2639	2	3828	0
22547980	4466	1231	2	3519	0
22548342	3979	1396	3	3840	0
22549729	3500	4002	2	1714	0
22549764	2903	302	0	6013	0
22549843	3918	3965	2	1333	0
22550357	4113	1393	2	3710	0
22551813	5835	1484	2	1897	0
22551925	4198	1967	2	3051	0
22553478	3704	1288	3	4223	0
22554625	5351	2363	1	1503	0
22555597	4063	315	0	4840	0
22555993	3212	902	1	5103	0
22556224	4771	123	0	4324	0
22558081	3917	955	1	4345	0
22559930	5198	1498	0	2522	0
22563493	5469	1393	2	2354	0
22564305	4170	1575	2	3471	0
22564899	4898	480	0	3840	0
22565371	4262	1946	3	3007	0
22565425	4822	6	0	4390	0
22565664	3061	125	0	6032	0
22565754	3763	13	0	5442	0
22568747	3815	3158	0	2245	0
22569226	3900	1279	0	4039	0
22570807	4720	8	0	4490	0
22573259	7664	280	1	1273	0
22573942	5323	2395	2	1498	0
22574426	3997	1972	0	3249	0
22577425	3698	3345	0	2175	0
22578063	4290	3452	2	1474	0
22578436	4045	1323	3	3847	0
22579114	3409	1219	3	4587	0
22579798	3412	2649	1	3156	0
22587246	4046	8	0	5164	0
22587700	3590	20	0	5608	0
22587878	4300	2541	0	2377	0
22588355	3156	1648	1	4413	0
22588993	3110	4756	2	1350	0
22591456	3710	4428	0	1080	0
22593385	5836	1865	0	1517	0
22594956	4280	670	0	4268	0
22598057	3477	1130	0	4611	0
22598534	5068	837	0	3313	0
22598903	3995	359	0	4864	0
22600073	4385	1503	2	3328	0
22600167	4750	3351	0	1117	0
22600822	4405	409	0	4404	0
22601171	3732	474	0	5012	0
22602254	4064	1016	1	4137	0
22603366	4098	971	2	4147	0
22603552	3707	3872	0	1639	0
22603661	3754	1249	0	4215	0
22605024	3471	1114	2	4631	0
22605050	3520	533	0	5165	0
22607557	6319	551	0	2348	0
22609694	3381	13	0	5824	0
22612690	4292	1160	2	3764	0
22615804	5052	1244	2	2920	0
22616434	4701	3	0	4514	0
22616583	3868	1419	2	3929	0
22616978	3501	1468	0	4249	0
22620140	4167	1	0	5050	0
22621020	3770	500	0	4948	0
22622329	6354	560	1	2303	0
22622513	3628	3261	0	2329	0
22622554	3321	2413	1	3483	0
22623651	3355	1485	0	4378	0
22624557	4127	1536	2	3553	0
22624702	4125	829	1	4263	0
22625246	3803	1009	0	4406	0
22629057	5895	2610	4	709	0
22629188	3503	1735	0	3980	0
22638050	4000	1798	2	3418	0
22645889	6198	379	0	2641	0
22648029	3537	27	0	5654	0
22648411	4002	1428	0	3788	0
22651922	3718	205	1	5294	0
22652501	3620	3046	1	2551	0
22652997	3650	87	0	5481	0
22653884	3804	1857	1	3556	0
22654254	3589	3510	1	2118	0
22654533	5643	0	0	3575	0
22655179	3688	14	0	5516	0
22658301	3320	980	1	4917	0
22658485	6259	1024	1	1934	0
22659375	3819	3618	1	1780	0
22665400	5583	2246	2	1387	0
22670664	3469	2409	1	3339	0
22672846	4321	8	0	4889	0
22674370	7094	730	1	1393	0
22675221	3439	1001	1	4777	0
22675846	5657	1137	1	2423	0
22680079	7843	266	0	1109	0
22680517	4987	727	0	3504	0
22683030	3595	968	0	4655	0
22683405	4990	2816	1	1411	0
22685251	4676	1619	1	2922	0
22686493	4995	673	0	3550	0
22687651	4159	1008	1	4050	0
22688484	3598	1110	0	4510	0
22688589	4115	2037	2	3064	0
22689344	4648	747	0	3823	0
22689804	2953	1106	0	5159	0
22690417	3428	2347	0	3443	0
22690923	3501	2417	1	3299	0
22691058	4079	1510	3	3626	0
22691597	3548	1019	3	4648	0
22691606	3777	713	3	4725	0
22693334	4463	39	0	4716	0
22698447	3473	1145	3	4597	0
22700351	4179	1047	1	3991	0
22702231	3750	1104	1	4363	0
22702858	3736	787	1	4694	0
22711378	5724	618	1	2875	0
22711473	4124	1191	0	3903	0
22713451	3811	1308	0	4099	0
22714453	2790	4	0	6424	0
22714525	4066	6	0	5146	0
22715486	3404	675	1	5138	0
22717673	3443	15	0	5760	0
22718261	3901	2710	1	2606	0
22718991	4636	1452	1	3129	0
22722694	3485	1038	0	4695	0
22725825	5397	933	2	2886	0
22726495	4266	1268	2	3682	0
22726564	4622	741	3	3852	0
22728116	5274	1100	3	2841	0
22731100	4007	441	0	4770	0
22731169	4630	6	0	4582	0
22731269	3530	1284	3	4401	0
22732703	4171	3958	2	1087	0
22732749	3857	381	3	4977	0
22733144	5600	1971	1	1646	0
22734533	3933	1	0	5284	0
22734644	4424	14	0	4780	0
22734700	5780	9	0	3429	0
22734859	5077	2750	2	1389	0
22735906	4846	2227	1	2144	0
22737946	3482	35	0	5701	0
22741118	6282	426	0	2510	0
22742985	3714	4154	0	1350	0
22744686	6896	2107	0	215	0
22746686	4069	4022	0	1127	0
22753127	7053	1703	0	462	0
22758821	4236	981	0	4001	0
22760900	7700	556	1	961	0
22768784	5316	2484	1	1417	0
22774266	3744	1734	0	3740	0
22779159	3911	5284	0	23	0
22780927	4289	1182	1	3746	0
22782602	5123	1315	1	2779	0
22786476	6781	624	0	1813	0
22797062	6077	69	0	3072	0
22797835	3874	1658	0	3686	0
22798142	3792	1606	2	3818	0
22801203	4751	0	0	4467	0
22802072	5394	2613	1	1210	0
22807171	5563	1189	1	2465	0
22816233	7110	652	0	1456	0
22816324	6333	28	0	2857	0
22826672	4294	1538	1	3385	0
22835677	5012	3149	1	1056	0
22840461	5124	1592	2	2500	0
22842041	3340	2292	2	3584	0
22842411	3904	3	0	5311	0
22850031	6107	2	0	3109	0
22854070	4832	139	0	4247	0
22859840	4188	32	1	4997	0
22863296	4158	3433	1	1626	0
22863993	5765	918	0	2535	0
22869102	3748	237	1	5232	0
22871594	6738	40	0	2440	0
22872018	3548	403	0	5267	0
22872687	3550	1157	2	4509	0
22877813	3547	4540	0	1131	0
22879101	3984	65	0	5169	0
22879924	3369	5	0	5844	0
22885644	3962	1406	4	3846	0
22891409	3024	1832	1	4361	0
22894794	4338	696	0	4184	0
22895071	4143	346	0	4729	0
22899011	3543	1996	2	3677	0
22899022	3450	11	0	5757	0
22899514	4160	331	0	4727	0
22902523	3808	368	0	5042	0
22902565	3936	278	0	5004	0
22902772	3350	641	0	5227	0
22906247	3693	1287	0	4238	0
22907910	5821	5	0	3392	0
22911378	4406	1068	0	3744	0
22911834	4203	1063	0	3952	0
22914511	4353	3	0	4862	0
22915081	4949	1639	2	2628	0
22915674	4183	434	0	4601	0
22915753	3594	1937	1	3686	0
22915858	5116	317	0	3785	0
22916864	3510	833	0	4875	0
22919904	3915	1568	0	3735	0
22922026	3958	1924	2	3334	0
22922800	3470	630	0	5118	0
22923536	5535	2	0	3681	0
22923689	3549	176	0	5493	0
22925613	5019	1091	1	3107	0
22933053	4202	568	0	4448	0
22936072	4891	1540	3	2784	0
22937094	3928	1230	1	4059	0
22937818	4340	430	0	4448	0
22938356	3958	8	0	5252	0
22944024	3882	1308	2	4026	0
22944209	3675	291	1	5251	0
22944358	3281	6	0	5931	0
22952386	4339	608	1	4270	0
22958318	6770	338	1	2109	0
22959098	3285	2111	0	3822	0
22960354	5574	1775	0	1869	0
22964065	4738	15	0	4465	0
22964958	3568	2590	1	3059	0
22968815	3493	3071	0	2654	0
22971446	3933	2209	0	3076	0
22971679	4002	275	0	4941	0
22971892	4945	1957	0	2316	0
22972901	7134	178	1	1905	0
22974928	3441	3160	0	2617	0
22976240	4275	2444	0	2499	0
22978646	4740	1283	0	3195	0
22979987	4339	2301	1	2577	0
22981876	3790	836	0	4592	0
22984948	4002	8	0	5208	0
22986403	5497	491	1	3229	0
22991512	4866	1859	1	2492	0
22991921	3669	1329	1	4219	0
22996571	4423	1958	0	2837	0
22997379	4959	273	0	3986	0
23001364	4248	9	0	4961	0
23006599	4059	10	0	5149	0
23007175	4947	1254	2	3015	0
23011971	4059	2922	1	2236	0
23016006	4760	2967	1	1490	0
23016103	3692	1459	2	4065	0
23016157	3849	44	0	5325	0
23019544	7192	1272	2	752	0
23025087	3484	127	0	5607	0
23026489	3764	1548	0	3906	0
23033257	4231	2926	0	2061	0
23038972	4058	70	0	5090	0
23039909	3564	867	0	4787	0
23042471	3263	2178	0	3777	0
23044828	3856	2920	0	2442	0
23045943	2993	2424	0	3801	0
23046663	3980	70	0	5168	0
23050352	4962	2274	0	1982	0
23051671	5366	54	0	3798	0
23054157	4894	6	0	4318	0
23055360	3560	3024	0	2634	0
23057190	4227	1410	0	3581	0
23060392	3650	44	0	5524	0
23061551	3547	830	0	4841	0
23061992	4544	2092	1	2581	0
23062908	3399	2252	1	3566	0
23067044	2991	3303	0	2924	0
23068210	3779	1129	0	4310	0
23069649	3482	1328	0	4408	0
23072420	3667	845	1	4705	0
23073167	4679	58	0	4481	0
23074460	3702	68	0	5448	0
23078364	3988	87	0	5143	0
23080351	3345	5445	0	428	0
23082002	3595	5595	0	28	0
23086096	3527	1288	0	4403	0
23086763	4204	0	0	5014	0
23086883	3943	719	1	4555	0
23087244	3363	3865	0	1990	0
23092935	3812	465	2	4939	0
23094421	2795	1535	2	4886	0
23094454	3068	1368	2	4780	0
23096818	3859	668	0	4691	0
23098982	3585	994	0	4639	0
23099818	3572	2218	4	3424	0
23101688	4435	3621	2	1160	0
23101747	3386	14	0	5818	0
23102372	6264	1043	0	1911	0
23104384	4961	848	1	3408	0
23106213	2924	5531	1	762	0
23107201	4454	740	1	4023	0
23108366	6738	1685	2	793	0
23109291	5789	2892	1	536	0
23110505	3628	963	1	4626	0
23116049	3738	1666	1	3813	0
23118173	6373	750	1	2094	0
23118198	6832	134	0	2252	0
23120216	4243	942	0	4033	0
23121539	4238	667	1	4312	0
23121656	3907	710	1	4600	0
23122549	5011	869	0	3338	0
23123589	4394	3592	2	1230	0
23127876	3828	4198	2	1190	0
23128940	4556	230	1	4431	0
23132374	4644	98	0	4476	0
23132591	3340	238	1	5639	0
23134898	4137	5060	0	21	0
23136622	3855	29	0	5334	0
23137761	3650	3374	0	2194	0
23138844	4918	2571	0	1729	0
23138908	5122	829	0	3267	0
23140700	7040	1346	0	832	0
23141960	3498	3534	0	2186	0
23142496	4063	921	1	4233	0
23143647	4234	1042	0	3942	0
23144006	4100	1262	0	3856	0
23145239	3244	1378	2	4594	0
23145603	4062	3821	0	1335	0
23147541	4088	1089	1	4040	0
23155231	7125	1265	4	824	0
23156102	3528	887	2	4801	0
23156127	3437	1415	0	4366	0
23156289	3135	3041	3	3039	0
23157372	4830	78	0	4310	0
23158122	2863	2901	3	3451	0
23158137	3321	11	0	5886	0
23164095	3268	1284	0	4666	0
23164184	3029	1617	1	4571	0
23164679	3638	0	0	5580	0
23165935	3331	135	0	5752	0
23166653	4698	712	1	3807	0
23168059	3073	1408	0	4737	0
23169257	4543	2435	3	2237	0
23169503	5428	2881	0	909	0
23169528	3875	1171	2	4170	0
23171634	3623	1197	0	4398	0
23171706	4206	2607	2	2403	0
23171981	3601	441	0	5176	0
23174591	4920	1411	3	2884	0
23175994	3579	3906	1	1732	0
23176740	3835	2	0	5381	0
23182684	3675	1973	1	3569	0
23183130	3972	1911	0	3335	0
23184206	3639	3624	4	1951	0
23184754	3837	2	0	5379	0
23189059	4018	47	0	5153	0
23189123	4050	1274	2	3892	0
23192296	3427	0	0	5791	0
23198619	3527	4615	2	1074	0
23198756	3354	6	0	5858	0
23198870	4285	766	2	4165	0
23199044	3666	5420	0	132	0
23201785	4032	26	0	5160	0
23202403	3089	19	0	6110	0
23203815	3824	11	0	5383	0
23206436	3631	1	0	5586	0
23206684	3337	1020	0	4861	0
23208925	4268	848	1	4101	0
23209278	4051	2473	1	2693	0
23209450	3536	16	0	5666	0
23215180	3490	2505	1	3222	0
23216039	3246	2714	1	3257	0
23219187	5827	1575	0	1816	0
23223592	3556	34	0	5628	0
23227166	6170	1599	0	1449	0
23233600	3645	2753	2	2818	0
23240975	5099	8	0	4111	0
23245415	3219	10	0	5989	0
23247102	3485	75	0	5658	0
23247395	4761	1844	0	2613	0
23248488	5095	0	0	4123	0
23249201	3992	15	0	5211	0
23259167	3911	64	0	5243	0
23263234	3980	3780	0	1458	0
23267090	7092	865	0	1261	0
23269426	5299	1	0	3918	0
23274948	4453	3351	0	1414	0
23283076	3709	3308	0	2201	0
23283918	5874	1705	4	1635	0
23285856	3776	4195	3	1244	0
23286224	4863	2575	4	1776	0
23288580	4503	1202	1	3512	0
23289278	4804	2551	4	1859	0
23289397	6162	1693	4	1359	0
23291090	5671	3002	2	543	0
23291582	3151	3678	3	2386	0
23293248	3516	14	0	5688	0
23294671	6996	1653	2	567	0
23294839	6613	1103	3	1499	0
23300723	5002	1825	3	2388	0
23301943	3836	4136	1	1245	0
23302056	3862	4024	2	1330	0
23307462	4574	11	0	4633	0
23308742	4988	10	0	4220	0
23312025	3614	4291	2	1311	0
23345051	4097	4323	1	797	0
23365184	5057	3244	1	916	0
23370514	7271	12	0	1935	0
23371608	6650	2064	1	503	0
23371921	6202	13	0	3003	0
23375108	6730	1866	2	620	0
23386320	7140	2	0	2076	0
23405794	4353	3931	2	932	0
23405872	4502	1692	0	3024	0
23407081	4319	1895	1	3003	0
23413027	4123	3898	2	1195	0
23413458	4286	3780	2	1150	0
23414071	6760	17	0	2441	0
23416673	6130	14	0	3074	0
23418153	3012	4889	1	1316	0
23419261	5118	3067	2	1031	0
23419383	6048	2440	2	728	0
23429122	7581	857	1	779	0
23431777	4320	3957	1	940	0
23435669	4433	941	1	3843	0
23449183	7422	810	3	983	0
23466585	4588	894	2	3734	0
23471096	3898	903	1	4416	0
23471765	7263	678	2	1275	0
23477511	5079	680	1	3458	0
23485934	5430	1395	2	2391	0
23491591	7106	383	2	1727	0
23493246	6114	1611	3	1490	0
23503176	4410	1770	1	3037	0
23505894	4425	1046	2	3745	0
23507172	3786	1088	2	4342	0
23513980	4127	1558	1	3532	0
23514714	3601	2534	3	3080	0
23515216	3442	2654	3	3119	0
23515591	4053	19	0	5146	0
23523689	3387	1858	1	3972	0
23532995	3551	2617	2	3048	0
23533552	4257	686	3	4272	0
23536891	3637	2363	1	3217	0
23537555	4227	2292	1	2698	0
23537556	4198	2	0	5018	0
23539010	4140	1139	5	3934	0
23540428	3202	2962	3	3051	0
23540469	3157	3043	3	3015	0
23541108	3437	3096	3	2682	0
23541286	3876	2640	3	2699	0
23542092	4107	4228	3	880	0
23547194	3857	3490	1	1870	0
23548871	3610	4375	1	1232	0
23551359	6026	2129	4	1059	0
23551623	4382	3301	0	1535	0
23553881	5970	2214	3	1031	0
23564236	6974	10	0	2234	0
23564660	3617	123	0	5478	0
23565427	3187	996	1	5034	0
23565599	5941	766	2	2509	0
23566663	5859	867	0	2492	0
23590311	4041	14	0	5163	0
23590411	4062	14	0	5142	0
23590651	3935	4738	3	542	0
23592994	3571	5	0	5642	0
23593265	4253	27	0	4938	0
23604370	5620	818	2	2778	0
23606001	5364	23	0	3831	0
23607715	5158	23	0	4037	0
23618460	3678	80	0	5460	0
23618706	7873	227	0	1118	0
23631625	7393	448	1	1376	0
23632553	8173	5	0	1040	0
23637670	7566	6	0	1646	0
23639009	7118	262	1	1837	0
23640663	7288	263	1	1666	0
23641262	7240	12	0	1966	0
23641367	6528	657	2	2031	0
23643466	4562	1198	2	3456	0
23653427	7878	16	0	1324	0
23657535	5987	0	0	3231	0
23664511	3704	3602	2	1910	0
23669770	4394	1095	1	3728	0
23686246	3936	4759	2	521	0
23686798	7236	201	1	1780	0
23688933	4268	3127	2	1821	0
23693422	5035	2863	2	1318	0
23696152	3585	5059	1	573	0
23697617	4035	1139	1	4043	0
23698964	3987	17	0	5214	0
23700811	3609	626	0	4983	0
23701312	4056	613	1	4548	0
23708919	5569	2850	1	798	0
23708964	4688	4157	2	371	0
23710177	4296	4318	1	603	0
23710475	4782	2082	2	2352	0
23710805	4399	4333	2	484	0
23711376	5692	3082	2	442	0
23714345	4265	4486	2	465	0
23714665	4281	3975	1	961	0
23720185	5768	2114	4	1332	0
23724183	4681	2946	4	1587	0
23727348	5513	29	0	3676	0
23728914	3384	347	2	5485	0
23729339	6845	195	0	2178	0
23731819	4118	4095	2	1003	0
23732762	6716	1908	2	592	0
23734350	6696	2179	2	341	0
23735241	5285	3475	2	456	0
23742152	4485	23	0	4710	0
23743698	3735	81	0	5402	0
23745228	4972	420	0	3826	0
23746625	4996	476	0	3746	0
23747425	3569	4788	2	859	0
23747580	3831	268	0	5119	0
23747766	6126	2674	2	416	0
23748440	3963	290	2	4963	0
23748784	4091	2382	2	2743	0
23751140	6429	1778	2	1009	0
23754822	4002	294	2	4920	0
23756155	3965	4614	2	637	0
23756695	4807	3510	2	899	0
23756796	2914	18	0	6286	0
23758134	4422	4207	2	587	0
23760408	5965	2878	1	374	0
23763938	3446	2	0	5770	0
23765472	3895	4774	2	547	0
23765911	4284	41	0	4893	0
23766233	7418	1457	1	342	0
23767487	5354	186	0	3678	0
23769359	3132	4844	2	1240	0
23769982	6637	1	0	2580	0
23770820	3462	21	0	5735	0
23775296	6574	2191	2	451	0
23777674	3474	383	2	5359	0
23778362	3943	3163	4	2108	0
23786203	3388	3750	4	2076	0
23786422	5687	24	0	3507	0
23794914	7117	1622	1	478	0
23796004	3688	3510	4	2016	0
23796230	3541	12	0	5665	0
23798312	3868	4185	2	1163	0
23805293	7900	26	0	1292	0
23816120	7076	81	0	2061	0
23834486	3178	2599	2	3439	0
23836364	4048	2109	1	3060	0
23836765	3484	122	0	5612	0
23839769	3968	2260	3	2987	0
23845288	3325	608	0	5285	0
23847464	3843	2666	2	2707	0
23847529	4039	40	0	5139	0
23848042	3895	2749	3	2571	0
23849346	6765	1269	3	1181	0
23853017	3713	3326	2	2177	0
23856539	3336	332	0	5550	0
23858317	4215	321	0	4682	0
23859521	5038	1223	2	2955	0
23860033	4677	331	0	4210	0
23862329	3613	20	0	5585	0
23862563	3326	14	0	5878	0
23862653	7141	1012	2	1063	0
23875844	6733	5	0	2480	0
23880208	3687	3583	1	1947	0
23884369	3058	615	3	5542	0
23884780	3369	1098	0	4751	0
23885498	4026	4183	0	1009	0
23887205	4149	250	0	4819	0
23887880	5140	2056	2	2020	0
23890737	3183	3274	2	2759	0
23891416	3453	3029	2	2734	0
23895154	3350	330	0	5538	0
23900050	6200	1720	1	1297	0
23900543	3937	3217	2	2062	0
23902416	3407	3245	1	2565	0
23904345	3651	2906	2	2659	0
23907099	4732	1862	2	2622	0
23907661	5547	87	0	3584	0
23910105	3550	2	0	5666	0
23912167	3856	5161	0	201	0
23915060	3691	5488	0	39	0
23919553	3300	29	0	5889	0
23926256	5106	1785	2	2325	0
23927112	3394	1601	2	4221	0
23930398	3788	1583	0	3847	0
23934882	3595	49	0	5574	0
23935212	3000	88	0	6130	0
23937039	3512	4144	1	1561	0
23937261	5856	2443	1	918	0
23937567	3701	3916	1	1600	0
23939012	3682	3890	1	1645	0
23941052	4358	849	0	4011	0
23942802	3969	1596	1	3652	0
23943905	4925	3127	1	1165	0
23944851	3587	4456	1	1174	0
23950147	5132	3816	0	270	0
23950177	3884	882	1	4451	0
23951114	3974	4111	0	1133	0
23958948	5036	2436	2	1744	0
23964809	3195	1084	1	4938	0
23965195	3245	66	0	5907	0
23965517	5503	936	3	2776	0
23965704	3910	1486	1	3821	0
23966837	4800	1121	1	3296	0
23970650	3300	3016	2	2900	0
23972740	4021	1578	0	3619	0
23973285	4282	2878	4	2054	0
23973447	3764	1763	3	3688	0
23980643	3661	4	0	5553	0
23982207	6429	105	0	2684	0
23985309	3567	2814	2	2835	0
23988361	6288	641	2	2287	0
23991742	6630	672	2	1914	0
23994201	3738	2654	0	2826	0
23997640	4012	2419	0	2787	0
23998136	4273	3405	0	1540	0
24004202	3124	1242	2	4850	0
24004331	4855	977	0	3386	0
24004513	4069	3687	0	1462	0
24008755	4912	12	0	4294	0
24009544	7446	777	1	994	0
24011236	5187	14	0	4017	0
24012945	6785	792	0	1641	0
24019603	4608	4	0	4606	0
24022437	3706	2364	1	3147	0
24023132	3915	1892	0	3411	0
24023175	4381	4831	0	6	0
24025181	4663	1989	1	2565	0
24034898	5750	138	2	3328	0
24038231	3633	400	1	5184	0
24039173	3224	270	1	5723	0
24040266	6403	1269	3	1543	0
24045820	5231	2316	1	1670	0
24049595	3480	3384	1	2353	0
24051124	3892	3234	1	2091	0
24055718	4031	2788	1	2398	0
24055946	3726	1	0	5491	0
24061893	5559	14	0	3645	0
24062987	3337	2931	2	2948	0
24063467	4667	64	0	4487	0
24071171	6643	15	1	2559	0
24075122	6268	4	0	2946	0
24076043	6691	21	0	2506	0
24083649	6258	678	4	2278	0
24086597	4637	15	1	4565	0
24088128	3998	1231	0	3989	0
24088765	5585	17	1	3615	0
24100223	5104	2330	0	1784	0
24102080	3005	2033	1	4179	0
24105572	6673	0	0	2545	0
24109858	8973	12	0	233	0
24112696	3490	5	0	5723	0
24114129	3689	3061	0	2468	0
24117090	5092	1	0	4125	0
24125796	4110	52	0	5056	0
24128467	3486	5069	1	662	0
24129126	3686	1789	1	3742	0
24130313	5576	2	0	3640	0
24134007	3630	11	1	5576	0
24136545	3546	3253	3	2416	0
24140470	4143	5	0	5070	0
24143631	6590	4	0	2624	0
24148365	4641	2652	0	1925	0
24168019	3961	2314	0	2943	0
24187958	5728	1	0	3489	0
24192453	5463	455	1	3299	0
24193826	3832	646	1	4739	0
24196401	3225	3404	0	2589	0
24200606	3455	3151	0	2612	0
24200983	6190	1843	0	1185	0
24201448	6362	1650	0	1206	0
24201643	5217	1925	0	2076	0
24201920	3217	2953	0	3048	0
24213210	3404	14	0	5800	0
24214550	3511	4642	2	1063	0
24214868	5743	2882	2	591	0
24215574	4288	3982	2	946	0
24215662	5044	3442	2	730	0
24216393	5860	2780	2	576	0
24218276	4183	4191	2	842	0
24218735	4297	3688	2	1231	0
24219582	7858	945	2	413	0
24222735	3217	4609	2	1390	0
24223859	6192	2483	3	540	0
24236260	3067	63	0	6088	0
24240233	3891	5	0	5322	0
24241216	4102	5066	0	50	0
24242333	3981	5218	0	19	0
24242406	3725	5480	0	13	0
24245878	3401	1778	3	4036	0
24246801	3705	5487	0	26	0
24246872	3461	5737	0	20	0
24281021	5367	685	0	3166	0
24340654	8166	14	0	1038	0
24341379	8151	184	0	883	0
24347067	6753	966	0	1499	0
24359937	8547	89	0	582	0
24369338	4373	4	0	4841	0
24372971	5991	268	0	2959	0
24377326	3097	1495	1	4625	0
24377944	4651	1281	1	3285	0
24379553	3259	4276	1	1682	0
24379601	4084	3724	0	1410	0
24382154	6215	755	2	2246	0
24385157	4706	147	0	4365	0
24385188	4128	15	0	5075	0
24385330	3497	16	0	5705	0
24385997	4241	1313	1	3663	0
24386125	5041	1120	2	3055	0
24386367	3905	1059	1	4253	0
24386534	3844	1427	1	3946	0
24388371	3990	4914	1	313	0
24389035	6559	2479	2	178	0
24389213	3747	4704	0	767	0
24392600	4465	794	3	3956	0
24392671	4255	755	1	4207	0
24393282	3368	2390	2	3458	0
24395575	6193	769	0	2256	0
24396685	6912	1367	0	939	0
24399935	5042	1723	2	2451	0
24404988	5287	1780	2	2149	0
24405166	6366	1242	2	1608	0
24406432	4292	9	0	4917	0
24406647	3897	2282	1	3038	0
24408765	4408	1885	1	2924	0
24409165	3154	890	3	5171	0
24409191	3432	2353	1	3432	0
24411988	4274	753	3	4188	0
24412447	3887	3653	2	1676	0
24412492	3207	56	0	5955	0
24412717	3820	2955	0	2443	0
24413159	5095	1652	2	2469	0
24413717	3411	2387	1	3419	0
24414077	3618	3559	1	2040	0
24415047	4347	3540	0	1331	0
24415126	5192	2778	1	1247	0
24415723	3794	2726	1	2697	0
24416133	3342	868	2	5006	0
24417415	3302	835	0	5081	0
24417868	4309	2618	2	2289	0
24418768	4254	2052	1	2911	0
24421334	4587	1835	3	2793	0
24421474	5312	1675	1	2230	0
24422626	3378	567	2	5271	0
24424241	4287	1785	1	3145	0
24426109	4282	5	0	4931	0
24427890	5864	1212	1	2141	0
24428417	3873	1916	2	3427	0
24431956	4145	2554	4	2515	0
24433006	3482	355	0	5381	0
24433012	3511	354	1	5352	0
24436713	3579	2511	1	3127	0
24437063	4289	436	0	4493	0
24442907	3562	2775	1	2880	0
24445842	4048	112	0	5058	0
24446128	3693	2506	1	3018	0
24446271	5303	288	1	3626	0
24447116	4483	2178	2	2555	0
24447214	3957	3345	1	1915	0
24447468	4049	2025	1	3143	0
24450205	4683	167	0	4368	0
24450450	4160	11	0	5047	0
24450933	3598	981	2	4637	0
24452399	6729	454	1	2034	0
24453078	4515	2019	3	2681	0
24454688	4161	814	2	4241	0
24461056	3852	1512	2	3852	0
24461180	3843	13	0	5362	0
24461295	5027	661	0	3530	0
24463417	3698	496	1	5023	0
24463563	4114	977	0	4127	0
24465113	3493	2487	1	3237	0
24466259	3241	2637	1	3339	0
24468980	5214	11	0	3993	0
24469814	4349	3418	0	1451	0
24470393	3172	938	2	5106	0
24471256	6795	2323	1	99	0
24472083	4016	957	0	4245	0
24472154	5165	405	0	3648	0
24474114	4367	474	1	4376	0
24474523	4404	4781	1	32	0
24474722	4245	4926	0	47	0
24474767	4204	4980	1	33	0
24475252	3757	5418	1	42	0
24476370	5483	3259	2	474	0
24476886	4169	963	1	4085	0
24477457	4012	2572	3	2631	0
24479274	3537	3271	3	2407	0
24479281	3611	8	0	5599	0
24480905	4174	2720	0	2324	0
24482004	3580	575	0	5063	0
24482474	4073	1897	1	3247	0
24486660	4549	2668	0	2001	0
24487087	3829	81	0	5308	0
24488450	3596	1901	2	3719	0
24490356	4712	3234	2	1270	0
24491058	3784	3711	2	1721	0
24491888	4407	1061	0	3750	0
24495069	7355	2	0	1861	0
24496662	4828	2674	3	1713	0
24497823	7514	37	0	1667	0
24498911	7624	486	0	1108	0
24504496	6129	920	0	2169	0
24506049	3827	92	0	5299	0
24507774	3661	1990	1	3566	0
24507855	3934	1825	3	3456	0
24508710	7969	692	1	556	0
24511583	6304	1074	1	1839	0
24512055	3768	4560	1	889	0
24516489	7299	156	0	1763	0
24516880	3536	2206	2	3474	0
24518643	4250	4297	4	667	0
24519920	4283	3704	1	1230	0
24525794	4984	3617	0	617	0
24525996	4804	3033	1	1380	0
24526135	4038	891	1	4288	0
24527095	5358	933	1	2926	0
24530056	4444	1723	1	3050	0
24530964	6634	2376	0	208	0
24531634	3414	3258	3	2543	0
24532067	3511	3207	2	2498	0
24532144	4138	969	1	4110	0
24532985	3116	3479	3	2620	0
24535011	4397	2877	3	1941	0
24536670	3731	81	0	5406	0
24537614	3503	5634	0	81	0
24540430	4520	16	0	4682	0
24540521	3227	5874	0	117	0
24552835	3879	1829	1	3509	0
24555395	4965	31	0	4222	0
24556756	3974	1925	1	3318	0
24558060	4975	1796	1	2446	0
24560145	3702	5515	0	1	0
24567348	6997	652	3	1566	0
24567435	5144	1121	1	2952	0
24568090	4175	1357	2	3684	0
24568804	4898	2924	1	1395	0
24570998	3766	5	0	5447	0
24572080	4083	3491	1	1643	0
24572806	3721	3121	1	2375	0
24575345	3831	1670	2	3715	0
24577506	4002	22	0	5194	0
24579435	4647	482	1	4088	0
24580993	5608	1311	3	2296	0
24581493	3317	2151	3	3747	0
24582162	4405	522	0	4291	0
24582304	3920	2993	2	2303	0
24583452	5794	2204	3	1217	0
24584490	3760	343	0	5115	0
24587403	5791	0	0	3427	0
24588518	3951	1713	1	3553	0
24589394	4022	4876	2	318	0
24590691	5993	310	0	2915	0
24591408	3652	339	0	5227	0
24591579	3378	5777	0	63	0
24593908	6031	1462	0	1725	0
24602626	4141	173	0	4904	0
24602795	6818	2113	0	287	0
24603518	5201	3729	2	286	0
24604438	5335	1475	0	2408	0
24610659	5646	12	0	3560	0
24610941	3004	203	0	6011	0
24610975	2820	5733	0	665	0
24615552	4349	2306	2	2561	0
24616294	5313	2143	2	1760	0
24617989	3940	2360	2	2916	0
24618605	5107	2208	2	1901	0
24618879	5358	2244	2	1614	0
24620541	4216	2391	2	2609	0
24620617	3574	2627	2	3015	0
24620801	3606	1866	0	3746	0
24624870	3897	2667	0	2654	0
24626174	4140	4178	0	900	0
24627851	4378	2340	2	2498	0
24630446	4920	3	0	4295	0
24633812	5078	1944	2	2194	0
24634151	4381	847	0	3990	0
24635170	3643	2772	0	2803	0
24636150	5617	25	0	3576	0
24637571	4439	1774	3	3002	0
24638249	4607	893	1	3717	0
24640314	3539	899	1	4779	0
24640491	4545	767	1	3905	0
24641759	4415	2519	2	2282	0
24645356	3913	3885	0	1420	0
24656158	3407	3504	1	2306	0
24660459	6283	0	0	2935	0
24660531	3686	290	0	5242	0
24666934	4728	1713	1	2776	0
24667300	4385	792	0	4041	0
24667423	3576	980	0	4662	0
24668842	3240	1861	1	4116	0
24670264	5673	1032	1	2512	0
24675461	4185	574	1	4458	0
24678272	5276	591	0	3351	0
24680276	3508	328	1	5381	0
24680297	3944	168	2	5104	0
24680571	4816	187	2	4213	0
24680665	4783	1576	1	2858	0
24682201	3419	1884	1	3914	0
24683312	5055	97	0	4066	0
24683438	3349	5	0	5864	0
24684116	5078	520	1	3619	0
24686546	3235	88	0	5895	0
24687778	4256	4678	0	284	0
24687871	3294	336	2	5586	0
24688106	3855	298	3	5062	0
24691289	4483	1323	2	3410	0
24695666	3928	11	0	5279	0
24698840	6025	6	0	3187	0
24703021	5153	400	1	3664	0
24705567	4215	1816	2	3185	0
24705688	3248	670	0	5300	0
24706410	4641	1390	2	3185	0
24708304	4710	1847	1	2660	0
24708740	5114	1642	2	2460	0
24710405	5218	536	1	3463	0
24712722	6992	1435	3	788	0
24713655	2913	1458	1	4846	0
24714396	5149	1387	1	2681	0
24715828	3949	2232	3	3034	0
24718075	5588	1177	1	2452	0
24719167	5130	16	0	4072	0
24719691	3663	1456	1	4098	0
24720003	6146	2091	0	981	0
24720346	4369	1746	3	3100	0
24725076	6933	743	1	1541	0
24727235	3431	1840	2	3945	0
24727678	5721	2198	2	1297	0
24734633	5230	20	0	3968	0
24738491	4702	1498	1	3017	0
24739773	4754	1586	2	2876	0
24742112	5309	502	0	3407	0
24743603	5800	381	1	3036	0
24745112	4725	2906	3	1584	0
24749079	3683	1368	2	4165	0
24749327	5090	2934	2	1192	0
24749706	4858	1082	2	3276	0
24751197	4825	3057	2	1334	0
24752573	4522	3331	0	1365	0
24755281	4123	1748	1	3346	0
24755438	3872	1754	2	3590	0
24759429	3716	1789	2	3711	0
24759475	5804	6	0	3408	0
24759685	4160	1238	3	3817	0
24764754	4413	1633	2	3170	0
24764915	3939	1655	2	3622	0
24770594	6579	1734	3	902	0
24773634	4281	42	1	4894	0
24777573	4761	23	0	4434	0
24777645	4519	38	1	4660	0
24778811	3722	1875	2	3619	0
24780356	2968	1458	1	4791	0
24781247	3824	3001	0	2393	0
24784035	3348	9	0	5861	0
24784139	3522	1931	2	3763	0
24784197	2873	3472	0	2873	0
24785393	4453	1524	1	3240	0
24786358	3298	53	0	5867	0
24788950	5713	297	1	3207	0
24793423	5172	4	0	4042	0
24796838	4162	1097	1	3958	0
24798383	4656	2479	0	2083	0
24802000	5350	12	0	3856	0
24804018	3501	1783	2	3932	0
24806560	4495	1168	0	3555	0
24813155	3754	1703	1	3760	0
24815870	5306	451	0	3461	0
24818499	7735	756	1	726	0
24822500	5069	1061	2	3086	0
24826104	3675	2117	1	3425	0
24827829	5768	126	0	3324	0
24828929	5623	319	1	3275	0
24833936	4550	2594	3	2071	0
24838229	4182	11	0	5025	0
24842126	4597	1558	4	3059	0
24857086	5418	1359	1	2440	0
24861399	7612	29	0	1577	0
24861471	7399	33	0	1786	0
24861704	3669	2711	1	2837	0
24862489	5866	109	0	3243	0
24862643	4709	2320	1	2188	0
24863285	7392	216	1	1609	0
24864576	3864	80	0	5274	0
24866590	5103	2	0	4113	0
24867781	7244	987	1	986	0
24871730	6982	867	1	1368	0
24874674	6727	431	1	2059	0
24875490	4392	1842	2	2982	0
24876383	3507	997	0	4714	0
24877458	5040	742	2	3434	0
24878789	3947	997	0	4274	0
24880383	5635	19	0	3564	0
24880589	5021	1545	3	2649	0
24881126	3125	2239	1	3853	0
24884460	4089	2228	2	2899	0
24886818	3291	1311	1	4615	0
24887920	7219	1300	1	698	0
24891340	5244	685	1	3288	0
24894937	3405	7	0	5806	0
24894997	4465	1416	1	3336	0
24895818	4114	84	0	5020	0
24899348	3675	1743	3	3797	0
24899490	4442	553	0	4223	0
24900952	4795	2266	2	2155	0
24901121	4671	2616	1	1930	0
24901844	4627	2752	1	1838	0
24901850	4461	568	1	4188	0
24901971	4194	457	1	4566	0
24901998	3982	535	1	4700	0
24902043	3410	3687	1	2120	0
24907415	3728	3778	0	1712	0
24908535	3123	970	0	5125	0
24908959	4234	1785	1	3198	0
24911908	3335	3	0	5880	0
24912710	3381	432	0	5405	0
24912884	3835	895	1	4487	0
24917456	5239	329	1	3649	0
24917624	4889	18	0	4311	0
24920229	4005	8	1	5204	0
24922056	3702	1083	2	4431	0
24922129	3890	2149	3	3176	0
24927625	4024	1051	2	4141	0
24928693	3697	19	1	5501	0
24929676	5684	1943	0	1591	0
24932733	5410	1540	4	2264	0
24932942	3833	3031	1	2353	0
24933194	4510	1270	3	3435	0
24934435	4427	16	1	4774	0
24935022	3740	31	1	5446	0
24935570	6199	18	1	3000	0
24935648	4418	44	1	4755	0
24935678	4854	16	1	4347	0
24936293	5262	13	1	3942	0
24936412	4881	10	1	4326	0
24936544	6015	98	1	3104	0
24945855	4157	5	0	5056	0
24947289	3640	1411	2	4165	0
24947948	3319	1643	1	4255	0
24952693	4270	1256	1	3691	0
24954966	5758	2049	1	1410	0
24955492	3987	4176	0	1055	0
24959534	3941	8	0	5269	0
24970623	5077	177	0	3964	0
24971739	7125	16	0	2077	0
24986877	7610	1208	0	400	0
24992916	6280	77	0	2861	0
25005900	4818	11	0	4389	0
25012162	6183	198	0	2837	0
25012493	5996	176	1	3045	0
25015418	3108	4504	1	1605	0
25015514	4073	2723	3	2419	0
25017985	5998	173	0	3047	0
25020898	3198	66	0	5954	0
25021037	5403	1512	1	2302	0
25022055	3434	1038	0	4746	0
25022852	3428	9	0	5781	0
25022871	3564	1863	2	3789	0
25023966	5420	10	0	3788	0
25029488	5737	1230	1	2250	0
25039867	6001	16	0	3201	0
25040443	4935	16	0	4267	0
25040597	3201	3786	0	2231	0
25043780	4021	3297	2	1898	0
25044111	6332	727	1	2158	0
25044526	3994	3399	2	1823	0
25044726	3301	251	0	5666	0
25047459	3874	1531	4	3809	0
25051153	3558	2125	2	3533	0
25070230	4895	3038	4	1281	0
25070497	3635	19	0	5564	0
25073020	4335	1632	2	3249	0
25080522	5794	1081	0	2343	0
25102260	5713	6	0	3499	0
25102839	3594	8	0	5616	0
25110568	6993	11	0	2214	0
25119356	3679	70	0	5469	0
25121935	3913	4	0	5301	0
25130083	6767	1703	1	747	0
25135004	4858	2130	1	2229	0
25136713	7436	1200	4	578	0
25144573	6633	2546	0	39	0
25152420	4381	3	0	4834	0
25164113	7189	1443	4	582	0
25179505	4674	4499	0	45	0
25180321	3430	4000	4	1784	0
25182275	5096	4095	0	27	0
25182740	4861	15	0	4342	0
25183676	7310	39	0	1869	0
25184292	3278	1581	1	4358	0
25185197	7473	529	1	1215	0
25186069	5895	1167	0	2156	0
25186716	6113	1059	0	2046	0
25187878	3643	1956	3	3616	0
25187952	3377	2109	1	3731	0
25188064	3235	2150	1	3832	0
25188127	3588	1647	2	3981	0
25189302	3646	1720	3	3849	0
25189377	3195	1734	4	4285	0
25192012	4642	14	0	4562	0
25193155	3117	3902	3	2196	0
25193659	3585	17	0	5616	0
25193857	3506	5	0	5707	0
25193927	4559	2059	3	2597	0
25194299	4151	1491	3	3573	0
25194700	5481	1994	1	1742	0
25196370	3374	1853	1	3990	0
25196648	3592	5	0	5621	0
25197155	5844	1526	3	1845	0
25197586	3832	2647	3	2736	0
25199722	3273	1053	0	4892	0
25200813	4564	839	2	3813	0
25206098	5380	39	0	3799	0
25206318	6543	3	0	2672	0
25207629	5532	1555	1	2130	0
25208160	5463	652	0	3103	0
25210815	5234	1687	1	2296	0
25212673	7543	1054	2	619	0
25213379	4320	931	1	3966	0
25215989	4392	992	1	3833	0
25216494	3902	990	0	4326	0
25222379	6542	975	1	1700	0
25223045	4831	48	0	4339	0
25224010	2973	1959	4	4282	0
25224321	2991	1836	2	4389	0
25224412	6622	701	4	1891	0
25227677	4593	298	0	4327	0
25234781	3281	2928	1	3008	0
25236934	2634	6182	0	402	0
25239289	3685	259	0	5274	0
25241056	4284	2016	1	2917	0
25242193	4051	173	0	4994	0
25243598	4238	156	0	4824	0
25243767	4361	2082	0	2775	0
25251706	4507	2554	2	2155	0
25251938	4283	36	0	4899	0
25254317	4348	2623	1	2246	0
25254885	5379	45	0	3794	0
25270344	4013	814	3	4388	0
25270572	4168	2759	1	2290	0
25270583	3729	229	2	5258	0
25270831	3840	120	0	5258	0
25273200	4893	2087	0	2238	0
25277982	3424	3234	3	2557	0
25278451	6919	1525	2	772	0
25279180	3506	3177	2	2533	0
25281015	3470	666	2	5080	0
25281043	3890	3006	2	2320	0
25282961	4219	3348	2	1649	0
25283592	3736	3760	3	1719	0
25284678	3750	3653	2	1813	0
25286151	3818	3764	3	1633	0
25288485	5170	17	0	4031	0
25289427	6860	191	0	2167	0
25294345	6927	1478	1	812	0
25294878	6298	1798	4	1118	0
25295580	4280	3052	4	1882	0
25295984	6097	23	0	3098	0
25296156	7829	19	0	1370	0
25296564	5053	165	0	4000	0
25296743	3480	3627	0	2111	0
25297184	3487	3607	4	2120	0
25297283	3977	346	1	4894	0
25298408	6367	627	1	2223	0
25299473	3412	227	0	5579	0
25300541	3756	3575	4	1883	0
25301869	3409	3778	1	2030	0
25302014	3930	377	0	4911	0
25303576	6688	1645	1	884	0
25305114	3858	3520	4	1836	0
25305607	5500	2631	1	1086	0
25305673	4960	3168	3	1087	0
25306562	4765	2081	0	2372	0
25308276	3903	2245	1	3069	0
25308531	6889	379	1	1949	0
25309822	3895	2109	1	3213	0
25312028	3727	2233	1	3257	0
25312962	5547	1416	1	2254	0
25314118	4295	312	0	4611	0
25314894	3854	1526	0	3838	0
25317548	3586	9	0	5623	0
25317684	4086	473	2	4657	0
25319751	3293	1101	0	4824	0
25321218	3549	458	0	5211	0
25321597	3374	581	0	5263	0
25322176	4472	491	1	4254	0
25322574	4375	3823	1	1019	0
25322777	3778	3994	1	1445	0
25323047	3865	3956	0	1397	0
25325758	4064	780	0	4374	0
25325837	3396	3681	1	2140	0
25329752	3336	674	0	5208	0
25329778	3398	4458	1	1361	0
25331411	5475	3085	1	657	0
25331468	5192	3372	1	653	0
25331585	3225	1445	0	4548	0
25333062	3921	833	0	4464	0
25333121	4012	866	0	4340	0
25333264	4190	432	0	4596	0
25333899	5013	949	0	3256	0
25337587	7757	187	0	1274	0
25337896	4382	909	0	3927	0
25337938	3996	808	0	4414	0
25338799	4445	1131	0	3642	0
25339779	4487	788	0	3943	0
25342453	4456	94	0	4668	0
25344155	3645	1091	0	4482	0
25348657	3161	493	0	5564	0
25350497	3482	1335	1	4400	0
25351581	3371	3381	1	2465	0
25351835	3661	194	0	5363	0
25351850	3613	215	0	5390	0
25353192	4145	3486	2	1585	0
25353703	3373	393	0	5452	0
25355470	4373	2	0	4843	0
25355930	3425	329	0	5464	0
25358211	3719	3854	1	1644	0
25359373	5678	183	0	3357	0
25359929	3479	3901	1	1837	0
25363338	7171	1462	1	584	0
25363523	3295	700	1	5222	0
25363656	3619	3932	1	1666	0
25364652	3460	3595	1	2162	0
25366987	3355	2860	1	3002	0
25370521	4218	4387	1	612	0
25373716	3013	728	1	5476	0
25374180	3672	1590	3	3953	0
25375468	6112	1182	0	1924	0
25375561	5417	1783	0	2018	0
25376097	5347	658	0	3213	0
25376989	3253	2	0	5963	0
25377166	3748	3046	2	2422	0
25378668	3450	2417	0	3351	0
25380023	3362	1654	1	4201	0
25381063	4202	3871	1	1144	0
25382556	4033	1000	0	4185	0
25382618	3609	2217	0	3392	0
25384533	3413	3350	0	2455	0
25390827	3263	2759	2	3194	0
25391604	3430	1603	2	4183	0
25391629	3697	822	2	4697	0
25392127	6425	517	0	2276	0
25392364	3372	1743	0	4103	0
25393816	3865	3818	1	1534	0
25394753	4089	975	0	4154	0
25395133	3513	2668	2	3035	0
25395209	3947	955	1	4315	0
25395852	3454	959	0	4805	0
25395879	3080	1053	1	5084	0
25396833	4335	2847	0	2036	0
25396898	3172	1139	0	4907	0
25396905	3209	1002	1	5006	0
25397349	3084	1023	0	5111	0
25397774	5182	1232	2	2802	0
25397967	3321	2771	1	3125	0
25398075	3999	2556	0	2663	0
25398139	3322	2747	0	3149	0
25399089	3796	1032	1	4389	0
25400675	4056	1175	0	3987	0
25401726	5667	754	0	2797	0
25401850	5828	2150	0	1240	0
25402624	3820	1566	0	3832	0
25403885	5427	1923	2	1866	0
25406674	6624	1172	0	1422	0
25407854	3647	945	0	4626	0
25407943	3886	2713	0	2619	0
25408433	4270	2404	2	2542	0
25408685	3938	209	0	5071	0
25409607	3121	2915	0	3182	0
25413466	5763	343	1	3111	0
25418010	5597	2532	0	1089	0
25418291	4677	1679	1	2861	0
25419442	3960	4311	0	947	0
25421777	4349	703	0	4166	0
25421990	5692	1778	0	1748	0
25423335	3932	2494	0	2792	0
25423558	5536	2196	1	1485	0
25425629	4630	48	0	4540	0
25427217	3501	4064	3	1650	0
25427522	3582	81	0	5555	0
25429473	3302	4203	2	1711	0
25431725	3631	1642	2	3943	0
25433879	4070	3214	3	1931	0
25434242	4697	3054	3	1464	0
25440814	4246	7	0	4965	0
25441307	5318	72	0	3828	0
25441546	3918	51	0	5249	0
25441679	4545	17	0	4656	0
25442049	7172	47	0	1999	0
25446888	5180	62	0	3976	0
25458415	3895	2101	1	3221	0
25459432	4731	1408	1	3078	0
25460648	3295	59	0	5864	0
25461078	4341	1450	2	3425	0
25462079	5154	1304	2	2758	0
25462805	6669	31	0	2518	0
25463237	3332	59	0	5827	0
25464820	4652	1827	1	2738	0
25465981	3655	1590	2	3971	0
25466693	4116	1802	2	3298	0
25466947	3773	4389	2	1054	0
25467161	2836	126	0	6256	0
25467172	2965	87	0	6166	0
25468712	6008	10	0	3200	0
25469785	4635	32	0	4551	0
25469913	5579	1474	1	2164	0
25472465	5456	1214	3	2545	0
25486203	4009	4112	2	1095	0
25486299	5284	3181	2	751	0
25494095	5214	762	2	3240	0
25495966	3931	1369	1	3917	0
25499030	6539	935	1	1743	0
25501173	6752	3	0	2463	0
25501985	4338	13	0	4867	0
25508191	3314	1996	3	3905	0
25509184	3758	5	0	5455	0
25518026	3806	17	0	5395	0
25519623	4677	1574	1	2966	0
25521090	3384	901	1	4932	0
25525711	4472	1023	0	3723	0
25525881	5142	747	0	3329	0
25527944	3504	518	0	5196	0
25529038	3203	4796	1	1218	0
25529362	3765	34	0	5419	0
25530319	5175	44	0	3999	0
25541931	3293	4852	1	1072	0
25542074	3556	22	0	5640	0
25544541	5110	21	0	4087	0
25544703	5037	15	0	4166	0
25554230	4548	13	0	4657	0
25557104	6199	106	0	2913	0
25557165	3970	40	1	5207	0
25557681	5946	23	0	3249	0
25558152	7546	21	0	1651	0
25570081	4745	1037	1	3435	0
25570641	6128	14	0	3076	0
25581382	4560	91	1	4566	0
25674785	8064	596	1	557	0
25695835	3999	916	1	4302	0
25741629	4033	2743	1	2441	0
25758655	5773	1619	1	1825	0
25768937	4450	2584	2	2182	0
25775733	7822	710	1	685	0
25858083	3732	2544	2	2940	0
25859300	3427	2741	2	3048	0
25863377	6121	7	0	3090	0
25867632	3769	114	0	5335	0
25868887	5587	17	0	3614	0
25869262	6124	192	0	2902	0
25875682	5591	190	0	3437	0
25875756	3505	306	0	5407	0
25876463	3151	167	0	5900	0
25879656	5035	218	0	3965	0
25879894	3299	141	0	5778	0
25880906	3347	3	0	5868	0
25884497	4099	2715	4	2400	0
25885528	3493	3072	3	2650	0
25885699	4254	43	0	4921	0
25887525	5579	1758	3	1878	0
25888020	3656	7	0	5555	0
25889632	4591	2221	0	2406	0
25890835	4208	2333	0	2677	0
25891174	3509	2700	2	3007	0
25892298	3868	2761	2	2587	0
25892525	4108	2490	2	2618	0
25892880	5033	2184	2	1999	0
25894853	3348	2663	2	3205	0
25895406	3666	2713	0	2839	0
25899165	3375	2975	2	2866	0
25900215	3244	2402	0	3572	0
25900240	2892	1077	1	5248	0
25902264	4197	3744	3	1274	0
25904782	5408	2956	3	851	0
25904788	5095	3115	3	1005	0
25912408	4810	252	0	4156	0
25914219	3738	309	0	5171	0
25925112	3747	326	0	5145	0
25936563	3576	293	0	5349	0
25937641	4300	306	0	4612	0
25941014	4611	25	0	4582	0
25946759	3866	390	0	4962	0
25949680	3307	299	0	5612	0
25949766	3959	54	0	5205	0
25949775	3767	1968	3	3480	0
25949849	4537	440	0	4241	0
25949854	4731	3	0	4484	0
25950520	3456	27	0	5735	0
25950649	3423	457	0	5338	0
25950673	3520	361	0	5337	0
25951166	4660	290	0	4268	0
25951919	3570	100	0	5548	0
25965178	6131	965	3	2119	0
25965836	5129	4	0	4085	0
25973049	3858	325	0	5035	0
25973520	5076	275	0	3867	0
25978927	3931	1313	3	3971	0
25980455	4088	292	0	4838	0
25981034	5763	272	0	3183	0
25981789	3335	1665	3	4215	0
25988174	3600	341	0	5277	0
25990149	3842	288	0	5088	0
25992944	3430	1391	3	4394	0
26003101	4610	282	0	4326	0
26003756	5598	335	0	3285	0
26006875	6216	83	0	2919	0
26014024	4379	164	0	4675	0
26020784	3559	596	3	5060	0
26031338	4807	14	0	4397	0
26040514	6139	395	3	2681	0
26053712	4814	35	0	4369	0
26057309	4484	440	1	4293	0
26059650	3633	178	0	5407	0
26062656	3877	368	2	4971	0
26063654	4965	3	0	4250	0
26065150	5939	8	0	3271	0
26065286	4128	574	2	4514	0
26067461	4830	170	0	4218	0
26069415	3445	1096	1	4676	0
26069507	5655	221	0	3342	0
26074963	3520	630	2	5066	0
26075377	4024	3685	1	1508	0
26080217	5735	352	2	3129	0
26082330	3645	3829	2	1742	0
26087744	7865	858	2	493	0
26090072	4637	3743	0	838	0
26097731	5379	2007	1	1831	0
26098107	4747	3128	1	1342	0
26098350	5288	705	2	3223	0
26104973	4374	750	1	4093	0
26106232	5757	2310	1	1150	0
26110065	3464	3778	2	1974	0
26110143	3790	3495	3	1930	0
26111334	3703	11	0	5504	0
26116076	3736	4419	3	1060	0
26120317	4750	2827	2	1639	0
26120869	4597	1033	2	3586	0
26121077	3962	3082	2	2172	0
26122097	5399	2084	2	1733	0
26127425	3314	3642	2	2260	0
26131188	6480	2229	0	509	0
26139444	3928	4269	1	1020	0
26144674	4181	1014	0	4023	0
26154795	4305	91	0	4822	0
26155201	3515	4739	0	964	0
26155754	5530	4	0	3684	0
26166473	6550	8	0	2660	0
26168781	5519	2845	0	854	0
26171550	6610	423	0	2185	0
26171735	4202	8	0	5008	0
26172111	5299	682	0	3237	0
26186130	6517	20	0	2681	0
26186581	3837	40	0	5341	0
26188625	3993	2996	0	2229	0
26191774	4464	19	0	4735	0
26198270	3717	6	0	5495	0
26199392	6040	16	0	3162	0
26202426	5325	1480	0	2413	0
26203733	3901	19	0	5298	0
26207244	3203	3804	1	2210	0
26209685	7615	656	0	947	0
26210791	4666	2884	3	1665	0
26212594	3831	11	0	5376	0
26213991	3784	3219	0	2215	0
26218084	3596	3378	1	2243	0
26219848	6008	2117	1	1092	0
26224324	4320	68	0	4830	0
26224633	5277	1178	3	2760	0
26239278	3610	3465	1	2142	0
26240563	3479	27	0	5712	0
26241356	4146	53	0	5019	0
26247602	3932	47	0	5239	0
26250059	4625	3428	0	1165	0
26250570	5221	55	1	3941	0
26251094	7480	27	1	1710	0
26253553	4012	45	1	5160	0
26255661	3309	2	0	5907	0
26255731	3405	1300	0	4513	0
26258915	5397	825	3	2993	0
26260728	6859	1785	3	571	0
26260914	6460	551	1	2206	0
26263138	3663	17	0	5538	0
26266697	3482	4113	1	1622	0
26274156	4856	2678	1	1683	0
26274343	4836	2911	2	1469	0
26275548	5590	3174	0	454	0
26276335	3201	5251	0	766	0
26279095	5548	2432	2	1236	0
26283834	4004	5129	0	85	0
26283961	5128	790	2	3298	0
26286840	4935	818	2	3463	0
26295770	4954	2985	2	1277	0
26297909	3653	3731	2	1832	0
26309193	4675	3061	4	1478	0
26310213	4109	3325	1	1783	0
26310836	4927	2846	1	1444	0
26314564	3419	4835	0	964	0
26314625	3339	714	0	5165	0
26317383	3395	1116	2	4705	0
26320246	3712	5501	0	5	0
26322081	3706	389	0	5123	0
26322104	3208	101	0	5909	0
26324108	4988	3043	1	1186	0
26327751	3759	4706	0	753	0
26329063	5049	3571	0	598	0
26330924	4114	1051	1	4052	0
26335929	7567	288	1	1362	0
26343112	3591	4811	0	816	0
26344477	3425	4973	0	820	0
26345027	7055	330	1	1832	0
26347985	3398	7	0	5813	0
26349967	3386	3964	1	1867	0
26351382	6304	595	2	2317	0
26353367	4171	123	0	4924	0
26357656	3712	3954	1	1551	0
26358202	4239	115	0	4864	0
26358719	3823	1	0	5394	0
26359246	3158	5378	0	682	0
26364371	3106	4411	2	1699	0
26365374	4286	3392	2	1538	0
26371187	3974	24	0	5220	0
26373274	3494	31	0	5693	0
26374426	5200	3581	0	437	0
26375012	5844	2435	2	937	0
26376631	3971	3758	2	1487	0
26377880	3817	3711	2	1688	0
26380805	5093	3605	0	520	0
26381090	3747	66	0	5405	0
26384690	5755	605	2	2856	0
26385003	2766	1086	1	5365	0
26386297	3248	4296	2	1672	0
26387423	6849	346	0	2023	0
26390328	3866	770	1	4581	0
26391259	4778	23	0	4417	0
26399230	4139	3689	0	1390	0
26401331	6583	446	0	2189	0
26402023	3362	787	1	5068	0
26403098	3295	1017	1	4905	0
26410161	4399	559	1	4259	0
26411918	3846	759	0	4613	0
26411971	3488	892	0	4838	0
26412169	5557	75	0	3586	0
26419042	5458	79	0	3681	0
26423151	4055	90	0	5073	0
26423994	5273	24	0	3921	0
26428864	3709	749	0	4760	0
26429307	3608	17	0	5593	0
26429793	5770	6	0	3442	0
26429898	5486	429	1	3302	0
26436231	5575	373	1	3269	0
26441047	3396	1	0	5821	0
26445504	3965	591	0	4662	0
26446565	6284	345	1	2588	0
26447739	7104	1763	0	351	0
26448017	5118	4	0	4096	0
26448447	4771	642	0	3805	0
26449595	5542	515	1	3160	0
26454928	4496	84	0	4638	0
26455319	3638	706	1	4873	0
26470060	7112	2075	0	31	0
26471743	4624	3457	0	1137	0
26471821	4239	14	0	4965	0
26474439	5334	643	0	3241	0
26475257	5940	427	1	2850	0
26475521	4098	790	1	4329	0
26481589	3325	1431	0	4462	0
26482556	3585	2940	0	2693	0
26483381	3598	1724	0	3896	0
26484201	3303	1312	0	4603	0
26484721	3463	1680	0	4075	0
26486092	3773	3636	1	1808	0
26491355	4122	3453	0	1643	0
26493240	3824	3712	2	1680	0
26495550	3948	2024	1	3245	0
26496370	5555	1103	0	2560	0
26497340	4928	3387	1	902	0
26498196	5783	1297	0	2138	0
26501827	7960	431	0	827	0
26505265	3716	2012	0	3490	0
26506753	3751	1248	0	4219	0
26507853	3498	1147	0	4573	0
26511139	6029	464	0	2725	0
26512379	5487	63	0	3668	0
26515956	3445	754	1	5018	0
26516845	3588	2823	1	2806	0
26517346	3741	88	0	5389	0
26517667	4337	1414	1	3466	0
26519964	4631	3638	0	949	0
26520292	4943	239	0	4036	0
26521140	3854	527	0	4837	0
26526217	5296	1040	0	2882	0
26526348	4422	595	0	4201	0
26526439	4414	540	2	4262	0
26526554	4296	941	1	3980	0
26527163	4397	2305	1	2515	0
26527255	4574	1002	1	3641	0
26530273	6025	10	0	3183	0
26531256	6212	758	0	2248	0
26534532	3856	13	0	5349	0
26537193	3439	3006	2	2771	0
26542658	4248	15	0	4955	0
26542814	4032	4343	1	842	0
26549637	7854	128	0	1236	0
26549748	3709	891	0	4618	0
26549816	4915	448	1	3854	0
26549989	5422	507	1	3288	0
26552921	3874	541	0	4803	0
26554434	6899	266	1	2052	0
26560745	3525	945	0	4748	0
26561856	4855	635	0	3728	0
26562031	5085	3282	1	850	0
26566685	3720	4496	0	1002	0
26568542	4641	2385	0	2192	0
26570009	5769	579	1	2869	0
26573641	4621	1	0	4596	0
26576032	5587	3039	0	592	0
26576409	4966	2	0	4250	0
26578233	3539	910	0	4769	0
26580790	5530	526	0	3162	0
26582091	3545	1625	0	4048	0
26583998	3496	4675	1	1046	0
26585057	5744	3	0	3471	0
26590432	4712	619	0	3887	0
26590601	7272	247	1	1698	0
26593199	5658	49	0	3511	0
26593503	5949	452	1	2816	0
26593682	4248	11	0	4959	0
26596080	3326	851	0	5041	0
26596614	4666	634	1	3917	0
26596709	6422	1509	0	1287	0
26597435	3690	4631	1	896	0
26597673	4315	2628	0	2275	0
26599489	3477	721	1	5019	0
26600793	4657	2646	0	1915	0
26601570	3331	847	0	5040	0
26602251	5015	2291	1	1911	0
26604039	4068	22	0	5128	0
26609307	3951	4280	1	986	0
26618466	4066	4283	2	867	0
26619649	4330	1053	1	3834	0
26621101	3997	854	0	4367	0
26622889	3140	3930	2	2146	0
26622911	3287	715	0	5216	0
26627478	3436	3895	2	1885	0
26632515	3522	5675	0	21	0
26632656	4028	21	0	5169	0
26632781	3019	4145	2	2052	0
26634900	3702	4642	2	872	0
26636043	7247	375	0	1596	0
26643860	3011	4318	2	1887	0
26645970	7451	771	0	996	0
26648034	4015	3521	0	1682	0
26648088	5607	536	0	3075	0
26648328	3272	997	2	4947	0
26650550	3597	2141	0	3480	0
26655614	3884	1732	1	3601	0
26656991	6409	1099	0	1710	0
26657561	4237	3730	2	1249	0
26658391	4173	3714	0	1331	0
26663362	5571	2102	0	1545	0
26665478	3637	1678	1	3902	0
26666502	5082	758	1	3377	0
26671084	4841	880	1	3496	0
26673220	3833	1018	1	4366	0
26673466	3208	1093	1	4916	0
26676257	7833	232	0	1153	0
26679041	3205	1234	0	4779	0
26679968	3061	3757	0	2400	0
26681306	3618	3459	0	2141	0
26682034	3932	1525	0	3761	0
26683359	4294	3196	1	1727	0
26683474	3433	409	0	5376	0
26683770	5632	1255	1	2330	0
26684141	3434	1393	0	4391	0
26687288	5291	1578	0	2349	0
26689185	3741	405	0	5072	0
26689220	4848	1163	0	3207	0
26689659	3456	2056	0	3706	0
26690481	5631	2669	0	918	0
26690745	4447	3234	0	1537	0
26690864	4359	3241	0	1618	0
26691174	3923	1861	0	3434	0
26692050	5553	324	0	3341	0
26694245	3431	1803	0	3984	0
26694260	3469	1279	0	4470	0
26694932	4531	31	0	4656	0
26695295	3915	1565	0	3738	0
26696626	5378	618	0	3222	0
26698747	3952	14	0	5252	0
26700048	3596	11	0	5611	0
26703513	3997	73	0	5148	0
26707386	3540	76	0	5602	0
26709504	3671	1764	2	3781	0
26710499	8054	807	2	355	0
26712597	3894	618	0	4706	0
26714205	3748	995	0	4475	0
26715232	3649	3363	3	2203	0
26716136	3494	2024	0	3700	0
26719115	6067	1291	0	1860	0
26721287	3652	3061	1	2504	0
26722384	5026	3866	0	326	0
26725432	4541	2161	1	2515	0
26726837	5012	1997	1	2208	0
26727205	5507	1765	0	1946	0
26729692	6576	292	2	2348	0
26731940	6146	1171	1	1900	0
26732051	4421	2110	1	2686	0
26733239	4715	43	0	4460	0
26741106	6196	857	2	2163	0
26741285	5624	596	1	2997	0
26741544	6663	769	3	1783	0
26743678	6259	539	2	2418	0
26744087	3357	1024	2	4835	0
26746327	3269	3604	0	2345	0
26746807	4560	1045	4	3609	0
26747212	3669	1384	4	4161	0
26756209	7124	1581	1	512	0
26756856	5288	835	2	3093	0
26757680	7784	3	0	1431	0
26765576	6232	2450	1	535	0
26767367	3842	1447	0	3929	0
26770999	4375	1244	2	3597	0
26774159	4499	70	0	4649	0
26775223	6329	971	1	1917	0
26779270	5419	1260	0	2539	0
26785926	7448	1520	0	250	0
26795866	3678	1	0	5539	0
26797654	4581	1066	2	3569	0
26797905	3420	1492	2	4304	0
26801229	6332	630	2	2254	0
26801290	4628	258	0	4332	0
26802548	5386	1725	0	2107	0
26803633	5237	8	0	3973	0
26812892	4221	281	1	4715	0
26823580	3616	1512	2	4088	0
26825116	4244	1316	2	3656	0
26825917	3882	9	0	5327	0
26835791	5825	3030	0	363	0
26845710	5571	117	0	3530	0
26846195	3410	1616	0	4192	0
26846770	4920	47	0	4251	0
26848624	3108	5774	1	335	0
26848675	3942	1306	2	3968	0
26849906	3925	1498	2	3793	0
26850991	4543	6	0	4669	0
26855401	3770	1031	0	4417	0
26861281	4360	382	1	4475	0
26865688	4181	15	0	5022	0
26865971	5152	209	0	3857	0
26868639	3711	3956	2	1549	0
26869610	3718	3843	2	1655	0
26872832	4102	1296	0	3820	0
26873245	3694	4193	3	1328	0
26875433	3944	3790	3	1481	0
26877708	3484	1765	0	3969	0
26883511	3883	1084	2	4249	0
26884676	4538	1388	0	3292	0
26884864	3565	1866	0	3787	0
26887150	5323	1245	1	2649	0
26887592	3766	1671	1	3780	0
26887980	4001	18	0	5199	0
26893258	4544	1034	1	3639	0
26894496	4025	5	0	5188	0
26895802	4929	1403	1	2885	0
26899125	3406	2098	0	3714	0
26899444	3198	3479	2	2539	0
26901319	5309	1159	0	2750	0
26903570	4215	2238	1	2764	0
26904986	3827	3	0	5388	0
26905038	5139	1113	2	2964	0
26905567	8068	63	0	1087	0
26909666	3697	2390	2	3129	0
26909765	3787	2264	2	3165	0
26909793	3311	154	2	5751	0
26917014	5365	151	0	3702	0
26924308	6798	68	0	2352	0
26925843	4920	43	0	4255	0
26926993	3825	39	0	5354	0
26929002	4654	351	0	4213	0
26929344	6926	55	0	2237	0
26929496	3581	332	0	5305	0
26929577	5704	14	0	3500	0
26945602	7500	74	0	1644	0
26945712	7204	95	0	1919	0
26948087	4169	154	0	4895	0
26972505	5908	8	0	3302	0
26981479	6990	191	1	2036	0
26988026	5590	1108	0	2520	0
27004590	7735	57	0	1426	0
27021115	5650	197	2	3369	0
27028221	4041	368	2	4807	0
27039228	4693	258	2	4265	0
27057206	6943	2	0	2273	0
27061424	4041	55	0	5122	0
27067417	7014	769	1	1434	0
27068238	6395	191	2	2630	0
27070623	3942	264	1	5011	0
27079931	5390	265	1	3562	0
27088268	4990	340	2	3886	0
27093657	6316	602	0	2300	0
27102150	4059	10	0	5149	0
27108245	5733	252	2	3231	0
27112603	3666	0	0	5552	0
27118171	4742	325	2	4149	0
27137663	4107	386	1	4724	0
27138393	5770	228	1	3219	0
27161670	3852	3021	2	2343	0
27164335	3185	4104	1	1928	0
27169200	6047	521	3	2647	0
27169334	5357	1	0	3860	0
27180829	4796	1710	2	2710	0
27182261	5115	635	2	3466	0
27183044	3655	520	0	5043	0
27204183	4192	681	2	4343	0
27210721	3099	4345	1	1773	0
27231358	8221	36	1	960	0
27234944	3810	255	0	5153	0
27236212	5474	603	2	3139	0
27238150	3287	3915	2	2014	0
27242009	4006	1628	1	3583	0
27248645	3511	815	2	4890	0
27251003	3570	1770	1	3877	0
27252823	5827	234	2	3155	0
27266402	4002	70	0	5146	0
27270338	3929	363	1	4925	0
27278521	3993	1228	0	3997	0
27281845	5028	13	0	4177	0
27285195	3977	308	1	4932	0
27296135	3422	27	0	5769	0
27297312	6241	649	0	2328	0
27297600	3770	3	0	5445	0
27298624	3685	1213	0	4320	0
27299574	5364	5	0	3849	0
27300169	4251	13	0	4954	0
27312816	5759	328	0	3131	0
27322995	3581	11	0	5626	0
27333525	4551	49	1	4617	0
27333622	8135	66	0	1017	0
27334675	3859	21	0	5338	0
27347994	3487	1771	2	3958	0
27358792	3151	246	0	5821	0
27361219	5052	1220	2	2944	0
27366975	3065	5884	0	269	0
27367693	4296	4703	0	219	0
27372443	3933	4772	1	512	0
27374218	4115	4580	1	522	0
27375717	4165	4827	0	226	0
27375997	3948	4843	0	427	0
27377352	4052	62	0	5104	0
27378312	4410	73	0	4735	0
27378338	4101	426	0	4691	0
27384315	3821	1611	2	3784	0
27392946	4056	535	1	4626	0
27400718	4079	175	0	4964	0
27403761	7562	1113	1	542	0
27403851	6987	1611	1	619	0
27403974	4578	3708	0	932	0
27410708	4686	1435	1	3096	0
27416541	3776	1607	1	3834	0
27417917	3438	1138	0	4642	0
27418225	3193	1746	1	4278	0
27421264	4927	18	0	4273	0
27432745	4500	1251	2	3465	0
27437217	3107	1627	1	4483	0
27445285	3755	1694	2	3767	0
27449782	5347	7	0	3864	0
27451266	3884	13	0	5321	0
27459244	3836	19	0	5363	0
27466853	2901	98	0	6219	0
27468019	3754	1429	2	4033	0
27475785	3780	1409	2	4027	0
27479242	3729	1467	2	4020	0
27479852	3860	27	0	5331	0
27480107	3161	34	0	6023	0
27480227	3859	1418	2	3939	0
27497582	5035	1188	2	2993	0
27520865	4304	979	0	3935	0
27521504	3425	1645	3	4145	0
27530146	3801	1916	1	3500	0
27537101	4121	1495	1	3601	0
27540993	6676	352	1	2189	0
27543523	5184	3767	1	266	0
27543805	6470	2577	0	171	0
27543878	5854	54	1	3309	0
27548657	6710	842	1	1665	0
27575908	7140	409	1	1668	0
27576488	4351	230	0	4637	0
27583993	5211	3464	0	543	0
27588327	6041	3122	0	55	0
27595862	6620	522	1	2075	0
27610043	6189	419	0	2610	0
27610746	5816	2577	1	824	0
27623072	3131	827	0	5260	0
27635249	5485	3730	0	3	0
27637344	6364	12	0	2842	0
27637735	4885	15	0	4318	0
27638783	7147	66	0	2005	0
27647082	6236	824	2	2156	0
27655945	6026	140	1	3051	0
27662235	3606	1964	1	3647	0
27662666	3740	1881	1	3596	0
27675223	8151	723	1	343	0
27679692	3851	3310	1	2056	0
27679797	4167	3056	1	1994	0
27680108	4351	243	0	4624	0
27680292	4575	2909	3	1731	0
27682201	3474	23	0	5721	0
27688633	4202	1809	0	3207	0
27689763	3506	1827	1	3884	0
27690297	2918	2168	1	4131	0
27690359	3130	1907	1	4180	0
27690644	3960	1753	0	3505	0
27703045	4209	31	0	4978	0
27710660	3144	712	2	5360	0
27713733	5717	100	2	3399	0
27714702	5328	5	0	3885	0
27716849	4131	363	0	4724	0
27717421	4430	9	0	4779	0
27717795	5091	20	0	4107	0
27720178	4116	1239	2	3861	0
27720967	3512	189	0	5517	0
27723569	4657	120	2	4439	0
27727170	3530	4	0	5684	0
27731651	3677	722	2	4817	0
27740425	4638	522	2	4056	0
27740437	4361	64	0	4793	0
27742831	5591	401	2	3224	0
27744513	6513	316	2	2387	0
27747638	5262	473	2	3481	0
27754056	4648	204	2	4364	0
27755669	4181	502	2	4533	0
27759645	7923	149	2	1144	0
27772009	5053	386	0	3779	0
27773902	7088	247	2	1881	0
27786334	7419	271	0	1528	0
27786923	6805	2129	0	284	0
27792559	4945	382	0	3891	0
27800482	3903	587	0	4728	0
27809569	6077	248	2	2891	0
27810317	5320	402	0	3496	0
27816098	4225	482	2	4509	0
27819098	3899	123	2	5194	0
27843989	3747	425	0	5046	0
27849300	3608	416	1	5193	0
27849938	4352	108	0	4758	0
27850075	3799	404	0	5015	0
27851947	4374	13	0	4831	0
27853459	3987	4	0	5227	0
27856523	3394	14	0	5810	0
27857171	6837	227	0	2154	0
27859036	3280	508	0	5430	0
27863151	3651	39	0	5528	0
27872575	4399	61	0	4758	0
27876482	4603	3010	2	1603	0
27888588	3372	9	0	5837	0
27889517	3367	9	0	5842	0
27890533	3738	401	0	5079	0
27900753	3888	8	0	5322	0
27914691	3973	12	0	5233	0
27927062	3551	10	0	5657	0
27931698	3777	4268	2	1171	0
27937456	3421	161	0	5636	0
27944483	4106	2	0	5110	0
27945359	4314	114	0	4790	0
27951127	4833	3908	1	476	0
27958245	4159	412	1	4646	0
27960011	4821	142	1	4254	0
27961217	5467	9	0	3742	0
27963709	4838	6	0	4374	0
27971502	3908	716	0	4594	0
27972081	3861	261	0	5096	0
27972792	3368	12	0	5838	0
27973748	4312	194	0	4712	0
27974250	3850	99	0	5269	0
27975283	2800	12	1	6405	0
27975384	4222	165	0	4831	0
27978664	5111	198	0	3909	0
27981867	3778	150	0	5290	0
27983303	3618	94	0	5506	0
27989620	5255	1504	1	2458	0
27991457	5244	0	0	3974	0
27992287	3849	5314	0	55	0
27996138	3700	5505	0	13	0
27997568	4726	15	0	4477	0
27998394	3180	261	1	5776	0
28000208	3987	4938	0	293	0
28003059	5077	3931	0	210	0
28005102	3780	5433	0	5	0
28011854	4610	639	2	3967	0
28017518	7974	1198	0	46	0
28018260	7195	95	1	1927	0
28024463	5621	4	0	3593	0
28025022	5367	152	1	3698	0
28027158	6194	43	0	2981	0
28028200	5080	3904	1	233	0
28029680	6565	9	0	2644	0
28039147	4019	10	0	5189	0
28041500	6003	1	0	3214	0
28046676	5858	20	0	3340	0
28053477	5769	18	0	3431	0
28056342	4651	2401	2	2164	0
28060574	6232	113	1	2872	0
28063022	6881	132	1	2204	0
28071385	5074	1	0	4143	0
28071836	3645	255	0	5318	0
28074031	3409	242	0	5567	0
28076463	4336	242	1	4639	0
28078854	7689	66	1	1462	0
28084571	5348	235	0	3635	0
28086955	5758	3193	0	267	0
28105709	4974	231	1	4012	0
28107059	3471	275	0	5472	0
28109039	6989	11	0	2218	0
28136561	4421	2	0	4795	0
28146093	4561	2	0	4655	0
28160199	5793	728	0	2697	0
28166885	6653	0	0	2565	0
28169402	4575	267	1	4375	0
28169522	6941	0	0	2277	0
28181891	4156	238	1	4823	0
28185325	3045	928	1	5244	0
28187716	3681	667	0	4870	0
28201987	3537	464	1	5216	0
28202025	3892	150	1	5175	0
28203620	3855	1510	2	3851	0
28205884	3832	1828	3	3555	0
28209305	3404	3767	2	2045	0
28209362	3447	3448	1	2322	0
28209366	3440	3474	1	2303	0
28211384	3350	2159	4	3705	0
28211403	3135	4169	1	1913	0
28211650	3673	2140	2	3403	0
28212975	4559	1757	4	2898	0
28213157	7399	796	4	1019	0
28220474	4175	4	0	5039	0
28220484	3996	926	0	4296	0
28221437	4042	13	0	5163	0
28227665	6704	983	3	1528	0
28234026	3879	4	0	5335	0
28234054	3578	2255	3	3382	0
28234325	4001	2051	3	3163	0
28236682	3522	2210	2	3484	0
28241083	3782	270	0	5166	0
28249683	3651	5503	1	63	0
28251700	2951	1669	1	4597	0
28255308	4112	3559	2	1545	0
28257209	4443	3286	2	1487	0
28260320	6460	294	0	2464	0
28261600	4805	1167	4	3242	0
28261902	3283	2397	2	3536	0
28262409	4512	3164	0	1542	0
28263134	3819	1443	2	3954	0
28263202	7103	1491	0	624	0
28263750	3635	4303	0	1280	0
28264081	4027	3884	2	1305	0
28264249	3691	1397	2	4128	0
28267869	3501	2971	2	2744	0
28268573	3823	3960	0	1435	0
28273016	3637	3882	1	1698	0
28273363	3696	43	0	5479	0
28274984	3843	3304	3	2068	0
28276389	4994	1136	1	3087	0
28276647	3504	1440	2	4272	0
28277669	7170	765	2	1281	0
28281924	4494	1177	0	3547	0
28282206	3372	1742	1	4103	0
28282292	3530	1333	0	4355	0
28282819	3719	5402	1	96	0
28283478	3255	2200	2	3761	0
28292397	4483	11	0	4724	0
28294710	3428	1028	0	4762	0
28306023	6714	0	0	2504	0
28306250	4611	1490	2	3115	0
28310960	6584	29	2	2603	0
28311224	4631	1944	2	2641	0
28311450	8101	65	0	1052	0
28314423	5646	3555	0	17	0
28337678	4731	6	0	4481	0
28339288	5686	1002	2	2528	0
28343897	4171	988	1	4058	0
28347491	4355	1361	2	3500	0
28350291	6857	146	0	2215	0
28351417	6717	35	1	2465	0
28351830	5435	254	2	3527	0
28352647	6898	555	3	1762	0
28354570	7893	0	0	1325	0
28366015	4173	1322	2	3721	0
28366122	7028	7	0	2183	0
28366869	5780	47	1	3390	0
28371992	7395	459	3	1361	0
28377053	7018	577	2	1621	0
28390596	7342	377	1	1498	0
28405775	3660	40	0	5518	0
28405851	5620	15	1	3582	0
28406173	4248	1489	3	3478	0
28409396	7008	1205	2	1003	0
28414915	4685	547	3	3983	0
28417903	4117	289	2	4810	0
28420384	6701	580	0	1937	0
28426001	4252	1785	1	3180	0
28431100	6566	1353	2	1297	0
28432399	4735	2331	2	2150	0
28432549	5883	1472	2	1861	0
28432628	7198	1	0	2019	0
28432711	5553	1443	4	2218	0
28433304	4601	12	0	4605	0
28437234	3278	9	0	5931	0
28444074	3331	2012	2	3873	0
28450288	3842	586	1	4789	0
28452120	4463	1	0	4754	0
28452889	5324	1330	3	2561	0
28454268	5784	4	0	3430	0
28455037	5224	1467	1	2526	0
28460706	6734	492	1	1991	0
28460891	3992	63	0	5163	0
28461661	3882	2205	3	3128	0
28463207	6709	7	0	2502	0
28471443	2961	1231	1	5025	0
28474075	3585	12	0	5621	0
28476520	3719	9	0	5490	0
28483522	3982	17	0	5219	0
28484609	2965	9	0	6244	0
28487435	3463	20	0	5735	0
28489692	6375	560	1	2282	0
28493940	4086	15	0	5117	0
28500834	4112	24	0	5082	0
28509799	4311	288	0	4619	0
28514027	7604	465	2	1147	0
28519852	4632	1226	2	3358	0
28520161	3402	2197	2	3617	0
28521479	3610	4	0	5604	0
28523588	3804	267	1	5146	0
28536211	4015	1228	1	3974	0
28538204	4889	1278	2	3049	0
28547077	4705	609	1	3903	0
28549617	3936	3	0	5279	0
28555426	3536	2089	2	3591	0
28559100	3965	313	0	4940	0
28563650	4383	288	0	4547	0
28564252	3727	1819	2	3670	0
28564279	4312	1319	2	3585	0
28567501	7296	647	2	1273	0
28574356	4231	1248	2	3737	0
28575671	3491	357	0	5370	0
28578995	6417	911	1	1889	0
28581064	4609	299	0	4310	0
28585213	4233	1311	1	3673	0
28589578	3925	2482	2	2809	0
28596084	6767	898	2	1551	0
28607890	3559	173	1	5485	0
28608338	4037	206	0	4975	0
28614249	3176	17	0	6025	0
28623227	3833	2	0	5383	0
28639893	7338	913	2	965	0
28640773	4121	3667	1	1429	0
28641085	4480	16	0	4722	0
28641825	4043	1353	0	3822	0
28650377	3400	1596	1	4221	0
28657257	4500	11	0	4707	0
28659597	5652	9	0	3557	0
28659696	4406	1936	2	2874	0
28668558	3729	1561	1	3927	0
28689392	4594	707	1	3916	0
28690628	3510	1671	1	4036	0
28697305	4274	1231	0	3713	0
28729234	6515	706	1	1996	0
28729526	5969	264	1	2984	0
28729564	6298	931	1	1988	0
28736350	6023	101	1	3093	0
28738830	6519	762	0	1937	0
28739298	5088	1124	1	3005	0
28739344	5222	986	1	3009	0
28740421	4573	1699	2	2944	0
28741990	3876	1769	1	3572	0
28742322	8058	335	1	824	0
28776486	6392	92	1	2733	0
28776637	3498	1536	0	4184	0
28776684	3615	154	1	5448	0
28776743	5897	78	1	3242	0
28777863	5893	991	0	2334	0
28778443	4412	245	0	4561	0
28790176	7105	67	1	2045	0
28806620	5645	91	1	3481	0
28828893	3581	176	1	5460	0
28830901	3864	1271	0	4083	0
28835041	4768	127	1	4322	0
28848588	5265	1110	0	2843	0
28863075	5084	1014	0	3120	0
28867642	4492	1287	1	3438	0
28886637	7046	11	0	2161	0
28892518	4468	1485	1	3264	0
28898346	4741	1	0	4476	0
28901455	3919	940	0	4359	0
28939138	5121	1001	0	3096	0
28950447	3948	3	0	5267	0
28950862	4910	1155	0	3153	0
28975401	5544	778	0	2896	0
28990922	4199	3872	2	1145	0
29010147	3711	40	0	5467	0
29025747	5656	1795	3	1764	0
29038610	3906	2470	2	2840	0
29039866	5508	10	0	3700	0
29053022	6431	1254	2	1531	0
29054752	6016	1481	2	1719	0
29059362	6833	1158	3	1224	0
29060898	6762	1007	2	1447	0
29062427	5896	232	0	3090	0
29070856	5394	808	1	3015	0
29074983	4990	2091	3	2134	0
29075292	4249	4452	0	517	0
29076872	6884	13	0	2321	0
29080166	4738	2434	3	2043	0
29100792	6806	1313	3	1096	0
29101598	4106	12	0	5100	0
29107895	3805	2883	2	2528	0
29110113	3561	5	0	5652	0
29115265	3808	16	0	5394	0
29122214	2995	813	0	5410	0
29123013	6120	437	0	2661	0
29137280	4875	227	0	4116	0
29138975	5998	2937	1	282	0
29139756	3312	1420	1	4485	0
29140663	3824	2	0	5392	0
29141155	3529	4794	1	894	0
29145124	2895	1180	1	5142	0
29145188	4861	2430	4	1923	0
29145499	3386	7	0	5825	0
29151183	7370	985	2	861	0
29160102	3387	2042	3	3786	0
29160739	3147	17	0	6054	0
29161609	3919	1561	1	3737	0
29164561	6908	1384	4	922	0
29166138	3527	1935	1	3755	0
29168054	3794	1342	1	4081	0
29169559	5261	1310	3	2644	0
29170005	3664	5032	1	521	0
29170495	6068	156	0	2994	0
29172624	3417	2830	4	2967	0
29172715	3562	2907	2	2747	0
29173922	4179	1421	1	3617	0
29174044	4193	2311	4	2710	0
29174946	3996	2864	2	2356	0
29175000	5396	1848	4	1970	0
29175052	4140	4105	1	972	0
29175373	4477	3650	1	1090	0
29175461	4176	2518	4	2520	0
29180014	5271	212	1	3734	0
29181525	3641	3080	2	2495	0
29182525	6170	34	0	3014	0
29187373	6472	18	0	2728	0
29191292	6667	506	1	2044	0
29192722	5200	434	1	3583	0
29203907	4017	473	0	4728	0
29208956	4474	346	1	4397	0
29210258	3317	90	0	5811	0
29211252	3364	866	0	4988	0
29213334	5014	268	0	3936	0
29215040	5104	0	0	4114	0
29220270	2983	4302	0	1933	0
29221398	5994	2	0	3222	0
29228831	3459	5230	0	529	0
29232739	3797	338	1	5082	0
29237229	5176	740	1	3301	0
29241804	3526	7	0	5685	0
29244451	4070	3804	1	1343	0
29245406	5081	1324	0	2813	0
29253081	5767	0	0	3451	0
29259973	3546	9	0	5663	0
29262533	6620	1972	1	625	0
29272057	5922	1063	0	2233	0
29283564	3918	2163	1	3136	0
29288008	3879	348	1	4990	0
29292857	7190	43	0	1985	0
29293271	3505	1083	1	4629	0
29293937	6741	974	1	1502	0
29294044	4581	789	0	3848	0
29296948	8001	902	1	314	0
29299009	7793	84	1	1340	0
29319480	7137	848	1	1232	0
29332725	8008	130	0	1080	0
29335039	3762	1063	1	4392	0
29339099	7590	347	1	1280	0
29363985	5110	1109	1	2998	0
29369884	4442	1277	2	3497	0
29371499	7365	1434	1	418	0
29384989	4516	102	0	4600	0
29388414	7336	337	1	1544	0
29390728	4951	1107	1	3159	0
29391396	6047	1103	1	2067	0
29394695	4851	589	1	3777	0
29396947	6059	173	0	2986	0
29400958	4986	167	1	4064	0
29411012	5929	234	1	3054	0
29416443	4271	133	0	4814	0
29418033	4647	3779	0	792	0
29422804	3810	20	0	5388	0
29423986	5341	5	0	3872	0
29425833	5593	1198	0	2427	0
29428942	4713	440	0	4065	0
29429004	3669	2658	1	2890	0
29435916	3282	13	0	5923	0
29443723	3986	4163	1	1068	0
29445514	5561	2168	3	1486	0
29446811	3618	4447	1	1152	0
29461133	4125	590	1	4502	0
29464954	5263	1452	0	2503	0
29472435	3467	1638	0	4113	0
29475341	2908	4244	0	2066	0
29477227	3314	489	1	5414	0
29478419	5141	2574	0	1503	0
29478861	4504	8	0	4706	0
29479004	5432	3	0	3783	0
29492852	5309	5	0	3904	0
29497820	3446	3825	0	1947	0
29503214	3530	1339	1	4348	0
29505613	3688	318	1	5211	0
29507100	6695	1984	0	539	0
29523949	3759	182	0	5277	0
29529699	3207	4666	1	1344	0
29529943	3245	2273	0	3700	0
29531287	3013	5024	1	1180	0
29533080	4648	1211	0	3359	0
29536887	3615	5	0	5598	0
29542435	4029	4888	0	301	0
29542637	3201	4933	0	1084	0
29549996	5389	552	0	3277	0
29550902	3265	4840	1	1112	0
29550973	4061	4108	0	1049	0
29556158	5925	1017	0	2276	0
29558230	5233	1652	0	2333	0
29558468	6016	166	1	3035	0
29559397	3255	4781	0	1182	0
29562070	4399	3959	0	860	0
29566552	3171	4855	1	1191	0
29569212	3476	4097	1	1644	0
29569235	3150	5736	1	331	0
29570419	4021	3946	0	1251	0
29571788	3466	4429	0	1323	0
29572838	4943	646	0	3629	0
29575605	4822	887	1	3508	0
29576784	3921	2351	1	2945	0
29579826	3492	4352	0	1374	0
29580348	3886	3872	0	1460	0
29581381	4484	519	0	4215	0
29594563	3852	3899	2	1465	0
29596326	5413	349	1	3455	0
29603999	8002	1006	0	210	0
29607279	3639	3069	1	2509	0
29614767	3362	1239	0	4617	0
29616318	3700	852	0	4666	0
29624094	3550	1341	1	4326	0
29624313	3215	1427	0	4576	0
29625375	6868	1004	2	1344	0
29627027	3827	57	0	5334	0
29628553	6169	77	0	2972	0
29630956	3394	1335	2	4487	0
29631050	4250	2346	1	2621	0
29631909	4354	1252	1	3611	0
29632400	6261	419	2	2536	0
29632600	3927	2205	3	3083	0
29636881	4892	11	0	4315	0
29636976	4193	485	0	4540	0
29640429	3839	18	0	5361	0
29640621	3890	639	1	4688	0
29640932	3991	1706	2	3519	0
29642318	4431	1560	1	3226	0
29643881	3297	5204	0	717	0
29645881	3579	95	0	5544	0
29646127	3646	2597	1	2974	0
29651392	3932	615	1	4670	0
29653836	3777	2151	1	3289	0
29655656	5936	703	3	2576	0
29655746	7269	395	3	1551	0
29661981	6015	57	0	3146	0
29662770	4263	1792	4	3159	0
29662831	4280	1768	4	3166	0
29668336	3998	2005	4	3211	0
29674304	3886	2	0	5330	0
29674525	3218	5546	1	453	0
29674553	3444	5289	1	484	0
29678318	3469	17	0	5732	0
29678361	3987	2397	1	2833	0
29678774	3450	2210	1	3557	0
29684158	3668	5145	1	404	0
29685790	3028	2912	2	3276	0
29692270	3527	2452	1	3238	0
29693481	4048	13	0	5157	0
29694741	5366	1740	1	2111	0
29694885	3527	8	0	5683	0
29696498	4376	2152	1	2689	0
29696605	3720	25	0	5473	0
29707412	3995	2178	1	3044	0
29708233	5137	2130	1	1950	0
29711466	3705	610	1	4902	0
29714206	3869	3004	2	2343	0
29718655	3709	2806	2	2701	0
29719475	6947	1274	4	993	0
29720042	3922	21	0	5275	0
29721894	5984	962	0	2272	0
29722553	4027	1755	4	3432	0
29732223	4104	1489	0	3625	0
29732899	5364	563	1	3290	0
29733999	5212	1	0	4005	0
29736216	3193	1591	0	4434	0
29741777	4743	11	0	4464	0
29741842	3694	8	0	5516	0
29742743	3280	4960	1	977	0
29743408	4556	3297	0	1365	0
29743630	4223	1801	1	3193	0
29744277	4728	15	0	4475	0
29744397	5046	543	1	3628	0
29750295	6821	3	0	2394	0
29750448	3743	4517	2	956	0
29750534	4999	2462	2	1755	0
29750827	3560	953	1	4704	0
29751247	5856	1143	3	2216	0
29751583	3980	1620	1	3617	0
29751812	4657	0	0	4561	0
29751838	5168	1486	1	2563	0
29752170	5768	1	0	3449	0
29752525	4845	421	0	3952	0
29753125	5389	828	2	2999	0
29753828	3086	570	0	5562	0
29754510	6479	975	0	1764	0
29755064	4229	1491	1	3497	0
29755695	3844	1390	3	3981	0
29756066	5746	1703	3	1766	0
29756245	3210	5	0	6003	0
29758457	3647	1087	1	4483	0
29761148	3700	930	1	4587	0
29761294	5512	911	3	2792	0
29762607	5638	692	2	2886	0
29763065	4805	987	3	3423	0
29765644	4618	653	2	3945	0
29766120	3681	1380	0	4157	0
29766149	3361	2888	2	2967	0
29767408	7901	531	1	785	0
29769822	4216	1186	0	3816	0
29770078	4349	1094	2	3773	0
29771257	4831	813	1	3573	0
29773040	3737	3710	0	1771	0
29774207	4310	1396	0	3512	0
29774287	4136	1873	1	3208	0
29776817	5096	3	0	4119	0
29777397	3044	2421	0	3753	0
29778981	5350	2087	1	1780	0
29779305	3451	775	0	4992	0
29780573	3596	3486	0	2136	0
29780757	3842	1304	0	4072	0
29781080	4156	6	0	5056	0
29781221	5389	1936	1	1892	0
29782051	3920	459	1	4838	0
29783324	5505	351	2	3360	0
29783394	3570	476	0	5172	0
29783558	3795	424	1	4998	0
29783755	3642	2043	0	3533	0
29784073	3105	518	2	5593	0
29784150	3356	904	0	4958	0
29787779	3612	202	1	5403	0
29789167	4823	2230	2	2163	0
29789248	5068	1978	2	2170	0
29789343	3425	3371	2	2420	0
29789525	5071	6	0	4141	0
29793205	3961	2412	2	2843	0
29793724	5092	161	1	3964	0
29794247	3929	710	0	4579	0
29794279	3606	2615	2	2995	0
29794648	4771	1825	2	2620	0
29794729	3952	166	1	5099	0
29794833	3616	488	1	5113	0
29796218	3696	4910	0	612	0
29797929	5089	234	0	3895	0
29799510	6358	2654	0	206	0
29800176	5034	48	0	4136	0
29801397	6006	2114	3	1095	0
29802337	4675	395	1	4147	0
29806634	4731	4070	0	417	0
29808703	4289	1	0	4928	0
29809929	4461	12	0	4745	0
29810250	3444	426	0	5348	0
29812405	3948	1297	0	3973	0
29815645	4342	210	0	4666	0
29827798	3635	1490	0	4093	0
29828962	4711	47	0	4460	0
29843193	3673	103	0	5442	0
29847040	3577	582	2	5057	0
29849150	4379	619	1	4219	0
29851736	5931	384	1	2902	0
29854687	4839	1165	1	3213	0
29854740	4152	1359	1	3706	0
29855485	4125	1260	1	3832	0
29858940	3439	1335	1	4443	0
29860614	4537	1328	2	3351	0
29861806	7635	1	0	1582	0
29865107	3722	1572	1	3923	0
29865177	3619	36	0	5563	0
29866447	4796	949	2	3471	0
29866892	3566	75	0	5577	0
29867386	6078	49	0	3091	0
29867522	3552	2766	0	2900	0
29867677	5379	2409	1	1429	0
29868073	4105	2036	1	3076	0
29870454	4873	1817	2	2526	0
29870824	4284	2037	1	2896	0
29871588	4996	2373	1	1848	0
29874354	4625	2252	3	2338	0
