ind	co1	co2
22182	11.901615925576058	11.901615925576058
44312	0.11033712123760543	0.11033712123760543
36328	0.042769763788498005	0.042769763788498005
33946	23.233252030817443	23.233252030817443
38639	0.3798901193128216	0.3798901193128216
4639	6.5840102421884925	6.5840102421884925
29565	2.066613050077591	2.066613050077591
23163	0.018316057836518886	0.018316057836518886
7807	0.010119964527144455	0.010119964527144455
7572	2.0222108276942006	2.0222108276942006
1629	0.010119953708738952	0.010119953708738952
34120	0.3729908035135761	0.3729908035135761
45324	0.010000000802733352	0.010000000802733352
8016	6.318466461484954	6.318466461484954
20176	2.9243089729014557	2.9243089729014557
15384	0.015244183241863295	0.015244183241863295
34833	0.020504976779445523	0.020504976779445523
19888	0.0105288373330018	0.0105288373330018
29663	5.08130893528114	5.08130893528114
22812	6.888081869864678	6.888081869864678
20242	5.562047801034885	5.562047801034885
16659	0.19325310410370455	0.19325310410370455
6370	0.010671406252711731	0.010671406252711731
584	0.8256987248176284	0.8256987248176284
7822	0.4073587788584267	0.4073587788584267
39766	16.82286731137916	16.82286731137916
20389	0.4966218912687627	0.4966218912687627
29418	3.095970911865813	3.095970911865813
38264	0.08162144397837383	0.08162144397837383
2627	4.4443872180611805	4.4443872180611805
1423	0.010003390029219753	0.010003390029219753
2165	1.4035671934144973	1.4035671934144973
839	0.41898043187709005	0.41898043187709005
33622	0.02565317619658323	0.02565317619658323
5276	0.14073903973461518	0.14073903973461518
5419	0.12005107960891508	0.12005107960891508
29813	5.089247675348103	5.089247675348103
35963	0.010494319379872937	0.010494319379872937
30411	2.145060279448398	2.145060279448398
17299	4.145024447687172	4.145024447687172
20355	0.09330271944711332	0.09330271944711332
26395	8.543955866717843	8.543955866717843
29597	0.010313983438783538	0.010313983438783538
11187	0.45467846797875466	0.45467846797875466
22341	0.1566836910902852	0.1566836910902852
42137	0.0859869840142771	0.0859869840142771
28654	0.09009790599599589	0.09009790599599589
23841	0.6017199187388735	0.6017199187388735
43344	2.2230202346586174	2.2230202346586174
9818	1.4904538155929592	1.4904538155929592
36307	0.0668956549312996	0.0668956549312996
41188	0.06889006783580508	0.06889006783580508
11559	0.025883042921395136	0.025883042921395136
9257	0.21358387307225463	0.21358387307225463
9334	0.012487264753957748	0.012487264753957748
30345	2.295269703308058	2.295269703308058
33909	0.9542724743352444	0.9542724743352444
3773	0.010033084801374582	0.010033084801374582
32961	2.2726749146182392	2.2726749146182392
18474	1.995673227050839	1.995673227050839
21785	7.502330354146263	7.502330354146263
6146	0.01085308641433508	0.01085308641433508
3484	22.325045468150805	22.325045468150805
27441	0.010000017784955685	0.010000017784955685
30130	10.265435020981466	10.265435020981466
36776	1.194970831594939	1.194970831594939
43536	0.018660942348317514	0.018660942348317514
27339	0.04084062111254528	0.04084062111254528
19755	1.310384316718051	1.310384316718051
13561	5.62007576515457	5.62007576515457
38844	2.7278293953400925	2.7278293953400925
44568	0.010111044393510345	0.010111044393510345
33071	0.012210793283860216	0.012210793283860216
40682	0.7930036791268253	0.7930036791268253
15450	0.020536487784381656	0.020536487784381656
36493	0.022753240052247343	0.022753240052247343
2885	0.10451982028445891	0.10451982028445891
31758	0.010684481169802593	0.010684481169802593
36397	1.608940702212323	1.608940702212323
35965	0.010000429819180805	0.010000429819180805
18776	1.5970208829731578	1.5970208829731578
1991	0.012006484295194707	0.012006484295194707
25848	2.4263891425483433	2.4263891425483433
5208	2.787236190380446	2.787236190380446
27554	0.06966148431236042	0.06966148431236042
42178	4.413239724082082	4.413239724082082
13553	1.6877400576163655	1.6877400576163655
3098	0.010000043618759022	0.010000043618759022
32049	0.031152065858601544	0.031152065858601544
5178	3.010176368480694	3.010176368480694
3696	0.0584874022612836	0.0584874022612836
26932	0.01000000015139992	0.01000000015139992
25545	0.010892936284930899	0.010892936284930899
41329	3.3861329402605795	3.3861329402605795
41164	2.161474732150096	2.161474732150096
16467	1.2849355732793488	1.2849355732793488
7358	0.0100055489547932	0.0100055489547932
34336	0.2969148310883901	0.2969148310883901
13667	0.05813145185143238	0.05813145185143238
23260	0.019553766834089284	0.019553766834089284
40055	0.5950582074652073	0.5950582074652073
21333	0.013945234603288375	0.013945234603288375
13241	2.16578619559022	2.16578619559022
4330	0.010003380674666164	0.010003380674666164
34571	0.23436682190140162	0.23436682190140162
45310	11.247127165759245	11.247127165759245
32180	0.1966924417398932	0.1966924417398932
24328	0.013819869577912912	0.013819869577912912
30623	0.46040142585881977	0.46040142585881977
17667	0.36947943881708184	0.36947943881708184
18744	0.12830160859185274	0.12830160859185274
44597	0.8682050431945981	0.8682050431945981
43515	23.294589040889765	23.294589040889765
12640	3.2493562003178504	3.2493562003178504
13821	6.638466568677033	6.638466568677033
24921	0.21757232910741378	0.21757232910741378
5353	0.7846426939973067	0.7846426939973067
6356	0.010129424081239879	0.010129424081239879
1813	0.023581541651842515	0.023581541651842515
22807	0.011170748282977459	0.011170748282977459
34197	0.02679399569114045	0.02679399569114045
45243	5.7151539450125055	5.7151539450125055
41990	3.472129737223498	3.472129737223498
17724	0.012439325532987931	0.012439325532987931
17478	0.40481773728467557	0.40481773728467557
17328	21.38865344130431	21.38865344130431
35362	0.39050247995275655	0.39050247995275655
4119	5.915512207458479	5.915512207458479
28558	12.731270986259979	12.731270986259979
45164	0.06510462088186778	0.06510462088186778
31218	11.301077406733523	11.301077406733523
25325	0.0513128088099779	0.0513128088099779
44618	0.09465177117727233	0.09465177117727233
15250	0.15750808611680803	0.15750808611680803
3456	0.010000000945532023	0.010000000945532023
12423	0.10397994559984396	0.10397994559984396
17580	1.068713998956999	1.068713998956999
45072	2.6751449946713226	2.6751449946713226
21700	5.966368132289745	5.966368132289745
41043	0.8535163220391059	0.8535163220391059
19356	1.7382541292645495	1.7382541292645495
26721	0.035116198889779175	0.035116198889779175
15498	0.1637983664544543	0.1637983664544543
5492	0.4794539103748571	0.4794539103748571
44159	0.010020229032527458	0.010020229032527458
26299	0.017575956829225248	0.017575956829225248
14699	0.010000003186652352	0.010000003186652352
9385	2.643195418509962	2.643195418509962
583	11.285016709515537	11.285016709515537
22183	1.3998562654917828	1.3998562654917828
13992	0.6165857898164355	0.6165857898164355
31336	0.024565338861461714	0.024565338861461714
40455	0.3554751531802652	0.3554751531802652
21416	0.07940582445846647	0.07940582445846647
18036	0.011098293651435718	0.011098293651435718
19203	0.010001784534668292	0.010001784534668292
33686	10.544436331312806	10.544436331312806
26188	0.18084155252792178	0.18084155252792178
28631	1.1668427660608667	1.1668427660608667
27655	8.54252729643182	8.54252729643182
44308	15.833268081153545	15.833268081153545
1306	0.042396042538788564	0.042396042538788564
22662	0.178520536033872	0.178520536033872
11751	0.03853532524085417	0.03853532524085417
31156	0.09758142213392948	0.09758142213392948
7343	18.652030573957166	18.652030573957166
28577	0.49861793834181317	0.49861793834181317
4676	4.6338462855972695	4.6338462855972695
13581	1.1865710113579815	1.1865710113579815
39875	0.9379645003695918	0.9379645003695918
13457	0.04307851425315541	0.04307851425315541
8132	0.05329662324042507	0.05329662324042507
40421	14.049890402126005	14.049890402126005
17887	0.01022883763730649	0.01022883763730649
8502	0.20061266099070918	0.20061266099070918
10152	0.010695176892581672	0.010695176892581672
38881	1.6457713824288842	1.6457713824288842
5042	4.550179294273571	4.550179294273571
32778	1.8887762784314146	1.8887762784314146
38261	2.1251839280721745	2.1251839280721745
33422	4.884129157608494	4.884129157608494
43489	7.2586176862127685	7.2586176862127685
22568	0.230560821169545	0.230560821169545
23189	0.01240963988388051	0.01240963988388051
24360	10.857597062260716	10.857597062260716
38505	0.010144279418854039	0.010144279418854039
14610	0.8101077621661487	0.8101077621661487
34859	3.800338110670099	3.800338110670099
6292	0.012858248808717544	0.012858248808717544
36241	0.9311491877755862	0.9311491877755862
44677	0.05191346954944873	0.05191346954944873
40274	0.09147159008325596	0.09147159008325596
1622	1.3688509890877016	1.3688509890877016
32213	0.05367184787089016	0.05367184787089016
23061	0.012842030924051277	0.012842030924051277
18954	0.34224415862639057	0.34224415862639057
7344	0.014424016628097159	0.014424016628097159
29777	2.97510482662498	2.97510482662498
29161	3.9942588250453857	3.9942588250453857
19525	0.010054685313012393	0.010054685313012393
44648	0.08559721012950586	0.08559721012950586
30132	0.03418324682689949	0.03418324682689949
34363	4.252620247847057	4.252620247847057
14393	0.1182864128936266	0.1182864128936266
42589	0.012715591027363008	0.012715591027363008
34251	0.9972772763470239	0.9972772763470239
38228	0.010014335041479583	0.010014335041479583
6983	7.269462249255387	7.269462249255387
38982	3.282076771387171	3.282076771387171
751	0.22336201076772313	0.22336201076772313
44961	0.010108758182592775	0.010108758182592775
19560	2.10092224128271	2.10092224128271
16354	4.984192073658604	4.984192073658604
30590	16.767522389909264	16.767522389909264
11992	5.345282579074245	5.345282579074245
16787	0.30931458805048373	0.30931458805048373
33863	0.1995719513718685	0.1995719513718685
26559	0.010005950710269924	0.010005950710269924
24494	1.2438929271348005	1.2438929271348005
22084	1.2666309436761305	1.2666309436761305
2163	1.0996882379420285	1.0996882379420285
44537	5.546474869411858	5.546474869411858
38387	0.010018863127838505	0.010018863127838505
7548	0.4706229030400444	0.4706229030400444
39157	3.555530751346729	3.555530751346729
4595	4.725772085738776	4.725772085738776
32299	0.02515721419857056	0.02515721419857056
40024	6.405434792937869	6.405434792937869
41559	0.8836755423594972	0.8836755423594972
20081	1.1262358106047305	1.1262358106047305
15924	0.8311815189358432	0.8311815189358432
20419	1.4872445021657863	1.4872445021657863
34631	0.010203651779293634	0.010203651779293634
23115	1.2518834107873704	1.2518834107873704
45246	1.9738661927193355	1.9738661927193355
7439	13.962723168193499	13.962723168193499
5637	9.465780535019118	9.465780535019118
31098	2.3578626462631487	2.3578626462631487
5852	0.010098961175606398	0.010098961175606398
35062	1.5540959794479765	1.5540959794479765
41891	0.01569327439617941	0.01569327439617941
26561	1.046463562057203	1.046463562057203
40752	0.010002028767120896	0.010002028767120896
18058	0.02352664371859225	0.02352664371859225
685	0.011076264978474692	0.011076264978474692
12026	0.10930576943690279	0.10930576943690279
42405	0.9816424801273831	0.9816424801273831
14278	0.010635118228653673	0.010635118228653673
6841	0.45123450236814416	0.45123450236814416
9003	3.7504729019337257	3.7504729019337257
15276	1.445398525356369	1.445398525356369
29596	16.13075743476333	16.13075743476333
29738	0.5013899578494009	0.5013899578494009
38875	0.09178162063377113	0.09178162063377113
13535	0.7450083339283686	0.7450083339283686
125	0.03233594196874348	0.03233594196874348
35088	0.7398991699332662	0.7398991699332662
17123	0.3369966139243067	0.3369966139243067
30344	0.03290877336858893	0.03290877336858893
10658	7.447605844490832	7.447605844490832
435	0.010314558275911273	0.010314558275911273
25629	0.019050683809123566	0.019050683809123566
40748	3.6001903253999585	3.6001903253999585
17231	0.010072750024749772	0.010072750024749772
11362	0.30891527701278376	0.30891527701278376
34309	0.257702457683445	0.257702457683445
18108	0.02860402462814876	0.02860402462814876
28080	0.4978488520520186	0.4978488520520186
29033	0.06415454607351115	0.06415454607351115
37853	0.010144993409150852	0.010144993409150852
24761	0.6694497369329323	0.6694497369329323
44904	3.489030579129977	3.489030579129977
21650	6.744282082073728	6.744282082073728
19385	0.030743870692901618	0.030743870692901618
20881	0.11488345537366983	0.11488345537366983
41791	5.877100681975091	5.877100681975091
2062	3.8524931339536708	3.8524931339536708
30419	33.66529835879423	33.66529835879423
37086	0.7109998785521459	0.7109998785521459
41850	0.20207846797755102	0.20207846797755102
6191	0.2393571590383202	0.2393571590383202
15144	0.0119811057384316	0.0119811057384316
15001	2.787648402214956	2.787648402214956
31533	0.9851934110087537	0.9851934110087537
10121	0.010000003695489887	0.010000003695489887
80	0.010005607632096071	0.010005607632096071
9074	0.10111588211558578	0.10111588211558578
22086	0.015185634791699393	0.015185634791699393
27029	1.710641060602776	1.710641060602776
26898	0.8633119152659144	0.8633119152659144
8385	26.43074455118592	26.43074455118592
43976	1.3243534389963694	1.3243534389963694
11828	0.01273992303891318	0.01273992303891318
42998	5.002948915869388	5.002948915869388
20646	0.010752059872295317	0.010752059872295317
1647	0.5090703589586807	0.5090703589586807
7338	1.511722390810498	1.511722390810498
7569	0.12975970829264555	0.12975970829264555
4379	0.14955256016975904	0.14955256016975904
27112	0.6250904233632424	0.6250904233632424
9439	0.024791404381456883	0.024791404381456883
42347	0.18123180282617227	0.18123180282617227
2572	0.012315277098608563	0.012315277098608563
15983	2.142525343570514	2.142525343570514
35035	0.010000886546973583	0.010000886546973583
13726	1.0767420086703734	1.0767420086703734
5842	2.036749387335609	2.036749387335609
16512	0.6763965147699171	0.6763965147699171
23561	1.2383215680081137	1.2383215680081137
36550	19.368872345055262	19.368872345055262
43191	0.4071847641769091	0.4071847641769091
6009	0.45723581768655713	0.45723581768655713
3429	0.010000004523939305	0.010000004523939305
12867	0.05156167952999818	0.05156167952999818
1233	3.9183680534609224	3.9183680534609224
42786	6.788958371400503	6.788958371400503
4356	3.196406348193493	3.196406348193493
45051	31.148377988113353	31.148377988113353
45333	8.285943745735498	8.285943745735498
2740	0.010031294970657814	0.010031294970657814
23106	4.428309482770635	4.428309482770635
29978	1.8772551730198237	1.8772551730198237
17721	1.6416070186406544	1.6416070186406544
2085	0.2866532228381792	0.2866532228381792
12864	0.07391255503195769	0.07391255503195769
7251	14.547546867117015	14.547546867117015
10660	0.9680973139227088	0.9680973139227088
34045	0.07598518329013795	0.07598518329013795
40845	0.24162312083078644	0.24162312083078644
20246	0.24186596551066633	0.24186596551066633
38265	4.013018715046569	4.013018715046569
14998	0.020690004740164136	0.020690004740164136
4646	0.01478793487616932	0.01478793487616932
9285	0.010116635825336975	0.010116635825336975
6840	0.08120458288284182	0.08120458288284182
40573	0.07785869304346645	0.07785869304346645
3652	0.40860125271446723	0.40860125271446723
8078	1.4656947997988858	1.4656947997988858
19355	12.276690406938283	12.276690406938283
10334	3.11917868594026	3.11917868594026
1003	0.010061145760468392	0.010061145760468392
32809	3.0351136292220073	3.0351136292220073
45050	0.010051623940109876	0.010051623940109876
8592	0.5097294952580739	0.5097294952580739
4469	5.9073620248707925	5.9073620248707925
2836	18.559813159388778	18.559813159388778
14558	0.4949459887287583	0.4949459887287583
12919	0.010343842686732666	0.010343842686732666
3024	1.994312837979519	1.994312837979519
13138	0.010481023308021635	0.010481023308021635
42883	0.010013518018822663	0.010013518018822663
7715	0.011200506749346913	0.011200506749346913
10292	7.193736299308451	7.193736299308451
30449	0.05108678950271756	0.05108678950271756
24395	1.5235399422361775	1.5235399422361775
35430	0.010601993611308045	0.010601993611308045
27143	0.013745639338742493	0.013745639338742493
12173	0.4319176345874376	0.4319176345874376
27526	2.9390001236098384	2.9390001236098384
5497	4.727164419898483	4.727164419898483
14664	0.96286073549784	0.96286073549784
3795	0.012381530738666869	0.012381530738666869
17431	0.052774628817756616	0.052774628817756616
13107	5.386542287734848	5.386542287734848
22993	2.2660272664467453	2.2660272664467453
36051	0.02844481099255125	0.02844481099255125
10611	2.268174889748994	2.268174889748994
44316	0.01599741856718622	0.01599741856718622
39614	0.05547598067708622	0.05547598067708622
35671	0.664106353166745	0.664106353166745
35346	0.018751304678540248	0.018751304678540248
20490	0.949789060892568	0.949789060892568
44192	0.3819849978531785	0.3819849978531785
5989	0.32747941497791255	0.32747941497791255
1995	0.04801091362772563	0.04801091362772563
13956	0.020122137852986405	0.020122137852986405
14313	0.010285533602151956	0.010285533602151956
17048	0.013701738209121612	0.013701738209121612
22454	16.40442592493857	16.40442592493857
42968	2.4816856896508033	2.4816856896508033
20784	0.1906129781142988	0.1906129781142988
10335	6.551702551051427	6.551702551051427
12195	0.010230666649351884	0.010230666649351884
42490	0.4625711586131739	0.4625711586131739
20238	0.9757741457025931	0.9757741457025931
22250	0.010063574236943122	0.010063574236943122
8506	1.7047986508379422	1.7047986508379422
20932	2.109573637225268	2.109573637225268
27926	0.13734143253117134	0.13734143253117134
43821	0.010196053790470958	0.010196053790470958
44853	0.5964795720522539	0.5964795720522539
3354	0.013255339431090214	0.013255339431090214
4885	0.6635418140002458	0.6635418140002458
13578	2.4885043041136914	2.4885043041136914
2996	0.013568092802715936	0.013568092802715936
39932	0.011378859753808557	0.011378859753808557
25289	0.015916414010058756	0.015916414010058756
33635	0.17727703577995108	0.17727703577995108
43622	10.13993056677357	10.13993056677357
41185	0.2825172871358179	0.2825172871358179
1731	0.06666617091601375	0.06666617091601375
32650	0.07604606769525339	0.07604606769525339
925	0.2487421802125806	0.2487421802125806
31071	0.2232370884812378	0.2232370884812378
24959	3.815696473460819	3.815696473460819
33740	1.3716321707266184	1.3716321707266184
31890	7.5924694334001135	7.5924694334001135
20853	3.9907928049035992	3.9907928049035992
6264	5.297037856272577	5.297037856272577
13111	0.01146643241917013	0.01146643241917013
1695	3.0415865769388133	3.0415865769388133
35185	0.8289619123315389	0.8289619123315389
33378	0.0225372021976146	0.0225372021976146
7279	2.31134545142184	2.31134545142184
9258	1.4800994539957582	1.4800994539957582
24534	4.742756373745653	4.742756373745653
23721	3.1432512585099484	3.1432512585099484
10472	8.134758830381639	8.134758830381639
5568	0.9530261444975864	0.9530261444975864
16682	1.2344203874514241	1.2344203874514241
45223	2.430749228921932	2.430749228921932
35456	0.0613788899675538	0.0613788899675538
42218	0.1130025009511601	0.1130025009511601
14343	1.59351414397293	1.59351414397293
13328	0.10224913411291055	0.10224913411291055
33685	0.01421987063008738	0.01421987063008738
2790	2.478255955361463	2.478255955361463
35494	0.46171718585802207	0.46171718585802207
33022	4.588621246837907	4.588621246837907
5751	0.010278302447879046	0.010278302447879046
24762	0.010042572202470647	0.010042572202470647
43514	5.844336015060288	5.844336015060288
11518	0.07191250471328026	0.07191250471328026
18914	0.7724549919774771	0.7724549919774771
15273	0.19468845627191114	0.19468845627191114
11051	0.5660029003390147	0.5660029003390147
10469	1.4926062315404336	1.4926062315404336
41794	0.015456358527369422	0.015456358527369422
5560	1.104435351461941	1.104435351461941
9895	0.13318559592542545	0.13318559592542545
36082	0.01884895384558201	0.01884895384558201
29590	0.013017182642147821	0.013017182642147821
42853	0.11886360729464421	0.11886360729464421
10063	0.12630793113323702	0.12630793113323702
16911	16.059668391315274	16.059668391315274
5757	0.3173391736219052	0.3173391736219052
31216	0.06882897012795389	0.06882897012795389
10818	2.8134126386348988	2.8134126386348988
45148	1.1130676003290934	1.1130676003290934
25876	3.3477672675790906	3.3477672675790906
28044	0.013871665988503343	0.013871665988503343
34896	1.2293657088044285	1.2293657088044285
15851	26.46451709014452	26.46451709014452
8394	0.010014739770267895	0.010014739770267895
28223	1.4124549722605118	1.4124549722605118
15472	0.4411204467799403	0.4411204467799403
253	0.08834509162420072	0.08834509162420072
29278	0.014899779171242543	0.014899779171242543
18117	0.010042669045748506	0.010042669045748506
28769	3.8555407678492415	3.8555407678492415
43608	0.6588594007475723	0.6588594007475723
28794	0.3877079726960123	0.3877079726960123
8434	8.370699001126937	8.370699001126937
19638	6.250553777622759	6.250553777622759
6433	0.5400346551287177	0.5400346551287177
30269	0.010000680414129033	0.010000680414129033
23629	0.01885133969421231	0.01885133969421231
43227	0.05859540695622402	0.05859540695622402
35997	1.666553540448835	1.666553540448835
13240	0.011176134324538838	0.011176134324538838
45093	0.010068267158552035	0.010068267158552035
21679	0.6079898387489951	0.6079898387489951
17203	0.017328171543202014	0.017328171543202014
16125	1.252446357767523	1.252446357767523
10630	3.2885046243971665	3.2885046243971665
14703	3.4963910244455727	3.4963910244455727
10691	0.4084440544364476	0.4084440544364476
4999	0.015872584665165904	0.015872584665165904
27229	0.7011638969770048	0.7011638969770048
20566	0.035891239071505134	0.035891239071505134
5592	0.012620393039295564	0.012620393039295564
38523	2.2256344429886625	2.2256344429886625
5429	2.2027812052738627	2.2027812052738627
38470	0.08842866401272277	0.08842866401272277
23724	1.1985046656417178	1.1985046656417178
25226	0.41500536159470197	0.41500536159470197
310	6.325248946777408	6.325248946777408
41735	0.04552654544613044	0.04552654544613044
9254	1.5675050621276918	1.5675050621276918
16981	0.156094908097797	0.156094908097797
5471	0.05785799200025295	0.05785799200025295
36592	0.3091904155420576	0.3091904155420576
2816	0.3950068756509336	0.3950068756509336
28341	28.63010583228992	28.63010583228992
23110	0.2854270657428256	0.2854270657428256
34142	1.6300374394630648	1.6300374394630648
17976	1.5618893094984079	1.5618893094984079
32094	0.12329234083746991	0.12329234083746991
22484	3.6043842233230396	3.6043842233230396
39317	3.0474676158219016	3.0474676158219016
4739	0.027977600751501457	0.027977600751501457
14595	5.103652642126489	5.103652642126489
27523	7.910125932044859	7.910125932044859
17794	1.5487166893348325	1.5487166893348325
19704	6.959277979526201	6.959277979526201
12167	0.6690124053313836	0.6690124053313836
12709	0.09953956956000196	0.09953956956000196
4051	6.920676465349704	6.920676465349704
31186	0.352949700888401	0.352949700888401
13724	9.564701949218504	9.564701949218504
27832	0.6194880841451051	0.6194880841451051
1773	37.64799477800978	37.64799477800978
42889	3.2318214214767105	3.2318214214767105
23027	3.206134567234994	3.206134567234994
22936	0.07011593840803444	0.07011593840803444
16980	8.525055785399935	8.525055785399935
36710	4.501736559690732	4.501736559690732
28821	0.04100725236251943	0.04100725236251943
25898	17.94603281813842	17.94603281813842
1578	0.010000007683339066	0.010000007683339066
7461	0.01000878803357087	0.01000878803357087
14581	0.13080682485590053	0.13080682485590053
7363	1.5550253963001412	1.5550253963001412
33250	3.5473964487689567	3.5473964487689567
44791	1.854627167507663	1.854627167507663
22852	9.106851373849839	9.106851373849839
18136	1.8952167348499407	1.8952167348499407
8127	3.141721317657799	3.141721317657799
5499	0.7916546968220963	0.7916546968220963
36819	0.026406476059491375	0.026406476059491375
44852	0.012728059669925365	0.012728059669925365
4828	0.04437921411059734	0.04437921411059734
45328	6.98165786288963	6.98165786288963
19035	0.22865995140791334	0.22865995140791334
38068	0.3102041478205025	0.3102041478205025
23633	6.3254022952327045	6.3254022952327045
26292	0.28485518857311787	0.28485518857311787
6765	0.6288609289194214	0.6288609289194214
5707	6.731493368465429	6.731493368465429
1997	9.869718316938433	9.869718316938433
35040	0.16560641161912812	0.16560641161912812
27028	1.087379505187543	1.087379505187543
8414	0.11990611017605547	0.11990611017605547
36329	0.30806547411156565	0.30806547411156565
34797	3.622560795913718	3.622560795913718
44369	0.0825947549606292	0.0825947549606292
24789	9.781743048802353	9.781743048802353
28635	0.15290560859779834	0.15290560859779834
952	0.15793926670752065	0.15793926670752065
719	0.05454870944012386	0.05454870944012386
39495	1.0445776288389026	1.0445776288389026
17867	0.01062137647226762	0.01062137647226762
15497	1.5752803017255042	1.5752803017255042
11821	10.424462064475087	10.424462064475087
41486	16.510288517946666	16.510288517946666
25540	0.16760794968087223	0.16760794968087223
29442	25.385835571734876	25.385835571734876
4052	0.010000002527501696	0.010000002527501696
21477	0.5925792965448005	0.5925792965448005
30180	0.059994640299233015	0.059994640299233015
16409	0.3036675146911015	0.3036675146911015
1230	1.719318286301261	1.719318286301261
1305	10.059663780361179	10.059663780361179
40031	0.13595891478063873	0.13595891478063873
13556	0.011436438276415606	0.011436438276415606
1771	4.464077858362713	4.464077858362713
22308	0.010055097544090626	0.010055097544090626
11477	0.05211521910137011	0.05211521910137011
6267	1.0761759382625178	1.0761759382625178
30309	0.011507158747471697	0.011507158747471697
29774	0.8719847958075547	0.8719847958075547
14150	2.262030385845837	2.262030385845837
15328	0.010002137940299072	0.010002137940299072
20038	15.016144823413272	15.016144823413272
29884	0.4272633818719068	0.4272633818719068
11079	3.4452157508853336	3.4452157508853336
17844	0.07478389680083306	0.07478389680083306
33598	0.13960045164723864	0.13960045164723864
16102	0.027813176107193978	0.027813176107193978
6461	3.2197252807799246	3.2197252807799246
28283	0.4928496830505124	0.4928496830505124
29185	0.1838174291592676	0.1838174291592676
19528	3.1153954592711983	3.1153954592711983
25120	10.194459591196912	10.194459591196912
13134	2.85357698090206	2.85357698090206
12323	0.25262081617634935	0.25262081617634935
10692	0.11813812500898661	0.11813812500898661
267	0.043279665220164854	0.043279665220164854
1346	1.3942019322843024	1.3942019322843024
2635	0.9743694904128049	0.9743694904128049
4409	0.016014413894582316	0.016014413894582316
18916	0.135633440042234	0.135633440042234
35923	0.017758580306347575	0.017758580306347575
2543	0.4688693049387416	0.4688693049387416
37124	0.38808961578142526	0.38808961578142526
32339	0.05486917713657858	0.05486917713657858
23363	0.040384947243209436	0.040384947243209436
29810	0.7694791397966446	0.7694791397966446
9994	11.896358124256018	11.896358124256018
20690	0.056478026625010704	0.056478026625010704
28257	4.745552661256812	4.745552661256812
42685	5.334065928381894	5.334065928381894
17471	0.10439640825225416	0.10439640825225416
34148	5.800476193538987	5.800476193538987
754	6.666014430420515	6.666014430420515
16740	0.010788688303944983	0.010788688303944983
2158	0.06291539481182859	0.06291539481182859
5374	12.840880872931972	12.840880872931972
11543	0.010000007583082367	0.010000007583082367
6949	1.0576831668468991	1.0576831668468991
15648	0.5655269902341029	0.5655269902341029
15350	1.5091225852097963	1.5091225852097963
24630	10.964387744163176	10.964387744163176
23509	0.014362997507223738	0.014362997507223738
5593	0.8938467467565696	0.8938467467565696
33476	0.02831914441077417	0.02831914441077417
44625	0.4489422784378073	0.4489422784378073
25129	0.04852075654681737	0.04852075654681737
5596	1.3287709953191547	1.3287709953191547
34572	0.07021857909894656	0.07021857909894656
4610	0.6345149700588698	0.6345149700588698
40027	0.208788636492016	0.208788636492016
42939	0.13820076038903797	0.13820076038903797
998	0.019695809152903268	0.019695809152903268
41093	5.489508034654937	5.489508034654937
25601	0.010090499129049845	0.010090499129049845
10194	4.344458597059744	4.344458597059744
8173	0.041824460479892744	0.041824460479892744
16633	0.10595820933336554	0.10595820933336554
184	0.25504049979580345	0.25504049979580345
7047	4.103583476660458	4.103583476660458
12970	0.022032668866930345	0.022032668866930345
17404	22.35478011901007	22.35478011901007
36627	2.560137530349415	2.560137530349415
13108	0.3423628404658658	0.3423628404658658
19835	1.492936858612593	1.492936858612593
16152	0.01977557680447957	0.01977557680447957
35401	0.010003952263821392	0.010003952263821392
28890	0.01002140419898607	0.01002140419898607
39477	3.431052993665686	3.431052993665686
13208	1.383145628515388	1.383145628515388
4257	0.47080766060745216	0.47080766060745216
15857	0.02859358203243474	0.02859358203243474
10878	0.06354829655123075	0.06354829655123075
11848	5.649510156654642	5.649510156654642
96	6.889821519203291	6.889821519203291
7340	3.720687009574615	3.720687009574615
26070	3.0043284712397513	3.0043284712397513
38412	2.6208481061933626	2.6208481061933626
28075	8.667608582096083	8.667608582096083
8790	0.1185829448003289	0.1185829448003289
40721	0.010019689554620377	0.010019689554620377
23259	17.38124638452344	17.38124638452344
43787	0.03556516386915777	0.03556516386915777
26653	0.8395782293082481	0.8395782293082481
3797	5.96844480704986	5.96844480704986
32931	1.7716407905974196	1.7716407905974196
19636	0.04055761505721453	0.04055761505721453
42880	0.06227264693101118	0.06227264693101118
20349	0.3455822714402053	0.3455822714402053
32277	0.6595984335524272	0.6595984335524272
31793	2.140585065410132	2.140585065410132
24531	1.2839855326548755	1.2839855326548755
1377	0.11327821506546806	0.11327821506546806
17864	1.8779196666015796	1.8779196666015796
24148	2.7382178567777777	2.7382178567777777
45242	0.1961939544744331	0.1961939544744331
26526	0.010955417161104517	0.010955417161104517
16378	0.019097105134990744	0.019097105134990744
9866	0.5813588803370217	0.5813588803370217
117	0.01278612430633905	0.01278612430633905
6077	1.16450049089364	1.16450049089364
5201	2.5203038559133044	2.5203038559133044
5351	6.630210245736316	6.630210245736316
4091	2.515634830193123	2.515634830193123
27031	0.010040600282017434	0.010040600282017434
19823	0.40937634261824407	0.40937634261824407
17744	0.34925010800320605	0.34925010800320605
11058	1.884660878781939	1.884660878781939
5970	0.010000917437520086	0.010000917437520086
6935	2.287468283960282	2.287468283960282
25988	0.09141539542946561	0.09141539542946561
24295	2.1612450461702437	2.1612450461702437
36751	2.300282484926398	2.300282484926398
15201	0.22627211996332125	0.22627211996332125
22871	0.01038989675411763	0.01038989675411763
45035	1.0706819803781364	1.0706819803781364
20036	2.806391064069377	2.806391064069377
34601	0.010894702322546185	0.010894702322546185
23787	0.15036687824056733	0.15036687824056733
7674	0.01649507735816102	0.01649507735816102
39549	0.024352401562928734	0.024352401562928734
21448	0.010000076003061813	0.010000076003061813
1677	0.010537865478046483	0.010537865478046483
10385	0.8172079700865198	0.8172079700865198
15927	0.010160358924054048	0.010160358924054048
40220	5.112077692595908	5.112077692595908
29130	0.03999154345417099	0.03999154345417099
17281	1.8958464856334332	1.8958464856334332
15686	0.4334728739039129	0.4334728739039129
26621	0.01626562841558543	0.01626562841558543
19612	0.021357993726276357	0.021357993726276357
34720	9.568763041153545	9.568763041153545
13963	0.3937634666329681	0.3937634666329681
7714	5.937241238305321	5.937241238305321
44877	0.6951473187016372	0.6951473187016372
23137	0.01026424627297409	0.01026424627297409
35305	16.47809373080661	16.47809373080661
1179	0.04446160955995072	0.04446160955995072
27917	1.8046983525597844	1.8046983525597844
34121	0.2923441047855937	0.2923441047855937
14849	3.041090779709864	3.041090779709864
10565	0.578864548697111	0.578864548697111
2995	1.0738676392816258	1.0738676392816258
43312	11.332047634994597	11.332047634994597
7914	2.2122823833618965	2.2122823833618965
40901	0.20607300375480667	0.20607300375480667
11675	0.010123690204852582	0.010123690204852582
12869	0.010833223664584399	0.010833223664584399
23938	4.204765914531915	4.204765914531915
2911	17.499120024473182	17.499120024473182
16171	0.5217641259687055	0.5217641259687055
3210	2.8188105410906563	2.8188105410906563
21329	0.038048711343433884	0.038048711343433884
18651	0.6842501138384223	0.6842501138384223
38223	0.035006645229751124	0.035006645229751124
5427	0.021097690407807828	0.021097690407807828
12028	0.015189313084002985	0.015189313084002985
5304	0.05256625757179684	0.05256625757179684
35862	9.723694143274859	9.723694143274859
4095	0.334559213467902	0.334559213467902
27082	0.27337503063852714	0.27337503063852714
43218	0.01024443634663441	0.01024443634663441
34039	12.851761097978024	12.851761097978024
23785	0.04890445583893381	0.04890445583893381
31988	5.58061882180373	5.58061882180373
6625	1.0578704970081558	1.0578704970081558
24077	3.39421382987982	3.39421382987982
7769	3.7983707621087524	3.7983707621087524
3408	2.68289962670207	2.68289962670207
30303	6.911847877743159	6.911847877743159
28555	0.9075793041608845	0.9075793041608845
40181	0.2468241201586429	0.2468241201586429
35013	0.010314701330851423	0.010314701330851423
24179	0.8429667795983199	0.8429667795983199
35891	0.09337345653941284	0.09337345653941284
18141	0.04767463306099385	0.04767463306099385
25985	0.05057670234669465	0.05057670234669465
27352	1.452008600060244	1.452008600060244
27929	2.0011555274970427	2.0011555274970427
6975	4.076201691429384	4.076201691429384
2500	0.09819354962179665	0.09819354962179665
4612	0.011298836264287092	0.011298836264287092
33042	0.7930703810060347	0.7930703810060347
29985	1.3695226251599835	1.3695226251599835
8981	0.03077552017890863	0.03077552017890863
14818	0.041687678704552054	0.041687678704552054
36944	0.02458295364515988	0.02458295364515988
5016	7.5698249240457685	7.5698249240457685
17184	0.3088756918873692	0.3088756918873692
31855	0.05590382662007137	0.05590382662007137
1316	5.19666453869439	5.19666453869439
4118	0.18211663743789192	0.18211663743789192
22727	0.634586069514585	0.634586069514585
4992	0.04889309191690821	0.04889309191690821
21087	2.602767179343732	2.602767179343732
19205	0.010021851908915391	0.010021851908915391
2307	2.5202823213424113	2.5202823213424113
28246	17.9157841201596	17.9157841201596
44653	0.11107153698761153	0.11107153698761153
33893	9.167482433025485	9.167482433025485
18556	0.6833402118514931	0.6833402118514931
12996	0.9301815373860637	0.9301815373860637
17209	7.324425653658219	7.324425653658219
37880	2.6242293469493227	2.6242293469493227
33106	24.86344846143959	24.86344846143959
24995	0.046922928913357635	0.046922928913357635
38674	1.53267913441308	1.53267913441308
16314	2.224643661976975	2.224643661976975
37118	1.492667489411419	1.492667489411419
2164	0.010000434433844265	0.010000434433844265
29159	4.828541127241365	4.828541127241365
38847	1.4656662755964331	1.4656662755964331
24327	0.010000000005306948	0.010000000005306948
45254	2.2276875518579584	2.2276875518579584
3230	25.036995527125526	25.036995527125526
20326	1.0724450309401823	1.0724450309401823
13870	0.10887531021649927	0.10887531021649927
44220	3.0837775417960223	3.0837775417960223
44924	0.36295475872791627	0.36295475872791627
16997	0.035088876791413176	0.035088876791413176
15448	5.252958400497533	5.252958400497533
8932	1.5453429543825195	1.5453429543825195
337	0.174682201727315	0.174682201727315
38472	0.7259003010922224	0.7259003010922224
44031	0.01137300726508174	0.01137300726508174
37912	3.0845947453891185	3.0845947453891185
10467	0.030818106009793893	0.030818106009793893
358	0.010000127899207147	0.010000127899207147
4219	3.589779100835509	3.589779100835509
44809	1.8091930433368562	1.8091930433368562
11516	0.0392573796287983	0.0392573796287983
16197	20.571932847907686	20.571932847907686
2634	22.876347941909643	22.876347941909643
14540	34.76209308181389	34.76209308181389
2890	0.010000749908543811	0.010000749908543811
10820	0.010013195011907358	0.010013195011907358
24626	3.3067130404528	3.3067130404528
2301	0.6611613567389955	0.6611613567389955
17766	0.07054113485170951	0.07054113485170951
9309	0.1931760277201512	0.1931760277201512
35341	0.3062235130979316	0.3062235130979316
3633	0.010001765930265487	0.010001765930265487
17816	0.01249153399884436	0.01249153399884436
9342	0.024411889840291606	0.024411889840291606
15814	0.1283847325479919	0.1283847325479919
15705	0.12742421255930225	0.12742421255930225
42949	0.010111850745110462	0.010111850745110462
4094	1.6909672608480022	1.6909672608480022
15363	7.695031997891853	7.695031997891853
32607	3.043187968018914	3.043187968018914
13173	2.684786767398953	2.684786767398953
16411	0.04229507660808301	0.04229507660808301
350	0.015135312793198817	0.015135312793198817
26953	1.9248735540920787	1.9248735540920787
17609	31.72697571076628	31.72697571076628
17183	0.010001445668417135	0.010001445668417135
16862	18.351114818226492	18.351114818226492
12320	0.24588449578801852	0.24588449578801852
27521	0.022290551255474106	0.022290551255474106
43275	3.321701329951882	3.321701329951882
37788	0.011965066605372316	0.011965066605372316
42972	2.5819494989220906	2.5819494989220906
22042	0.22015849810955368	0.22015849810955368
43336	2.4555909249905197	2.4555909249905197
14580	2.3232836138968205	2.3232836138968205
13381	1.2487855264136978	1.2487855264136978
33735	5.173718051138796	5.173718051138796
36778	7.021138149317493	7.021138149317493
10936	0.3283311982646986	0.3283311982646986
45053	0.5914877627472485	0.5914877627472485
18285	0.129927776251913	0.129927776251913
20491	5.816222382319139	5.816222382319139
2598	0.024853398615669556	0.024853398615669556
30012	0.06183425336776959	0.06183425336776959
23694	0.01030127951730467	0.01030127951730467
42119	5.454127233261082	5.454127233261082
42614	0.3301146726755291	0.3301146726755291
32483	1.4476961510222655	1.4476961510222655
6684	0.09416732282963562	0.09416732282963562
24696	0.01008568415784473	0.01008568415784473
15806	4.818315231660712	4.818315231660712
13301	1.1449218448375642	1.1449218448375642
40774	2.1233772905497976	2.1233772905497976
18684	0.27725238085857057	0.27725238085857057
37278	0.010018777768483485	0.010018777768483485
25905	0.029339731228645513	0.029339731228645513
22997	0.07623501158639358	0.07623501158639358
33345	1.8389051104401588	1.8389051104401588
16069	2.8616410258354805	2.8616410258354805
35543	0.6687635669212857	0.6687635669212857
29509	1.1577721869205373	1.1577721869205373
39473	0.6694930741718527	0.6694930741718527
10496	0.07329142790226922	0.07329142790226922
20054	0.0469897455409746	0.0469897455409746
15674	0.012027590069433807	0.012027590069433807
7593	0.011319024815221972	0.011319024815221972
27484	0.010010464288906356	0.010010464288906356
9514	19.532433726822074	19.532433726822074
15572	0.01646744819629009	0.01646744819629009
11445	0.11153309087973376	0.11153309087973376
23656	0.36301030085774544	0.36301030085774544
16408	1.4219421260597382	1.4219421260597382
25875	5.187955063411142	5.187955063411142
4723	4.531241402964059	4.531241402964059
19132	3.71216057737427	3.71216057737427
12921	2.5118828030101574	2.5118828030101574
31190	7.819212104619343	7.819212104619343
25058	0.2704750003388669	0.2704750003388669
25718	5.032406095738145	5.032406095738145
18485	0.4684925460150122	0.4684925460150122
39108	8.220196053730511	8.220196053730511
27231	0.036442850598970296	0.036442850598970296
2188	0.01171476283842679	0.01171476283842679
11414	0.8882822900596405	0.8882822900596405
42089	0.010337859173224771	0.010337859173224771
6760	1.721131663290764	1.721131663290764
35213	0.4112965671031958	0.4112965671031958
8390	0.434973736918717	0.434973736918717
44794	4.225741093222364	4.225741093222364
13661	2.0024478907691314	2.0024478907691314
1025	0.010003639277121385	0.010003639277121385
30633	3.030159177899113	3.030159177899113
7703	5.437007833336021	5.437007833336021
28165	0.03536557745425654	0.03536557745425654
16489	0.014938450070908417	0.014938450070908417
33860	0.8330488076151835	0.8330488076151835
2183	5.4347455910161235	5.4347455910161235
11503	3.894455213233311	3.894455213233311
6805	2.632455247377839	2.632455247377839
16858	0.12661766879297773	0.12661766879297773
1512	0.01160092975024501	0.01160092975024501
22544	0.6130683171775846	0.6130683171775846
27623	2.8788656229359546	2.8788656229359546
2810	1.1805294200123053	1.1805294200123053
41092	0.010194329227677806	0.010194329227677806
32991	0.3340407989460067	0.3340407989460067
34767	0.3163716351376545	0.3163716351376545
35208	0.11272961637845232	0.11272961637845232
3613	0.03297198680880831	0.03297198680880831
466	3.32557390798911	3.32557390798911
40336	3.337025043947755	3.337025043947755
7946	0.18765960120721362	0.18765960120721362
18974	3.1422781304780583	3.1422781304780583
1774	0.011894302908470615	0.011894302908470615
8611	0.4725827653219347	0.4725827653219347
39372	1.175016389914422	1.175016389914422
3018	0.20464795120652302	0.20464795120652302
40781	0.45455600175357813	0.45455600175357813
15627	2.9049431305156426	2.9049431305156426
38991	0.014051141016294517	0.014051141016294517
41651	0.011046893040372338	0.011046893040372338
11272	9.511643564827644	9.511643564827644
14450	1.142772371195087	1.142772371195087
37090	3.7234848092409707	3.7234848092409707
7700	16.37894311434596	16.37894311434596
10053	0.9711486587104066	0.9711486587104066
34198	0.331666085114363	0.331666085114363
29699	0.012826233842795631	0.012826233842795631
15192	0.08453400310930861	0.08453400310930861
37127	3.426493995114709	3.426493995114709
42177	0.16470472835236166	0.16470472835236166
45181	0.8846671061548711	0.8846671061548711
31535	1.0276206234038676	1.0276206234038676
31495	0.5787155242509575	0.5787155242509575
8115	0.01030021441901631	0.01030021441901631
15900	0.6140287250661083	0.6140287250661083
33124	0.22545329883285745	0.22545329883285745
40476	0.01478338931661436	0.01478338931661436
43822	0.47790449698228393	0.47790449698228393
41015	0.6535797088833467	0.6535797088833467
6977	0.010148651123717689	0.010148651123717689
24563	1.4665427691977777	1.4665427691977777
994	0.010690473582236428	0.010690473582236428
43002	0.013412493751079807	0.013412493751079807
25632	0.15344643238829464	0.15344643238829464
8904	0.19517103636499003	0.19517103636499003
5422	3.286158439460348	3.286158439460348
10506	3.963506112661478	3.963506112661478
20444	3.3853930524777462	3.3853930524777462
10048	0.23059327268431615	0.23059327268431615
41216	1.5204956195165296	1.5204956195165296
6450	1.29699111553351	1.29699111553351
11672	8.727154433660372	8.727154433660372
26531	0.14978797801406157	0.14978797801406157
4186	3.165556641323275	3.165556641323275
16104	0.013789143689051904	0.013789143689051904
8190	0.010000031661879905	0.010000031661879905
38609	11.047516691865399	11.047516691865399
23196	0.10133466346870312	0.10133466346870312
45160	1.8014285060417714	1.8014285060417714
36571	0.30612976053188823	0.30612976053188823
30098	0.010000004049799043	0.010000004049799043
37314	0.010004130280207234	0.010004130280207234
3475	0.04028661570110283	0.04028661570110283
12314	7.9268762069291725	7.9268762069291725
17637	0.6657117509140967	0.6657117509140967
37691	0.3499253466740968	0.3499253466740968
22729	7.446710720677693	7.446710720677693
15878	0.8348325540603763	0.8348325540603763
13239	0.041574908051389824	0.041574908051389824
43804	12.52968941056019	12.52968941056019
41733	0.03041867349084916	0.03041867349084916
32217	3.2566668975390454	3.2566668975390454
7436	1.8876841814168137	1.8876841814168137
3182	8.859418498927724	8.859418498927724
33253	0.010000002736492751	0.010000002736492751
7362	5.07743086946446	5.07743086946446
4912	13.729448889988493	13.729448889988493
27273	3.194828261024645	3.194828261024645
42349	1.5957465197246627	1.5957465197246627
26690	0.01207001929681041	0.01207001929681041
16391	0.17522329178820653	0.17522329178820653
19729	3.3410106026402078	3.3410106026402078
2835	0.1965999358301826	0.1965999358301826
24072	0.8948931388785977	0.8948931388785977
43649	0.0908575131511972	0.0908575131511972
38359	0.14002461015600676	0.14002461015600676
33649	0.9743651763440591	0.9743651763440591
21484	0.013821116019990434	0.013821116019990434
36775	2.1091080653206022	2.1091080653206022
39810	3.8890555687374775	3.8890555687374775
41626	0.2643097702358609	0.2643097702358609
36084	0.010002809534142544	0.010002809534142544
2549	0.0568783546871746	0.0568783546871746
44790	1.241226503651233	1.241226503651233
9911	0.30355414442564116	0.30355414442564116
3955	0.045930307347930334	0.045930307347930334
4262	0.44157358919613654	0.44157358919613654
28793	1.123154153513546	1.123154153513546
10544	0.010000085193391423	0.010000085193391423
13964	0.1371115142389898	0.1371115142389898
15100	4.423983059332355	4.423983059332355
45218	1.184386039463077	1.184386039463077
20669	0.04160935080507626	0.04160935080507626
2359	0.011047203161949511	0.011047203161949511
15277	0.40970295722316885	0.40970295722316885
21873	6.030327950172652	6.030327950172652
43370	0.47802591964157776	0.47802591964157776
8130	0.4183699118565844	0.4183699118565844
16725	7.128710506480968	7.128710506480968
43590	1.2195551129108875	1.2195551129108875
13658	4.113078357770122	4.113078357770122
17668	1.2111970832940513	1.2111970832940513
14871	4.640480418984814	4.640480418984814
15474	1.0936480011181067	1.0936480011181067
15167	0.5460301176337572	0.5460301176337572
16517	4.13251011796697	4.13251011796697
28340	0.5104952632265788	0.5104952632265788
24497	0.05728392221873321	0.05728392221873321
19927	5.125952024214306	5.125952024214306
37717	0.34086105988795207	0.34086105988795207
11495	0.010151980933114913	0.010151980933114913
41862	3.0841957294741067	3.0841957294741067
27950	0.9517757200340002	0.9517757200340002
4100	1.5937262591123154	1.5937262591123154
8525	1.3159623173792765	1.3159623173792765
6144	0.010032565478385621	0.010032565478385621
28956	1.0294360218881755	1.0294360218881755
11827	3.433664008328459	3.433664008328459
31307	1.467326283837961	1.467326283837961
10937	0.39646324361848184	0.39646324361848184
24007	0.01000187358088075	0.01000187358088075
25441	1.4833928978030337	1.4833928978030337
35123	0.010256826541627717	0.010256826541627717
17771	4.795056847210156	4.795056847210156
12569	1.0268965871003959	1.0268965871003959
4650	0.013371172992855604	0.013371172992855604
5277	0.7929302277668098	0.7929302277668098
9703	22.566224102766142	22.566224102766142
28218	1.4448236020986132	1.4448236020986132
8616	0.05310559455340859	0.05310559455340859
6621	11.948597346073239	11.948597346073239
36052	0.11953418441806725	0.11953418441806725
41075	0.01304344324975641	0.01304344324975641
29916	0.27075907071688043	0.27075907071688043
20353	0.7708397794041527	0.7708397794041527
16068	0.01133732189570674	0.01133732189570674
7459	8.675244832893227	8.675244832893227
24530	0.6568210043660576	0.6568210043660576
3229	0.010803865485263377	0.010803865485263377
30692	0.014240534594531711	0.014240534594531711
15649	0.010010932617565752	0.010010932617565752
37384	0.20715158936522277	0.20715158936522277
22434	0.05739228677385216	0.05739228677385216
12024	0.0897850955936388	0.0897850955936388
42787	1.9749369786562097	1.9749369786562097
32609	0.2847868819013835	0.2847868819013835
38253	0.10157108947735893	0.10157108947735893
18973	0.6397429710535978	0.6397429710535978
9533	0.010081488696100219	0.010081488696100219
4973	1.5890751612661864	1.5890751612661864
21733	0.04861821799109025	0.04861821799109025
38161	0.010000193386079107	0.010000193386079107
17611	10.64358616779733	10.64358616779733
28634	0.016062394746750534	0.016062394746750534
21854	2.0228804932109736	2.0228804932109736
21949	0.7805997326593905	0.7805997326593905
11674	0.1897233778956219	0.1897233778956219
15364	6.903075820242737	6.903075820242737
19238	0.03480003803373907	0.03480003803373907
35566	0.9201900616771782	0.9201900616771782
1000	4.190529043395681	4.190529043395681
7528	2.1416228470971874	2.1416228470971874
43104	0.029750753016521622	0.029750753016521622
22725	0.011674807400180776	0.011674807400180776
13666	0.11893973435608646	0.11893973435608646
3313	1.077137234429728	1.077137234429728
22150	0.7307804878861056	0.7307804878861056
40850	0.09851568332473895	0.09851568332473895
1099	0.010000084835113304	0.010000084835113304
17669	11.158094079360174	11.158094079360174
10543	10.64840938555695	10.64840938555695
33158	2.376038090843675	2.376038090843675
15601	0.41537715581601353	0.41537715581601353
38841	3.9822292322517012	3.9822292322517012
13172	0.40793640795436686	0.40793640795436686
23365	10.001195998474953	10.001195998474953
9059	0.5132286829154907	0.5132286829154907
43918	0.35773728117524956	0.35773728117524956
32656	0.02494673411960589	0.02494673411960589
39736	2.094395909831131	2.094395909831131
32933	0.23866603234699968	0.23866603234699968
12095	6.937477719588605	6.937477719588605
6593	2.083974483013833	2.083974483013833
11059	3.9403684797975402	3.9403684797975402
17405	0.8130284503314746	0.8130284503314746
1026	0.030273400516788396	0.030273400516788396
31726	1.5192263837350939	1.5192263837350939
42466	1.796205462701877	1.796205462701877
11025	0.27400649993087056	0.27400649993087056
10507	3.382913737499258	3.382913737499258
37444	3.2335399851736324	3.2335399851736324
14177	0.011021725349227674	0.011021725349227674
1251	0.01716406812162965	0.01716406812162965
37280	2.0609607484964685	2.0609607484964685
5840	0.08126447004550515	0.08126447004550515
42884	0.07295025504755664	0.07295025504755664
6581	1.072057748897482	1.072057748897482
44273	1.2703030482333013	1.2703030482333013
3451	0.41390666891751027	0.41390666891751027
24663	1.0405358103110784	1.0405358103110784
12834	0.013444645379787306	0.013444645379787306
35826	20.582214221301374	20.582214221301374
21816	0.5448211106744206	0.5448211106744206
20470	0.14190122899982097	0.14190122899982097
44701	0.06107233346470479	0.06107233346470479
32611	0.45592358386395676	0.45592358386395676
12365	4.1583462165196785	4.1583462165196785
15098	0.08127221133610424	0.08127221133610424
27953	0.020019722716491908	0.020019722716491908
31575	0.010254733616321647	0.010254733616321647
37687	2.2412422347215624	2.2412422347215624
16747	1.3999685328372635	1.3999685328372635
20994	0.011330644815098776	0.011330644815098776
16293	0.6425368225602353	0.6425368225602353
32212	0.010000836796399832	0.010000836796399832
14151	0.01038565214069182	0.01038565214069182
14953	6.556558547746375	6.556558547746375
16264	1.7628178522767113	1.7628178522767113
22596	0.09934776973521071	0.09934776973521071
30722	0.010243759947556866	0.010243759947556866
24435	0.010000554939015905	0.010000554939015905
10195	0.33910690185744186	0.33910690185744186
13332	0.7497156229483826	0.7497156229483826
19522	0.011615377650288129	0.011615377650288129
42879	0.5281006203107149	0.5281006203107149
42488	0.11909221084218052	0.11909221084218052
1792	1.3661372219605494	1.3661372219605494
21418	0.02636081716914538	0.02636081716914538
10912	0.4919984818740041	0.4919984818740041
15125	0.17701253116999244	0.17701253116999244
16994	0.3099835279777331	0.3099835279777331
4048	0.010891364211939437	0.010891364211939437
19898	0.05094891355473143	0.05094891355473143
14720	0.016874765905432396	0.016874765905432396
4826	0.02556968333930166	0.02556968333930166
6235	0.01652431610050312	0.01652431610050312
1996	0.022315392280337812	0.022315392280337812
14577	0.02917508074133998	0.02917508074133998
11513	0.5553261362603726	0.5553261362603726
2208	1.5362823331672695	1.5362823331672695
30185	1.9988037017001825	1.9988037017001825
1127	3.0890422999629332	3.0890422999629332
8955	0.13235727923047408	0.13235727923047408
31305	0.01001890143510231	0.01001890143510231
11416	16.68669403102061	16.68669403102061
10529	0.12824093947318937	0.12824093947318937
43542	0.3161807282442766	0.3161807282442766
18680	1.1086523261925312	1.1086523261925312
37085	0.012651183025733998	0.012651183025733998
37848	6.536989222259902	6.536989222259902
28687	0.380014513088829	0.380014513088829
43589	18.805906009024337	18.805906009024337
27805	0.9130781281698495	0.9130781281698495
35995	5.575476391360339	5.575476391360339
37475	6.17995298139987	6.17995298139987
4277	0.49740965297562056	0.49740965297562056
37147	0.7238529859460262	0.7238529859460262
15330	0.013527499791996161	0.013527499791996161
3283	10.604870674563012	10.604870674563012
38526	4.898085282550728	4.898085282550728
6432	0.12366776047925188	0.12366776047925188
40085	2.3795661519330533	2.3795661519330533
3406	12.345029721340559	12.345029721340559
6679	0.010000261808938826	0.010000261808938826
10713	0.8114330596452323	0.8114330596452323
5617	0.41736093740348446	0.41736093740348446
7460	2.1148107383169212	2.1148107383169212
2811	0.02866146418328401	0.02866146418328401
38641	0.05445428481944675	0.05445428481944675
3102	1.6280960875223625	1.6280960875223625
45269	29.719658255938672	29.719658255938672
33377	0.03501451344681313	0.03501451344681313
39527	2.902714014623385	2.902714014623385
37385	14.204726675131319	14.204726675131319
25439	0.9740173518678286	0.9740173518678286
7345	0.013983761528643748	0.013983761528643748
14347	2.4604830251158476	2.4604830251158476
10613	10.841093441759718	10.841093441759718
12606	0.010378137141074176	0.010378137141074176
23232	17.013962376686706	17.013962376686706
22343	0.12933857058941484	0.12933857058941484
28367	0.03565971401405674	0.03565971401405674
23900	0.3562944966502365	0.3562944966502365
36950	1.3808244005765944	1.3808244005765944
41161	0.010555379958578855	0.010555379958578855
21980	0.010449378938908828	0.010449378938908828
12513	0.055875797123947656	0.055875797123947656
2813	11.826622701706796	11.826622701706796
20031	0.05618561020820867	0.05618561020820867
25828	3.468592862741056	3.468592862741056
2867	0.01000037677329749	0.01000037677329749
33916	0.2196330321372175	0.2196330321372175
38956	0.13466844735218556	0.13466844735218556
21485	1.1466515265473547	1.1466515265473547
40090	0.52772211619998	0.52772211619998
37445	4.079748354593387	4.079748354593387
35210	0.03018256184751715	0.03018256184751715
3841	0.010004265159179663	0.010004265159179663
32833	1.8742369425161074	1.8742369425161074
40997	0.04791994222030228	0.04791994222030228
16384	0.7901501996485361	0.7901501996485361
5200	0.47053094254509076	0.47053094254509076
12969	9.215292045955811	9.215292045955811
34602	0.10883839926129958	0.10883839926129958
12175	17.97307083118253	17.97307083118253
39645	0.011372903852703235	0.011372903852703235
22251	0.058192026024901665	0.058192026024901665
16469	0.08734227986922902	0.08734227986922902
24287	0.09716049987726535	0.09716049987726535
33132	0.487537762843568	0.487537762843568
41812	6.1806403507597105	6.1806403507597105
32408	4.05306515462731	4.05306515462731
39908	0.9210618388852905	0.9210618388852905
25665	0.010000002983982868	0.010000002983982868
26685	0.01001734295110227	0.01001734295110227
15675	0.027315311641367163	0.027315311641367163
22543	3.427508566223657	3.427508566223657
28858	1.9974417226538772	1.9974417226538772
26648	0.041089680607048144	0.041089680607048144
14847	6.68436026169384	6.68436026169384
11657	0.30404860667366373	0.30404860667366373
30698	0.028434473862745113	0.028434473862745113
37909	15.663651120855903	15.663651120855903
36147	0.08692573609320302	0.08692573609320302
3757	1.2355180678273348	1.2355180678273348
35125	0.38661161591564613	0.38661161591564613
17233	0.020029792671594653	0.020029792671594653
24958	0.010246806247945757	0.010246806247945757
4788	0.8874443145948525	0.8874443145948525
8015	0.010481221273593886	0.010481221273593886
22246	0.09951550356703165	0.09951550356703165
40454	0.48250537589551895	0.48250537589551895
43305	1.374441802569337	1.374441802569337
3932	0.07879987092718015	0.07879987092718015
24147	0.01602358383473028	0.01602358383473028
2550	0.010011014337169983	0.010011014337169983
10938	0.6320948593824808	0.6320948593824808
24391	4.175032255429272	4.175032255429272
9942	0.39593286549524814	0.39593286549524814
36911	0.14943456259315124	0.14943456259315124
9646	0.02051833051965034	0.02051833051965034
28106	0.03279429665746104	0.03279429665746104
12633	9.165621493834104	9.165621493834104
14174	7.613749858123239	7.613749858123239
11221	0.010304873402557762	0.010304873402557762
2063	0.10232088972919308	0.10232088972919308
13065	0.328582871874201	0.328582871874201
35784	0.010176129073871727	0.010176129073871727
214	0.11678557603510943	0.11678557603510943
30695	0.08968855317739113	0.08968855317739113
26780	3.155936074439531	3.155936074439531
17641	1.12409973605359	1.12409973605359
45127	2.7918173698623736	2.7918173698623736
44996	0.25413033991413825	0.25413033991413825
13533	36.01396886722573	36.01396886722573
3157	1.0278484795193543	1.0278484795193543
23088	0.012857804489162277	0.012857804489162277
6129	0.2710319883747313	0.2710319883747313
23718	13.927674383062012	13.927674383062012
42042	2.356658598338446	2.356658598338446
15122	0.7045707649221058	0.7045707649221058
3405	0.5248014759461825	0.5248014759461825
9123	1.3942977844475983	1.3942977844475983
23510	0.03473500932837172	0.03473500932837172
25793	13.137899178543444	13.137899178543444
10771	0.01022833582281622	0.01022833582281622
27139	0.010828890237298518	0.010828890237298518
44767	0.0883401582876461	0.0883401582876461
26455	0.5575487607083817	0.5575487607083817
18886	4.540508568127932	4.540508568127932
33911	9.758173535363921	9.758173535363921
32380	1.12235512967208	1.12235512967208
42292	0.051942842899144644	0.051942842899144644
31917	0.013619708386979873	0.013619708386979873
20851	0.08587928998672942	0.08587928998672942
33975	8.741622498252008	8.741622498252008
18743	5.135096929978196	5.135096929978196
13308	4.063346404329722	4.063346404329722
29327	0.017921797564406268	0.017921797564406268
11291	1.7620847518608826	1.7620847518608826
11471	0.3103648214704769	0.3103648214704769
5841	1.9212527700102122	1.9212527700102122
321	0.4613120576680594	0.4613120576680594
31106	11.768031485351004	11.768031485351004
41793	1.3404103300734977	1.3404103300734977
40121	2.375562776890789	2.375562776890789
19830	0.010000675956323146	0.010000675956323146
41796	0.2610739658932046	0.2610739658932046
31404	0.47915163351112355	0.47915163351112355
9701	0.01752884061472483	0.01752884061472483
25851	7.494435317915305	7.494435317915305
44431	1.620585464618259	1.620585464618259
4640	0.1093177727639106	0.1093177727639106
10741	0.5140139195041791	0.5140139195041791
33369	2.214485670307355	2.214485670307355
22435	0.8539332806091511	0.8539332806091511
32710	0.023998155709397857	0.023998155709397857
12318	0.9382472144568496	0.9382472144568496
9968	0.010232467645292525	0.010232467645292525
43682	0.010231365456031344	0.010231365456031344
28366	0.010032309141383589	0.010032309141383589
32184	0.010377556055040803	0.010377556055040803
35731	0.36699552699743904	0.36699552699743904
38098	0.01000800286845439	0.01000800286845439
2628	7.293708685282436	7.293708685282436
18307	0.1103030424287843	0.1103030424287843
27116	0.010064797276911041	0.010064797276911041
17674	0.26377245281366474	0.26377245281366474
25692	0.010051946903666545	0.010051946903666545
11222	5.778324929394966	5.778324929394966
31796	0.010000937626562928	0.010000937626562928
6738	0.17818870943226203	0.17818870943226203
29124	1.4001671452551212	1.4001671452551212
41458	0.6291006033130031	0.6291006033130031
38501	5.290404664787137	5.290404664787137
9510	2.378748865792255	2.378748865792255
24758	0.011037854846495904	0.011037854846495904
22634	0.20597126082430467	0.20597126082430467
22600	1.0285420288097475	1.0285420288097475
1234	0.09795652706719327	0.09795652706719327
6588	0.7748228692374097	0.7748228692374097
10027	0.054203044733489025	0.054203044733489025
9414	4.583433571588698	4.583433571588698
36360	1.3441000430949084	1.3441000430949084
34976	0.01511223256055489	0.01511223256055489
28459	5.837129862879336	5.837129862879336
8019	2.106913783849483	2.106913783849483
15224	0.29115538806530733	0.29115538806530733
25290	0.015449215839096815	0.015449215839096815
9124	0.010319157935270754	0.010319157935270754
6011	0.010033556817027379	0.010033556817027379
41795	1.1368967714143483	1.1368967714143483
1370	0.026153410911898746	0.026153410911898746
39294	1.473757782209989	1.473757782209989
14094	0.010456780009171749	0.010456780009171749
14415	2.6144508295523683	2.6144508295523683
17497	0.08386133121965472	0.08386133121965472
5594	2.2874767556540774	2.2874767556540774
189	0.2775002810450552	0.2775002810450552
39763	2.450391331734846	2.450391331734846
19559	3.9625100265164352	3.9625100265164352
38383	0.010050117349258631	0.010050117349258631
25260	10.791316173199865	10.791316173199865
6007	1.641854461950275	1.641854461950275
23840	0.010000000763867214	0.010000000763867214
22928	0.56778946709901	0.56778946709901
39347	0.012188079643127401	0.012188079643127401
5025	1.2435512819944219	1.2435512819944219
36336	0.09652393717020603	0.09652393717020603
813	23.001181227592962	23.001181227592962
6592	0.07784322867760347	0.07784322867760347
36988	3.847331119462405	3.847331119462405
39287	0.010971730009246637	0.010971730009246637
17726	0.01835656474440789	0.01835656474440789
8108	0.01167864187356209	0.01167864187356209
34599	2.4957347033400543	2.4957347033400543
25466	0.5026563555492664	0.5026563555492664
37980	0.010000000010250166	0.010000000010250166
14115	3.242333014478189	3.242333014478189
44540	1.035475200341303	1.035475200341303
6902	1.5901622729012095	1.5901622729012095
4781	0.0143108209157136	0.0143108209157136
22211	3.183348845028618	3.183348845028618
9515	0.5910329905997447	0.5910329905997447
42158	0.010408098813383906	0.010408098813383906
28603	0.6568664141324976	0.6568664141324976
20529	9.57465893215573	9.57465893215573
40681	7.925164965099927	7.925164965099927
8355	0.9074659177011127	0.9074659177011127
44875	3.0961929172617833	3.0961929172617833
10293	0.13322525815145222	0.13322525815145222
39185	10.402072126408754	10.402072126408754
16937	0.9736373716101298	0.9736373716101298
9388	0.8605355784147259	0.8605355784147259
7458	3.4351921520116	3.4351921520116
27779	2.0191657414782034	2.0191657414782034
7010	0.010433097222237214	0.010433097222237214
8557	0.019156398493530912	0.019156398493530912
6552	11.033489078955654	11.033489078955654
7222	0.45870332379108547	0.45870332379108547
11979	0.010479996054006594	0.010479996054006594
9180	4.042608567596462	4.042608567596462
27341	0.011658742665057247	0.011658742665057247
9912	9.08393247796022	9.08393247796022
11804	0.034346071474144105	0.034346071474144105
6087	4.831179694044277	4.831179694044277
10911	0.11153720199588496	0.11153720199588496
19615	1.0713048256395727	1.0713048256395727
34765	0.010945917482243547	0.010945917482243547
41919	0.02182068529761725	0.02182068529761725
6848	0.17832882256811244	0.17832882256811244
19979	0.14998269103313672	0.14998269103313672
10653	0.012436935481425142	0.012436935481425142
8554	0.032086001207682714	0.032086001207682714
20183	9.23097297061778	9.23097297061778
43688	31.580135254841995	31.580135254841995
15173	1.9686551555442924	1.9686551555442924
7168	0.855572868798434	0.855572868798434
29501	0.010001374563382213	0.010001374563382213
40180	4.871247477340531	4.871247477340531
32449	0.25232997958291	0.25232997958291
19029	0.17043502685704828	0.17043502685704828
28604	0.010000229304602091	0.010000229304602091
13109	3.302252137951701	3.302252137951701
36685	2.538974771843343	2.538974771843343
5891	0.3640570435934708	0.3640570435934708
18255	0.014571933981478671	0.014571933981478671
6906	1.4048565686015462	1.4048565686015462
2474	0.9814442682454441	0.9814442682454441
42917	5.185239919932477	5.185239919932477
32276	0.11312162105760191	0.11312162105760191
17549	1.2899195747532366	1.2899195747532366
9934	0.21105968590985413	0.21105968590985413
11024	4.137819390956565	4.137819390956565
34628	2.726260698071767	2.726260698071767
14848	0.010000804512417888	0.010000804512417888
16170	0.48000675061034226	0.48000675061034226
6716	1.0575055343432604	1.0575055343432604
30934	0.027478604156258156	0.027478604156258156
37506	1.0081185402336954	1.0081185402336954
12527	0.45489433003042845	0.45489433003042845
15810	0.9564362179856448	0.9564362179856448
15454	2.642680723262818	2.642680723262818
4354	0.3564485309370315	0.3564485309370315
32334	0.016521268197271823	0.016521268197271823
1555	0.020171097789241157	0.020171097789241157
1772	0.059135415801386815	0.059135415801386815
45332	0.06886984689251824	0.06886984689251824
43188	0.018584173456203303	0.018584173456203303
33529	33.05355068807843	33.05355068807843
16557	0.163312950938478	0.163312950938478
5659	0.28342638898440137	0.28342638898440137
12029	0.2684837457632372	0.2684837457632372
4098	0.07642563396394927	0.07642563396394927
44925	0.01022489687400947	0.01022489687400947
29952	3.5207673754903466	3.5207673754903466
34950	0.20013622087724567	0.20013622087724567
5662	1.4993465562486648	1.4993465562486648
44399	0.9127047823205591	0.9127047823205591
14019	0.05253775748645859	0.05253775748645859
1627	2.370239591633506	2.370239591633506
29740	1.9831865115147262	1.9831865115147262
2861	0.01017415853535913	0.01017415853535913
21519	0.02408533566783145	0.02408533566783145
39843	9.707545652265873	9.707545652265873
41753	52.172636663184775	52.172636663184775
21981	0.011128485367599833	0.011128485367599833
31406	0.010277253155900806	0.010277253155900806
35962	1.6892776889969416	1.6892776889969416
38302	2.1359079505888743	2.1359079505888743
40547	0.03590713413811994	0.03590713413811994
24461	1.6947338475872311	1.6947338475872311
23780	7.024813480430573	7.024813480430573
15467	3.741977076401835	3.741977076401835
10686	0.6124049030921197	0.6124049030921197
21176	0.010000008114432633	0.010000008114432633
10913	0.6970391742705431	0.6970391742705431
22046	1.9204414222763748	1.9204414222763748
19590	0.20373724685341582	0.20373724685341582
15327	10.75314173499056	10.75314173499056
24811	3.478975361420732	3.478975361420732
38682	0.014621260243249903	0.014621260243249903
32894	0.01003462935552714	0.01003462935552714
37946	0.4568679465561913	0.4568679465561913
12422	1.3720371996376408	1.3720371996376408
37411	8.843610503352085	8.843610503352085
28958	36.422945636555205	36.422945636555205
38067	0.06024289235727081	0.06024289235727081
18478	0.08484752803273034	0.08484752803273034
15383	0.2306312924007327	0.2306312924007327
23426	16.569340598319314	16.569340598319314
10363	0.010002908269878676	0.010002908269878676
30780	0.010588943244773467	0.010588943244773467
10915	0.09128721583678794	0.09128721583678794
6194	1.3070649988495535	1.3070649988495535
16318	9.096827122464816	9.096827122464816
26453	1.3970471259133643	1.3970471259133643
11478	1.578658720848829	1.578658720848829
29151	0.010004519389485059	0.010004519389485059
1734	2.736173954235048	2.736173954235048
16837	0.012454238629057254	0.012454238629057254
5328	0.06943642254759702	0.06943642254759702
26068	0.2864863314265834	0.2864863314265834
13914	0.7629668770392546	0.7629668770392546
14118	0.7377456282214618	0.7377456282214618
16909	7.759461822355341	7.759461822355341
22404	0.01000238759357562	0.01000238759357562
33894	0.8325067399970475	0.8325067399970475
