sim	exp	nam	typ	cro	sta	end	gro	ind	idx	snp	run	true_lat	true_lon	pred_lat	pred_lon	diff_space	true_tim	pred_tim	diff_time
AADR	18	contextpenalize	gt	1	80000000	90000000	0	I1709_enhanced	26	4162	3.41874516805013	31.988	35.976	46.60999	12.93034	2547.553	10050.0	2926.571	7123.428955078125
AADR	18	contextpenalize	gt	1	80000000	90000000	0	CAO031	827	4162	3.41874516805013	23.038	-81.497	22.106852	-74.05229	771.2884	1320.0	1254.0397	65.9603271484375
AADR	18	contextpenalize	gt	1	80000000	90000000	0	I2606	2131	4162	3.41874516805013	51.49275	-0.665402	51.9884	19.88083	1411.0591	5065.0	3630.9404	1434.0595703125
AADR	18	contextpenalize	gt	1	80000000	90000000	1	PDA005	1189	4162	3.4134310245513917	50.151931	14.493838	43.666065	38.859047	1975.3505	4164.0	3428.124	735.8759765625
AADR	18	contextpenalize	gt	1	80000000	90000000	1	I10371	4163	4162	3.4134310245513917	37.68	12.789	45.841347	14.066899	913.634	3100.0	2694.204	405.7958984375
AADR	18	contextpenalize	gt	1	80000000	90000000	1	scy303_noUDG.SG	4740	4162	3.4134310245513917	46.6684	29.8001	49.793346	25.742723	459.27396	2231.0	1896.4995	334.50048828125
AADR	18	contextpenalize	gt	1	80000000	90000000	2	I7272	1217	4162	3.419110083580017	50.19	14.158	45.27282	14.886645	549.46674	5417.0	5216.965	200.03515625
AADR	18	contextpenalize	gt	1	80000000	90000000	2	I6944	3547	4162	3.419110083580017	30.24720461	79.73739624	49.52644	14.033588	5796.319	1125.0	3347.171	-2222.1708984375
AADR	18	contextpenalize	gt	1	80000000	90000000	2	JpIw31.SG	4239	4162	3.419110083580017	36.61895	136.70233	40.461308	111.544655	2221.4324	1338.0	3855.012	-2517.011962890625
AADR	18	contextpenalize	gt	1	80000000	90000000	3	91KLH11_noUDG	606	4162	3.4115526914596557	42.5043431	125.4145019	43.875294	85.119026	3237.8208	2650.0	2112.452	537.548095703125
AADR	18	contextpenalize	gt	1	80000000	90000000	3	I14102	1808	4162	3.4115526914596557	53.919396	-0.766635	51.990353	-0.14295998	218.52826	2175.0	2556.2952	-381.295166015625
AADR	18	contextpenalize	gt	1	80000000	90000000	3	AIG002	4399	4162	3.4115526914596557	43.7	51.33	33.969574	28.831564	2218.5452	2350.0	2602.1526	-252.152587890625
AADR	18	contextpenalize	gt	1	80000000	90000000	4	I16175	1582	4162	3.4133661429087323	18.451	-69.686	19.502806	-72.41742	310.10498	675.0	1567.7786	-892.778564453125
AADR	18	contextpenalize	gt	1	80000000	90000000	4	OAI017	2202	4162	3.4133661429087323	52.2	0.1	50.31691	5.9789386	459.37915	1200.0	3695.5574	-2495.557373046875
AADR	18	contextpenalize	gt	1	80000000	90000000	4	I6800	4354	4162	3.4133661429087323	52.61	62.69	46.883125	12.214513	3605.3787	3656.0	4182.816	-526.81591796875
AADR	18	contextpenalize	gt	1	80000000	90000000	5	I18279	261	4162	3.411363633473714	40.516618	44.933321	51.064346	11.08178	2842.419	3285.0	3053.6438	231.356201171875
AADR	18	contextpenalize	gt	1	80000000	90000000	5	I14009	521	4162	3.411363633473714	-17.804018	-69.310334	52.662113	-0.19590591	10244.819	750.0	2582.6719	-1832.671875
AADR	18	contextpenalize	gt	1	80000000	90000000	5	CSP003	4395	4162	3.411363633473714	44.49	78.27	50.472786	16.576647	4548.1597	2654.0	2258.3538	395.646240234375
AADR	18	contextpenalize	gt	1	80000000	90000000	6	OTTM_142_noUDG	2967	4162	2.417005173365275	48.22519	10.84977	42.720085	6.887037	685.4725	3527.0	4809.339	-1282.3388671875
AADR	18	contextpenalize	gt	1	80000000	90000000	6	I1894	3480	4162	2.417005173365275	45.5853	18.30771	47.15935	20.386791	236.78923	7150.0	3509.199	3640.801025390625
AADR	18	contextpenalize	gt	1	80000000	90000000	6	R71.SG	3924	4162	2.417005173365275	41.8336869	12.468561	54.18398	16.916336	1411.8688	1750.0	2271.0562	-521.05615234375
AADR	18	contextpenalize	gt	1	80000000	90000000	7	I14340	125	4162	3.415263017018636	41.03	45.08	48.440514	15.723735	2442.872	4340.0	2633.8037	1706.1962890625
AADR	18	contextpenalize	gt	1	80000000	90000000	7	I13736	314	4162	3.415263017018636	25.366574	-76.520014	51.10381	11.269094	7693.296	750.0	2140.2551	-1390.255126953125
AADR	18	contextpenalize	gt	1	80000000	90000000	7	VLI064	1199	4162	3.415263017018636	50.365945	14.446606	45.554096	6.960385	771.9558	4018.0	5875.665	-1857.6650390625
AADR	18	contextpenalize	gt	1	80000000	90000000	8	MIB051	1111	4162	3.4076420545578	49.992004	15.776861	57.89222	29.294697	1242.5083	3792.0	3490.7332	301.266845703125
AADR	18	contextpenalize	gt	1	80000000	90000000	8	I21400	2463	4162	3.4076420545578	48.80181	4.27874	49.272522	-2.8769827	524.0431	2200.0	7447.838	-5247.837890625
AADR	18	contextpenalize	gt	1	80000000	90000000	8	R123.SG	3901	4162	3.4076420545578	41.684979	13.149861	48.848854	17.97736	881.18317	1780.0	2077.2827	-297.28271484375
AADR	18	contextpenalize	gt	1	80000000	90000000	9	I10072	686	4162	3.4154958804448445	45.4482	17.6388	47.439667	10.160826	613.9528	6050.0	5037.5	1012.5
AADR	18	contextpenalize	gt	1	80000000	90000000	9	VLI050	1160	4162	3.4154958804448445	50.365945	14.446606	40.795563	10.754316	1101.9255	3796.0	2208.3176	1587.682373046875
AADR	18	contextpenalize	gt	1	80000000	90000000	9	I14985	1233	4162	3.4154958804448445	50.410265	14.074597	50.576157	11.629392	173.94371	2225.0	2915.1663	-690.166259765625
AADR	18	contextpenalize	gt	1	80000000	90000000	10	I5080	737	4162	3.411108152071635	44.92	16.05	46.443787	29.745264	1075.9176	3631.0	6042.179	-2411.17919921875
AADR	18	contextpenalize	gt	1	80000000	90000000	10	I18416	770	4162	3.411108152071635	44.8520052	15.4199444	46.86753	10.207522	461.54617	3100.0	2059.4197	1040.580322265625
AADR	18	contextpenalize	gt	1	80000000	90000000	10	RISE42_noUDG.SG	1393	4162	3.411108152071635	55.657	12.148	48.4185	11.506211	806.0716	4021.0	4163.7407	-142.74072265625
AADR	18	contextpenalize	gt	1	80000000	90000000	11	I20513	1273	4162	2.4169236699740093	50.054385	14.363387	45.65837	9.681954	600.5195	2250.0	3060.8667	-810.86669921875
AADR	18	contextpenalize	gt	1	80000000	90000000	11	I20988	2101	4162	2.4169236699740093	51.138291	-1.53093	52.77323	4.697495	463.7158	2225.0	3847.2676	-1622.267578125
AADR	18	contextpenalize	gt	1	80000000	90000000	11	I3596	2698	4162	2.4169236699740093	48.8833	12.5332	52.391525	5.1678033	649.075	4175.0	3294.3108	880.689208984375
AADR	18	contextpenalize	gt	1	80000000	90000000	12	I15108	1496	4162	3.4139617562294005	18.394444	-68.61	16.998278	-68.14553	162.85655	512.0	893.35315	-381.3531494140625
AADR	18	contextpenalize	gt	1	80000000	90000000	12	SED006	2210	4162	3.4139617562294005	52.9	0.5	48.4163	14.363812	1094.6208	1200.0	3680.043	-2480.04296875
AADR	18	contextpenalize	gt	1	80000000	90000000	12	ADN004_noUDG	2632	4162	3.4139617562294005	52.359733	9.869503	44.954613	59.25702	3644.388	1150.0	2972.4475	-1822.447509765625
AADR	18	contextpenalize	gt	1	80000000	90000000	13	GRG028	2536	4162	2.4104530731836955	47.97	3.56	44.543114	12.331115	773.89374	6671.0	3840.1252	2830.874755859375
AADR	18	contextpenalize	gt	1	80000000	90000000	13	I5014	2663	4162	2.4104530731836955	48.711	11.453	50.093243	11.979556	158.34961	4200.0	4625.181	-425.18115234375
AADR	18	contextpenalize	gt	1	80000000	90000000	13	I1293_noUDG_d	3636	4162	2.4104530731836955	35.591	53.501	42.806786	17.079454	3212.446	10800.0	3994.132	6805.867919921875
AADR	18	contextpenalize	gt	1	80000000	90000000	14	I19351	186	4162	2.4090895613034564	40.416667	45.2	40.003082	49.345985	355.02496	3285.0	3224.5083	60.49169921875
AADR	18	contextpenalize	gt	1	80000000	90000000	14	VLI025	930	4162	2.4090895613034564	50.365945	14.446606	49.736435	11.04786	252.53333	4150.0	3442.0566	707.943359375
AADR	18	contextpenalize	gt	1	80000000	90000000	14	KPL002	4480	4162	2.4090895613034564	0.673467	34.358388	39.076035	47.57635	4476.898	213.0	2997.3132	-2784.313232421875
AADR	18	contextpenalize	gt	1	80000000	90000000	15	I14175	944	4162	2.4111284375190736	50.145766	14.221421	44.57312	3.3608615	1024.5458	5850.0	2644.1338	3205.8662109375
AADR	18	contextpenalize	gt	1	80000000	90000000	15	I15962	1566	4162	2.4111284375190736	18.451	-69.686	18.484842	-64.66314	529.74963	517.0	484.84555	32.154449462890625
AADR	18	contextpenalize	gt	1	80000000	90000000	15	I1536	2714	4162	2.4111284375190736	51.42	11.68	48.437904	5.663118	543.2579	4225.0	2931.984	1293.01611328125
AADR	18	contextpenalize	gt	1	80000000	90000000	16	I18437	1520	4162	4.416415584087372	19.2	-69.218889	17.118801	-67.74167	279.12604	956.0	1200.2206	-244.2205810546875
AADR	18	contextpenalize	gt	1	80000000	90000000	16	I20649	1739	4162	4.416415584087372	54.170989	-0.605739	50.83424	10.727752	850.84216	1450.0	1539.6954	-89.6954345703125
AADR	18	contextpenalize	gt	1	80000000	90000000	16	KKM001	4429	4162	4.416415584087372	48.94	79.27	51.077984	84.128914	420.67334	2550.0	2649.8936	-99.8935546875
AADR	18	contextpenalize	gt	1	80000000	90000000	17	RISE396_noUDG.SG	246	4162	3.41553852558136	39.2	46.4	56.083088	-8.277291	4363.32	3009.0	2289.0881	719.911865234375
AADR	18	contextpenalize	gt	1	80000000	90000000	17	VPR001	1357	4162	3.41553852558136	50.155159	14.318068	49.35844	11.907192	194.51723	4756.0	4279.2583	476.74169921875
AADR	18	contextpenalize	gt	1	80000000	90000000	17	EBA2_noUDG.SG	4286	4162	3.41553852558136	52.629778	76.727647	45.963417	97.68819	1682.7747	4480.0	2857.723	1622.277099609375
AADR	18	contextpenalize	gt	1	80000000	90000000	18	STR316b_noUDG.SG	2795	4162	3.409912276268005	48.89	12.57	52.509182	7.564074	534.7724	1455.0	5210.4463	-3755.4462890625
AADR	18	contextpenalize	gt	1	80000000	90000000	18	I18504_noUDG	3153	4162	3.409912276268005	13.519983	144.806559	43.54794	22.368567	11400.681	2550.0	6208.7656	-3658.765625
AADR	18	contextpenalize	gt	1	80000000	90000000	18	I3447	4293	4162	3.409912276268005	45.13237778	79.36439444	47.795437	69.97986	776.74097	4577.0	2758.612	1818.387939453125
AADR	18	contextpenalize	gt	1	80000000	90000000	19	I9123	3072	4162	3.4134297529856363	35.45	24.16666667	49.22538	10.6154785	1887.6736	3305.0	5916.7695	-2611.76953125
AADR	18	contextpenalize	gt	1	80000000	90000000	19	I1183_d	3789	4162	3.4134297529856363	32.974167	35.331389	52.90301	6.34746	3196.649	5950.0	2965.2124	2984.78759765625
AADR	18	contextpenalize	gt	1	80000000	90000000	19	SOL001	4780	4162	3.4134297529856363	47.742186	101.773072	54.005424	13.196873	5838.7393	2000.0	2699.678	-699.677978515625
AADR	18	contextpenalize	gt	1	80000000	90000000	20	PB672.SG	3747	4162	2.4092980583508807	52.985499	-9.111454	46.85202	5.3819594	1238.1982	5442.0	3349.085	2092.9150390625
AADR	18	contextpenalize	gt	1	80000000	90000000	20	I11736	4347	4162	2.4092980583508807	50.77023611	49.34004167	46.310318	39.593662	871.11835	5021.0	3255.28	1765.719970703125
AADR	18	contextpenalize	gt	1	80000000	90000000	20	BRV001	4470	4162	2.4092980583508807	53.05	70.18	49.3571	86.91429	1232.6202	2000.0	3645.1106	-1645.110595703125
AADR	18	contextpenalize	gt	1	80000000	90000000	21	VK141_noUDG.SG	1407	4162	3.4147488991419475	55.5	10.33	53.462463	-4.3035703	970.1202	1000.0	3231.0916	-2231.091552734375
AADR	18	contextpenalize	gt	1	80000000	90000000	21	I7967	1513	4162	3.4147488991419475	19.24	-69.2	7.865073	-71.28969	1284.7706	1228.0	1620.5485	-392.5484619140625
AADR	18	contextpenalize	gt	1	80000000	90000000	21	Latvia_MN2_noUDG.SG	4605	4162	3.4147488991419475	56.2833	25.1333	57.431286	18.560316	419.2889	5997.0	2872.078	3124.922119140625
AADR	18	contextpenalize	gt	1	80000000	90000000	22	SWG007.A_noUDG	2997	4162	3.4129981279373167	54.520535	9.559718	42.512	20.496302	1555.4028	850.0	2549.9172	-1699.917236328125
AADR	18	contextpenalize	gt	1	80000000	90000000	22	I18835	3327	4162	3.4129981279373167	47.647501	16.629722	50.11006	-2.9426937	1452.8159	2210.0	2159.687	50.31298828125
AADR	18	contextpenalize	gt	1	80000000	90000000	22	Kretuonas1	4652	4162	3.4129981279373167	55.26	26.098	51.05969	12.625135	1010.10486	6123.0	3751.6816	2371.318359375
