sim	exp	nam	typ	cro	sta	end	gro	ind	idx	snp	run	true_lat	true_lon	pred_lat	pred_lon	diff_space	true_tim	pred_tim	diff_time
AADR	18	contextpenalize	gt	1	90000000	100000000	0	I1709_enhanced	26	3841	3.4180392662684125	31.988	35.976	52.477177	7.3716626	3236.8977	10050.0	2958.0764	7091.923583984375
AADR	18	contextpenalize	gt	1	90000000	100000000	0	CAO031	827	3841	3.4180392662684125	23.038	-81.497	20.600168	-76.06005	623.20294	1320.0	1621.4072	-301.4072265625
AADR	18	contextpenalize	gt	1	90000000	100000000	0	I2606	2131	3841	3.4180392662684125	51.49275	-0.665402	45.32387	23.836542	1923.0876	5065.0	5355.0005	-290.00048828125
AADR	18	contextpenalize	gt	1	90000000	100000000	1	PDA005	1189	3841	4.413669844468434	50.151931	14.493838	51.499874	8.871338	422.27173	4164.0	3263.8916	900.1083984375
AADR	18	contextpenalize	gt	1	90000000	100000000	1	I10371	4163	3841	4.413669844468434	37.68	12.789	59.610466	34.8283	2897.058	3100.0	2452.147	647.85302734375
AADR	18	contextpenalize	gt	1	90000000	100000000	1	scy303_noUDG.SG	4740	3841	4.413669844468434	46.6684	29.8001	50.822853	16.943123	1047.89	2231.0	3069.0986	-838.0986328125
AADR	18	contextpenalize	gt	1	90000000	100000000	2	I7272	1217	3841	3.4195017576217652	50.19	14.158	51.10259	9.619371	335.65387	5417.0	2239.1548	3177.84521484375
AADR	18	contextpenalize	gt	1	90000000	100000000	2	I6944	3547	3841	3.4195017576217652	30.24720461	79.73739624	53.104992	8.733448	6130.5757	1125.0	1973.3004	-848.3004150390625
AADR	18	contextpenalize	gt	1	90000000	100000000	2	JpIw31.SG	4239	3841	3.4195017576217652	36.61895	136.70233	27.899837	138.76086	988.57416	1338.0	2542.6677	-1204.667724609375
AADR	18	contextpenalize	gt	1	90000000	100000000	3	91KLH11_noUDG	606	3841	3.4118428111076353	42.5043431	125.4145019	29.418398	92.10619	3303.6462	2650.0	3639.8398	-989.83984375
AADR	18	contextpenalize	gt	1	90000000	100000000	3	I14102	1808	3841	3.4118428111076353	53.919396	-0.766635	50.91275	0.053670064	338.91458	2175.0	2093.0032	81.996826171875
AADR	18	contextpenalize	gt	1	90000000	100000000	3	AIG002	4399	3841	3.4118428111076353	43.7	51.33	56.40008	27.303396	2201.8694	2350.0	4335.1606	-1985.16064453125
AADR	18	contextpenalize	gt	1	90000000	100000000	4	I16175	1582	3841	3.4169803778330485	18.451	-69.686	23.196886	-73.62788	667.96893	675.0	1279.38	-604.3800048828125
AADR	18	contextpenalize	gt	1	90000000	100000000	4	OAI017	2202	3841	3.4169803778330485	52.2	0.1	49.109814	13.36653	994.6119	1200.0	4258.8774	-3058.87744140625
AADR	18	contextpenalize	gt	1	90000000	100000000	4	I6800	4354	3841	3.4169803778330485	52.61	62.69	43.838223	18.419783	3362.3723	3656.0	6035.5366	-2379.53662109375
AADR	18	contextpenalize	gt	1	90000000	100000000	5	I18279	261	3841	4.411916915575663	40.516618	44.933321	42.82624	19.678993	2105.268	3285.0	4330.7407	-1045.74072265625
AADR	18	contextpenalize	gt	1	90000000	100000000	5	I14009	521	3841	4.411916915575663	-17.804018	-69.310334	47.924137	-5.456195	9662.102	750.0	1497.127	-747.126953125
AADR	18	contextpenalize	gt	1	90000000	100000000	5	CSP003	4395	3841	4.411916915575663	44.49	78.27	41.898674	49.76761	2316.5261	2654.0	2138.3354	515.66455078125
AADR	18	contextpenalize	gt	1	90000000	100000000	6	OTTM_142_noUDG	2967	3841	3.418316102027893	48.22519	10.84977	42.096535	18.222195	892.7601	3527.0	1559.9456	1967.054443359375
AADR	18	contextpenalize	gt	1	90000000	100000000	6	I1894	3480	3841	3.418316102027893	45.5853	18.30771	48.06559	13.225517	474.7814	7150.0	4373.9995	2776.00048828125
AADR	18	contextpenalize	gt	1	90000000	100000000	6	R71.SG	3924	3841	3.418316102027893	41.8336869	12.468561	50.50983	14.417131	976.247	1750.0	1949.1398	-199.1397705078125
AADR	18	contextpenalize	gt	1	90000000	100000000	7	I14340	125	3841	3.4160185774167378	41.03	45.08	54.48804	-3.477204	3833.4136	4340.0	2038.8362	2301.163818359375
AADR	18	contextpenalize	gt	1	90000000	100000000	7	I13736	314	3841	3.4160185774167378	25.366574	-76.520014	52.176754	15.299913	7926.9077	750.0	3203.8357	-2453.835693359375
AADR	18	contextpenalize	gt	1	90000000	100000000	7	VLI064	1199	3841	3.4160185774167378	50.365945	14.446606	47.740887	9.854462	443.90686	4018.0	3426.8445	591.155517578125
AADR	18	contextpenalize	gt	1	90000000	100000000	8	MIB051	1111	3841	3.4079391598701476	49.992004	15.776861	-30.006708	-50.00313	10996.874	3792.0	2766.849	1025.15087890625
AADR	18	contextpenalize	gt	1	90000000	100000000	8	I21400	2463	3841	3.4079391598701476	48.80181	4.27874	49.527634	16.002155	855.3314	2200.0	4857.6445	-2657.64453125
AADR	18	contextpenalize	gt	1	90000000	100000000	8	R123.SG	3901	3841	3.4079391598701476	41.684979	13.149861	42.95166	10.266483	275.7296	1780.0	2614.218	-834.218017578125
AADR	18	contextpenalize	gt	1	90000000	100000000	9	I10072	686	3841	3.4153897802035016	45.4482	17.6388	49.50497	13.992595	527.6564	6050.0	6784.8027	-734.802734375
AADR	18	contextpenalize	gt	1	90000000	100000000	9	VLI050	1160	3841	3.4153897802035016	50.365945	14.446606	40.930206	44.9154	2567.0212	3796.0	3620.862	175.137939453125
AADR	18	contextpenalize	gt	1	90000000	100000000	9	I14985	1233	3841	3.4153897802035016	50.410265	14.074597	48.884186	12.267389	213.82114	2225.0	2234.2139	-9.2138671875
AADR	18	contextpenalize	gt	1	90000000	100000000	10	I5080	737	3841	3.407547394434611	44.92	16.05	49.280857	16.196735	485.03223	3631.0	3512.2886	118.71142578125
AADR	18	contextpenalize	gt	1	90000000	100000000	10	I18416	770	3841	3.407547394434611	44.8520052	15.4199444	46.94712	15.293421	233.17177	3100.0	2798.3848	301.615234375
AADR	18	contextpenalize	gt	1	90000000	100000000	10	RISE42_noUDG.SG	1393	3841	3.407547394434611	55.657	12.148	41.44131	-20.316442	2825.0405	4021.0	2767.232	1253.76806640625
AADR	18	contextpenalize	gt	1	90000000	100000000	11	I20513	1273	3841	2.416703196366628	50.054385	14.363387	50.661503	-1.4271463	1120.0997	2250.0	3621.5588	-1371.558837890625
AADR	18	contextpenalize	gt	1	90000000	100000000	11	I20988	2101	3841	2.416703196366628	51.138291	-1.53093	39.75248	31.789642	2858.5386	2225.0	3548.9097	-1323.90966796875
AADR	18	contextpenalize	gt	1	90000000	100000000	11	I3596	2698	3841	2.416703196366628	48.8833	12.5332	48.15318	12.9694805	87.31342	4175.0	4224.3735	-49.37353515625
AADR	18	contextpenalize	gt	1	90000000	100000000	12	I15108	1496	3841	3.4126397371292114	18.394444	-68.61	19.298782	-73.72686	547.74786	512.0	1449.9484	-937.9483642578125
AADR	18	contextpenalize	gt	1	90000000	100000000	12	SED006	2210	3841	3.4126397371292114	52.9	0.5	51.27677	5.366468	378.21213	1200.0	2415.2625	-1215.262451171875
AADR	18	contextpenalize	gt	1	90000000	100000000	12	ADN004_noUDG	2632	3841	3.4126397371292114	52.359733	9.869503	37.923035	52.02487	3608.8718	1150.0	2215.723	-1065.722900390625
AADR	18	contextpenalize	gt	1	90000000	100000000	13	GRG028	2536	3841	2.409483333428701	47.97	3.56	39.86635	46.485664	3505.3728	6671.0	3578.9453	3092.0546875
AADR	18	contextpenalize	gt	1	90000000	100000000	13	I5014	2663	3841	2.409483333428701	48.711	11.453	50.021378	16.323952	381.53665	4200.0	4405.789	-205.7890625
AADR	18	contextpenalize	gt	1	90000000	100000000	13	I1293_noUDG_d	3636	3841	2.409483333428701	35.591	53.501	47.239754	13.713537	3515.9116	10800.0	4593.2886	6206.71142578125
AADR	18	contextpenalize	gt	1	90000000	100000000	14	I19351	186	3841	2.413381206989288	40.416667	45.2	47.831913	6.2490964	3179.7937	3285.0	4047.4243	-762.42431640625
AADR	18	contextpenalize	gt	1	90000000	100000000	14	VLI025	930	3841	2.413381206989288	50.365945	14.446606	43.434956	10.891141	816.4115	4150.0	3034.5342	1115.4658203125
AADR	18	contextpenalize	gt	1	90000000	100000000	14	KPL002	4480	3841	2.413381206989288	0.673467	34.358388	34.156425	13.787423	4294.4795	213.0	2931.2458	-2718.245849609375
AADR	18	contextpenalize	gt	1	90000000	100000000	15	I14175	944	3841	3.4092127760251363	50.145766	14.221421	42.791462	13.206087	821.4282	5850.0	5243.129	606.87109375
AADR	18	contextpenalize	gt	1	90000000	100000000	15	I15962	1566	3841	3.4092127760251363	18.451	-69.686	18.81326	-67.934296	188.91505	517.0	860.4689	-343.4688720703125
AADR	18	contextpenalize	gt	1	90000000	100000000	15	I1536	2714	3841	3.4092127760251363	51.42	11.68	49.663063	8.458156	299.9546	4225.0	7160.704	-2935.7041015625
AADR	18	contextpenalize	gt	1	90000000	100000000	16	I18437	1520	3841	3.4111768007278442	19.2	-69.218889	19.206219	-72.70826	366.4061	956.0	930.56995	25.4300537109375
AADR	18	contextpenalize	gt	1	90000000	100000000	16	I20649	1739	3841	3.4111768007278442	54.170989	-0.605739	40.543922	11.732648	1771.8512	1450.0	2019.7898	-569.789794921875
AADR	18	contextpenalize	gt	1	90000000	100000000	16	KKM001	4429	3841	3.4111768007278442	48.94	79.27	55.88731	45.53924	2386.7512	2550.0	2345.97	204.030029296875
AADR	18	contextpenalize	gt	1	90000000	100000000	17	RISE396_noUDG.SG	246	3841	3.410799515247345	39.2	46.4	40.031715	56.81194	896.12225	3009.0	1982.1047	1026.895263671875
AADR	18	contextpenalize	gt	1	90000000	100000000	17	VPR001	1357	3841	3.410799515247345	50.155159	14.318068	48.732918	1.1811203	961.54047	4756.0	4508.757	247.2431640625
AADR	18	contextpenalize	gt	1	90000000	100000000	17	EBA2_noUDG.SG	4286	3841	3.410799515247345	52.629778	76.727647	41.61694	70.47763	1311.478	4480.0	2210.6584	2269.341552734375
AADR	18	contextpenalize	gt	1	90000000	100000000	18	STR316b_noUDG.SG	2795	3841	2.406826341152191	48.89	12.57	43.5316	33.918972	1740.3822	1455.0	3455.299	-2000.299072265625
AADR	18	contextpenalize	gt	1	90000000	100000000	18	I18504_noUDG	3153	3841	2.406826341152191	13.519983	144.806559	38.29625	20.304949	11864.376	2550.0	2969.75	-419.75
AADR	18	contextpenalize	gt	1	90000000	100000000	18	I3447	4293	3841	2.406826341152191	45.13237778	79.36439444	47.51703	74.00377	489.4704	4577.0	3863.5312	713.46875
AADR	18	contextpenalize	gt	1	90000000	100000000	19	I9123	3072	3841	3.413489023844401	35.45	24.16666667	43.23921	15.723551	1128.9229	3305.0	3153.4397	151.560302734375
AADR	18	contextpenalize	gt	1	90000000	100000000	19	I1183_d	3789	3841	3.413489023844401	32.974167	35.331389	40.84276	24.218113	1317.8079	5950.0	8794.469	-2844.46875
AADR	18	contextpenalize	gt	1	90000000	100000000	19	SOL001	4780	3841	3.413489023844401	47.742186	101.773072	54.649845	61.41706	2871.2065	2000.0	2492.7395	-492.739501953125
AADR	18	contextpenalize	gt	1	90000000	100000000	20	PB672.SG	3747	3841	2.409732202688853	52.985499	-9.111454	51.59306	-10.302292	174.73169	5442.0	5354.59	87.41015625
AADR	18	contextpenalize	gt	1	90000000	100000000	20	I11736	4347	3841	2.409732202688853	50.77023611	49.34004167	44.22756	25.829288	1899.8467	5021.0	4530.7925	490.20751953125
AADR	18	contextpenalize	gt	1	90000000	100000000	20	BRV001	4470	3841	2.409732202688853	53.05	70.18	36.532528	117.646164	4075.791	2000.0	3211.4597	-1211.459716796875
AADR	18	contextpenalize	gt	1	90000000	100000000	21	VK141_noUDG.SG	1407	3841	2.415183687210083	55.5	10.33	47.628902	13.92764	909.55365	1000.0	4312.6846	-3312.6845703125
AADR	18	contextpenalize	gt	1	90000000	100000000	21	I7967	1513	3841	2.415183687210083	19.24	-69.2	11.708309	-78.85527	1330.3785	1228.0	1223.7826	4.2174072265625
AADR	18	contextpenalize	gt	1	90000000	100000000	21	Latvia_MN2_noUDG.SG	4605	3841	2.415183687210083	56.2833	25.1333	45.784702	67.430374	3119.722	5997.0	2928.7405	3068.259521484375
