ind	co1	co2
22182	9.4704050465036	9.4704050465036
44312	6.4505642631053215	6.4505642631053215
36328	0.9596775538295539	0.9596775538295539
33946	0.6920892990171723	0.6920892990171723
38639	8.372888226793936	8.372888226793936
4639	1.451910234469877	1.451910234469877
29565	4.998233220767504	4.998233220767504
23163	2.81020160161789	2.81020160161789
7807	3.331412503534487	3.331412503534487
7572	0.47395112499083525	0.47395112499083525
1629	0.16108906535792428	0.16108906535792428
34120	2.782207094553312	2.782207094553312
45324	0.16108555290889343	0.16108555290889343
8016	1.4427427798908945	1.4427427798908945
20176	0.017505650397322197	0.017505650397322197
15384	4.905030483435697	4.905030483435697
34833	3.331996123815366	3.331996123815366
19888	0.41898283021791094	0.41898283021791094
29663	0.5048565564292473	0.5048565564292473
22812	0.23205818641189124	0.23205818641189124
20242	4.427381821818885	4.427381821818885
16659	5.10156039437382	5.10156039437382
6370	4.622372408482507	4.622372408482507
584	1.1553616804925997	1.1553616804925997
7822	0.24638898168170018	0.24638898168170018
39766	1.9209537457630703	1.9209537457630703
20389	1.4875033866060794	1.4875033866060794
29418	7.404833865696139	7.404833865696139
38264	1.5947403204741841	1.5947403204741841
2627	3.434222582347687	3.434222582347687
1423	0.8678066591592435	0.8678066591592435
2165	4.146489029537061	4.146489029537061
839	0.07086119301325987	0.07086119301325987
33622	2.371383505144719	2.371383505144719
5276	1.502155252624809	1.502155252624809
5419	0.5630013952882171	0.5630013952882171
29813	1.040174362541736	1.040174362541736
35963	0.9868873774578828	0.9868873774578828
30411	4.430711903442089	4.430711903442089
17299	0.22817280522905328	0.22817280522905328
20355	2.859321938636838	2.859321938636838
26395	7.8886241854344235	7.8886241854344235
29597	4.003918810517521	4.003918810517521
11187	0.9076036524838441	0.9076036524838441
22341	5.611015616075919	5.611015616075919
42137	0.20382480708130707	0.20382480708130707
28654	1.5457986206718413	1.5457986206718413
23841	1.077754044708203	1.077754044708203
43344	7.397124864525358	7.397124864525358
9818	0.8831371884694561	0.8831371884694561
36307	0.8970628597991716	0.8970628597991716
41188	1.708427736461253	1.708427736461253
11559	2.9077478829811363	2.9077478829811363
9257	2.432121661858781	2.432121661858781
9334	0.8111092814231515	0.8111092814231515
30345	0.8193092685897964	0.8193092685897964
33909	0.5652661311103775	0.5652661311103775
3773	1.1944836651608484	1.1944836651608484
32961	0.3444256113435199	0.3444256113435199
18474	3.2662892614588404	3.2662892614588404
21785	2.952317197240526	2.952317197240526
6146	2.0305381479710496	2.0305381479710496
3484	0.11856801891073109	0.11856801891073109
27441	2.9384088757607025	2.9384088757607025
30130	2.76540482124167	2.76540482124167
36776	5.300281414263556	5.300281414263556
43536	0.2617456607069152	0.2617456607069152
27339	8.249038392043426	8.249038392043426
19755	0.026283910311433394	0.026283910311433394
13561	6.0673327220774285	6.0673327220774285
38844	2.2196171093728743	2.2196171093728743
44568	0.4791697359274304	0.4791697359274304
33071	2.7316087978999017	2.7316087978999017
40682	0.6802891272626581	0.6802891272626581
15450	2.3047212367085113	2.3047212367085113
36493	4.645043636780974	4.645043636780974
2885	3.2145505062835253	3.2145505062835253
31758	0.1581104017669793	0.1581104017669793
36397	0.3340486243376168	0.3340486243376168
35965	1.8918545382063732	1.8918545382063732
18776	0.5052671476214391	0.5052671476214391
1991	0.5322363570751409	0.5322363570751409
25848	0.9425759940965744	0.9425759940965744
5208	0.24758849394720867	0.24758849394720867
27554	2.513039177650529	2.513039177650529
42178	0.046163862510338195	0.046163862510338195
13553	2.5049897357936244	2.5049897357936244
3098	0.32576692030319854	0.32576692030319854
32049	3.0325439981082805	3.0325439981082805
5178	10.001365860507107	10.001365860507107
3696	3.2501318548125395	3.2501318548125395
26932	0.8224322260339515	0.8224322260339515
25545	4.131997038739203	4.131997038739203
41329	2.5657860162281505	2.5657860162281505
41164	0.03037835827600615	0.03037835827600615
16467	0.6119479093190202	0.6119479093190202
7358	3.383158678241207	3.383158678241207
34336	0.77429670017043	0.77429670017043
13667	0.014946259723767171	0.014946259723767171
23260	4.119977337272443	4.119977337272443
40055	0.2647903598637115	0.2647903598637115
21333	3.60427007493353	3.60427007493353
13241	2.869548784517972	2.869548784517972
4330	2.2862120058662763	2.2862120058662763
34571	0.07894451252881338	0.07894451252881338
45310	1.334389392347073	1.334389392347073
32180	0.7726485787867455	0.7726485787867455
24328	0.4920376184440622	0.4920376184440622
30623	1.7015461526463138	1.7015461526463138
17667	2.665305810396325	2.665305810396325
18744	0.388612006236504	0.388612006236504
44597	2.872232195988189	2.872232195988189
43515	0.07081868584458034	0.07081868584458034
12640	1.2321317621449783	1.2321317621449783
13821	6.3023168164244705	6.3023168164244705
24921	1.1621570023328656	1.1621570023328656
5353	0.38532316456798726	0.38532316456798726
6356	1.5526173475107683	1.5526173475107683
1813	1.7080743896772932	1.7080743896772932
22807	1.4380399087845348	1.4380399087845348
34197	1.0088328881568234	1.0088328881568234
45243	1.9579923659489076	1.9579923659489076
41990	8.381120937051165	8.381120937051165
17724	3.5252352348391067	3.5252352348391067
17478	5.016997322430676	5.016997322430676
17328	1.2018801806690262	1.2018801806690262
35362	1.884322567294117	1.884322567294117
4119	0.1640752021103023	0.1640752021103023
28558	0.5414776422126162	0.5414776422126162
45164	0.28367229392077303	0.28367229392077303
31218	0.5740260506270732	0.5740260506270732
25325	4.681813813878213	4.681813813878213
44618	3.652743982069164	3.652743982069164
15250	0.3426874773569298	0.3426874773569298
3456	1.4842687093892557	1.4842687093892557
12423	8.117326525616853	8.117326525616853
17580	1.4658285596754512	1.4658285596754512
45072	4.757823310853238	4.757823310853238
21700	6.629951223013316	6.629951223013316
41043	1.550075123960904	1.550075123960904
19356	0.8035835817635356	0.8035835817635356
26721	6.314777944902702	6.314777944902702
15498	0.7393889181839468	0.7393889181839468
5492	0.9119629863863508	0.9119629863863508
44159	1.0796268702782221	1.0796268702782221
26299	0.017819240396620882	0.017819240396620882
14699	0.9409553439963968	0.9409553439963968
9385	2.1226691308266097	2.1226691308266097
583	3.182930699811872	3.182930699811872
22183	4.776808699075544	4.776808699075544
13992	1.945290038098902	1.945290038098902
31336	2.5991999423090104	2.5991999423090104
40455	0.6420483432736227	0.6420483432736227
21416	1.0937094929554374	1.0937094929554374
18036	1.5749901782070461	1.5749901782070461
19203	0.10576189573881735	0.10576189573881735
33686	0.4622194972103399	0.4622194972103399
26188	0.02059446856023965	0.02059446856023965
28631	3.163722030200031	3.163722030200031
27655	6.311073002389767	6.311073002389767
44308	2.3687602184151926	2.3687602184151926
1306	1.7236445518909285	1.7236445518909285
22662	0.55196172655189	0.55196172655189
11751	1.4190244089868682	1.4190244089868682
31156	0.85979418326621	0.85979418326621
7343	0.27908992480686223	0.27908992480686223
28577	0.06175511605578063	0.06175511605578063
4676	6.13577062069958	6.13577062069958
13581	1.13017694057081	1.13017694057081
39875	2.1983944095247008	2.1983944095247008
13457	5.61060942016797	5.61060942016797
8132	7.2316228333059325	7.2316228333059325
40421	0.6898404657350398	0.6898404657350398
17887	5.12093242856113	5.12093242856113
8502	1.1253452626576605	1.1253452626576605
10152	0.6655180425907524	0.6655180425907524
38881	0.9212790387716432	0.9212790387716432
5042	7.70585062474185	7.70585062474185
32778	1.5970125252816565	1.5970125252816565
38261	4.233035771125486	4.233035771125486
33422	2.2133005250740068	2.2133005250740068
43489	2.017025371247863	2.017025371247863
22568	0.6939342371363986	0.6939342371363986
23189	0.7494185720380304	0.7494185720380304
24360	6.897820816311498	6.897820816311498
38505	0.18854019692508608	0.18854019692508608
14610	1.8309567297361538	1.8309567297361538
34859	1.169811098756039	1.169811098756039
6292	0.2485574493862582	0.2485574493862582
36241	14.155231506290496	14.155231506290496
44677	2.53779151382252	2.53779151382252
40274	4.195149337429516	4.195149337429516
1622	2.6971385888071664	2.6971385888071664
32213	2.846915149953007	2.846915149953007
23061	4.343390238152573	4.343390238152573
18954	5.222950026497572	5.222950026497572
7344	1.2253970402783598	1.2253970402783598
29777	0.34159890594062087	0.34159890594062087
29161	6.210989940116934	6.210989940116934
19525	0.16845663761931162	0.16845663761931162
44648	1.9071464883719804	1.9071464883719804
30132	11.373628380193507	11.373628380193507
34363	3.8298592173142367	3.8298592173142367
14393	0.3571280965182772	0.3571280965182772
42589	2.0113472611132934	2.0113472611132934
34251	0.7424588271048808	0.7424588271048808
38228	0.90161351820611	0.90161351820611
6983	2.346743252824632	2.346743252824632
38982	0.7512811380130187	0.7512811380130187
751	0.3565981713835882	0.3565981713835882
44961	1.400658567457654	1.400658567457654
19560	0.4005306508855768	0.4005306508855768
16354	3.3622703288003266	3.3622703288003266
30590	3.9291745676902434	3.9291745676902434
11992	0.13346547406796577	0.13346547406796577
16787	0.8817918925152444	0.8817918925152444
33863	0.6352719254245988	0.6352719254245988
26559	4.056023692797689	4.056023692797689
24494	0.9820603906056438	0.9820603906056438
22084	0.35239100007863616	0.35239100007863616
2163	2.065691897175473	2.065691897175473
44537	0.09772349839002235	0.09772349839002235
38387	5.22643211429417	5.22643211429417
7548	3.5443662208071918	3.5443662208071918
39157	1.212467869788671	1.212467869788671
4595	0.15731881774186685	0.15731881774186685
32299	2.831735812685369	2.831735812685369
40024	4.386324839026992	4.386324839026992
41559	7.395351263749243	7.395351263749243
20081	4.5360820882709	4.5360820882709
15924	1.3530763452283616	1.3530763452283616
20419	1.1677884550338817	1.1677884550338817
34631	0.08017630445701221	0.08017630445701221
23115	2.2560635655655674	2.2560635655655674
45246	2.272812509925482	2.272812509925482
7439	2.14687052673991	2.14687052673991
5637	4.616257985421286	4.616257985421286
31098	0.10407157792525137	0.10407157792525137
5852	1.564681558367431	1.564681558367431
35062	3.6989021847802968	3.6989021847802968
41891	4.274075274408118	4.274075274408118
26561	0.5580359508906394	0.5580359508906394
40752	4.935873333742401	4.935873333742401
18058	2.311801328354132	2.311801328354132
685	1.9712645234831225	1.9712645234831225
12026	2.1673887615666434	2.1673887615666434
42405	1.925780216821127	1.925780216821127
14278	2.4299005106487446	2.4299005106487446
6841	0.18322653421423452	0.18322653421423452
9003	2.2619627712039954	2.2619627712039954
15276	2.7515562053870157	2.7515562053870157
29596	6.880708944422606	6.880708944422606
29738	5.863133524626558	5.863133524626558
38875	2.99071375310038	2.99071375310038
13535	0.1537812269756077	0.1537812269756077
125	2.475839213118127	2.475839213118127
35088	0.4282344692202649	0.4282344692202649
17123	2.1051016211928477	2.1051016211928477
30344	0.06345789625113923	0.06345789625113923
10658	0.5408773837600728	0.5408773837600728
435	0.27765362009672884	0.27765362009672884
25629	0.9566923660324601	0.9566923660324601
40748	2.052989717919756	2.052989717919756
17231	0.2429686817941297	0.2429686817941297
11362	1.5416725349821272	1.5416725349821272
34309	3.8037085493805693	3.8037085493805693
18108	2.400785581123245	2.400785581123245
28080	7.284525796143771	7.284525796143771
29033	1.6001599618731885	1.6001599618731885
37853	0.902633744259498	0.902633744259498
24761	1.8480843045405544	1.8480843045405544
44904	0.6213120577133708	0.6213120577133708
21650	1.8433460499313499	1.8433460499313499
19385	1.393260778030486	1.393260778030486
20881	0.625722121824143	0.625722121824143
41791	5.28308277172445	5.28308277172445
2062	3.1957809198094767	3.1957809198094767
30419	0.2039170389217546	0.2039170389217546
37086	0.4848954519834233	0.4848954519834233
41850	3.7232859783750656	3.7232859783750656
6191	0.1428455453909896	0.1428455453909896
15144	1.3524815415336977	1.3524815415336977
15001	1.272022830092845	1.272022830092845
31533	0.590508821418587	0.590508821418587
10121	1.5961376147081217	1.5961376147081217
80	0.7995262586321736	0.7995262586321736
9074	0.1686587221967391	0.1686587221967391
22086	1.776299388272118	1.776299388272118
27029	3.6621643866980085	3.6621643866980085
26898	5.053130934207502	5.053130934207502
8385	0.6086365712651516	0.6086365712651516
43976	0.9726102033639709	0.9726102033639709
11828	4.743402369755184	4.743402369755184
42998	3.8569368765361665	3.8569368765361665
20646	9.586107850649274	9.586107850649274
1647	1.8162397343514234	1.8162397343514234
7338	1.172648701010369	1.172648701010369
7569	1.2408606482695579	1.2408606482695579
4379	0.32469664487756594	0.32469664487756594
27112	3.250378501793181	3.250378501793181
9439	2.0558822983137777	2.0558822983137777
42347	0.02099419686736733	0.02099419686736733
2572	0.07912846433774443	0.07912846433774443
15983	0.9322570693370714	0.9322570693370714
35035	0.4177360288990261	0.4177360288990261
13726	2.5809713787614617	2.5809713787614617
5842	1.9537720174045936	1.9537720174045936
16512	8.781956350067679	8.781956350067679
23561	2.3148236015268866	2.3148236015268866
36550	0.3532113100146948	0.3532113100146948
43191	4.394300891867118	4.394300891867118
6009	0.253536738877489	0.253536738877489
3429	1.6088320499700641	1.6088320499700641
12867	2.446800487518044	2.446800487518044
1233	1.012610525374606	1.012610525374606
42786	1.0612761093567464	1.0612761093567464
4356	1.7322656786945905	1.7322656786945905
45051	3.220936534996355	3.220936534996355
45333	0.5543014704966732	0.5543014704966732
2740	1.1309854027690032	1.1309854027690032
23106	0.33807374159917875	0.33807374159917875
29978	2.8577410527793465	2.8577410527793465
17721	0.05338831372684251	0.05338831372684251
2085	2.1289695926717815	2.1289695926717815
12864	2.791389351587113	2.791389351587113
7251	1.7830609146120595	1.7830609146120595
10660	2.251941644883464	2.251941644883464
34045	7.817791007705409	7.817791007705409
40845	1.4872822324608355	1.4872822324608355
20246	1.548851401511974	1.548851401511974
38265	0.02156444239789425	0.02156444239789425
14998	0.7406644412592721	0.7406644412592721
4646	3.8907475177647832	3.8907475177647832
9285	5.068259381217453	5.068259381217453
6840	3.493968263243008	3.493968263243008
40573	9.322498324152333	9.322498324152333
3652	5.53681271548141	5.53681271548141
8078	0.11703651295972488	0.11703651295972488
19355	4.139018085661221	4.139018085661221
10334	2.6897212481262596	2.6897212481262596
1003	2.5350016809649656	2.5350016809649656
32809	1.3185710998831495	1.3185710998831495
45050	0.8391858890626113	0.8391858890626113
8592	6.994021358536336	6.994021358536336
4469	2.041913541512827	2.041913541512827
2836	2.848735740841595	2.848735740841595
14558	0.8470917645169145	0.8470917645169145
12919	1.2447871853781411	1.2447871853781411
3024	1.2452066498003689	1.2452066498003689
13138	3.9385890848748852	3.9385890848748852
42883	0.5072553830714288	0.5072553830714288
7715	0.40899274640920835	0.40899274640920835
10292	0.15999717331785965	0.15999717331785965
30449	0.8663115148439119	0.8663115148439119
24395	0.854100471095981	0.854100471095981
35430	1.4890809010159707	1.4890809010159707
27143	2.4149430413548205	2.4149430413548205
12173	6.532786220632276	6.532786220632276
27526	3.448029958561975	3.448029958561975
5497	0.13705132555775892	0.13705132555775892
14664	3.398005401745348	3.398005401745348
3795	2.783302390731668	2.783302390731668
17431	0.1316562621637201	0.1316562621637201
13107	1.609573016747656	1.609573016747656
22993	4.754769345118465	4.754769345118465
36051	7.691217300724527	7.691217300724527
10611	1.592828753704838	1.592828753704838
44316	0.2084612051882626	0.2084612051882626
39614	2.76454201164223	2.76454201164223
35671	0.226623528952655	0.226623528952655
35346	0.09642404226391775	0.09642404226391775
20490	0.2854952114315126	0.2854952114315126
44192	5.202035374278347	5.202035374278347
5989	0.7382260837434609	0.7382260837434609
1995	9.589714548151978	9.589714548151978
13956	2.4549262407313623	2.4549262407313623
14313	0.23972051936426927	0.23972051936426927
17048	0.3833395888406457	0.3833395888406457
22454	1.5182014655736986	1.5182014655736986
42968	3.3407548232351054	3.3407548232351054
20784	4.274692251381438	4.274692251381438
10335	2.0376132483985567	2.0376132483985567
12195	3.4664060756286172	3.4664060756286172
42490	5.203103908330979	5.203103908330979
20238	0.34055928392754287	0.34055928392754287
22250	0.746809575138043	0.746809575138043
8506	4.552706385536138	4.552706385536138
20932	2.9343118082895274	2.9343118082895274
27926	0.589104206939446	0.589104206939446
43821	2.935635683937762	2.935635683937762
44853	0.4342119292705185	0.4342119292705185
3354	0.7600916261858554	0.7600916261858554
4885	1.7710746255608032	1.7710746255608032
13578	0.48051300882594417	0.48051300882594417
2996	2.026833478479026	2.026833478479026
39932	1.4546750219067672	1.4546750219067672
25289	1.3796708787693042	1.3796708787693042
33635	0.7219602746465086	0.7219602746465086
43622	0.49979839294509726	0.49979839294509726
41185	0.1990976284688879	0.1990976284688879
1731	0.38215331665924734	0.38215331665924734
32650	7.332550878989051	7.332550878989051
925	11.790432540419456	11.790432540419456
31071	3.0661568180210645	3.0661568180210645
24959	1.1500930255167308	1.1500930255167308
33740	4.98704586982468	4.98704586982468
31890	0.1889090906812874	0.1889090906812874
20853	1.5551903772496511	1.5551903772496511
6264	2.048199334738938	2.048199334738938
13111	0.13832703834823754	0.13832703834823754
1695	2.5771032506098	2.5771032506098
35185	2.837153082283833	2.837153082283833
33378	1.0318040949956142	1.0318040949956142
7279	0.18152945489243852	0.18152945489243852
9258	1.703017746141639	1.703017746141639
24534	0.369483216563661	0.369483216563661
23721	1.7705213926147734	1.7705213926147734
10472	3.0702935036400074	3.0702935036400074
5568	0.3784794603945935	0.3784794603945935
16682	0.29578832053361465	0.29578832053361465
45223	0.43264114484797056	0.43264114484797056
35456	1.1227399977061543	1.1227399977061543
42218	6.036091750249994	6.036091750249994
14343	1.312100025409762	1.312100025409762
13328	0.8101537662642654	0.8101537662642654
33685	0.8473215470496004	0.8473215470496004
2790	1.2569782475667555	1.2569782475667555
35494	1.21224123864558	1.21224123864558
33022	3.4432696771297033	3.4432696771297033
5751	3.8378617127926735	3.8378617127926735
24762	2.3487255208499422	2.3487255208499422
43514	5.328406173215809	5.328406173215809
11518	3.927431543328012	3.927431543328012
18914	4.516520957092074	4.516520957092074
15273	0.3004941379110125	0.3004941379110125
11051	3.4018584851992433	3.4018584851992433
10469	1.9238281066267109	1.9238281066267109
41794	0.529758157684273	0.529758157684273
5560	2.962196831949965	2.962196831949965
9895	2.4249495317072727	2.4249495317072727
36082	4.281592135984752	4.281592135984752
29590	3.4623504748774656	3.4623504748774656
42853	5.492524709248746	5.492524709248746
10063	2.029509073657395	2.029509073657395
16911	2.249051094539552	2.249051094539552
5757	3.0351987404715666	3.0351987404715666
31216	0.7873982959762943	0.7873982959762943
10818	0.9673034350715088	0.9673034350715088
45148	2.502617953300386	2.502617953300386
25876	4.170307215639424	4.170307215639424
28044	0.9357193305629167	0.9357193305629167
34896	0.3955662350936555	0.3955662350936555
15851	3.0640754303548907	3.0640754303548907
8394	1.5541784625128732	1.5541784625128732
28223	4.212621073461803	4.212621073461803
15472	0.19784163472597993	0.19784163472597993
253	0.12579720183216447	0.12579720183216447
29278	4.73104550637672	4.73104550637672
18117	0.8313970971403856	0.8313970971403856
28769	1.873274538764203	1.873274538764203
43608	1.1582068693786975	1.1582068693786975
28794	1.6710553901312613	1.6710553901312613
8434	2.433610420627553	2.433610420627553
19638	0.423420603100351	0.423420603100351
6433	2.150554398010034	2.150554398010034
30269	1.0213745500231772	1.0213745500231772
23629	0.4819537720341919	0.4819537720341919
43227	16.08641455048928	16.08641455048928
35997	0.36221136345308763	0.36221136345308763
13240	0.9836446367770033	0.9836446367770033
45093	1.0036201956690987	1.0036201956690987
21679	7.271950837176363	7.271950837176363
17203	1.364934939658803	1.364934939658803
16125	0.8190607847911742	0.8190607847911742
10630	3.2657883601917197	3.2657883601917197
14703	2.157236475786444	2.157236475786444
10691	3.5823462256061616	3.5823462256061616
4999	0.38669113626538937	0.38669113626538937
27229	2.245300564367918	2.245300564367918
20566	8.78607393454804	8.78607393454804
5592	0.0983469701520157	0.0983469701520157
38523	2.377656266743605	2.377656266743605
5429	1.5294541339735441	1.5294541339735441
38470	0.8911828315828618	0.8911828315828618
23724	0.4115018416630525	0.4115018416630525
25226	0.12586454711854933	0.12586454711854933
310	3.858510615887951	3.858510615887951
41735	1.765923636173368	1.765923636173368
9254	1.4621845199166301	1.4621845199166301
16981	5.561376511966179	5.561376511966179
5471	4.8807236065070665	4.8807236065070665
36592	1.6431051225945896	1.6431051225945896
2816	0.05059224656204034	0.05059224656204034
28341	0.48198883493679556	0.48198883493679556
23110	0.7747952046012292	0.7747952046012292
34142	2.551681235186229	2.551681235186229
17976	0.2840046817627989	0.2840046817627989
32094	0.14069395998998954	0.14069395998998954
22484	1.7148689052390547	1.7148689052390547
39317	0.4581129854803635	0.4581129854803635
4739	2.26237783256608	2.26237783256608
14595	2.8810459390878735	2.8810459390878735
27523	3.5481076168618713	3.5481076168618713
17794	2.4922970410496355	2.4922970410496355
19704	3.6662563501147005	3.6662563501147005
12167	1.4888814620625372	1.4888814620625372
12709	0.43178492326959944	0.43178492326959944
4051	1.8068913895987024	1.8068913895987024
31186	0.6475492901082052	0.6475492901082052
13724	0.3491302929673514	0.3491302929673514
27832	2.654486889238594	2.654486889238594
1773	2.909365519586777	2.909365519586777
42889	2.8952109869792575	2.8952109869792575
23027	4.043938647075665	4.043938647075665
22936	0.8914650948689112	0.8914650948689112
16980	2.2222692410782487	2.2222692410782487
36710	1.4971696066651565	1.4971696066651565
28821	4.907447255356824	4.907447255356824
25898	0.7081693736123466	0.7081693736123466
1578	2.484973393461859	2.484973393461859
7461	1.0764125028157772	1.0764125028157772
14581	0.7713769346863717	0.7713769346863717
7363	1.3528914295410064	1.3528914295410064
33250	1.4716713873356144	1.4716713873356144
44791	9.042253005783698	9.042253005783698
22852	1.3166585158240989	1.3166585158240989
18136	2.527239132191805	2.527239132191805
8127	2.4811511270162647	2.4811511270162647
5499	0.9956280436852046	0.9956280436852046
36819	2.8882859965939156	2.8882859965939156
44852	3.725564142539022	3.725564142539022
4828	3.4053590110448866	3.4053590110448866
45328	0.5849339040336551	0.5849339040336551
19035	4.436744457977142	4.436744457977142
38068	5.425567524390007	5.425567524390007
23633	2.472167560713489	2.472167560713489
26292	5.125258097944101	5.125258097944101
6765	1.7758725503232171	1.7758725503232171
5707	0.9273952406648999	0.9273952406648999
1997	5.11243221414909	5.11243221414909
35040	1.4155497075527226	1.4155497075527226
27028	5.889078720756788	5.889078720756788
8414	1.72659337802695	1.72659337802695
36329	9.974544750142265	9.974544750142265
34797	3.514923518841624	3.514923518841624
44369	3.499741769787539	3.499741769787539
24789	0.8242596845973814	0.8242596845973814
28635	5.60563749356828	5.60563749356828
952	4.172973983260562	4.172973983260562
719	0.6813276167873376	0.6813276167873376
39495	7.592406867083442	7.592406867083442
17867	0.023201795606208254	0.023201795606208254
15497	0.08746874819013964	0.08746874819013964
11821	1.0153056741008817	1.0153056741008817
41486	2.4764731628290892	2.4764731628290892
25540	14.543859008715721	14.543859008715721
29442	3.6944362216940774	3.6944362216940774
4052	2.6751171413756807	2.6751171413756807
21477	5.7672521806133945	5.7672521806133945
30180	2.7012796807946207	2.7012796807946207
16409	3.4614403589683644	3.4614403589683644
1230	1.8906418704754153	1.8906418704754153
1305	0.5703404602644092	0.5703404602644092
40031	0.3528120092732387	0.3528120092732387
13556	0.7015823074224204	0.7015823074224204
1771	15.038311075943426	15.038311075943426
22308	5.132669721787956	5.132669721787956
11477	3.5187184892510706	3.5187184892510706
6267	1.2220076717712443	1.2220076717712443
30309	1.3543997845306601	1.3543997845306601
29774	4.907501874850703	4.907501874850703
14150	1.2705653052797445	1.2705653052797445
15328	1.3157648103304882	1.3157648103304882
20038	1.7360687104140018	1.7360687104140018
29884	5.0487865498221645	5.0487865498221645
11079	5.967833122571616	5.967833122571616
17844	3.6532753539408636	3.6532753539408636
33598	1.0976917151295325	1.0976917151295325
16102	2.1372877597018705	2.1372877597018705
6461	0.9864926801328092	0.9864926801328092
28283	1.3512141843764358	1.3512141843764358
29185	3.7354149101813663	3.7354149101813663
19528	0.8712758376968267	0.8712758376968267
25120	5.945307524425153	5.945307524425153
13134	1.069087157612689	1.069087157612689
12323	1.080603843379376	1.080603843379376
10692	0.7555927968324643	0.7555927968324643
267	2.103605368341714	2.103605368341714
1346	0.2416364548928728	0.2416364548928728
2635	2.4902580633047804	2.4902580633047804
4409	6.1065097678595395	6.1065097678595395
18916	9.625231844427548	9.625231844427548
35923	7.350967325818327	7.350967325818327
2543	1.1020671910281854	1.1020671910281854
37124	8.652566270152363	8.652566270152363
32339	0.01999812054777439	0.01999812054777439
23363	1.6989752970305343	1.6989752970305343
29810	0.7811884527461459	0.7811884527461459
9994	1.344622035374348	1.344622035374348
20690	2.5867090248908973	2.5867090248908973
28257	6.015959248585575	6.015959248585575
42685	1.0283583786843922	1.0283583786843922
17471	0.2989056900055213	0.2989056900055213
34148	4.1556112520511075	4.1556112520511075
754	0.13370334753177812	0.13370334753177812
16740	0.7434833890067001	0.7434833890067001
2158	2.128525982675849	2.128525982675849
5374	0.3026139967392109	0.3026139967392109
11543	1.961244949969709	1.961244949969709
6949	2.931847326826822	2.931847326826822
15648	0.06416991819216401	0.06416991819216401
15350	7.082375970811954	7.082375970811954
24630	1.5124599027126855	1.5124599027126855
23509	3.637671092086609	3.637671092086609
5593	0.8425295634616046	0.8425295634616046
33476	1.037384596926067	1.037384596926067
44625	0.583448619067406	0.583448619067406
25129	3.507785631971223	3.507785631971223
5596	1.5904327515143808	1.5904327515143808
34572	1.1363138703491351	1.1363138703491351
4610	3.445779246202089	3.445779246202089
40027	6.049700687001574	6.049700687001574
42939	3.289788389813604	3.289788389813604
998	1.263530509066079	1.263530509066079
41093	0.9816525210076545	0.9816525210076545
25601	0.695130011918965	0.695130011918965
10194	2.364758309152308	2.364758309152308
8173	2.047050829399469	2.047050829399469
16633	0.43453959527142083	0.43453959527142083
184	1.0275437595824126	1.0275437595824126
7047	0.4651863165873851	0.4651863165873851
12970	12.218305627331072	12.218305627331072
17404	1.5626220547704521	1.5626220547704521
36627	1.4626830575295429	1.4626830575295429
13108	0.7571545542238282	0.7571545542238282
19835	0.677429850341926	0.677429850341926
16152	1.870564341035701	1.870564341035701
35401	6.449397959521397	6.449397959521397
28890	0.7648855332410167	0.7648855332410167
39477	4.282827774067517	4.282827774067517
13208	4.531546070102683	4.531546070102683
4257	0.9422060435264259	0.9422060435264259
15857	4.71442267732989	4.71442267732989
10878	5.02644562171337	5.02644562171337
11848	0.2566003093973266	0.2566003093973266
96	0.7941636175107011	0.7941636175107011
7340	2.491220144497267	2.491220144497267
26070	6.652989959692185	6.652989959692185
38412	0.023158517069340825	0.023158517069340825
28075	2.113979432356563	2.113979432356563
8790	1.6705492745132187	1.6705492745132187
40721	2.084323748304027	2.084323748304027
23259	2.4450099806633574	2.4450099806633574
43787	4.580557770004216	4.580557770004216
26653	6.236268558476096	6.236268558476096
3797	0.3990640766790661	0.3990640766790661
32931	1.9799326811871854	1.9799326811871854
19636	0.5879896841875066	0.5879896841875066
42880	1.538916709539296	1.538916709539296
20349	0.7247155272641137	0.7247155272641137
32277	2.3180100416624834	2.3180100416624834
31793	3.989516119157528	3.989516119157528
24531	0.8246711757850084	0.8246711757850084
1377	9.812019094056664	9.812019094056664
17864	1.7417498822355355	1.7417498822355355
24148	1.1854754704999257	1.1854754704999257
45242	1.0339341140860778	1.0339341140860778
26526	0.49400660360885956	0.49400660360885956
16378	3.5105349429393797	3.5105349429393797
9866	4.593780780684843	4.593780780684843
117	0.1505120985613374	0.1505120985613374
6077	4.099721531647832	4.099721531647832
5201	0.6863671053771493	0.6863671053771493
5351	0.9468653687592693	0.9468653687592693
4091	1.2675870804678904	1.2675870804678904
27031	3.9835797643528017	3.9835797643528017
19823	0.5238533304273132	0.5238533304273132
17744	8.25315246879387	8.25315246879387
11058	3.1136524255214653	3.1136524255214653
5970	1.4008251170199357	1.4008251170199357
6935	2.4338390398679524	2.4338390398679524
25988	0.4951035513682568	0.4951035513682568
24295	0.07326963199497769	0.07326963199497769
36751	0.10714982902326	0.10714982902326
15201	3.629703904328978	3.629703904328978
22871	2.3569161403669954	2.3569161403669954
45035	1.5648983022573988	1.5648983022573988
20036	0.5904169472068201	0.5904169472068201
34601	0.7969127891739942	0.7969127891739942
23787	4.656476488517513	4.656476488517513
7674	5.102141621604328	5.102141621604328
39549	3.787963407068925	3.787963407068925
21448	3.3796764096952834	3.3796764096952834
1677	3.1502701774235065	3.1502701774235065
10385	5.64598343919834	5.64598343919834
15927	0.9828749549855431	0.9828749549855431
40220	0.1051046906266275	0.1051046906266275
29130	7.499220753186635	7.499220753186635
17281	0.6452486985678383	0.6452486985678383
15686	4.700011076271358	4.700011076271358
26621	7.138069690580383	7.138069690580383
19612	1.933143110429396	1.933143110429396
34720	4.777581375619356	4.777581375619356
13963	2.6211256586562497	2.6211256586562497
7714	0.678516682631972	0.678516682631972
44877	0.7913494811177018	0.7913494811177018
23137	1.4053303384383988	1.4053303384383988
35305	1.7666503935923743	1.7666503935923743
1179	2.8565307410258916	2.8565307410258916
27917	2.2855183504058747	2.2855183504058747
34121	0.9680851209077211	0.9680851209077211
14849	2.690149385522348	2.690149385522348
10565	3.2207779012577893	3.2207779012577893
2995	1.1611768119749681	1.1611768119749681
43312	0.48556589894447205	0.48556589894447205
7914	1.687268596757436	1.687268596757436
40901	0.3547547259461241	0.3547547259461241
11675	2.19661795701848	2.19661795701848
12869	3.0895632965132305	3.0895632965132305
23938	5.014159866028942	5.014159866028942
2911	3.0867362185723906	3.0867362185723906
16171	0.1244006640306145	0.1244006640306145
3210	1.4900636365851943	1.4900636365851943
21329	1.4104335599469708	1.4104335599469708
18651	2.694490479610225	2.694490479610225
38223	0.05376415253013894	0.05376415253013894
5427	9.933628225630896	9.933628225630896
12028	2.9475179809059617	2.9475179809059617
5304	0.9014283303285594	0.9014283303285594
35862	2.869405797863295	2.869405797863295
4095	2.9553992853525872	2.9553992853525872
27082	3.273865319351921	3.273865319351921
43218	1.2177251735098953	1.2177251735098953
34039	0.21506771543199443	0.21506771543199443
23785	2.124215456839167	2.124215456839167
31988	3.2615898655232196	3.2615898655232196
6625	0.2649230005365615	0.2649230005365615
24077	1.0631836586575327	1.0631836586575327
7769	0.4435487182414692	0.4435487182414692
3408	0.5497348741764317	0.5497348741764317
30303	0.03341634365050111	0.03341634365050111
28555	0.23304387829677523	0.23304387829677523
40181	1.9134497046718617	1.9134497046718617
35013	0.1728408489160848	0.1728408489160848
24179	4.440266812106199	4.440266812106199
35891	0.6749380199460508	0.6749380199460508
18141	2.7016843962763444	2.7016843962763444
25985	1.5201123777227097	1.5201123777227097
27352	0.43930875765795585	0.43930875765795585
27929	0.5156831199542833	0.5156831199542833
6975	5.890139562162543	5.890139562162543
2500	1.4700622903968417	1.4700622903968417
4612	8.54347608114408	8.54347608114408
33042	4.765950040586667	4.765950040586667
29985	1.8011412318399358	1.8011412318399358
8981	0.19533034584779696	0.19533034584779696
14818	4.107899413324206	4.107899413324206
36944	7.345375927478161	7.345375927478161
5016	0.702060216448771	0.702060216448771
17184	2.6427172258401455	2.6427172258401455
31855	1.3273845044436987	1.3273845044436987
1316	3.4015633662522773	3.4015633662522773
4118	3.1638522442221615	3.1638522442221615
22727	1.6846503033059452	1.6846503033059452
4992	2.12671603352546	2.12671603352546
21087	6.321911148978083	6.321911148978083
19205	2.901099355905495	2.901099355905495
2307	1.180316182370183	1.180316182370183
28246	0.16228510925212994	0.16228510925212994
44653	0.2601895234622776	0.2601895234622776
33893	4.032973021249583	4.032973021249583
18556	7.518854521164672	7.518854521164672
12996	1.6230127690025666	1.6230127690025666
17209	3.2690154093736727	3.2690154093736727
37880	0.6622981390405791	0.6622981390405791
33106	1.7906635708102037	1.7906635708102037
24995	0.6412615421192266	0.6412615421192266
38674	0.5124409526713269	0.5124409526713269
16314	0.41781465020968644	0.41781465020968644
37118	0.7457622110958113	0.7457622110958113
2164	5.930361142092425	5.930361142092425
29159	1.389801859646431	1.389801859646431
38847	1.297591648828879	1.297591648828879
24327	0.19161982491764926	0.19161982491764926
45254	6.655268807364494	6.655268807364494
3230	0.7267731010482565	0.7267731010482565
20326	4.629647222664192	4.629647222664192
13870	2.1141273228641966	2.1141273228641966
44220	3.608864079841549	3.608864079841549
44924	3.8288323765306846	3.8288323765306846
16997	3.187588993699806	3.187588993699806
15448	5.1094912639667065	5.1094912639667065
8932	1.9915651984334608	1.9915651984334608
337	1.2537149322573486	1.2537149322573486
38472	0.2039399727865137	0.2039399727865137
44031	1.9361047516050494	1.9361047516050494
37912	0.9078333517914439	0.9078333517914439
10467	0.7201294642826596	0.7201294642826596
358	0.735586052653602	0.735586052653602
4219	2.4054039539087237	2.4054039539087237
44809	2.768880424139407	2.768880424139407
11516	3.9700562576028697	3.9700562576028697
16197	0.9232002957862698	0.9232002957862698
2634	0.29129631563898273	0.29129631563898273
14540	1.8919144744793386	1.8919144744793386
2890	2.347222091304886	2.347222091304886
10820	0.6088948959474191	0.6088948959474191
24626	0.685529717122399	0.685529717122399
2301	0.552144931505011	0.552144931505011
17766	5.321364379041152	5.321364379041152
9309	1.3524225518143143	1.3524225518143143
35341	6.906666133964456	6.906666133964456
3633	0.7621469508911598	0.7621469508911598
17816	4.4753920257647986	4.4753920257647986
9342	1.1328143353414917	1.1328143353414917
15814	1.741821158992797	1.741821158992797
15705	0.7267123571199352	0.7267123571199352
42949	3.1393761423941084	3.1393761423941084
4094	0.1076637713901688	0.1076637713901688
15363	3.0895502591473027	3.0895502591473027
32607	7.5874721505468425	7.5874721505468425
13173	0.9617914496247483	0.9617914496247483
16411	5.783645081057207	5.783645081057207
350	1.789784971423699	1.789784971423699
26953	2.010539570332238	2.010539570332238
17609	5.244020725421485	5.244020725421485
17183	3.1523063891376717	3.1523063891376717
16862	8.586377845937118	8.586377845937118
12320	0.7159971874692349	0.7159971874692349
27521	2.4611958033275556	2.4611958033275556
43275	2.114350729393894	2.114350729393894
37788	2.9087524833611096	2.9087524833611096
42972	2.4336527800157572	2.4336527800157572
22042	0.046261061969400226	0.046261061969400226
43336	4.319253146382234	4.319253146382234
14580	2.41492319272154	2.41492319272154
13381	4.006376561175972	4.006376561175972
33735	2.547701079271858	2.547701079271858
36778	0.012140211543751615	0.012140211543751615
10936	2.910635684179333	2.910635684179333
45053	8.608481540557555	8.608481540557555
18285	2.125599745545855	2.125599745545855
20491	0.9554406156795461	0.9554406156795461
2598	3.426967469684137	3.426967469684137
30012	1.4292328679834045	1.4292328679834045
23694	0.6418523371411999	0.6418523371411999
42119	4.498531560894923	4.498531560894923
42614	2.4698626469951237	2.4698626469951237
32483	1.1172653213512418	1.1172653213512418
6684	1.8302814556082794	1.8302814556082794
24696	0.2954662523515328	0.2954662523515328
15806	3.427453727505167	3.427453727505167
13301	0.6092420607937823	0.6092420607937823
40774	0.036677614295820574	0.036677614295820574
18684	8.821158775284037	8.821158775284037
37278	3.7176218901249847	3.7176218901249847
25905	2.6456441570442326	2.6456441570442326
22997	2.846937403416573	2.846937403416573
33345	0.6702283344832204	0.6702283344832204
16069	7.998871544347484	7.998871544347484
35543	8.324658384393947	8.324658384393947
29509	9.696373620181463	9.696373620181463
39473	0.05159796568393751	0.05159796568393751
10496	0.09589423171568573	0.09589423171568573
20054	3.5586763174202054	3.5586763174202054
15674	1.7681860127811904	1.7681860127811904
7593	0.8259613447274134	0.8259613447274134
27484	1.1552085180812872	1.1552085180812872
9514	1.348460063466528	1.348460063466528
15572	0.06161844376309269	0.06161844376309269
11445	0.34457923843303373	0.34457923843303373
23656	0.5503592678171767	0.5503592678171767
16408	1.009049026043856	1.009049026043856
25875	1.0065456720869295	1.0065456720869295
4723	0.1583867394750464	0.1583867394750464
19132	2.567929715538221	2.567929715538221
12921	11.800053569050906	11.800053569050906
31190	5.360104521334836	5.360104521334836
25058	3.4028116891333964	3.4028116891333964
25718	3.1887223951014256	3.1887223951014256
18485	0.6892299289235523	0.6892299289235523
39108	0.41665645626098924	0.41665645626098924
27231	2.7203004352038787	2.7203004352038787
2188	9.384473022564277	9.384473022564277
11414	0.05907776897068003	0.05907776897068003
42089	7.6578981581914585	7.6578981581914585
6760	1.2521106229752628	1.2521106229752628
35213	0.5268924236600762	0.5268924236600762
8390	3.5673432604395505	3.5673432604395505
44794	4.869689564094914	4.869689564094914
13661	0.32401516442616296	0.32401516442616296
1025	3.1268212445061416	3.1268212445061416
30633	1.2066309929445804	1.2066309929445804
7703	3.0503096082778627	3.0503096082778627
28165	2.969525330553622	2.969525330553622
16489	2.2596774047397727	2.2596774047397727
33860	4.465905971492744	4.465905971492744
2183	5.145701246735089	5.145701246735089
11503	2.6330467817195515	2.6330467817195515
6805	1.3808964729821027	1.3808964729821027
16858	1.697841517804487	1.697841517804487
1512	1.0130441016012395	1.0130441016012395
22544	4.720401273447848	4.720401273447848
27623	0.5549387960099114	0.5549387960099114
2810	0.7894169971939409	0.7894169971939409
41092	0.201754295980355	0.201754295980355
32991	4.579732542382159	4.579732542382159
34767	1.3834566387857128	1.3834566387857128
35208	2.4023917398594126	2.4023917398594126
3613	0.9104026928257822	0.9104026928257822
466	0.1485504018031055	0.1485504018031055
40336	4.314790262284257	4.314790262284257
7946	2.1817120415889746	2.1817120415889746
18974	2.845786174764357	2.845786174764357
1774	1.303779900942696	1.303779900942696
8611	0.10396297401193759	0.10396297401193759
39372	0.5968947724742333	0.5968947724742333
3018	0.848033761451613	0.848033761451613
40781	2.664941318270203	2.664941318270203
15627	3.2946039464079724	3.2946039464079724
38991	1.7756296205063342	1.7756296205063342
41651	2.191506977389389	2.191506977389389
11272	1.7763416780603125	1.7763416780603125
14450	0.8367842379601509	0.8367842379601509
37090	0.7163667532023571	0.7163667532023571
7700	0.3266496466252357	0.3266496466252357
10053	10.0977715609321	10.0977715609321
34198	0.2924479497080113	0.2924479497080113
29699	0.09097949683789587	0.09097949683789587
15192	7.842896138991704	7.842896138991704
37127	0.44304378843447745	0.44304378843447745
42177	0.9631149852846408	0.9631149852846408
45181	1.429308220046722	1.429308220046722
31535	2.3843365200015834	2.3843365200015834
31495	4.471795241813443	4.471795241813443
8115	4.186501416926004	4.186501416926004
15900	3.783438848588	3.783438848588
33124	3.0844638283750867	3.0844638283750867
40476	10.611311683954614	10.611311683954614
43822	5.398063068013012	5.398063068013012
41015	1.292928565522652	1.292928565522652
6977	7.797057954525021	7.797057954525021
24563	4.406781968361101	4.406781968361101
994	1.5621790247677434	1.5621790247677434
43002	5.517627680288501	5.517627680288501
25632	0.651396914426207	0.651396914426207
8904	0.3128235929997491	0.3128235929997491
5422	1.9751961059274636	1.9751961059274636
10506	0.2075563317541854	0.2075563317541854
20444	2.5879069835514907	2.5879069835514907
10048	1.4924938045440939	1.4924938045440939
41216	1.5219528793324868	1.5219528793324868
6450	4.043100516099169	4.043100516099169
11672	2.7696993976554296	2.7696993976554296
26531	3.4254530976737847	3.4254530976737847
4186	0.07196294360877803	0.07196294360877803
16104	3.3950560398835603	3.3950560398835603
8190	4.5729106092121325	4.5729106092121325
38609	0.643830723975786	0.643830723975786
23196	0.41235996842128314	0.41235996842128314
45160	1.9274205862765716	1.9274205862765716
36571	4.572007921237024	4.572007921237024
30098	4.507734035444416	4.507734035444416
37314	3.8785237572658544	3.8785237572658544
3475	9.249455601754326	9.249455601754326
12314	3.1572587592745918	3.1572587592745918
17637	1.0044336929363828	1.0044336929363828
37691	0.30734294857881805	0.30734294857881805
22729	1.7200611633518534	1.7200611633518534
15878	3.3048866529620464	3.3048866529620464
13239	2.2087462794665114	2.2087462794665114
43804	0.18113757620781212	0.18113757620781212
41733	1.3890642879427257	1.3890642879427257
32217	1.3635145531556583	1.3635145531556583
7436	0.9665284677199798	0.9665284677199798
3182	0.626204175188746	0.626204175188746
33253	3.5695778004152254	3.5695778004152254
7362	3.576173893879829	3.576173893879829
4912	1.1441437897973088	1.1441437897973088
27273	3.4617715905792092	3.4617715905792092
42349	0.3209600451240964	0.3209600451240964
26690	1.566978367968996	1.566978367968996
16391	2.204582332204014	2.204582332204014
19729	1.177591653679413	1.177591653679413
2835	1.545652193271444	1.545652193271444
24072	3.320446549926556	3.320446549926556
43649	0.3913331483803208	0.3913331483803208
38359	0.2757051595770712	0.2757051595770712
33649	5.875187659224819	5.875187659224819
21484	2.180069298137605	2.180069298137605
36775	3.7894463675953847	3.7894463675953847
39810	7.328104454246373	7.328104454246373
41626	2.044414595812044	2.044414595812044
36084	1.385677126816517	1.385677126816517
2549	0.35607992154222906	0.35607992154222906
44790	0.8780993709692495	0.8780993709692495
9911	3.627134015785069	3.627134015785069
3955	1.0957093216034375	1.0957093216034375
4262	1.972111551061231	1.972111551061231
28793	2.0900999956452346	2.0900999956452346
10544	1.6844936875332603	1.6844936875332603
13964	0.20157782951405392	0.20157782951405392
15100	1.7210406097653492	1.7210406097653492
45218	1.2162501885205452	1.2162501885205452
20669	0.40888990102426603	0.40888990102426603
2359	1.5731890240473139	1.5731890240473139
15277	1.7607196904345563	1.7607196904345563
21873	13.185951826417075	13.185951826417075
43370	0.16968269395665755	0.16968269395665755
8130	9.439394434673895	9.439394434673895
16725	2.415533041601928	2.415533041601928
43590	0.24813270350205743	0.24813270350205743
13658	0.37407693176451146	0.37407693176451146
17668	1.070336395074497	1.070336395074497
14871	1.1591604540390452	1.1591604540390452
15474	3.546742632609054	3.546742632609054
15167	3.913669564357369	3.913669564357369
16517	3.6038490362614803	3.6038490362614803
28340	1.2254547528104	1.2254547528104
24497	2.4528350038905042	2.4528350038905042
19927	2.2949972937490997	2.2949972937490997
37717	3.709153107342397	3.709153107342397
11495	5.662689218609087	5.662689218609087
41862	1.0618282836148174	1.0618282836148174
27950	3.4756190068038264	3.4756190068038264
4100	0.384505453354874	0.384505453354874
8525	0.028809605158722662	0.028809605158722662
6144	11.311321159578917	11.311321159578917
28956	6.2558187579866855	6.2558187579866855
11827	0.9329276087364698	0.9329276087364698
31307	2.640586607521239	2.640586607521239
10937	1.3483196221417495	1.3483196221417495
24007	0.02124873985656276	0.02124873985656276
25441	0.07397881329976315	0.07397881329976315
35123	0.676809059567341	0.676809059567341
17771	5.430609163698802	5.430609163698802
12569	1.7726465862998697	1.7726465862998697
4650	1.4113696688776898	1.4113696688776898
5277	10.931600581118804	10.931600581118804
9703	5.282800668978145	5.282800668978145
28218	1.9289859662054554	1.9289859662054554
8616	0.6848374994268454	0.6848374994268454
6621	6.587190142442755	6.587190142442755
36052	3.2898389570063737	3.2898389570063737
41075	0.6059666021905042	0.6059666021905042
29916	3.529522127764056	3.529522127764056
20353	2.6964360156887497	2.6964360156887497
16068	5.699492974816939	5.699492974816939
7459	0.02019868270228799	0.02019868270228799
24530	4.425753662492578	4.425753662492578
3229	21.95999531984301	21.95999531984301
30692	6.834517547549289	6.834517547549289
15649	3.493030457687623	3.493030457687623
37384	2.5041280153597527	2.5041280153597527
22434	0.32840449821076056	0.32840449821076056
12024	4.501293221507305	4.501293221507305
42787	1.1184112458969053	1.1184112458969053
32609	3.5784656765840848	3.5784656765840848
38253	1.1619752244675556	1.1619752244675556
18973	1.9808218924086185	1.9808218924086185
9533	0.8995853788013565	0.8995853788013565
4973	1.0384256427932705	1.0384256427932705
21733	2.0470473009170824	2.0470473009170824
38161	3.522774507346438	3.522774507346438
17611	0.3853562376977917	0.3853562376977917
28634	2.836861682291578	2.836861682291578
21854	3.8757557830570453	3.8757557830570453
21949	1.2829139321412657	1.2829139321412657
11674	0.06803937315659629	0.06803937315659629
15364	0.7667816500872835	0.7667816500872835
19238	2.254091733087031	2.254091733087031
35566	1.344451359371262	1.344451359371262
1000	0.7104535845116553	0.7104535845116553
7528	1.5300048423561319	1.5300048423561319
43104	2.165017290825309	2.165017290825309
22725	0.034095371281289706	0.034095371281289706
13666	1.0312326792203816	1.0312326792203816
3313	4.1370042271472425	4.1370042271472425
22150	2.2116545304129804	2.2116545304129804
40850	0.6850490945012258	0.6850490945012258
1099	0.27572593699807935	0.27572593699807935
17669	1.4904774385085378	1.4904774385085378
10543	3.371686924853525	3.371686924853525
33158	4.800514556319369	4.800514556319369
15601	1.5733302891850496	1.5733302891850496
38841	1.5013912428845047	1.5013912428845047
13172	5.1809318419962045	5.1809318419962045
23365	2.238003922556158	2.238003922556158
9059	3.9882533635424533	3.9882533635424533
43918	2.2317694310348313	2.2317694310348313
32656	4.236017858039542	4.236017858039542
39736	2.142173605308067	2.142173605308067
32933	1.649619838263175	1.649619838263175
12095	3.9977929631585964	3.9977929631585964
6593	1.6104332097129932	1.6104332097129932
11059	0.7686917068070274	0.7686917068070274
17405	4.446057935534888	4.446057935534888
1026	1.3987151522751389	1.3987151522751389
31726	0.17059892855203962	0.17059892855203962
42466	3.8215256936075264	3.8215256936075264
11025	3.427216302783633	3.427216302783633
10507	2.028476019554592	2.028476019554592
37444	11.060006240722464	11.060006240722464
14177	2.5027614652942463	2.5027614652942463
1251	2.3087600214494994	2.3087600214494994
37280	0.11813008476444942	0.11813008476444942
5840	2.0915503949721295	2.0915503949721295
42884	3.6311745693521966	3.6311745693521966
6581	2.4160780902488423	2.4160780902488423
44273	1.4735524440069885	1.4735524440069885
3451	0.06239496031678988	0.06239496031678988
24663	2.4272326587308366	2.4272326587308366
12834	0.19396518226635162	0.19396518226635162
35826	4.304613109925878	4.304613109925878
21816	2.0895212259422546	2.0895212259422546
20470	0.37288391391771897	0.37288391391771897
44701	1.8917885342911285	1.8917885342911285
32611	8.282290150524217	8.282290150524217
12365	2.4003835400242917	2.4003835400242917
15098	0.7484662178847814	0.7484662178847814
27953	6.460968742375863	6.460968742375863
31575	0.9854785649019283	0.9854785649019283
37687	0.3630328043309194	0.3630328043309194
16747	1.2933866623943269	1.2933866623943269
20994	1.8718041374291432	1.8718041374291432
16293	0.29348078115489057	0.29348078115489057
32212	5.648130612155438	5.648130612155438
14151	1.7639169748942591	1.7639169748942591
14953	0.25783957528865464	0.25783957528865464
16264	0.3960763691767658	0.3960763691767658
22596	0.09188507666284523	0.09188507666284523
30722	1.1823704243503692	1.1823704243503692
24435	0.7692002265603859	0.7692002265603859
10195	0.8960196056879142	0.8960196056879142
13332	2.752237104272138	2.752237104272138
19522	1.3156579918191855	1.3156579918191855
42879	0.9336510772647251	0.9336510772647251
42488	1.7469801768226327	1.7469801768226327
1792	0.14677386677053894	0.14677386677053894
21418	2.4996132227868557	2.4996132227868557
10912	0.7252394496723586	0.7252394496723586
15125	0.0395920353159995	0.0395920353159995
16994	6.15976483729566	6.15976483729566
4048	0.43546115601043595	0.43546115601043595
19898	3.423736407946954	3.423736407946954
14720	2.782630392105224	2.782630392105224
4826	1.8806667923273352	1.8806667923273352
6235	4.338940679438208	4.338940679438208
1996	1.1483072604024185	1.1483072604024185
14577	5.1065663551420535	5.1065663551420535
11513	0.6397713377137024	0.6397713377137024
2208	2.0021776544756102	2.0021776544756102
30185	4.026077399187162	4.026077399187162
1127	2.857178121205765	2.857178121205765
8955	0.6003904454266219	0.6003904454266219
31305	0.3109304676082662	0.3109304676082662
11416	0.983853190205956	0.983853190205956
10529	2.129279259598589	2.129279259598589
43542	1.8348497426612833	1.8348497426612833
18680	0.9242079433730872	0.9242079433730872
37085	0.03406995266344375	0.03406995266344375
37848	6.281654136098386	6.281654136098386
28687	6.160927774461063	6.160927774461063
43589	2.4282382362366643	2.4282382362366643
27805	3.0018285624130354	3.0018285624130354
35995	1.4976370491962487	1.4976370491962487
37475	2.235068144194392	2.235068144194392
4277	3.9231201425932185	3.9231201425932185
37147	1.4882371120315336	1.4882371120315336
15330	6.001218458312979	6.001218458312979
3283	1.6134980660780784	1.6134980660780784
38526	1.422124763925881	1.422124763925881
6432	0.5558948782546432	0.5558948782546432
40085	2.8276458370350395	2.8276458370350395
3406	1.2396584916741378	1.2396584916741378
6679	5.118021234635854	5.118021234635854
10713	2.821108778965928	2.821108778965928
5617	3.901944385842347	3.901944385842347
7460	1.9097424627872783	1.9097424627872783
2811	0.6047644936217533	0.6047644936217533
38641	17.15527196419559	17.15527196419559
3102	2.4519627108290942	2.4519627108290942
45269	2.6371810049319495	2.6371810049319495
33377	1.2986030583868788	1.2986030583868788
39527	3.6024376602857915	3.6024376602857915
37385	3.5159360104271644	3.5159360104271644
25439	0.274003972766681	0.274003972766681
7345	0.45533951429814007	0.45533951429814007
14347	2.806645971479418	2.806645971479418
10613	0.8665266580820623	0.8665266580820623
12606	11.041037335107545	11.041037335107545
23232	0.8354585258848383	0.8354585258848383
22343	2.125295746567092	2.125295746567092
28367	2.275506502273505	2.275506502273505
23900	1.4957868930675449	1.4957868930675449
36950	2.100394812903416	2.100394812903416
41161	0.37499814004336957	0.37499814004336957
21980	8.00038444486254	8.00038444486254
12513	1.6483091692912335	1.6483091692912335
2813	1.0430064306563982	1.0430064306563982
20031	0.7860326435118513	0.7860326435118513
25828	1.5472861236417228	1.5472861236417228
2867	4.010424686079138	4.010424686079138
33916	0.8665544599526509	0.8665544599526509
38956	0.4984227719183945	0.4984227719183945
21485	0.19357490057702342	0.19357490057702342
40090	2.919015412066873	2.919015412066873
37445	2.368839617776707	2.368839617776707
35210	12.79625072401311	12.79625072401311
3841	0.2931050590884983	0.2931050590884983
32833	1.7497663887119093	1.7497663887119093
40997	0.05276194314888409	0.05276194314888409
16384	3.83441715769545	3.83441715769545
5200	0.21448339169078287	0.21448339169078287
12969	4.9887300173293205	4.9887300173293205
34602	2.615343320072778	2.615343320072778
12175	0.9267999564521091	0.9267999564521091
39645	0.1914893101205435	0.1914893101205435
22251	0.048563143466545645	0.048563143466545645
16469	1.3962437643162866	1.3962437643162866
24287	1.8524359646175454	1.8524359646175454
33132	0.30805375114458233	0.30805375114458233
41812	1.6300227538984124	1.6300227538984124
32408	0.984270630393194	0.984270630393194
39908	2.3448076160053484	2.3448076160053484
25665	0.5699022916018774	0.5699022916018774
26685	1.589458290951687	1.589458290951687
15675	1.122184313794272	1.122184313794272
22543	1.3540717671162639	1.3540717671162639
28858	0.26467212758474584	0.26467212758474584
26648	3.5737438552997434	3.5737438552997434
14847	2.9515554129710693	2.9515554129710693
11657	0.737514644733502	0.737514644733502
30698	0.4503396898332074	0.4503396898332074
37909	0.5621731342250413	0.5621731342250413
36147	0.4440814242291418	0.4440814242291418
3757	0.527182832552904	0.527182832552904
35125	0.5954802127731005	0.5954802127731005
17233	1.659646948107633	1.659646948107633
24958	2.4636641805252797	2.4636641805252797
4788	2.767389731168032	2.767389731168032
8015	3.4301000943299234	3.4301000943299234
22246	1.0192696685187714	1.0192696685187714
40454	0.10412019857160891	0.10412019857160891
43305	7.381460191675864	7.381460191675864
3932	1.0086750770341169	1.0086750770341169
24147	1.3632339925615047	1.3632339925615047
2550	2.153821373087425	2.153821373087425
10938	0.35019401512052195	0.35019401512052195
24391	4.981937302772527	4.981937302772527
9942	1.4520746490515533	1.4520746490515533
36911	7.730147771015555	7.730147771015555
9646	1.9962007901408703	1.9962007901408703
28106	4.627634600604178	4.627634600604178
12633	4.855243849188446	4.855243849188446
14174	1.5956376567725585	1.5956376567725585
11221	1.8283605308578104	1.8283605308578104
2063	0.3773442717142111	0.3773442717142111
13065	6.150415718970771	6.150415718970771
35784	4.349417815230917	4.349417815230917
214	0.99663022912603	0.99663022912603
30695	3.0039843501631567	3.0039843501631567
26780	6.5475638415446635	6.5475638415446635
17641	0.041929485774968	0.041929485774968
45127	1.9083249876722976	1.9083249876722976
44996	1.500127238875345	1.500127238875345
13533	3.738118824243849	3.738118824243849
3157	2.840429967001741	2.840429967001741
23088	0.5910135466309037	0.5910135466309037
6129	0.7551312127011848	0.7551312127011848
23718	2.525934886869305	2.525934886869305
42042	9.165683074072666	9.165683074072666
15122	0.6413181284236131	0.6413181284236131
3405	3.3191168324531652	3.3191168324531652
9123	6.928021690011593	6.928021690011593
23510	2.0467627922755076	2.0467627922755076
25793	0.3896078312559963	0.3896078312559963
10771	3.053282538680759	3.053282538680759
27139	2.7524180145618686	2.7524180145618686
44767	6.207066735396691	6.207066735396691
26455	0.21343726821696585	0.21343726821696585
18886	7.437396769749823	7.437396769749823
33911	1.011522413685882	1.011522413685882
32380	0.6459178217736035	0.6459178217736035
42292	1.4201486661028397	1.4201486661028397
31917	2.3552668296377477	2.3552668296377477
20851	0.23492235330279135	0.23492235330279135
33975	0.2228068659364439	0.2228068659364439
18743	0.7620126890278884	0.7620126890278884
13308	6.433892349548324	6.433892349548324
29327	0.7634936982973566	0.7634936982973566
11291	3.6507682050211097	3.6507682050211097
11471	0.04498636485350166	0.04498636485350166
5841	12.135330681399237	12.135330681399237
321	1.2056685385013852	1.2056685385013852
31106	1.0251207542241485	1.0251207542241485
41793	2.183033047186914	2.183033047186914
40121	1.6296052787376853	1.6296052787376853
19830	3.971811740812156	3.971811740812156
41796	0.6040098316506334	0.6040098316506334
31404	0.07450115965971936	0.07450115965971936
9701	2.687776066144544	2.687776066144544
25851	0.7214660686426329	0.7214660686426329
44431	1.8892882459531792	1.8892882459531792
4640	1.564573659853359	1.564573659853359
10741	5.796514231804097	5.796514231804097
33369	0.9553331200891547	0.9553331200891547
22435	7.857200164781196	7.857200164781196
32710	7.596812525733064	7.596812525733064
12318	3.657228228718679	3.657228228718679
9968	0.2954605525977639	0.2954605525977639
43682	0.7729296157164118	0.7729296157164118
28366	0.8877806521357934	0.8877806521357934
32184	0.9199529257486622	0.9199529257486622
35731	1.5843366895255444	1.5843366895255444
38098	4.855492969284421	4.855492969284421
2628	3.95857623070951	3.95857623070951
18307	2.002908864831711	2.002908864831711
27116	0.020421844434792225	0.020421844434792225
17674	0.1020802328661093	0.1020802328661093
25692	0.578893246011137	0.578893246011137
11222	3.627706147031843	3.627706147031843
31796	2.766526249022696	2.766526249022696
6738	0.6818399449966956	0.6818399449966956
29124	5.032721608703754	5.032721608703754
41458	15.214349907592254	15.214349907592254
38501	1.3451954832288706	1.3451954832288706
9510	0.5890127245065583	0.5890127245065583
24758	7.201125407889972	7.201125407889972
22634	0.8863591224375696	0.8863591224375696
22600	2.249864771930746	2.249864771930746
1234	4.20280808110026	4.20280808110026
6588	1.4607508086675065	1.4607508086675065
10027	0.4985584617937139	0.4985584617937139
9414	0.19207503810050808	0.19207503810050808
36360	1.974481636616747	1.974481636616747
34976	0.2266468230674516	0.2266468230674516
28459	0.9273205923266232	0.9273205923266232
8019	1.5785282222440664	1.5785282222440664
15224	2.3507265790268	2.3507265790268
25290	0.8575740655852937	0.8575740655852937
9124	0.43471611932126947	0.43471611932126947
6011	0.09204013147652872	0.09204013147652872
41795	1.7393213167830395	1.7393213167830395
1370	4.018551542964637	4.018551542964637
39294	1.4728678553703884	1.4728678553703884
14094	1.0609991285537215	1.0609991285537215
14415	0.505030661136159	0.505030661136159
17497	0.62484683988805	0.62484683988805
5594	5.783143146856687	5.783143146856687
189	5.335009444313557	5.335009444313557
39763	0.20234639545308888	0.20234639545308888
19559	0.9359376409070468	0.9359376409070468
38383	1.3812582398626598	1.3812582398626598
25260	0.17683802939476134	0.17683802939476134
6007	0.9779159232389026	0.9779159232389026
23840	0.8956970964295026	0.8956970964295026
22928	12.119321786508243	12.119321786508243
39347	3.4698961864085303	3.4698961864085303
5025	2.1657452418204635	2.1657452418204635
36336	3.2528728253349866	3.2528728253349866
813	1.2660639722174292	1.2660639722174292
6592	3.174898047531298	3.174898047531298
36988	9.819088970351551	9.819088970351551
39287	2.0902820998265215	2.0902820998265215
17726	0.35711360678556714	0.35711360678556714
8108	1.2938265011749197	1.2938265011749197
34599	6.873805920148267	6.873805920148267
25466	2.989976911167173	2.989976911167173
37980	1.8101366144270012	1.8101366144270012
14115	1.6263785652045188	1.6263785652045188
44540	2.3648261980968712	2.3648261980968712
6902	0.6393005629956925	0.6393005629956925
4781	6.714687615845837	6.714687615845837
22211	0.1884386092010684	0.1884386092010684
9515	0.25984646590497307	0.25984646590497307
42158	0.8911661633309572	0.8911661633309572
28603	1.66203128978995	1.66203128978995
20529	4.190736613376826	4.190736613376826
40681	5.939246902741599	5.939246902741599
8355	2.1644019709846667	2.1644019709846667
44875	0.7426081996158537	0.7426081996158537
10293	0.37990973732774713	0.37990973732774713
39185	2.9850688718686853	2.9850688718686853
16937	0.8827659304194585	0.8827659304194585
9388	5.666735375563777	5.666735375563777
7458	4.4498685826024715	4.4498685826024715
27779	3.963683693140573	3.963683693140573
7010	0.4677968186554187	0.4677968186554187
8557	9.279388542429352	9.279388542429352
6552	2.614862484459977	2.614862484459977
7222	1.3546385874238545	1.3546385874238545
11979	3.590053582535008	3.590053582535008
9180	2.717982368224747	2.717982368224747
27341	2.447616501780691	2.447616501780691
9912	2.758540553292711	2.758540553292711
11804	1.5536980480517546	1.5536980480517546
6087	6.420811591459324	6.420811591459324
10911	2.3263868277092543	2.3263868277092543
19615	3.0015380839860204	3.0015380839860204
34765	0.05052516238846803	0.05052516238846803
41919	1.2776011290639226	1.2776011290639226
6848	1.5746390372077201	1.5746390372077201
19979	0.46144596238068863	0.46144596238068863
10653	5.297806003825561	5.297806003825561
8554	2.520884415143348	2.520884415143348
20183	3.208099017114846	3.208099017114846
43688	0.956727221675689	0.956727221675689
15173	1.6143769013760234	1.6143769013760234
7168	2.9024640987781547	2.9024640987781547
29501	1.9456519937225585	1.9456519937225585
40180	0.5459792665682138	0.5459792665682138
32449	2.017260513478773	2.017260513478773
19029	0.18927025025439814	0.18927025025439814
28604	0.18904946857828445	0.18904946857828445
13109	0.1179120172376202	0.1179120172376202
36685	0.2133557496758779	0.2133557496758779
5891	1.434697690791154	1.434697690791154
18255	0.08565077620533264	0.08565077620533264
6906	2.7443613169938574	2.7443613169938574
2474	5.234203358386863	5.234203358386863
42917	0.9595792260232457	0.9595792260232457
32276	0.13895596822541767	0.13895596822541767
17549	1.2820344618585218	1.2820344618585218
9934	0.13185080057175064	0.13185080057175064
11024	4.70599154003407	4.70599154003407
34628	0.05400471939987386	0.05400471939987386
14848	1.1246511979782574	1.1246511979782574
16170	2.3689800777639025	2.3689800777639025
6716	10.903648262140866	10.903648262140866
30934	1.736310059972776	1.736310059972776
37506	4.513821056216464	4.513821056216464
12527	3.0034850046330805	3.0034850046330805
15810	0.27509766157708704	0.27509766157708704
15454	1.1801220565618993	1.1801220565618993
4354	2.0908362827905718	2.0908362827905718
32334	0.9224573774239925	0.9224573774239925
1555	1.8754274703918998	1.8754274703918998
1772	0.7538998833363698	0.7538998833363698
45332	4.210269713288993	4.210269713288993
43188	2.3290366630474075	2.3290366630474075
33529	0.4161588129113077	0.4161588129113077
16557	4.7283208159325865	4.7283208159325865
5659	2.8354880921684362	2.8354880921684362
12029	1.3255520645587668	1.3255520645587668
4098	0.42327320541519453	0.42327320541519453
44925	0.20465065582916736	0.20465065582916736
29952	0.11896167667487016	0.11896167667487016
34950	2.1755724164575283	2.1755724164575283
5662	0.5679012669581719	0.5679012669581719
44399	2.420548328660046	2.420548328660046
14019	0.2237166129315378	0.2237166129315378
1627	3.1464167964484986	3.1464167964484986
29740	0.875745599838225	0.875745599838225
2861	2.9475231941490265	2.9475231941490265
21519	2.2614337344381332	2.2614337344381332
39843	1.3041737746464697	1.3041737746464697
41753	2.6526067278700247	2.6526067278700247
21981	3.9521149626608323	3.9521149626608323
31406	3.0471487915750592	3.0471487915750592
35962	3.9131658484300007	3.9131658484300007
38302	0.13073671680681517	0.13073671680681517
40547	6.195206620858985	6.195206620858985
24461	2.535167512858208	2.535167512858208
23780	0.017413101943492867	0.017413101943492867
15467	1.6729533690123866	1.6729533690123866
10686	0.3331556911580541	0.3331556911580541
21176	2.255811009160826	2.255811009160826
10913	3.280506351408197	3.280506351408197
22046	0.9179396402479364	0.9179396402479364
19590	8.341591301868482	8.341591301868482
15327	0.8540431368783212	0.8540431368783212
24811	3.8542691809050273	3.8542691809050273
38682	0.2705327550955616	0.2705327550955616
32894	0.4745717936225824	0.4745717936225824
37946	0.31111354501909844	0.31111354501909844
12422	3.074678143825913	3.074678143825913
37411	1.6015947575610936	1.6015947575610936
28958	0.012523063776566137	0.012523063776566137
38067	3.5211101167321646	3.5211101167321646
18478	2.096367493882927	2.096367493882927
15383	2.5003493358612636	2.5003493358612636
23426	0.39779848076941315	0.39779848076941315
10363	3.486202695951428	3.486202695951428
30780	1.697368825918698	1.697368825918698
10915	0.2175221884666859	0.2175221884666859
6194	1.763961711708907	1.763961711708907
16318	5.891679090794134	5.891679090794134
26453	5.430094466047192	5.430094466047192
11478	1.9914694788079	1.9914694788079
29151	3.434354671562883	3.434354671562883
1734	1.0214751159340507	1.0214751159340507
16837	6.101021113575094	6.101021113575094
5328	2.0464519303450444	2.0464519303450444
26068	10.852629010507407	10.852629010507407
13914	9.294799869815588	9.294799869815588
14118	1.9513725193051783	1.9513725193051783
16909	3.6320349137102883	3.6320349137102883
22404	2.780281856138289	2.780281856138289
33894	0.22076645795055172	0.22076645795055172
