sim	exp	nam	ind	typ	group	index	n_snps	run_time	real_latitude_norm	real_longitude_norm	real_time_norm	pred_latitude_norm	pred_longitude_norm	pred_time_norm	real_latitude	real_longitude	real_time	pred_latitude	pred_longitude	pred_time
europe	25	gp	41517	gp	0	44	4032	3.3815951466560366	-0.30076622530619634	1.7085159856958294	-1.3749213085993424	-0.45778355	1.6473716	-1.0312139	35.8414074795135	57.5975768739416	5468.0	33.263603	57.06161	10439.682
europe	25	gp	37861	gp	0	118	4032	3.3815951466560366	-2.2769378342520756	0.5755739236916918	-1.1134601667099344	-1.1056919	0.19669911	-1.2156805	3.397972489702518	47.6666244743717	9250.0	22.626688	44.34555	7771.3984
europe	25	gp	5791	gp	0	511	4032	3.3815951466560366	0.6370503046266661	-1.4482014487649946	1.2755701559427017	0.0348055	-1.4062829	1.4417708	51.2378383782838	29.9269557257894	43807.0	41.350594	30.2944	46211.07
europe	25	gp	10238	gp	1	212	4032	4.378206837177276	1.021754877791168	-0.2458928399654868	0.8816740771375083	1.0699915	-0.14908713	0.15823497	57.7028001632235	40.4796735690085	38132.0	58.49933	41.323868	27693.605
europe	25	gp	6002	gp	1	414	4032	4.378206837177276	0.6836680924821001	-1.1602709187368003	1.2566866482226264	1.0276796	-0.1495085	0.20696612	52.1199928476129	32.505825223989	43543.0	57.800632	41.320194	28396.74
europe	25	gp	24096	gp	1	812	4032	4.378206837177276	-0.34486821507546617	1.512153011106359	-0.18507763126059493	-1.5219696	0.650656	-0.3624192	35.1358329463194	55.8107399249241	22740.0	15.698425	48.298042	20181.164
europe	25	gp	35501	gp	2	114	4032	3.382862667242686	-0.1501855597834434	-0.522626646435882	-0.9628125403838732	-0.41236553	-0.4416537	-0.8138599	38.1263306403452	38.0222815780417	11513.0	33.767628	38.724976	13665.5205
europe	25	gp	32167	gp	2	506	4032	3.382862667242686	-0.3691132879556241	-0.3377496464342066	-0.730580113635775	-0.2714752	-0.34268162	-0.058307953	34.4866881035754	39.6266680318994	14869.0	36.10991	39.58387	24584.031
europe	25	gp	45376	gp	2	843	4032	3.382862667242686	-2.5966259476261	-0.40595261141834466	-1.70615006366399	-1.1206168	0.33348382	-1.0902321	-2.545395018182859	39.0347939040604	771.0	21.99305	45.45172	9671.654
europe	25	gp	32783	gp	3	63	4032	3.3797329902648925	-1.0379872639210488	0.6132811601916456	-0.7617487590275552	-1.0831306	0.30050224	-1.365338	23.5268834814022	47.9716303305564	14253.0	22.778196	45.238842	5481.508
europe	25	gp	27031	gp	3	787	4032	3.3797329902648925	-0.3981671925820867	-0.5060698233427874	-0.37103080578659003	-0.46329862	-0.47297692	-1.0648206	34.1380915796521	38.1917168596371	19931.0	33.057907	38.480854	9848.692
europe	25	gp	14167	gp	3	946	4032	3.3797329902648925	1.105783767262051	-0.1648113632158661	0.5541546259366886	-0.46273947	-0.41520473	-0.48861185	59.0806298327452	41.1733359052756	33376.0	33.06718	38.98562	18222.287
europe	25	gp	38456	gp	4	257	4032	3.3834049463272096	-0.3198864186674138	-0.4695390571303576	-1.1518535305501183	-1.4513309	0.669313	-0.85509306	35.4420214621576	38.5987428412494	8681.0	16.654152	48.45998	12940.177
europe	25	gp	9174	gp	4	326	4032	3.3834049463272096	0.970040304550551	-0.09406490237547814	0.9931778445142047	1.1738311	-0.25438341	0.35607573	56.8615219497753	41.8499460399477	39467.0	60.245514	40.46176	30323.16
europe	25	gp	38068	gp	4	1456	4032	3.3834049463272096	-1.7251716455876278	0.6703972238254979	-1.1274670892692598	-1.3785784	0.9676915	-1.2540307	12.1069691204493	48.4693675860482	9031.0	17.862223	51.043617	7214.5293
europe	25	gp	42576	gp	5	353	4032	2.387946637471517	-1.3651526106522938	0.22290660408490742	-1.469942155427047	-0.68399423	-0.18551563	-0.82801837	18.3710671340034	44.4680168446108	4162.0	29.586456	40.92911	13436.47
europe	25	gp	11736	gp	5	667	4032	2.387946637471517	1.4254074902201634	-0.33475748081526885	0.7530060438674416	1.1958307	-0.32828826	0.42681935	64.3181039884999	39.6359597497797	36279.0	60.538086	39.692013	31566.277
europe	25	gp	27061	gp	5	754	4032	2.387946637471517	0.7427795561208713	1.6799594105086901	-0.38072037841495476	0.25631106	1.6388938	-0.29757166	53.07852135555	57.0931123841306	19899.0	45.068737	56.737286	21100.326
europe	25	gp	14248	gp	6	219	4032	3.382320253054301	1.2893573711602155	-0.39820003290766354	0.5419851919941128	0.3897698	1.6723284	-0.17850727	61.9388608792826	39.0935802129445	33287.0	47.188236	57.219948	22895.758
europe	25	gp	8328	gp	6	234	4032	3.382320253054301	1.021812192598266	-0.46654571335220185	1.0436348588200135	1.1189307	-0.25939068	0.55587995	57.5518963903799	38.4952504696221	40522.0	59.14436	40.308784	33487.395
europe	25	gp	29420	gp	6	362	4032	3.382320253054301	0.6458393249837132	1.3832743517442423	-0.5482621281400221	0.06502642	1.698763	-1.0274614	51.3870324676535	54.6894321288411	17563.0	41.863388	57.451366	10651.788
europe	25	gp	13698	gp	7	541	4032	3.3777767419815063	0.982203895709542	-0.3210917674651099	0.5898661765878637	-1.1040895	0.39768514	-0.74397004	56.7472923618419	39.7878993465107	33902.0	22.214556	46.060898	14538.083
europe	25	gp	4442	gp	7	1338	4032	3.3777767419815063	0.11044504469227609	-1.4423442593131306	1.3882839478144506	0.9375258	-0.7034135	1.0780712	42.3177685565776	30.0023654354624	45493.0	56.007774	36.451256	40989.5
europe	25	gp	2240	gp	7	1394	4032	3.3777767419815063	-0.10116083737520697	-1.5216400183298102	1.5761955757935835	0.6763613	-1.0907294	1.215263	38.8152264154067	29.3103256455832	48221.0	51.68493	33.071022	42981.176
europe	25	gp	4572	gp	8	784	4032	3.3784430225690207	0.20996321541739674	-1.1981447384347068	1.399655343042823	1.2008312	-0.30062094	0.33931836	44.2145705091229	32.2107071188628	45352.0	60.659096	39.94891	30193.139
europe	25	gp	43789	gp	8	951	4032	3.3784430225690207	-1.4902773387087715	0.9197141471742916	-1.5728685769843709	-1.1524876	0.8069087	-1.5456948	15.997236586647197	50.4703016185216	2856.0	21.603224	49.497723	3244.4844
europe	25	gp	17718	gp	8	1438	4032	3.3784430225690207	1.2509494951597493	-0.14766993547758575	0.2500546600221402	-1.2242672	0.61224854	-1.508082	61.4908655562683	41.2676107985385	28917.0	20.411963	47.819416	3782.207
europe	25	gp	39916	gp	9	149	4032	3.3799041231473286	0.5051309090882549	1.2840814915822303	-1.2660564091415134	0.43733162	1.7327107	-1.0450519	49.2496085737833	53.7005236094667	7236.0	48.12345	57.596596	10419.523
europe	25	gp	45071	gp	9	743	4032	3.3799041231473286	-1.0392335144604004	0.5673477057311642	-1.6746010122635457	-1.1053774	0.94921726	-1.387889	23.5974050959309	47.4761251101504	1351.0	22.498743	50.79243	5481.0273
europe	25	gp	44800	gp	9	1265	4032	3.3799041231473286	-1.0983265432661473	0.01885152791545577	-1.6473878458363858	-0.9152406	1.0904654	-1.0260501	22.615858010325	42.7127682634756	1743.0	25.656954	52.019085	10693.241
europe	25	gp	18843	gp	10	704	4032	3.3913877248764037	0.11919302861016018	1.873406064152177	0.19175566502867195	-0.38451737	-0.41337374	-0.3664336	42.4091434519272	58.8884548521039	27913.0	34.054638	39.0709	19865.184
europe	25	gp	7197	gp	10	1035	4032	3.3913877248764037	0.677658252723692	-0.9887945935715584	1.1686092185908703	1.0973446	-0.21901776	0.21464711	51.6718074463212	34.0842242550324	41997.0	58.632698	40.75522	28243.043
europe	25	gp	8335	gp	10	1152	4032	3.3913877248764037	1.094077514582504	-0.8668452168452037	1.065194801638212	1.1540842	-0.26517507	0.34114298	58.5785073388961	35.1410545835864	40506.0	59.573776	40.35521	30066.824
europe	25	gp	6958	gp	11	112	4032	3.382219127813975	0.8632132066104488	-1.3104706241666768	1.1685741021948226	1.077714	-0.19412363	0.66013974	55.1215619693074	31.2006759405829	42321.0	58.665146	40.860847	34967.355
europe	25	gp	14593	gp	11	711	4032	3.382219127813975	1.2715892670714348	-0.5795745472559484	0.5147126972449512	1.15732	-0.30758825	0.1822181	61.8679915925219	37.5253955694613	32864.0	59.980247	39.878994	28055.027
europe	25	gp	20253	gp	11	1321	4032	3.382219127813975	1.2640509540879894	-0.30699722016077013	0.07269768594702072	-0.46257168	-0.36351067	-0.18311167	61.7434576079314	39.8841100646229	26471.0	33.21941	39.395077	22771.15
europe	25	gp	5391	gp	12	499	4032	3.3794098019599916	0.577958227931277	-1.2512384125294016	1.3191119656486296	1.0386975	-0.25704512	0.2163167	50.1656911909317	31.8066945939006	44307.0	57.835968	40.473526	28348.795
europe	25	gp	25368	gp	12	539	4032	3.3794098019599916	1.0700745892481767	1.6383355003188382	-0.2515804887657546	-1.5081139	0.53574723	-0.89257556	58.3583282706988	56.9964098763196	21578.0	15.437256	47.38465	12302.361
europe	25	gp	40527	gp	12	651	4032	3.3794098019599916	-0.019841478062926778	1.037449351916051	-1.2864310983330653	-0.4417663	1.5999018	-1.0876532	40.2136627225098	51.7582150933054	6603.0	33.18956	56.661366	9479.454
europe	25	gp	4495	gp	13	717	4032	3.381127452850342	0.3349817355568075	-1.7666466382002186	1.3900183907200006	0.3214026	-1.3473563	1.3954146	46.4261353683186	27.2392454851372	45418.0	46.202953	30.852509	45495.48
europe	25	gp	16689	gp	13	894	4032	3.381127452850342	1.2756458743938937	-0.18134016744081782	0.3311364425554622	-0.62938493	0.45536464	-0.06766735	61.8864364009685	40.9007328923811	30214.0	30.576271	46.38758	24487.76
europe	25	gp	32860	gp	13	1336	4032	3.381127452850342	-1.0331065799384902	0.6023413944373427	-0.7872223001192389	-1.6524512	0.6253713	-0.9552666	23.9408972014245	47.6541625833349	14156.0	13.761648	47.852623	11743.129
europe	25	gp	33987	gp	14	546	4032	2.3817769169807432	-0.5875838891582152	-0.42366269356871517	-0.8655521721274452	-0.2311589	-0.546249	-0.7582536	31.2937899710193	38.9495468339423	13013.0	37.220947	37.882973	14560.62
europe	25	gp	3138	gp	14	820	4032	2.3817769169807432	0.14848469199462672	-1.4409001762915363	1.501559169866296	0.7895838	-1.0896409	1.3001305	43.5342202655114	30.098955670498	47155.0	54.19536	33.15513	44249.695
europe	25	gp	15570	gp	14	920	4032	2.3817769169807432	1.203619962019474	-0.2499580190505667	0.41901929247509817	1.113161	-0.32905075	0.7609716	61.0805604499696	40.4608842388757	31541.0	59.57628	39.772728	36473.145
europe	25	gp	4175	gp	15	1053	4032	3.3889547983805337	0.362435020716537	-1.8140135272009532	1.4117516632357856	1.2417676	-0.64062256	0.8339701	46.5954393441919	26.8596151584228	45817.0	61.288002	37.03292	37484.42
europe	25	gp	8103	gp	15	1062	4032	3.3889547983805337	1.0489318202258282	-0.49709368588599023	1.066368752630812	1.0758104	-0.20310736	0.30836987	58.0659533933643	38.2773182241327	40836.0	58.51506	40.826183	29904.387
europe	25	gp	17612	gp	15	1186	4032	3.3889547983805337	1.0742622770328585	-0.3387964337649975	0.24982003645250142	0.54159725	1.8068419	-0.100078404	58.4891940565177	39.6497563666324	29060.0	49.58902	58.252453	24013.877
europe	25	gp	27841	gp	16	341	4032	3.3816912611325582	0.14902521111953462	2.1242435022322392	-0.4349433516049472	-0.5265069	1.6399441	-0.59332246	43.2247583169473	60.9228437170131	19145.0	32.09134	56.726616	16853.574
europe	25	gp	31987	gp	16	958	4032	3.3816912611325582	-0.33870449424914023	-0.28032588630145666	-0.7178439213966341	-0.6670534	-0.07578864	-0.7136269	35.1865034448227	40.0883709184305	15052.0	29.774998	41.86059	15113.012
europe	25	gp	29740	gp	16	1285	4032	3.3816912611325582	-0.3142837677070098	-0.1602552782314644	-0.5643325200999479	-0.455823	-0.40278316	-0.3741355	35.5889805175688	41.1287267632951	17273.0	33.25628	39.027336	20024.768
europe	25	gp	42954	gp	17	120	4032	3.3825494011243182	-0.9691519403284347	1.2005718932036495	-1.5073243568250665	-0.38777494	1.3899246	-1.342583	24.7008968320247	53.039752654526	3686.0	34.278828	54.697693	6075.033
europe	25	gp	29313	gp	17	668	4032	3.3825494011243182	-2.4488400531421153	0.6425963858045524	-0.5450936728212735	-0.24629255	1.7169445	-0.5599582	0.32368111694731283	48.1542102534225	17640.0	36.609688	57.561028	17424.438
europe	25	gp	44631	gp	17	1124	4032	3.3825494011243182	-0.9682988316750125	0.017539211518390458	-1.627654910328479	-1.140287	0.6687352	-1.5884119	24.7149514246735	42.6813117344114	1941.0	21.88152	48.383076	2510.0898
europe	25	gp	15797	gp	18	223	4032	4.379084157943725	1.0022258189771838	0.00957854204593538	0.4198979698932097	1.033571	0.025645431	0.21795924	57.0801751338074	42.7599316478913	31299.0	57.602814	42.89994	28367.803
europe	25	gp	43230	gp	18	413	4032	4.379084157943725	-1.017903136236187	-0.015491783104494785	-1.499803809580108	-1.6236951	0.46763512	-0.50936586	23.3973173471527	42.5414680085358	3434.0	13.296574	46.751453	17810.479
europe	25	gp	7965	gp	18	1122	4032	4.379084157943725	0.8668393368166674	-0.5446747292300056	1.0868505242474602	1.1107932	-0.32864058	0.66880196	54.8227926963746	37.9301503809517	40980.0	58.89039	39.81268	34911.91
europe	25	gp	3284	gp	19	355	4032	2.3754321138064065	0.18659725332584415	-1.5740145484687151	1.5086784717896773	1.1075673	-0.23171479	0.49286276	44.0601571404228	29.0049520909327	46984.0	59.32999	40.649456	32391.309
europe	25	gp	12451	gp	19	371	4032	2.3754321138064065	1.2772942242161713	-0.6066778369067678	0.6958972938933923	1.1968547	-0.29295027	0.3182177	62.1440912718244	37.3966377810528	35308.0	60.81039	40.118237	29882.447
europe	25	gp	8261	gp	19	1433	4032	2.3754321138064065	0.9156943438776711	-0.5964538235518362	1.0651154651474086	1.1680319	-0.23982145	0.41095406	56.1487061259151	37.4853315166887	40612.0	60.332504	40.579132	31214.65
europe	25	gp	38966	gp	20	201	4032	3.3888362963994343	1.0435135663568211	1.9872400034516562	-1.2019783833627973	-0.10539337	1.7303823	-0.4640805	58.2178121381502	59.862226177942	8189.0	39.222546	57.633938	18793.627
europe	25	gp	5532	gp	20	1157	4032	3.3888362963994343	0.664538576904162	-1.2169463003849845	1.300213367824688	0.52504086	-1.1443603	1.285429	51.9520905503001	32.0652887834136	44149.0	49.64573	32.69499	43936.527
europe	25	gp	42029	gp	20	1289	4032	3.3888362963994343	-0.24471527171859536	1.491914316448632	-1.4359152206123058	-0.35229018	1.7828717	-0.64032036	36.9190893583756	55.5651798123675	4827.0	35.14052	58.089294	16260.813
europe	25	gp	26787	gp	21	286	4032	3.383945628007253	-2.21009698499411	0.2606648142494359	-0.3442016846976312	-1.4246361	0.5476091	-0.42107916	4.054472059766198	44.9185514762032	20166.0	17.046888	47.404118	19052.887
europe	25	gp	9787	gp	21	869	4032	3.383945628007253	1.3077591605126209	-0.55025145699855	0.9326095454352102	1.1767876	-0.29340997	0.31077924	62.2438100780812	37.8942457031233	38653.0	60.077393	40.119053	29649.494
europe	25	gp	14701	gp	21	1342	4032	3.383945628007253	1.0293674283294811	-0.21782467862656074	0.5224303981555571	1.1598824	-0.25286356	0.21737108	57.6388944887385	40.7737875513231	32714.0	59.79776	40.470276	28297.033
europe	25	gp	12398	gp	22	2	4032	4.382817959785461	1.3490544720106432	-0.5302584245112391	0.6821216021736229	0.5984475	-0.25503677	0.3140664	62.8855568099032	37.8928083391232	35375.0	50.489098	40.290047	30035.61
europe	25	gp	35497	gp	22	1061	4032	4.382817959785461	-0.8667735653421204	0.11859629940769698	-0.9638376977773788	-1.3301233	0.03252407	-0.4214286	26.2906066511456	43.5444757661429	11497.0	18.638271	42.794765	19365.752
europe	25	gp	32946	gp	22	1177	4032	4.382817959785461	-1.0721461194661286	0.38510493080074265	-0.7856483690910006	-1.4013765	0.3422688	-0.39353648	22.8988279321058	45.8658245912951	14082.0	17.461508	45.49271	19770.383
europe	25	gp	3707	gp	23	867	4032	3.375988411903381	-0.06582069053772757	-1.4745149025416466	1.4581822503834962	0.37864694	-1.2826276	1.275855	39.7349427362737	29.7370682161472	46398.0	47.08604	31.407883	43779.543
europe	25	gp	22809	gp	23	985	4032	3.375988411903381	-0.4364422926426921	-0.6403872082787239	-0.10065991778947858	-0.724291	-0.2271166	-0.7655468	33.6051930211286	37.0000413994579	24011.0	28.844433	40.5985	14462.36
europe	25	gp	7259	gp	23	1170	4032	3.375988411903381	0.6281369568484596	-0.8644638828706971	1.1473468799129483	0.051334143	-1.3922411	1.4055945	51.2123813616227	35.0489457941201	41934.0	41.67258	30.45345	45642.773
europe	25	gp	23581	gp	24	393	4032	3.375717568397522	-0.02957233372124485	-0.6965134318165425	-0.1383047816856275	-0.4963068	-0.3718007	-0.49188578	40.3240019625088	36.5073861563494	23274.0	32.629826	39.309242	18136.281
europe	25	gp	29842	gp	24	889	4032	3.375717568397522	-0.029061931439513716	1.7297115169133548	-0.5588676294667696	-1.4555194	0.57719266	-0.5311944	40.3324160059173	57.442602365508	17163.0	16.817091	47.49784	17565.105
europe	25	gp	824	gp	24	1044	4032	3.375717568397522	-0.41572371695255855	-1.5962287913105833	1.6996188663004927	0.70553386	-0.8648035	1.0475094	33.9582496587757	28.7439940654516	49980.0	52.442314	35.05526	40504.504
europe	25	gp	812	gp	25	640	4032	3.3801414132118226	-0.2840118388286099	-1.524340082985374	1.7006372551448938	0.44900203	-1.2152699	1.2735701	35.8971269110075	29.3189300742952	49998.0	48.031693	31.98066	43816.152
europe	25	gp	12889	gp	25	849	4032	3.3801414132118226	1.1339238526870965	-0.029177299135939343	0.6518029126982658	1.1818777	-0.28867158	0.30688998	59.3701250853255	42.1953612313936	34816.0	60.16397	39.96058	29823.344
europe	25	gp	24204	gp	25	1380	4032	3.3801414132118226	-0.4526971070117161	-0.5036139287272363	-0.18701585860900322	-1.2191637	0.35614312	-0.524506	33.1046526007912	38.1094846530522	22674.0	20.416302	45.513763	17788.791
europe	25	gp	35567	gp	26	131	4032	2.3850810050964357	0.9048549543019084	1.493319126882647	-0.9628688243941133	-0.34236172	1.559451	-0.98092294	55.7055368223132	55.5550858296316	11430.0	35.197655	56.130665	11168.214
europe	25	gp	44359	gp	26	1330	4032	2.3850810050964357	-2.204758785275593	0.8705417009543129	-1.5983831070101269	-1.3901978	0.6478621	-1.4195081	4.574410284115217	50.134759592963	2215.0	17.96817	48.196674	4808.699
europe	25	gp	26945	gp	26	1345	4032	2.3850810050964357	-2.2470611716818385	0.77538739865806	-0.3705267545743693	-0.9837874	1.1343937	-0.5519636	3.8788355750520367	49.306586734097	20019.0	24.650743	52.43119	17388.152
europe	25	gp	25450	gp	27	642	4032	3.3842509746551515	-0.23129381758013215	-0.4505329697021314	-0.2750079735120522	-0.2638172	-0.37556818	-0.076542675	36.9360585183485	38.6545559850178	21501.0	36.397636	39.30322	24374.64
europe	25	gp	1730	gp	27	755	4032	3.3842509746551515	-0.1513287918975504	-1.3590529185878188	1.6161732766585715	0.57043475	-1.1756622	1.2467374	38.2598695319389	30.7931930225153	48884.0	50.208572	32.38006	43534.82
europe	25	gp	43229	gp	27	1043	4032	3.3842509746551515	-0.9383594775709816	0.8061806565972318	-1.5239624974168675	-1.413846	0.81624764	-0.2790552	25.2306748204435	49.5288157834728	3417.0	17.359055	49.615925	21442.398
europe	25	gp	3687	gp	28	168	4032	3.3819541772206625	0.12211494388730523	-1.3800445344568442	1.4592530100829622	0.601477	-1.006307	1.1504999	42.8890106540521	30.5634476661995	46416.0	50.807457	33.82128	41965.977
europe	25	gp	45170	gp	28	316	4032	3.3819541772206625	-1.8434897817543687	0.41524936032601867	-1.6791862701805815	-1.6516174	0.61215043	-1.2912116	10.419734327062201	46.2128342163623	1182.0	13.58922	47.929203	6773.838
europe	25	gp	9086	gp	28	1364	4032	3.3819541772206625	1.3258298436162044	-0.286681064043474	0.9849555586110255	1.0568796	-0.32956582	0.6377302	62.7728414102351	40.094181123295	39580.0	58.330124	39.72036	34575.477
europe	25	gp	37825	gp	29	40	4032	3.381115786234538	-0.7432546716099143	1.6946036291638107	-1.1108518081457774	-1.1505414	0.63239396	-1.4223763	28.3558878359928	57.3192390131375	9283.0	21.588133	48.10815	4783.0254
europe	25	gp	41902	gp	29	189	4032	3.381115786234538	-1.1966977103824121	0.7924616480910033	-1.4060401902612927	-1.2511948	0.4354938	-1.502779	20.8211675627391	49.4961974305701	5019.0	19.915606	46.400703	3621.6074
europe	25	gp	1965	gp	29	720	4032	3.381115786234538	-0.2709039476950895	-1.4217724207015234	1.6075258186201555	0.774672	-1.0005236	1.1738182	36.2047911628619	30.2951785697669	48550.0	53.578796	33.948093	42285.086
europe	25	gp	18213	gp	30	140	4032	3.387774876753489	1.185771809783509	-0.6046337390853518	0.21481864844385057	0.9329933	-0.04752823	0.12144299	60.2287062548792	37.2867753730074	28352.0	56.076584	42.12997	27004.936
europe	25	gp	9618	gp	30	873	4032	3.387774876753489	1.1460384764903049	-0.29560912056148436	0.9448054744743805	1.1506222	-0.29770052	0.48034835	59.5760491858753	39.9732798710599	38883.0	59.651344	39.955097	32182.61
europe	25	gp	40474	gp	30	960	4032	3.387774876753489	-0.11817183163315982	1.1516453466289012	-1.289102553489335	0.22511809	1.7791753	-0.7136956	38.8102154156313	52.5549817901685	6656.0	44.449074	58.01041	14956.986
europe	25	gp	20027	gp	31	305	4032	3.3772530953089395	1.3943397384601237	-0.4286051447982129	0.10299111271043035	0.14351137	-0.1557113	-0.009354641	63.532082628515	38.844216559936	26704.0	42.830647	41.212826	25071.318
europe	25	gp	9910	gp	31	622	4032	3.3772530953089395	1.2098914041807194	0.09720261611162384	0.9137174742839782	1.1738703	-0.27388597	0.38714284	60.4794293095517	43.4080165045691	38486.0	59.883274	40.18712	30833.477
europe	25	gp	11540	gp	31	699	4032	3.3772530953089395	1.0569151199968858	-0.17804411575884022	0.7818075748495451	1.1160064	-0.22167127	0.18570422	57.9476441163655	41.0189855448563	36569.0	58.925613	40.64032	27906.04
europe	25	gp	28970	gp	32	228	4032	3.3779060443242392	-0.6620646205033778	-0.5333242388351008	-0.49158785288983103	-1.1348641	0.49473944	-1.464418	29.7525621613549	38.0415465042751	18011.0	21.939392	47.02414	3891.8281
europe	25	gp	40958	gp	32	937	4032	3.3779060443242392	-2.1889747172075396	0.14448725342721994	-1.3095158549748178	-1.1635216	1.0237292	-1.5589095	4.519860102000891	43.963852002117	6140.0	21.465816	51.646133	2520.4258
europe	25	gp	20510	gp	32	1160	4032	3.3779060443242392	-0.29639192369846046	2.1023946866524743	0.07264535484953016	-0.56480205	1.4488438	-0.5341093	35.7954262629384	61.0708590216556	26200.0	31.35986	55.360527	17393.865
europe	25	gp	3608	gp	33	46	4032	3.382378848393758	0.034318371307016086	-1.2481193720025079	1.4646224262909597	0.237516	-1.3843889	1.4173425	41.4352911257506	31.6671216170332	46534.0	44.78758	30.481379	45853.094
europe	25	gp	4760	gp	33	381	4032	3.382378848393758	0.3024260119774208	-1.5006598458646556	1.3644943637483467	0.33512473	-1.3447918	1.383874	45.8584430539363	29.4696542375928	45092.0	46.397896	30.825932	45371.098
europe	25	gp	5048	gp	33	898	4032	3.382378848393758	0.39933178013103404	-1.1020117122600388	1.3398442512638613	0.5420195	-1.1416883	1.2732811	47.4571626360757	32.9384695766704	44737.0	49.811176	32.593224	43778.387
europe	25	gp	32623	gp	34	636	4032	2.3828303972880045	-1.479261312849251	0.9769839552371385	-0.7558537569599281	-1.4773343	0.72086006	-0.5360294	16.2926963368971	51.0661269732994	14406.0	16.324575	48.84606	17582.537
europe	25	gp	17094	gp	34	990	4032	2.3828303972880045	1.0629308982098016	-0.3266759990528336	0.30363645770242864	1.1397003	-0.18861163	0.25614053	58.3465891949218	39.7660708145085	29716.0	59.61654	40.962807	29029.666
europe	25	gp	17766	gp	34	1075	4032	2.3828303972880045	1.19380488369219	-0.46844952790162575	0.24516034853262517	1.1722388	-0.26547986	0.24749675	60.5115555335946	38.537185296817	28871.0	60.154804	40.296516	28904.762
europe	25	gp	6968	gp	35	135	4032	3.387087961037954	0.5431418308310189	-0.9678101211117749	1.1701585333400812	0.94726324	-0.51736856	0.9713387	49.7441161920597	34.1280961161117	42300.0	56.43834	38.025463	39446.105
europe	25	gp	29023	gp	35	657	4032	3.387087961037954	-0.3565715885720084	-0.35765900498448483	-0.5254449212360917	-0.4203626	-0.27657685	-0.24660566	34.8404714207673	39.407321742185	17961.0	33.78378	40.10887	21963.51
europe	25	gp	39943	gp	35	1378	4032	3.387087961037954	-1.77524775901402	1.0825233573745823	-1.2754702629496821	-1.6602076	0.66916883	-0.663302	11.340270986062002	51.8682472942717	7195.0	13.245895	48.29177	15982.175
europe	25	gp	22716	gp	36	543	4032	3.3801167368888856	-0.5293597128949481	-0.5330550400747619	-0.09579160108934218	-1.2691188	0.4392686	-1.3929353	31.960318000661	37.9177821018626	24109.0	19.565119	46.245796	5411.1875
europe	25	gp	29699	gp	36	1182	4032	3.3801167368888856	-1.692259867846207	1.201834248836703	-0.5698247161164598	-1.3557414	0.56366384	-1.4807125	12.475087199988998	52.7772160194142	17276.0	18.113695	47.31125	4145.914
europe	25	gp	20827	gp	36	1238	4032	3.3801167368888856	1.0707890953955468	-0.2679819813299971	0.025474297500940504	-1.2464836	0.42377216	-1.3698951	58.7719653396085	40.1881492226444	25857.0	19.944387	46.113068	5743.3027
europe	25	gp	41417	gp	37	97	4032	3.379979495207469	-0.5136138773558411	-0.4690383925076119	-1.3721675182595332	-1.0886797	1.2280048	-1.387123	32.2982975635039	38.5371889848687	5594.0	22.80724	53.207035	5379.1543
europe	25	gp	23518	gp	37	467	4032	3.379979495207469	-1.5150590099740366	0.6978763826332448	-0.13902687463943303	-0.75405675	1.4535222	-1.317538	15.770151966139402	48.624414145636	23309.0	28.329956	55.156487	6378.795
europe	25	gp	23084	gp	37	1280	4032	3.379979495207469	0.7724872297930752	1.6333718152911083	-0.106867067845615	0.22066279	1.7062622	-1.1096368	53.5244892534217	56.7111684374824	23771.0	44.417015	57.341263	9365.453
europe	25	gp	16160	gp	38	674	4032	3.3832705060640973	1.1333129698430495	0.0018276358372322384	0.37290853454231104	0.5662438	0.25734627	0.12136069	59.6442086716036	42.4701371923765	30835.0	50.247887	44.662037	27209.336
europe	25	gp	32284	gp	38	709	4032	3.3832705060640973	-0.19938371589900628	-0.5141895191910221	-0.7434122636289598	-0.36988407	-0.47604528	-1.185422	37.5614480062224	38.0436179398776	14745.0	34.736263	38.37083	8374.129
europe	25	gp	17770	gp	38	803	4032	3.3832705060640973	1.223587686700309	-0.2090719537600201	0.23595283189531982	-0.6966643	0.12609881	-0.35205263	61.140059143674	40.6609897936912	28861.0	29.32152	43.536167	20385.832
europe	25	gp	34293	gp	39	281	4032	3.3820335110028585	0.9995995433941334	1.7711007620343346	-0.8905523027853373	0.12827033	1.770479	-0.4351017	57.4046444968106	57.8447346218322	12692.0	43.030754	57.839333	19269.482
europe	25	gp	37214	gp	39	1063	4032	3.3820335110028585	0.35944371995632945	1.3715824903234999	-1.0879667362049055	0.21463482	1.780525	-0.601637	46.8443091755263	54.3725498299168	9840.999999999998	44.455467	57.92664	16864.43
europe	25	gp	5363	gp	39	1268	4032	3.3820335110028585	0.5190397712480981	-1.2074817055528182	1.3008102277053937	0.49192914	-1.1174312	1.2016244	49.4770866273395	31.9580869320177	44339.0	49.029854	32.74071	42906.59
europe	25	gp	41228	gp	40	41	4032	2.391240366299947	-0.2184357898719671	1.452166546749999	-1.366638549909603	-0.52557737	1.5641791	-1.2126867	37.4670919315262	55.2381350436215	5799.0	32.399803	56.211884	8016.039
europe	25	gp	24243	gp	40	211	4032	2.391240366299947	-0.7285940773531864	-0.4854728951703628	-0.1972637328697237	-0.8656075	0.070785254	-0.1921467	29.0503960385467	38.3938590509022	22639.0	26.789917	43.22952	22712.69
europe	25	gp	40421	gp	40	1002	4032	2.391240366299947	-1.2208138611042165	0.2854623160689229	-1.3019896214853675	-1.5523423	0.5443116	-0.86926526	20.9296532534105	45.0957485715603	6730.0	15.460028	47.345978	12961.603
europe	25	gp	1308	gp	41	549	4032	3.375521008173625	-0.45794009479988496	-1.461483354645853	1.6663400763378529	0.11307048	-1.4301906	1.4339478	33.3898606552031	29.9239460377425	49408.0	42.754906	30.195478	46058.21
europe	25	gp	37460	gp	41	929	4032	3.375521008173625	-2.487099574649024	-0.07222885616134216	-1.0934052038909206	-1.1009681	1.2471932	-1.2817254	0.1099695672453791	41.9786536818092	9628.0	22.84367	53.427418	6913.4824
europe	25	gp	3674	gp	41	1099	4032	3.375521008173625	-0.019150965207071664	-1.3773235198199114	1.461128247808021	0.30879924	-1.4763187	1.3946228	40.5863647192968	30.6542097909327	46450.0	45.96502	29.79522	45491.367
europe	25	gp	13669	gp	42	27	4032	3.3782631754875183	1.215808948732924	-0.029948395985236614	0.5982416998383067	1.1916862	-0.33650798	0.2603042	60.8453688842901	42.3983953918645	33938.0	60.444977	39.731792	29070.146
europe	25	gp	33578	gp	42	260	4032	3.3782631754875183	-0.3949988269506719	1.9866803230771877	-0.8265809788825728	-0.07111388	1.7527509	-0.662011	34.108865796616	59.9400082439797	13414.0	39.48477	57.905178	15784.564
europe	25	gp	3951	gp	42	481	4032	3.3782631754875183	0.16599066031036036	-1.7714827839717877	1.4408197962929605	0.46056607	-1.254786	1.3056846	43.4202792282665	27.2496862051241	46075.0	48.3097	31.744164	44128.43
europe	25	gp	38669	gp	43	83	4032	3.3783775806427	-0.18551708528171526	-0.7313450517492551	-1.175329466846736	-0.6177579	-0.29669493	-0.4951112	37.9264784152636	36.1473903457824	8469.0	30.823334	39.934025	18307.72
europe	25	gp	1246	gp	43	719	4032	3.3783775806427	-0.6299688009580545	-1.5140598011858597	1.6607336010008376	0.4167703	-1.2500632	1.2822495	30.6226688989019	29.3284450437507	49490.0	47.824047	31.62836	44015.58
europe	25	gp	7383	gp	43	1206	4032	3.3783775806427	0.9010055171344977	-0.6104583024963698	1.1277575597040153	1.1155875	-0.29903004	0.42847472	55.7816330774376	37.2005455744135	41781.0	59.307922	39.91368	31666.527
europe	25	gp	37071	gp	44	143	4032	3.3760717074076334	0.8050593849404392	1.5364872974364343	-1.0868292617187376	-0.22336198	1.7824041	-0.5605243	54.33591031685	55.6748113597961	9974.000000000002	37.28976	57.789837	17557.285
europe	25	gp	13835	gp	44	832	4032	3.3760717074076334	1.136436047443997	-0.5469388840945529	0.5646218159020764	0.8335998	0.29956865	0.11026905	59.8284993772756	37.7561374652921	33769.0	54.80897	45.036594	27222.44
europe	25	gp	4463	gp	44	1015	4032	3.3760717074076334	0.34153953166948214	-1.4510069561064531	1.376570803382047	0.43365264	-1.3201021	1.3098179	46.6530395433573	29.980627536301	45468.0	48.17982	31.106483	44506.188
europe	25	gp	2846	gp	45	698	4032	3.392882784207662	-0.07483792992583316	-1.4395488282846371	1.5369982577799688	0.7838471	-0.978106	1.172087	39.4998442513729	30.0678762072653	47489.0	53.689156	34.06823	42236.766
europe	25	gp	42266	gp	45	1211	4032	3.392882784207662	-0.42029097014244704	1.2348042433170354	-1.446914467063253	-0.52545804	1.6746769	-0.9294458	33.7914171683136	53.2524696165944	4541.0	32.05359	57.065826	11989.02
europe	25	gp	34317	gp	45	1316	4032	3.392882784207662	-0.1217025137215585	-0.7468366014789334	-0.8814384107277081	-0.3697703	-0.41904387	-0.54833484	38.7254320209636	36.0731608118679	12680.0	34.626244	38.91487	17474.42
europe	25	gp	17283	gp	46	459	4032	3.3817811091740926	0.9583231249198301	-0.5273257765502264	0.27295309860724687	-0.38912994	-0.41221395	-0.322204	56.6437490515101	37.9000863101754	29437.0	34.270386	38.899117	20765.455
europe	25	gp	32315	gp	46	730	4032	3.3817811091740926	-0.6228572762998308	-0.45215062794830035	-0.737878684279493	-0.3984945	-0.423242	-0.6332288	30.3895301941145	38.5525167918675	14709.0	34.11489	38.803406	16233.769
europe	25	gp	36899	gp	46	1079	4032	3.3817811091740926	-2.356929405042046	0.38107459826786516	-1.0536606664265524	-0.5275067	-0.22967768	-0.36819795	1.5966681352434975	45.7839163408973	10107.999999999998	31.97275	40.483315	20095.316
europe	25	gp	35324	gp	47	37	4032	3.378974497318268	-0.42580722808154586	-0.32377903514865736	-0.9450549626182108	-1.4201044	0.54327524	-1.0676625	33.7105589131166	39.8186013649101	11674.0	17.254137	47.324806	9904.483
europe	25	gp	19576	gp	47	1133	4032	3.378974497318268	1.2806953936905432	-0.02544749091826238	0.1269790978687585	-0.6526286	1.5609808	-1.1163484	61.9545606978955	42.4012977809682	27146.0	29.956482	56.135223	9201.83
europe	25	gp	28864	gp	47	1183	4032	3.378974497318268	-0.1669915525410129	-0.2350607786419133	-0.49724238939385174	-1.3752972	0.53338104	-0.8897461	37.994168154985	40.5866472774199	18137.0	17.995733	47.23915	12472.239
europe	25	gp	33719	gp	48	360	4032	3.3778947790463767	-0.3062413024010644	-0.3724607241365374	-0.828795020843343	-0.40945187	-0.501204	-0.9959405	35.513591789614	39.4813897269994	13282.0	33.80661	38.351227	10867.874
europe	25	gp	27525	gp	48	1242	4032	3.3778947790463767	-1.5237956768251464	0.3993016086773275	-0.4040292849735779	-1.3934783	0.60316694	-0.3611422	15.376678923418602	46.2562571899274	19417.0	17.531975	48.04588	20036.43
europe	25	gp	26171	gp	48	1349	4032	3.3778947790463767	-0.43027797286171254	-0.37131131491408415	-0.3057134993280902	-0.45790926	-0.43101612	-0.5947104	33.4621716003017	39.4914797441092	20837.0	33.00518	38.967365	16662.943
europe	25	gp	31128	gp	49	462	4032	3.378384979565938	-1.4651535182785507	0.11932189140434499	-0.6660944361596781	-0.9294316	0.062043425	-1.0756412	16.9080645459211	43.5243138590634	15898.0	25.651587	43.02383	9991.68
europe	25	gp	7358	gp	49	610	4032	3.378384979565938	1.0632770452031552	-0.7556456457532235	1.1309317891458792	1.1131701	-0.31848702	0.57502013	58.1745964614186	35.879052304637	41814.0	58.988907	39.698845	33796.863
europe	25	gp	28749	gp	49	1295	4032	3.378384979565938	0.453517740794068	1.6143273222465482	-0.5023123731803709	-1.2870289	0.5275259	-0.4838146	48.22271082944	56.5873214092718	18260.0	19.815239	47.091106	18526.768
europe	25	gp	2265	gp	50	700	4032	4.381892124811809	-0.21633831499976677	-1.483812621253532	1.5878204472708681	1.2286944	-0.6297163	0.83042896	37.1076366417861	29.8096906741168	48195.0	61.011448	37.27131	37275.574
europe	25	gp	2420	gp	50	831	4032	4.381892124811809	-0.09020013250681698	-1.493878105302403	1.5747804211895677	0.7135818	-1.042868	1.1856209	39.194221488985	29.7217558257891	48007.0	52.490425	33.661903	42396.43
europe	25	gp	5719	gp	50	1237	4032	4.381892124811809	0.6151287474779316	-1.2387778790629025	1.2908824065578532	1.0497296	-0.17760853	0.43269017	50.8618111448785	31.9503818505106	43914.0	58.051003	41.22105	31541.314
europe	25	gp	3156	gp	51	289	4032	3.38054709037145	-0.13225549835062994	-1.3319746419060776	1.5125843810351447	0.2639238	-1.3703653	1.3614846	38.3844422267715	31.0456631856041	47147.0	44.964287	30.71297	44962.43
europe	25	gp	44297	gp	51	813	4032	3.38054709037145	-1.1768767275756244	0.8232669419484905	-1.589547698219245	-1.2283787	0.9525743	-1.5107915	21.0351107436926	49.7228502767608	2297.0	20.179752	50.84342	3435.6406
europe	25	gp	16658	gp	51	840	4032	3.38054709037145	1.077175440149903	-0.07888291164091984	0.34380338047236486	0.869872	-0.08507301	0.1280466	58.4709747142494	41.9048767716217	30249.0	55.028027	41.851234	27129.63
europe	25	gp	42758	gp	52	707	4032	3.3824480732282	-2.2361891315487155	0.28103524578023215	-1.496889507970802	-1.0889425	1.1391435	-1.5392016	3.8678844061562927	44.9050407413113	3914.0	22.873697	52.376823	3299.2168
europe	25	gp	2183	gp	52	1118	4032	3.3824480732282	-0.25994290943824433	-1.76834819118939	1.5558909770100702	0.41484174	-1.2689852	1.3055685	36.6072875780568	27.060506161638	48270.0	47.78608	31.408596	44632.89
europe	25	gp	10812	gp	52	1128	4032	3.3824480732282	1.3508541594373622	-0.5527594218060591	0.8083878467147945	1.1108946	-0.18575653	0.29605693	63.2924921219095	37.6449655842233	37409.0	59.317207	40.84056	29964.982
europe	25	gp	27445	gp	53	484	4032	3.3806642572085064	-1.361047626707918	0.6969622699185284	-0.38917384590829945	-1.3753523	0.8240059	-0.39528418	17.9732424450043	48.8190543544055	19503.0	17.735704	49.925587	19414.87
europe	25	gp	37455	gp	53	644	4032	3.3806642572085064	-0.4564024939848689	1.6404700673921193	-1.0723772451707918	-0.21788734	1.5401857	-0.4992575	32.995493031091	57.0368710966394	9649.0	36.9562	56.16341	17915.238
europe	25	gp	29354	gp	53	1073	4032	3.3806642572085064	-1.6270400302272618	0.7864073948823049	-0.5203511172097643	-1.5334378	0.6434291	-0.4421325	13.556256828074702	49.5981084834829	17611.0	15.110586	48.35279	18739.166
europe	25	gp	16789	gp	54	1116	4032	2.3813891768455506	1.346435240033027	-0.4480489307345183	0.32790657640556004	0.7737768	-0.1624643	0.11935186	62.9250837664835	38.6547028635066	30085.0	53.522984	41.13143	27071.371
europe	25	gp	2944	gp	54	1352	4032	2.3813891768455506	0.07409985219312258	-1.6739030235302703	1.5255481539038187	0.63890004	-0.956615	1.1163747	42.0354568331213	28.0235125682626	47391.0	51.308533	34.24418	41478.418
europe	25	gp	2537	gp	54	1453	4032	2.3813891768455506	-0.15797397283390394	-1.7577289839624282	1.5571051029006526	0.31216994	-1.2698536	1.2953653	38.2251913385464	27.2965339316751	47847.0	45.944168	31.527622	44064.844
europe	25	gp	20319	gp	55	19	4032	3.3901424606641135	1.1029537793970168	-0.258695033846726	0.06179612533910474	-0.38096082	-0.28551415	-0.19724183	58.9323482314784	40.1841913506379	26407.0	34.465588	39.951054	22638.295
europe	25	gp	24286	gp	55	463	4032	3.3901424606641135	-2.254455133115077	0.6023730683909135	-0.2007674232674437	-1.0965044	0.76594776	-0.11348373	3.5754477988237596	47.6694497998946	22587.0	22.667717	49.091404	23856.879
europe	25	gp	8939	gp	55	961	4032	3.3901424606641135	1.1534724006824197	-0.37411462147429775	0.9811809489415111	1.1012067	-0.22122276	0.5029799	59.7652983907721	39.1808497551777	39783.0	58.90354	40.509937	32825.72
europe	25	gp	43939	gp	56	197	4032	2.3821753819783527	-0.9932035318074836	0.4417858397771521	-1.5729687882282115	-1.1094483	1.0849572	-1.2716572	24.0917232816806	46.4626033733088	2678.0	22.153034	52.06704	7040.0527
europe	25	gp	20504	gp	56	429	4032	2.3821753819783527	1.084479593218334	-0.2515060462264648	0.05141338573285214	-0.3958184	-0.21207124	-0.02058393	58.7426170584084	40.4214331829931	26194.0	34.05471	40.76506	25151.701
europe	25	gp	5437	gp	56	1215	4032	2.3821753819783527	0.7170193488634633	-1.3518360494324255	1.2994025308661459	0.8309413	-0.8527107	1.0859511	52.6142398574082	30.8334357621735	44261.0	54.514194	35.18269	41170.887
europe	25	gp	614	gp	57	116	4032	3.3826753735542296	-0.6706201360777958	-1.380097093061507	1.730944676255704	-0.30797657	-1.4792322	1.6627097	29.7464217427556	30.6592303443916	50245.0	35.73251	29.80029	49259.586
europe	25	gp	14342	gp	57	290	4032	3.3826753735542296	1.1863128900781759	-0.5591482920962447	0.5481744063845599	1.1316081	-0.33138338	0.1496307	60.3984569383438	37.7722030658983	33164.0	59.495457	39.745632	27408.424
europe	25	gp	24242	gp	57	1036	4032	3.3826753735542296	0.6237718834811616	1.774723945011194	-0.1811117292212529	-0.56773865	-0.3612598	-0.1314347	51.1127010762339	57.9936462771047	22632.0	31.444668	39.486774	23349.412
europe	25	gp	30914	gp	58	369	4032	3.3815611958503724	0.4845429612833602	1.3274364781271417	-0.6397744827881193	0.27451485	1.706725	-0.54181033	48.8098256773811	54.0538447626591	16118.0	45.332302	57.338947	17531.5
europe	25	gp	8126	gp	58	526	4032	3.3815611958503724	0.8165654921039527	-0.45854752379964114	1.0725002199079368	1.1044478	-0.25012815	0.66860586	54.3072594716743	38.5850481629365	40824.0	59.073845	40.390213	34996.305
europe	25	gp	9862	gp	58	561	4032	3.3815611958503724	1.1544832185966483	-0.0669488978257157	0.9153834567325154	1.0916115	-0.20833524	0.4192102	59.9023024487892	41.9767691903289	38557.0	58.86131	40.752193	31397.836
europe	25	gp	35560	gp	59	111	4032	3.3804742177327474	-0.10520657975793789	-0.501380682741441	-0.9641183806793836	-0.54068744	-0.35840768	-1.1818913	38.9490912407123	38.3382164606435	11448.0	31.69213	39.57978	8311.789
europe	25	gp	12272	gp	59	1191	4032	3.3804742177327474	1.2476255633216298	-0.21864251170122903	0.7080930790396148	1.1743344	-0.29128373	0.22488949	61.4930289799497	40.793486383194	35530.0	60.27169	40.162678	28571.246
europe	25	gp	4284	gp	59	1329	4032	3.3804742177327474	0.20357978118756181	-1.1532062790948965	1.4130299920479725	1.1830349	-0.48751378	0.66472644	44.0947854286361	32.677828351082	45682.0	60.416676	38.458637	34905.465
europe	25	gp	7808	gp	60	268	4032	3.3860739787419636	0.8406571690327116	-0.6464815155156347	1.0992219932971423	0.8744848	-0.65875024	0.84156376	54.7884771199743	36.8920244663837	41189.0	55.34259	36.78608	37497.31
europe	25	gp	38454	gp	60	824	4032	3.3860739787419636	-1.899601228840352	0.7370324430495029	-1.1706906582013714	-1.5258574	0.5152786	-1.3091841	9.901513744497493	48.8393262942235	8666.0	16.023647	46.924377	6681.6836
europe	25	gp	16212	gp	60	1361	4032	3.3860739787419636	1.4223677911113668	-0.3690272569174744	0.37287507068406756	-0.31799442	-0.35807994	-0.23303169	64.317222076522	39.287974106335	30782.0	35.809116	39.38251	22100.65
europe	25	gp	42742	gp	61	221	4032	3.38311714331309	-0.43633310908396516	1.3745751004767728	-1.491240825672157	-0.41801116	1.7960252	-1.139536	33.7485035291215	54.5522599718956	3939.0	34.052536	58.19493	8989.442
europe	25	gp	3470	gp	61	1222	4032	3.38311714331309	0.06961788709043029	-1.600355148345597	1.487820272268311	0.5737492	-1.1469903	1.2253251	42.1441509481027	28.8393673687414	46718.0	50.5096	32.75789	42948.598
europe	25	gp	27882	gp	61	1471	4032	3.38311714331309	-0.2994719429991483	-0.5027452585193823	-0.4334335352325556	-0.53125244	-0.4736197	-0.16044542	36.0195497460217	38.3262201204768	19129.0	32.17343	38.577957	23049.08
europe	25	gp	6149	gp	62	85	4032	2.3844629168510436	0.4544751174055892	-1.0506477581197728	1.2597950485258798	1.1280764	-0.28744426	0.44948152	48.1939244715332	33.5239613128816	43348.0	59.322075	40.14919	31671.473
europe	25	gp	19696	gp	62	313	4032	2.3844629168510436	-0.15716485132136737	2.048116639296487	0.1273781979665391	-0.49703684	-0.29358578	-0.20651099	38.0893971120982	60.4237639400631	27030.0	32.474583	40.095875	22218.693
europe	25	gp	21680	gp	62	714	4032	2.3844629168510436	-0.3195773641690347	-0.45488966580537255	-0.006349420064337812	-0.43093607	-0.3326705	-0.26873198	35.406279978665	38.6956275131793	25103.0	33.566593	39.756588	21322.096
europe	25	gp	36763	gp	63	48	4032	3.381976226965586	-0.08655764790626068	1.9180733611011735	-1.043355394391524	-0.71008116	1.3101875	-0.4700439	39.4062672356537	59.4062482058229	10229.0	29.175522	54.078606	18544.521
europe	25	gp	28780	gp	63	471	4032	3.381976226965586	-2.1017689441720018	0.38540825249209953	-0.4925557826346136	-2.0258114	0.6229516	-1.126665	6.340779036182312	45.9736373080727	18218.0	7.5870857	48.05552	9020.648
europe	25	gp	5563	gp	63	768	4032	3.381976226965586	0.4065184421205159	-1.1882851178363516	1.2917343603455893	1.1675472	-0.40443546	0.6504824	47.4966355590317	32.1814457867461	44098.0	59.98356	39.051277	34797.047
europe	25	gp	39148	gp	64	191	4032	3.376853088537852	0.997259857972361	1.6020988961220675	-1.1892482510175726	0.025653616	1.8594253	-0.799657	56.8776406880613	56.3858279534795	8025.0	40.833626	58.60627	13666.322
europe	25	gp	22806	gp	64	819	4032	3.376853088537852	0.6782750103735548	1.593865270193979	-0.08545790923563111	-0.814168	1.587492	-0.8828927	51.6102829937124	56.3147808499144	24008.0	26.965755	56.259785	12461.061
europe	25	gp	18206	gp	64	880	4032	3.376853088537852	1.2324670797599173	-0.46097908299873447	0.21571394088706466	-1.2869084	0.53352267	-0.81366223	60.761588714982395	38.583742198595	28369.0	19.159452	47.16519	13463.525
europe	25	gp	16550	gp	65	697	4032	2.382084866364797	1.097178917969564	-0.071322176038595	0.35028726828820866	0.21514662	-0.2981868	0.05240351	58.5093698927776	41.929790045762	30376.0	43.933014	39.95176	26041.275
europe	25	gp	25770	gp	65	1180	4032	2.382084866364797	-2.497703861791258	0.6438486023954749	-0.2817339795695303	-1.0585197	0.7220652	-0.13706087	-0.899228595325873	48.1653612870039	21179.0	22.884556	48.847332	23284.242
europe	25	gp	14394	gp	65	1477	4032	2.382084866364797	1.361097329039386	-0.3930446712870505	0.5368630743047098	1.0733446	-0.23710774	0.18617569	62.870853667753	39.1246928584518	33091.0	58.115486	40.484306	27987.893
europe	25	gp	16256	gp	66	302	4032	3.3834506193796794	1.251594811048141	-0.028924996757937034	0.3559083898288921	-1.1770331	0.51305014	-0.25455654	61.617101855413	42.2377966483683	30739.0	21.638168	46.94314	21926.338
europe	25	gp	7104	gp	66	857	4032	3.3834506193796794	1.069744543374568	-0.9318642998966513	1.1448397039049847	1.1235443	-0.25571603	0.2687613	58.6235681740933	34.3986196843035	42128.0	59.509193	40.268833	29480.945
europe	25	gp	30818	gp	66	1278	4032	3.3834506193796794	-1.0403179866377816	0.5657423818863385	-0.6507427521637127	-1.4458867	0.56255394	-0.96681875	23.8887100180359	47.4006052665605	16207.0	17.212427	47.372925	11644.131
europe	25	gp	9318	gp	67	154	4032	2.38129772345225	1.0301539157742339	-0.35528759566865203	0.9576376558585651	1.2030388	-0.31434822	0.5542326	57.9124112413997	39.419047351088	39289.0	60.779575	39.775593	33481.42
europe	25	gp	20056	gp	67	1020	4032	2.38129772345225	-0.6133303690961984	1.6731415541425738	0.08186238766402255	-0.14688013	-0.34578738	-0.036152296	30.6564661125161	57.0848491249935	26681.0	38.39219	39.501785	24982.014
europe	25	gp	29620	gp	67	1283	4032	2.38129772345225	-1.3271994496493884	1.0184555348552813	-0.56489709220268	-1.3280545	0.7152235	-0.3663843	18.8174867758209	51.3831200594489	17370.0	18.803307	48.74224	20227.867
europe	25	gp	36698	gp	68	595	4032	4.378452257315318	-0.8114588121269309	-0.5039834135856381	-1.03284150044598	-0.39372033	-0.45698225	-0.71265465	27.3657043934015	38.2588977663363	10310.0	34.256863	38.667976	14943.946
europe	25	gp	41524	gp	68	814	4032	4.378452257315318	-1.2875566945372974	0.4973075896378278	-1.3664366344257053	-0.9601892	0.10534184	-0.8634064	19.5118291268948	46.9737142372247	5482.0	24.912195	43.56221	12762.172
europe	25	gp	32071	gp	68	876	4032	4.378452257315318	-0.32983616988735487	-0.42218804043145153	-0.7119600169741814	-0.4066659	-0.38630354	-0.26000595	35.3107180080906	38.9708103501024	14954.0	34.04331	39.283134	21494.965
europe	25	gp	16308	gp	69	246	4032	3.3790568192799886	1.3448484560105534	-0.5268879710122825	0.3632047484361011	0.03066285	0.019547634	0.033467647	63.0052883930909	37.9553487952806	30669.0	41.42489	42.691563	25905.674
europe	25	gp	20697	gp	69	339	4032	3.3790568192799886	1.2081912240005297	-0.646714798844557	0.039582055677947696	-0.9244212	1.011866	-0.19495228	60.761223711425	36.9167535081999	25994.0	25.74134	51.29245	22605.957
europe	25	gp	15341	gp	69	924	4032	3.3790568192799886	1.1072858198651863	-0.27282569250905064	0.443435486597962	-0.57190365	0.43914914	-0.026695585	59.104244053058	40.1574256577991	31828.0	31.530073	46.328445	25036.564
europe	25	gp	43540	gp	70	196	4032	3.385910101731618	-0.9276150058960522	1.075824023334749	-1.5348781681288148	-0.07405798	1.5619408	-1.2997537	25.2288650413003	51.874253397936	3122.0	39.361534	56.07519	6518.797
europe	25	gp	6759	gp	70	878	4032	3.385910101731618	0.6301613432444854	-1.0645436959842016	1.1954831642202026	0.93522716	-0.6041182	0.8909404	51.0215659212981	33.3775683144714	42567.0	56.07266	37.356487	38167.33
europe	25	gp	26533	gp	70	1117	4032	3.385910101731618	0.24644275431485957	1.4457870071961416	-0.3365509939463788	0.053977564	1.6325687	-0.2051815	44.6681899749903	55.0714090750925	20434.0	41.48147	56.685547	22331.87
europe	25	gp	32626	gp	71	721	4032	2.378572920958201	-1.2815390572310341	0.16254755040013405	-0.7602098505858085	-1.7685715	0.5995717	-0.6981618	19.6555315982325	44.0336656251732	14400.0	11.608364	47.805492	15285.969
europe	25	gp	44414	gp	71	818	4032	2.378572920958201	-1.3190637985221467	0.8155171426118383	-1.617568053370553	-1.4594686	0.5457904	-1.4852576	19.0355156249929	49.6692567821895	2158.0	16.715628	47.341324	4047.2266
europe	25	gp	13235	gp	71	1077	4032	2.378572920958201	1.3696927304896978	-0.5789396067515724	0.6425744004988533	1.1001719	-0.25686815	0.35223374	63.4614580507288	37.6341050396161	34430.0	59.0082	40.41381	30284.3
europe	25	gp	41358	gp	72	327	4032	3.377604349454244	-1.8565336020826655	1.1184240052465668	-1.3696254077971135	-1.1074072	0.3501934	-1.4860421	9.70563284599875	52.2791013254469	5646.0	22.145687	45.62213	3968.6172
europe	25	gp	560	gp	72	1086	4032	3.377604349454244	-0.5132622127108661	-1.3989307768163168	1.730157557506909	0.09532392	-1.3824703	1.4748502	32.0121060792082	30.4653969291557	50309.0	42.11834	30.608032	46630.42
europe	25	gp	43630	gp	72	1208	4032	3.377604349454244	-1.004657104193482	1.0308204594512294	-1.551185809857775	-1.1420928	1.0689182	-1.5370065	23.8519628047214	51.5199878839635	3030.0	21.569695	51.850117	3234.3008
europe	25	gp	41996	gp	73	729	4032	3.3764568050702413	-0.7277679321693368	0.7196519004447576	-1.4247869611183326	-1.13024	0.2739971	-1.1764878	28.9783301065986	48.893595412461	4885.0	22.336224	44.99948	8478.275
europe	25	gp	15771	gp	73	1048	4032	3.3764568050702413	1.1098412080311733	-0.28708799093123044	0.40224585797786316	1.1275922	-0.25979862	0.27694848	59.3049000291879	40.0967399840994	31325.0	59.597847	40.335194	29511.754
europe	25	gp	2342	gp	73	1051	4032	3.3764568050702413	-0.13907207582653236	-1.8424300656900108	1.561209339138279	0.20264445	-1.2732642	1.3762482	38.6937400161132	26.5062192443276	48097.0	44.33318	31.479568	45420.33
europe	25	gp	16661	gp	74	496	4032	4.376677942276001	0.9281374828824923	-0.08626288211483386	0.3244118897441897	0.33120695	0.99119246	0.0005778959	56.2378442029786	41.712121451075	30245.0	46.38081	51.061543	25555.375
europe	25	gp	10516	gp	74	759	4032	4.376677942276001	1.257070756995134	-0.4489107930381312	0.8461785404675888	1.1616777	-0.19823645	0.38202697	61.6694741662679	38.5653111442788	37801.0	60.09426	40.74049	31079.355
europe	25	gp	31533	gp	74	903	4032	4.376677942276001	-0.6421150296310568	-0.39955908377000393	-0.6936407481085196	-0.15621983	0.5431369	0.033198833	30.3084802007884	38.9935514917485	15502.0	38.332	47.173622	26027.777
europe	25	gp	16816	gp	75	25	4032	2.388832326730092	0.9758188826988689	-0.4548866613008731	0.31953701062726575	1.1373338	-0.25771984	0.18210816	56.9744200363919	38.6144334889621	30054.0	59.63106	40.3331	28076.434
europe	25	gp	6285	gp	75	426	4032	2.388832326730092	0.5352763431521088	-1.178497748196112	1.231019542312664	0.55358213	-1.1436921	1.2428603	49.7282499073238	32.3068493467227	43170.0	50.029346	32.610245	43340.383
europe	25	gp	23123	gp	75	769	4032	2.388832326730092	-0.14773891797537736	-0.4091006032034781	-0.11855279417181554	0.28169096	0.024568576	0.04667992	38.4938188624319	39.0135420974688	23750.0	45.557205	42.79376	26127.656
europe	25	gp	22454	gp	76	715	4032	3.381282639503479	-0.5359228690262896	-0.2013198227135092	-0.07157816710977222	-0.45570529	-0.49329093	-0.9160039	31.9188277621715	40.905748809388	24350.0	33.24862	38.354313	12191.569
europe	25	gp	20055	gp	76	998	4032	3.381282639503479	0.25847452530615284	1.40052808612906	0.09038358791791774	-0.47227082	-0.48331073	-1.1498746	45.0878001365271	54.9037414213589	26682.0	32.974007	38.44153	8824.191
europe	25	gp	1418	gp	76	1405	4032	3.381282639503479	-0.3067622445282665	-1.3498811740413186	1.6610375716019694	0.284361	-1.3133323	1.3602251	35.7176946200374	30.8688700136358	49297.0	45.516926	31.188255	44965.766
europe	25	gp	28121	gp	77	157	4032	3.376385422547658	-0.45806449748078515	1.5553678365769095	-0.4409207968231316	-0.44613096	1.7052372	-1.0355922	33.0538043500846	56.0990220956335	18887.0	33.251545	57.39781	10332.709
europe	25	gp	18908	gp	77	271	4032	3.376385422547658	-0.6511841561360179	1.9595323617093827	0.18230197028830655	-0.056418758	1.6586764	-0.26508388	29.8537729156525	59.601579912272	27852.0	39.709152	56.99431	21416.396
europe	25	gp	28115	gp	77	1031	4032	3.376385422547658	-0.3506775723397009	1.7474524290244848	-0.4407122448653698	-0.25501758	1.788809	-0.86066496	34.8332272140819	57.7636595115783	18890.0	36.41833	58.122063	12849.0205
europe	25	gp	7879	gp	78	420	4032	3.3792664567629496	0.8437583296680355	-0.48373475766964275	1.0788480031888945	1.0734116	-0.21255839	0.2613069	54.989622842949	38.3424496773879	41099.0	58.786102	40.70163	29351.145
europe	25	gp	24241	gp	78	604	4032	3.3792664567629496	-1.0564677607455044	0.48261245732908076	-0.20683952199200195	-1.1357201	0.41500193	-0.49905086	23.5763127772687	46.7494810222036	22624.0	22.266167	46.16128	18424.998
europe	25	gp	127	gp	78	1252	4032	3.3792664567629496	-0.5583155691540478	-1.3723542349279159	1.7599318358787692	-0.08239079	-1.4500062	1.5507878	31.8114429721999	30.6116344145386	50886.0	39.679127	29.936075	47880.652
europe	25	gp	17890	gp	79	76	4032	3.3827142318089805	1.0386325789186912	0.03487589645102577	0.23140322964558	-0.3930194	-0.43676615	-0.302427	57.9543262703576	42.8991943212781	28724.0	34.170555	38.802696	20963.918
europe	25	gp	19948	gp	79	250	4032	3.3827142318089805	-0.14985832871910526	-0.4901607166782976	0.09794709403477493	-0.39393902	-0.41812757	-0.40387768	38.2101449141647	38.3389329869541	26784.0	34.155277	38.964584	19489.168
europe	25	gp	34854	gp	79	440	4032	3.3827142318089805	0.5134956996531689	1.7782598388799387	-0.9084772688446467	-0.13336785	1.6209711	-0.78073674	49.2303236596422	58.0415409400303	12154.0	38.4841	56.675392	14010.915
europe	25	gp	4218	gp	80	59	4032	3.3928932785987853	0.2295375632625372	-1.5201827308734017	1.4198299174605036	0.37466258	-1.0221213	1.3216661	44.5203052817378	29.4660985788241	45756.0	46.921837	33.79455	44338.703
europe	25	gp	25403	gp	80	964	4032	3.3928932785987853	-0.4505251707797396	1.6699678313155588	-0.25698895518864007	-0.17004928	1.6259569	-0.17842548	33.2666291494735	57.1904272955622	21546.0	37.907944	56.807945	22680.303
europe	25	gp	1690	gp	80	1386	4032	3.3928932785987853	-0.10836860840198528	-1.5487263069114565	1.6401504806119669	-0.12206115	-1.3600961	1.5570021	38.9286349421461	29.2180377210672	48937.0	38.702053	30.85735	47736.5
europe	25	gp	7192	gp	81	205	4032	3.3825318773587543	0.779785038085952	-1.0711857686313988	1.1665691732984926	1.0308855	-0.4823527	0.8921819	53.4127477583585	33.4056395863909	42010.0	57.57801	38.506172	38045.348
europe	25	gp	11404	gp	81	613	4032	3.3825318773587543	1.2141887133182048	-0.047781045216875366	0.8010104729464154	1.173159	-0.34512094	0.4487403	60.618646923642	42.2704758052198	36728.0	59.938046	39.69489	31638.008
europe	25	gp	36901	gp	81	1279	4032	3.3825318773587543	-1.9728554975600745	0.4252140632150757	-1.0413859984796823	-0.3697403	1.375601	-0.3504666	7.751876847143592	46.367607734186	10106.999999999998	34.34439	54.599957	20090.176
europe	25	gp	30252	gp	82	91	4032	2.3806587060292563	-0.5242272057655167	-0.21139000965404106	-0.6063426227361064	-1.4389657	0.7326034	-0.36431056	32.1948022092947	40.8263666787524	16820.0	16.956232	48.991905	20270.84
europe	25	gp	22694	gp	82	966	4032	2.3806587060292563	-0.1105870849881185	-0.6209717677785269	-0.09413120598200826	-1.3571249	0.8136115	-0.30602413	39.0856074857051	37.2834854446089	24123.0	18.319613	49.692627	21101.875
europe	25	gp	512	gp	82	1059	4032	2.3806587060292563	-0.6714365058791298	-1.4556016145410984	1.7465474769283782	0.035377618	-1.466876	1.4332852	29.7424515522716	30.0639392541449	50367.0	41.517223	29.966413	45900.57
europe	25	gp	6000	gp	83	416	4032	3.379339861869812	0.7221144654282042	-1.364767305221155	1.24780430253518	1.1479924	-0.20268041	0.27455112	52.5600337595578	30.6340413108501	43549.0	59.624336	40.717793	29427.46
europe	25	gp	8832	gp	83	518	4032	3.379339861869812	1.1953073142958215	-0.3140787467899626	0.9999688205091193	1.1677834	-0.20390554	0.17387506	60.4091788144674	39.7511555580933	39953.0	59.95262	40.70716	27966.688
europe	25	gp	20511	gp	83	1462	4032	3.379339861869812	0.6210418125635482	2.0296876603876086	0.052115265363287075	-0.4279352	-0.4814255	-0.25247145	50.8834785974971	60.0886627400448	26200.0	33.483444	38.29904	21780.56
europe	25	gp	22489	gp	84	529	4032	3.3820985078811647	-0.9555845310544729	0.9178839006359893	-0.053007956914236896	-0.5970531	-0.38321194	-0.3470991	25.016772639471	50.6867858864473	24302.0	30.915237	39.40988	20064.805
europe	25	gp	15003	gp	84	646	4032	3.3820985078811647	1.2340753734636776	-0.3850448714256383	0.500651916187352	0.6200536	-0.121798545	0.09347431	61.0404819667293	39.3939958588496	32279.0	50.938755	41.675613	26412.482
europe	25	gp	25758	gp	84	1484	4032	3.3820985078811647	-1.1906728020707258	-0.13716081861868862	-0.268725004124935	-1.3537395	0.47105393	-0.71585757	21.1491621836816	41.5424652299799	21194.0	18.46643	46.814003	14751.82
europe	25	gp	12783	gp	85	122	4032	3.3836969057718913	1.0677618706723035	-0.3718043315447244	0.6636976423076986	-0.33706862	-0.44997868	0.011204283	58.3956863241714	39.3050186958958	34926.0	35.282272	38.62487	25450.959
europe	25	gp	22451	gp	85	436	4032	3.3836969057718913	-0.5871315589498655	-0.4711793799841716	-0.06433706226265434	-0.5199905	-0.53157073	-0.693914	31.1680337800479	38.4404125939192	24354.0	32.27269	37.91498	15211.734
europe	25	gp	16594	gp	85	575	4032	3.3836969057718913	1.197152054660495	-0.44793174711044137	0.3465080992457381	-0.3563381	-0.4822286	-0.043363146	60.5245188575479	38.6426771015072	30320.0	34.965233	38.34428	24658.568
europe	25	gp	8133	gp	86	444	4032	3.3827231248219807	1.128722004464027	-0.35575703148706256	1.0714051087140437	1.1535945	-0.22269236	0.38760096	59.3937609301873	39.5714978119557	40813.0	59.799347	40.738842	30944.797
europe	25	gp	14420	gp	86	1388	4032	3.3827231248219807	1.023500400281054	-0.3036650746956844	0.5338939220600222	1.1630473	-0.29467255	0.21501513	57.6779642146306	40.0284882042109	33056.0	59.953487	40.107376	28454.154
europe	25	gp	45121	gp	86	1402	4032	3.3827231248219807	-1.8419090212995424	0.9472573440255071	-1.6688833259153153	-1.1314011	0.24382928	-0.9125084	10.953148408517002	51.0025341418908	1267.0	22.539053	44.831528	12182.493
europe	25	gp	2108	gp	87	909	4032	3.383043948809306	-0.2455937677190524	-1.6865157757842755	1.5976580772252214	-0.05922194	-1.4030674	1.5177073	36.681966328076	28.0719310110859	48361.0	39.788017	30.51194	47207.812
europe	25	gp	19135	gp	87	1317	4032	3.383043948809306	-0.12341464045369632	1.9170503271408972	0.15870492856034832	-1.495363	0.62213224	-0.30515972	38.7181880478641	59.0925290137479	27606.0	15.853472	47.945477	20915.365
europe	25	gp	37700	gp	87	1480	4032	3.383043948809306	0.4869487911613337	1.977093849048034	-1.103247623210214	-0.036641795	1.71185	-0.86620605	48.8904269910975	59.609401995274	9404.0	40.164333	57.326103	12823.012
europe	25	gp	11433	gp	88	695	4032	3.379984525839488	1.3379395467398936	-0.5308345759305415	0.7821981539657505	1.0460175	-0.1041459	0.2003737	62.9053089784978	38.0373707035056	36700.0	58.111244	41.758694	28329.316
europe	25	gp	17690	gp	88	911	4032	3.379984525839488	1.13228337413555	-0.2071929577353531	0.24428037988290377	-0.6160686	-0.42518792	-0.3256478	59.5279368634159	40.8599786693553	28961.0	30.815765	38.95876	20761.469
europe	25	gp	11183	gp	88	916	4032	3.379984525839488	1.180907675596569	-0.5253476053301757	0.8011041669584543	-0.21292943	-0.4156456	-0.080958664	60.3264655814706	38.0852247681693	36972.0	37.436287	39.04198	24281.8
europe	25	gp	11776	gp	89	830	4032	3.3825437148412068	1.1552257324106305	-0.3766587518676081	0.7555570957939687	1.1736692	-0.34236404	0.68261224	59.918581622629	39.3369979991895	36212.0	60.22529	39.632698	35163.85
europe	25	gp	20507	gp	89	1209	4032	3.3825437148412068	0.7012441777372825	1.6897834156215354	0.05885113999486154	-0.31203836	-0.3691722	-0.022007657	52.3691640246555	57.1546620881454	26201.0	35.518936	39.40155	25039.137
europe	25	gp	38240	gp	89	1374	4032	3.3825437148412068	-0.29155680234544085	-0.6280300869366763	-1.1454737591264599	-0.4722886	-0.43970078	-0.768584	35.8595302891731	37.1695770665751	8896.0	32.85408	38.793423	14311.546
europe	25	gp	1367	gp	90	11	4032	4.392565238475799	-0.25717964729724624	-1.2564064118577811	1.6633231226682712	0.038261756	-1.4046355	1.4918193	36.3479143846692	31.6366235888778	49348.0	41.2233	30.339924	46868.75
europe	25	gp	10512	gp	90	738	4032	4.392565238475799	1.3546739277345337	-0.4237219930170727	0.8648280225334324	1.0826685	-0.35830975	0.8495697	62.9467993229409	38.9208975768011	37805.0	58.458153	39.493122	37584.426
europe	25	gp	37768	gp	90	770	4032	4.392565238475799	-0.6203800548223715	1.847723989514518	-1.104950022718195	-0.102432474	1.8329616	-0.8389851	30.3543638544334	58.7913725264386	9330.0	38.901558	58.66223	13174.774
europe	25	gp	41744	gp	91	591	4032	3.382565220197042	-1.4090998505307402	0.7177164471675662	-1.39130888351275	-1.2717832	0.48841146	-1.3640846	17.3562232868628	48.9447584933681	5223.0	19.632063	46.93602	5616.1094
europe	25	gp	37828	gp	91	1253	4032	3.382565220197042	-0.788292075111049	-0.43475552727616407	-1.109791543531515	-0.48460656	-0.50544935	-0.87187105	27.6452755755861	38.8489713758556	9288.0	32.678455	38.229683	12723.4795
europe	25	gp	22123	gp	91	1362	4032	3.382565220197042	-0.5002195292793208	-0.5349665456574249	-0.043696111386095346	-1.1028335	0.46929565	-0.25775352	32.4196898216134	37.9711113229943	24682.0	22.432177	46.768562	21591.096
europe	25	gp	3053	gp	92	107	4032	4.382276479403178	0.10169586755409811	-1.1890216871488741	1.5176208070081298	0.34488735	-1.3997711	1.3662046	42.5602581446502	32.2378142156357	47248.0	46.582504	30.427353	45071.227
europe	25	gp	8560	gp	92	1234	4032	4.382276479403178	1.1204009669162256	-0.3507027595436663	1.0314666866902893	1.0612167	-0.24885817	0.6986653	59.4090493324524	39.4394684825426	40259.0	58.430176	40.314373	35474.617
europe	25	gp	26437	gp	92	1464	4032	4.382276479403178	0.3019547727436835	1.7103216881304972	-0.3409500816415168	-0.38033044	1.4017037	-1.3976545	45.8724242260313	57.1448846660861	20529.0	34.587826	54.493675	5337.713
europe	25	gp	28992	gp	93	379	4032	3.3816280881563823	-1.3975973413413456	0.32686213678878645	-0.532909136035242	-1.3498487	0.61735773	-0.460944	17.6763830960745	45.1951364285902	17977.0	18.470194	47.67769	19007.328
europe	25	gp	11975	gp	93	1201	4032	3.3816280881563823	1.2605024826344915	-0.02578336005985481	0.7211887829724196	1.1559447	-0.3370292	0.622267	61.8667845133972	42.1814564883432	35932.0	60.128532	39.521576	34515.73
europe	25	gp	35997	gp	93	1297	4032	3.3816280881563823	0.2956281757710507	1.7137487989462457	-1.0212075794650701	-0.68346524	-0.09109524	-0.11718202	45.8259336194753	57.0473578534791	10986.0	29.54869	41.623306	23928.99
europe	25	gp	5230	gp	94	419	4032	3.378820582230886	0.4039377279706142	-1.7135293191748848	1.3351536081179185	1.164343	-0.23799759	0.28659305	47.4612169783369	27.7807968375251	44514.0	60.007256	40.558163	29427.008
europe	25	gp	225	gp	94	649	4032	3.378820582230886	-0.6211804014456664	-1.627382813539562	1.768631136987424	0.3936148	-1.30495	1.337552	30.5476467932425	28.5267824490908	50751.0	47.2909	31.31889	44548.508
europe	25	gp	37916	gp	94	1143	4032	3.378820582230886	-2.0689825348427666	0.3280986983628895	-1.1200375390432409	-1.1467618	0.9552312	-1.2783489	6.660152957498077	45.4602733760151	9188.0	21.876007	50.890926	6910.17
europe	25	gp	810	gp	95	454	4032	3.3942620436350506	-0.49418920783666664	-1.4781431205677031	1.7090356465773742	0.29205805	-1.3975867	1.3916198	32.6542692398227	29.752244345441703	50003.0	45.658325	30.449924	45438.69
europe	25	gp	25022	gp	95	531	4032	3.3942620436350506	-0.13968514453603992	1.589864941438404	-0.24491538644212074	-1.6103995	0.5803328	-0.8726524	38.5175540744211	56.3236504406875	21906.0	14.19282	47.58029	12879.404
europe	25	gp	39292	gp	95	1334	4032	3.3942620436350506	-1.8174828940095427	0.3443069007521378	-1.2218561314276304	-1.0302624	0.20872705	-1.3237212	10.7677844147459	45.5361206019841	7858.0	23.787941	44.36189	6393.2246
europe	25	gp	43356	gp	96	73	4032	3.3865240295728047	-0.9672717787452517	0.8194461000062415	-1.5241862874526502	-1.0044819	1.2545277	-1.4570686	24.784820895427	49.7002452505462	3296.0	24.171013	53.47959	4262.2656
europe	25	gp	15410	gp	96	292	4032	3.3865240295728047	1.212034181339145	-0.1269962538068876	0.45309021225988283	1.0552764	-0.20064573	0.20398887	60.7340740284351	41.4789564125037	31762.0	58.14824	40.8392	28175.795
europe	25	gp	16850	gp	96	1144	4032	3.3865240295728047	0.9959785448695527	-0.05843421801539772	0.3309083334221696	0.27137515	1.3029525	-0.08799697	57.1700775504198	42.0745217919429	30003.0	45.217213	53.900234	23972.2
europe	25	gp	42241	gp	97	26	4032	2.3781143625577292	-0.3069194940589494	0.8306102530743329	-1.441290686995071	-0.43093044	1.5017943	-1.2832885	35.7339465218012	49.7445034257679	4568.0	33.68536	55.62045	6868.3867
europe	25	gp	31133	gp	97	548	4032	2.3781143625577292	-1.067252458706726	0.5583575559593728	-0.6632945322904147	-1.0729977	0.85811615	-1.2428789	23.1737091077761	47.3610419768415	15895.0	23.078802	49.98531	7456.717
europe	25	gp	3246	gp	97	577	4032	2.3781143625577292	-0.05339701163777225	-1.307284454505613	1.4759029814622577	0.4307393	-1.2923157	1.3209239	39.9219834964681	31.0281062279508	47040.0	47.91962	31.159153	44783.633
europe	25	gp	31417	gp	98	789	4032	3.380430499712626	-1.0098860611631484	1.1588319548243289	-0.6699997502381277	-1.8257298	0.5983937	-1.4740092	23.8355168569244	52.6173647771166	15609.0	10.27672	47.77099	3980.8203
europe	25	gp	36619	gp	98	1096	4032	3.380430499712626	-0.13599329171587254	-0.6458327957435338	-1.0303740736732951	-0.4386806	-0.45741165	-1.041042	38.3590478912773	37.0115641318485	10397.000000000002	33.32858	38.64093	10242.713
europe	25	gp	9886	gp	98	1269	4032	3.380430499712626	1.2879496821922716	-0.6243652128223083	0.9143473808427294	-0.3957289	-0.4175038	-0.445597	62.0240565693831	37.1972046056811	38523.0	34.042408	38.986034	18854.479
europe	25	gp	847	gp	99	522	4032	3.381300210952759	-0.29651035387676117	-1.3598411993627502	1.6986782283419475	-0.10108113	-1.36667	1.4692582	35.7992463606865	30.7250505920953	49973.0	39.035267	30.665907	46659.438
europe	25	gp	3712	gp	99	871	4032	3.381300210952759	0.24740882445914916	-1.53245998587813	1.449841686895465	0.8996162	-0.8070475	0.9170618	44.8057522096418	29.2300512566937	46379.0	55.60535	35.512627	38683.945
europe	25	gp	16189	gp	99	976	4032	3.381300210952759	0.9999579952685133	-0.5327293252154918	0.3723808471653147	1.0084231	-0.13633364	0.15185374	57.2668655119111	37.8884174950526	30817.0	57.407036	41.32148	27631.879
europe	25	gp	42267	gp	100	256	4032	3.385216244061788	-1.3041385742517515	0.5708556139640474	-1.44224692801377	-0.420448	-0.4655477	-0.6625375	19.1243234233227	47.6532811994778	4541.0	33.753326	38.59424	15820.866
europe	25	gp	26139	gp	100	336	4032	3.385216244061788	0.6289618590965652	1.630968504981197	-0.31441976958874823	-0.06605754	1.75073	-0.2704616	51.1257216583623	56.9195665266487	20857.0	39.620064	57.966385	21492.934
europe	25	gp	36001	gp	100	1466	4032	3.385216244061788	-0.6666325367400877	-0.5141649314604096	-0.9957750221381132	-0.33787194	-0.4607384	-0.6745868	29.6778798923553	38.1692818585218	11000.0	35.120327	38.636276	15646.553
europe	25	gp	8835	gp	101	152	4032	3.3816212455431622	0.9857141845080909	-0.38189046884902667	1.007918339676053	1.1503582	-0.28794995	0.7951953	57.0413921195276	39.2073103187383	39944.0	59.75522	40.017014	36873.793
europe	25	gp	5144	gp	101	485	4032	3.3816212455431622	0.4229947126829982	-1.2456032000494686	1.3325242705861078	0.44876143	-1.2455691	1.2963816	47.7660898588527	31.7626912882374	44629.0	48.190804	31.762985	44107.355
europe	25	gp	35320	gp	101	1444	4032	3.3816212455431622	-0.4885283946777433	-0.3098271658815012	-0.9499023198170997	-0.41212168	-0.3918688	-0.20709302	32.7414590051537	39.8284472052204	11687.0	34.00087	39.121304	22407.88
europe	25	gp	43141	gp	102	716	4032	3.383420248826345	-0.7741072399284099	1.0473959335714909	-1.540197611739805	-0.45691514	1.480229	-1.3429338	28.2909283788017	51.5006493748399	3506.0	33.527233	55.229187	6343.3457
europe	25	gp	31503	gp	102	975	4032	3.383420248826345	-0.4320647610221789	-0.5209587691076881	-0.7040318891103327	-0.55206144	-0.34200767	-0.6231619	33.937472889505	37.9904307615999	15533.0	31.95653	39.531963	16696.195
europe	25	gp	3473	gp	102	1083	4032	3.383420248826345	0.19321667617308103	-1.4961238638355825	1.4633107763300242	1.1535634	-0.6178728	0.8140529	44.2598149510227	29.590102958668105	46707.0	60.113518	37.15559	37368.39
europe	25	gp	34824	gp	103	13	4032	3.3828378121058145	-0.16691563696181802	1.7314271614704546	-0.9154528569673509	-0.22658636	1.650082	-0.42399946	37.9594332794779	57.5468004911097	12189.0	36.96872	56.84226	19294.527
europe	25	gp	1417	gp	103	569	4032	3.3828378121058145	-0.26576196592900475	-1.5934814877255186	1.6511894372560527	-0.012643059	-1.4238675	1.4955825	36.3182878462154	28.7492469043981	49298.0	40.52082	30.2183	47048.203
europe	25	gp	1101	gp	103	838	4032	3.3828378121058145	-0.42226478549522	-1.693786433639603	1.6755355012180737	-0.2535726	-1.4064233	1.6079777	33.7198717967022	27.8804900873735	49650.0	36.520668	30.369389	48673.24
europe	25	gp	27597	gp	104	494	4032	3.378772040208181	-0.4642281391890645	-0.5201417067835459	-0.4198185834959637	-0.5480984	-0.36221677	-0.806322	33.04000754034	38.088729277741	19367.0	31.64187	39.454388	13805.92
europe	25	gp	42932	gp	104	508	4032	3.378772040208181	-0.5560101206744197	1.1280431022475856	-1.5074474488853253	-0.3677576	1.5851364	-1.256726	31.5099806361096	52.3414196750842	3718.0	34.648193	56.294136	7325.426
europe	25	gp	39936	gp	104	969	4032	3.378772040208181	-0.6926982018216612	-0.5241843740622649	-1.2638447155995107	-1.3391266	0.38254425	-1.38247	29.231358642355	38.0537702823739	7223.0	18.455248	45.894714	5516.199
europe	25	gp	31136	gp	105	745	4032	3.391298278172811	-0.3027487196510049	-0.5963709786447524	-0.6546159480632283	-1.3954501	0.46483737	-1.1945252	35.6305283245333	37.3259714214122	15919.0	17.52243	46.588383	8068.17
europe	25	gp	34233	gp	105	977	4032	3.391298278172811	-0.1577955588711552	-0.5719398602644009	-0.8716571438798787	-1.2482063	0.40153936	-1.3158762	38.032672072631	37.5392104911016	12763.0	19.962536	46.035908	6303.6016
europe	25	gp	15001	gp	105	1135	4032	3.391298278172811	1.033213897148991	-0.39392844944306094	0.4718526157760408	-1.3991342	0.6855879	-0.3986977	57.769916181776	39.0929251858889	32299.0	17.46138	48.515133	19640.312
europe	25	gp	16388	gp	106	129	4032	3.3832369327545164	1.4296000707574683	-0.20867655028635845	0.3713583114892829	-1.5539134	0.55728036	-0.9575358	64.296532651424	40.8330405182383	30575.0	15.089655	47.48504	11453.744
europe	25	gp	1751	gp	106	195	4032	3.3832369327545164	-0.12807502122336692	-1.5502236365674196	1.641717036184424	0.4282561	-1.2781987	1.349381	38.6059060136573	29.1822975153263	48854.0	47.781437	31.544716	44647.62
europe	25	gp	15264	gp	106	486	4032	3.3832369327545164	1.1250881956832925	-0.24549283854792456	0.4652504629780479	1.0182157	-0.281313	0.17801768	59.274239536787	40.5133073405936	31926.0	57.511597	40.202225	27793.05
europe	25	gp	30227	gp	107	263	4032	3.3766802748044333	-0.09809712489572801	-0.5101169032578601	-0.6037238218057708	-0.14522913	0.42742285	-0.13794874	39.121546871438	38.0504115788893	16844.0	38.339005	46.18977	23604.508
europe	25	gp	42453	gp	107	264	4032	3.3766802748044333	-0.5451265077401909	1.4970917647419137	-1.468856668205446	-0.19335617	1.7969934	-0.94274604	31.6993938443859	55.4762284792311	4287.0	37.539936	58.079857	11923.25
europe	25	gp	23965	gp	107	1198	4032	3.3766802748044333	0.3311795857213647	2.08172557567756	-0.1880025830404893	-0.09107922	1.8115717	-0.23318653	46.2489473498495	60.5517953126814	22878.0	39.238068	58.20642	22222.176
europe	25	gp	12643	gp	108	408	4032	4.383323585987091	1.2232644669587303	-0.42134563033907696	0.6654766758054435	0.99447805	-0.23232278	0.38527334	61.2387205677095	38.7947261332047	35088.0	57.445724	40.42012	31045.766
europe	25	gp	37922	gp	108	1127	4032	4.383323585987091	-0.488005258054454	-0.3312132630052693	-1.12946790090443	-0.55858344	-0.364668	-0.83855164	32.8679660958375	39.5697685749431	9194.0	31.697868	39.282093	13390.778
europe	25	gp	35376	gp	108	1333	4032	4.383323585987091	-0.21972444441370584	1.5739894916892858	-0.9619933470567797	0.033424158	1.7859808	-0.60834646	37.3157331439322	55.9524847809484	11610.0	41.512627	57.775387	16711.734
europe	25	gp	44716	gp	109	243	4032	3.3778943260510763	-0.969814527673594	0.9073563004540639	-1.6158507780613223	-1.4099236	0.4839368	-0.8921361	24.4457857171946	50.4822636946185	1853.0	17.158371	46.798702	12349.683
europe	25	gp	31220	gp	109	1055	4032	3.3778943260510763	-0.45303713621880565	-0.13086489082906777	-0.6519719133281974	-0.35375312	-0.40332702	-0.54703695	33.0026949397106	41.4502036330186	15833.0	34.646664	39.079903	17354.965
europe	25	gp	31591	gp	109	1286	4032	3.3778943260510763	-1.6673493324226627	0.5615443780053333	-0.6803091245875188	-0.57391346	-0.30763528	-0.5166976	12.8958570583953	47.4738546197526	15422.0	31.001202	39.91238	17795.004
europe	25	gp	41308	gp	110	491	4032	3.3874464948972065	-1.7455366257740572	0.9025158825343707	-1.3520177733115595	-1.3044881	0.51763296	-1.442059	11.808083735330698	50.4978884604691	5715.0	19.117037	47.144043	4407.9277
europe	25	gp	4548	gp	110	659	4032	3.3874464948972065	0.33240939798390423	-1.690119177123272	1.3794533853326756	0.7868142	-0.84975266	0.9915773	46.2433209351514	27.9058466823793	45366.0	53.773613	35.22874	39735.453
europe	25	gp	22936	gp	110	1434	4032	3.3874464948972065	-0.12343124282209977	-0.6273391590736607	-0.09763936349206252	-0.49271697	-0.29536408	-0.3392549	38.6892360782767	37.1668379195596	23924.0	32.56952	40.059647	20416.623
europe	25	gp	40714	gp	111	162	4032	4.382548534870148	-0.36991746195832304	1.6148486819849366	-1.3125776952772348	-0.8920559	1.0932157	-1.0575004	34.6601574999714	56.5257588024865	6407.0	25.987404	52.009148	10090.484
europe	25	gp	21558	gp	111	179	4032	4.382548534870148	0.7164484557751754	1.753087754180875	-0.011252304167215947	-0.30520147	1.4404857	-0.018669613	52.7047691731729	57.7227153439491	25199.0	35.735096	55.01602	25091.889
europe	25	gp	16876	gp	111	1130	4032	4.382548534870148	1.0290536378995392	-0.20801159663134963	0.31913421355234023	1.1483294	-0.26624423	0.16771199	57.8971624785825	40.7423446055978	29970.0	59.87834	40.238132	27783.363
europe	25	gp	24360	gp	112	312	4032	4.387335721651713	0.18916150367878	1.6591532956469113	-0.19339025701879095	-1.4884353	0.66631067	-0.8257466	43.7906727127245	56.9851443169939	22531.0	15.955545	48.37315	13440.222
europe	25	gp	31852	gp	112	826	4032	4.387335721651713	-0.11217659121535067	1.5809196099065665	-0.7057011056759693	-1.5255283	0.67733955	-0.62376523	38.7907922571627	56.3065392720727	15166.0	15.340088	48.46882	16343.913
europe	25	gp	33380	gp	112	1383	4032	4.387335721651713	0.3915076324408979	1.4805631578354177	-0.8127542483892616	-1.029039	0.5590245	-0.7365428	47.1480525846977	55.4360396398311	13627.0	23.577969	47.442543	14722.618
europe	25	gp	41252	gp	113	394	4032	3.3768986662228904	-0.9522783948936138	0.4584759942073608	-1.353512553798216	-1.2279102	0.42478982	-1.4419905	24.7540348448744	46.5136947289439	5784.0	20.16458	46.222256	4506.551
europe	25	gp	9459	gp	113	443	4032	3.3768986662228904	1.1713356769517376	-0.2725999459641265	0.955314902746625	-1.3070674	0.6453082	-0.27113986	60.1136250742213	40.1887532576587	39119.0	18.84656	48.13008	21411.367
europe	25	gp	8674	gp	113	1081	4032	3.3768986662228904	0.9550944951684073	-0.38617011615213637	1.0253381383418503	-1.2833221	0.64104235	-0.2611505	56.5130652173524	39.2061950310064	40130.0	19.241934	48.093178	21555.594
europe	25	gp	33920	gp	114	380	4032	3.382603891690572	-0.21463377924784138	-0.1834449996426473	-0.8371364576091521	-0.2593276	-0.26521623	-0.12024841	37.0839276666244	41.0259161642257	13074.0	36.337166	40.325085	23437.088
europe	25	gp	24593	gp	114	587	4032	3.382603891690572	-0.4098281461090086	-0.45447869052903683	-0.1960033883543552	1.0474691	-0.19088691	0.15828356	33.8225382564305	38.7029898987751	22342.0	58.171677	40.962135	27463.451
europe	25	gp	20314	gp	114	1376	4032	3.382603891690572	-0.07598991088915043	-0.48043397796902515	0.0864465816248567	0.04616398	1.3755188	-0.15726165	39.4004476119718	38.4805370416248	26425.0	41.44145	54.3872	22902.037
europe	25	gp	38864	gp	115	828	4032	4.393059591452281	-1.5374117762583577	0.6693514609790185	-1.1811867469648216	0.9681966	-0.26762688	0.20055583	15.519357969048599	48.3731316916738	8278.0	56.850933	40.23993	28263.094
europe	25	gp	25102	gp	115	1027	4032	4.393059591452281	-0.06212952655463391	1.6032257263460936	-0.24525665490324386	0.45812386	1.5602418	-0.12667696	39.8550597449342	56.47939043015	21815.0	48.436966	56.106277	23530.1
europe	25	gp	14681	gp	115	1273	4032	4.393059591452281	1.0819363420737302	-0.24125232940039706	0.5102215246015843	0.9692141	-0.41824624	0.23938243	58.727140525748	40.4688664101466	32742.0	56.867718	38.932514	28824.67
europe	25	gp	42690	gp	116	163	4032	3.3833715001742046	-0.9607718379721413	1.349703186380666	-1.4652442866555309	-1.208974	0.9784804	-1.0308207	24.7026840630167	54.1252955676325	4003.0	20.593763	50.913246	10342.906
europe	25	gp	39143	gp	116	364	4032	3.3833715001742046	-1.888385967165693	0.6230122331364207	-1.1898540140332383	-1.4934521	0.5291768	-0.7832179	9.3462699295239	47.8375217367038	8022.0	15.884302	47.0256	13956.381
europe	25	gp	8699	gp	116	1115	4032	3.3833715001742046	1.0133656696515536	-0.2073638232400918	1.007375267356768	1.189205	-0.27468607	0.4026907	57.3840244711092	40.6526010853535	40088.0	60.295	40.070087	31263.334
europe	25	gp	30417	gp	117	87	4032	3.3818812131881715	-0.6808916837543709	0.26921628253092844	-0.5947607975219473	-1.1580249	0.56785953	-1.5472696	29.3770203646086	45.0358215233213	16617.0	21.477522	47.636112	2877.9785
europe	25	gp	44476	gp	117	809	4032	3.3818812131881715	-1.3232363574506059	0.35842069539679106	-1.5996805980421405	-1.1818548	0.91579705	-1.5658892	18.7422554187584	45.8125252893807	2122.0	21.08299	50.665607	2609.4082
europe	25	gp	45072	gp	117	1167	4032	3.3818812131881715	-1.670076192275446	0.5599837034862133	-1.6533410275421494	-1.1679786	0.6905181	-1.570133	12.999917592565097	47.5675365321174	1348.0	21.312727	48.7041	2548.1973
europe	25	gp	9429	gp	118	403	4032	3.379694374402364	1.3552560230798267	-0.12576862790232857	0.9498956292359463	1.1404101	-0.27820778	0.2265508	63.347516163711305	41.4713307969592	39147.0	59.800312	40.149822	28741.824
europe	25	gp	30536	gp	118	835	4032	3.379694374402364	0.92307155521663	1.9587996057568582	-0.6232226199830841	-0.46889657	1.3565663	-1.3071623	56.2119564597394	59.5426038513175	16518.0	33.22994	54.321796	6679.66
europe	25	gp	42714	gp	118	1021	4032	3.379694374402364	-0.961179610788837	1.248755939611016	-1.4953233949379092	-0.84493667	0.96326065	-1.5604339	25.102123293392	53.3871838634981	3973.0	27.021347	50.9122	3036.3984
europe	25	gp	34320	gp	119	285	4032	3.3814472436904905	-0.03761565688429482	-0.29101565099695453	-0.877099127394756	-1.0681486	0.45818937	-0.6027947	39.9744973693995	40.0639567538534	12670.0	22.850863	46.548145	16636.6
europe	25	gp	25682	gp	119	301	4032	3.3814472436904905	-0.21259137066692968	-0.5880180901875434	-0.28203289248502317	-0.9549361	0.10018727	-0.24859416	37.0670502494414	37.4934710602877	21275.0	24.732035	43.449722	21758.543
europe	25	gp	18180	gp	119	890	4032	3.3814472436904905	1.399196660908008	-0.5177046296527323	0.2096487960923389	-0.43911657	1.417759	-0.29891267	63.8489868341205	38.1020173902855	28385.0	33.30304	54.852993	21030.908
europe	25	gp	36894	gp	120	629	4032	3.3911905845006305	0.7109156171703889	1.3405837170907928	-1.0595589751270689	0.25696748	1.7335424	-0.3789488	52.5208537648999	53.8810697434398	10115.0	45.02555	57.250732	19974.107
europe	25	gp	5072	gp	120	884	4032	3.3911905845006305	0.30069451573791495	-1.1536935485836701	1.3294882516033855	0.81673425	-0.8902473	1.1360409	45.7475457204122	32.4923838408764	44722.0	54.268063	34.751465	41919.78
europe	25	gp	25175	gp	120	991	4032	3.3911905845006305	0.6361611665386419	2.230767239787598	-0.25600738963446656	-0.27937493	1.5351152	-0.007907886	51.2865561628088	61.51448565297821	21755.0	36.169807	55.5492	25348.893
europe	25	gp	17020	gp	121	123	4032	4.382891833782196	1.0438312529793572	-0.35894266363272825	0.30368973571675184	0.598678	0.57076347	0.041660592	58.171253907989	39.4991720762071	29796.0	50.81227	47.526943	26025.377
europe	25	gp	19285	gp	121	350	4032	4.382891833782196	-0.6996065606612077	-0.5744570960075973	0.1421897258637376	-1.1567234	0.378294	-0.81799364	29.3498705456281	37.6382603423772	27472.0	21.793114	45.86502	13654.873
europe	25	gp	41576	gp	121	396	4032	4.382891833782196	-0.37096754560975753	1.673962468881747	-1.39115696837325	-0.69091964	1.5786304	-1.1871355	34.7827176288561	57.052785415099	5407.0	29.493479	56.229618	8342.889
europe	25	gp	22499	gp	122	273	4032	4.382363470395406	0.49114895038236916	1.80817719985659	-0.07337024595186327	-0.28854424	1.3551071	-0.22799721	48.8529097650658	58.3748311488417	24305.0	35.95598	54.418396	22065.05
europe	25	gp	21838	gp	122	356	4032	4.382363470395406	0.6935079345343897	1.7703296522087455	-0.028016575258477554	0.3051068	1.7478466	-0.23808494	52.2001361333504	58.0443273160943	24962.0	45.775578	57.847996	21918.918
europe	25	gp	21861	gp	122	827	4032	4.382363470395406	-2.1307327278713943	0.5858007562617241	-0.030225582050240632	-0.20952506	1.604285	-0.25958386	5.484281854874588	47.7004248853952	24930.0	37.26304	56.59434	21607.48
europe	25	gp	17717	gp	123	354	4032	3.3811214089393617	1.2677228375839622	-0.6049736627286117	0.23721982181163645	0.44262835	2.052977	-0.13618362	61.8981047788781	37.2780899220388	28919.0	48.2552	60.14831	23551.22
europe	25	gp	10485	gp	123	614	4032	3.3811214089393617	1.090862742471397	-0.5939912793586254	0.8575205846709573	1.1388077	-0.2866858	0.29871002	58.9737305425043	37.3725873685338	37836.0	59.766495	40.016785	29802.94
europe	25	gp	25267	gp	123	765	4032	3.3811214089393617	-2.6577611169499975	-0.29980737496566673	-0.26760496635367603	-1.3967948	0.6243981	-0.59101737	-3.009607357268308	39.9038801515773	21662.0	17.840416	47.856167	17012.855
europe	25	gp	34817	gp	124	469	4032	3.3808060685793557	-0.5082877456671625	-0.6296484438985709	-0.9113358195953616	-0.23686403	-0.493102	-0.58896595	32.2603446530807	37.1776558808871	12205.0	36.776	38.367374	16851.227
europe	25	gp	19749	gp	124	847	4032	3.3808060685793557	1.0406463996920658	-0.31849057809754866	0.11338420279288103	-0.38078973	1.3174123	-0.34974825	58.029851522833	39.888751950728	26974.0	34.38152	54.142258	20299.004
europe	25	gp	26504	gp	124	1149	4032	3.3808060685793557	-0.5785736078595864	-0.5914150352327067	-0.33746762911711964	1.1429604	-0.37252897	0.14333938	31.0910037782341	37.5107808163722	20476.0	59.73204	39.41792	27405.736
europe	25	gp	32311	gp	125	776	4032	3.387588047981262	-0.17452518599103836	-0.3334446232104335	-0.723022130877688	-0.6164779	-0.29702592	-1.2107141	37.3177208614853	39.789569748552	14722.0	29.97266	40.107807	7643.2246
europe	25	gp	21685	gp	125	1172	4032	3.387588047981262	1.1265243207228224	-0.19194106440183348	-0.009407974605960594	-1.2358149	0.5933	-1.41773	58.9405949701546	41.0260614041852	25080.0	19.67955	47.887684	4638.422
europe	25	gp	14902	gp	125	1430	4032	3.387588047981262	1.149724569499411	-0.27323906244956553	0.4977968350554081	0.049807318	-0.19208673	0.010638689	59.3261729639183	40.3156602167375	32442.0	41.04603	41.024788	25370.973
europe	25	gp	13239	gp	126	1040	4032	3.3802580277125043	1.2890164399149535	-0.6318407614342778	0.6327808930082394	1.1251347	-0.26805842	0.3344766	62.1372296796364	37.104416222493	34419.0	59.423416	40.249916	30108.82
europe	25	gp	11513	gp	126	1231	4032	3.3802580277125043	1.1628454543806874	-0.3376171102542865	0.7851104648519218	1.1131302	-0.24052125	0.3116186	60.047891764757	39.6484676649016	36620.0	59.22463	40.48802	29778.547
europe	25	gp	28359	gp	126	1435	4032	3.3802580277125043	-0.2451620324100138	-0.32602669186261685	-0.45871827898027323	-0.41701826	-0.38943166	-0.34593534	36.7318859958481	39.7486860549229	18648.0	33.886017	39.200443	20277.594
europe	25	gp	1640	gp	127	14	4032	3.3780151128768923	-0.22409138941428003	-1.2833411810374833	1.6303842482472457	0.045217294	-1.4129272	1.4642551	37.0170520184976	31.5389456296633	48988.0	41.496864	30.41785	46585.773
europe	25	gp	25838	gp	127	280	4032	3.3780151128768923	-1.7116051703092567	0.6181218243515715	-0.29589798451878585	-0.7283525	-0.19066897	-1.1898954	12.273021363033	47.9892053772228	21134.0	28.628925	40.992058	8206.816
europe	25	gp	20659	gp	127	1046	4032	3.3780151128768923	0.25039079347474014	1.6479823384959416	0.04338329048480969	-0.9038004	-0.19106503	-0.49894044	44.9098203609958	56.8989095962453	26040.0	25.71044	40.988632	18198.01
europe	25	gp	32042	gp	128	346	4032	3.3793140133221944	-1.4755266405402867	0.23227252497487896	-0.7271683198293837	-1.5922071	0.691272	-0.42254058	16.6646319663103	44.5283594739701	14987.0	14.75296	48.517773	19371.898
europe	25	gp	45133	gp	128	1325	4032	3.3793140133221944	-0.8451348458374567	0.4376640539573574	-1.6819917536898255	-1.4643948	0.60654694	-1.2949071	26.9928696309051	46.3135284255275	1243.0	16.847015	47.78138	6814.8086
europe	25	gp	14525	gp	128	1375	4032	3.3793140133221944	1.3681919064736348	-0.5388840079124214	0.5199238994101966	1.0746783	-0.27116615	0.19617525	63.2556587715076	37.8258206393792	32938.0	58.446777	40.1527	28277.871
europe	25	gp	39881	gp	129	64	4032	2.3821542660395303	-1.0957692023292545	0.19933502536056402	-1.2708374684868529	-0.6987488	-0.16757002	-0.5316586	22.7099028050012	44.2725527069547	7275.0	29.284702	41.068886	17921.148
europe	25	gp	27137	gp	129	220	4032	2.3821542660395303	-0.15823352189358586	1.3302898560391547	-0.4002349062388264	-1.3041224	0.5620737	-0.5338067	38.2358356239186	54.1475892905058	19814.0	19.259495	47.43984	17890.21
europe	25	gp	27318	gp	129	358	4032	2.3821542660395303	-1.3274594484890743	0.5857309703536278	-0.41384349561601863	-1.4054621	0.5678938	-0.5572199	18.8730278233427	47.6464045965592	19618.0	17.581272	47.490658	17552.998
europe	25	gp	11020	gp	130	384	4032	3.381391378243764	1.1437061294134305	-0.2334272099161263	0.8319414668271226	1.1960047	-0.26387167	0.30343696	59.4102360100745	40.6650406539415	37136.0	60.283524	40.40055	29496.445
europe	25	gp	8204	gp	130	848	4032	3.381391378243764	1.1697480913561056	-0.7139250053713526	1.0775996596152964	1.1391721	-0.29817525	0.7736454	59.8450870316209	36.4906372229623	40687.0	59.334526	40.10253	36293.33
europe	25	gp	7084	gp	130	953	4032	3.381391378243764	0.9432149363710676	-1.0139778822997612	1.1789483648911834	1.0749621	-0.20489238	0.47222155	56.0624160456094	33.8838786264146	42152.0	58.26234	40.91294	31936.234
europe	25	gp	24599	gp	131	136	4032	2.3767777641614276	0.41540561094604433	1.9480071406032486	-0.21408422865620932	0.106312215	1.6325841	-0.24372071	47.6877292459437	59.1601072871458	22336.0	42.543995	56.45742	21909.994
europe	25	gp	38159	gp	131	240	4032	2.3767777641614276	-0.9270382101735187	0.7642055074791976	-1.145674906649895	-1.4663484	0.64928347	-0.4255011	25.3476355246645	49.0167603271428	8945.0	16.372782	48.03206	19297.021
europe	25	gp	39434	gp	131	1347	4032	2.3767777641614276	0.051551955104987085	1.9948890478416577	-1.2306179443491176	0.09519825	1.7332503	-0.86266446	41.6327088090063	59.5618126387518	7724.0	42.359043	57.319977	13013.087
europe	25	gp	41440	gp	132	188	4032	2.382793354988098	-2.151781126044421	0.27939539431710425	-1.3818727295584183	-1.6500703	0.5591503	-0.9963756	5.663321983697671	45.0457597004421	5562.0	13.91593	47.48394	11107.239
europe	25	gp	3401	gp	132	925	4032	2.382793354988098	0.1463440580946152	-1.2239307565361588	1.4860466529084257	0.5848726	-1.2313908	1.2652427	43.4650170977982	31.9436419165717	46816.0	50.67834	31.878622	43639.812
europe	25	gp	2140	gp	132	1404	4032	2.382793354988098	-0.257149654124115	-1.5693536025373547	1.5912282601628092	0.33865845	-1.3800883	1.3813481	36.8279781779783	28.9331369699381	48329.0	46.628384	30.58266	45309.95
europe	25	gp	15445	gp	133	550	4032	3.3825605670611063	1.0743928081225604	-0.1950067074249419	0.44868271457870956	1.120843	-0.3087711	0.33158064	58.4680162724836	40.957066197902	31717.0	59.235447	39.96575	30028.95
europe	25	gp	22928	gp	133	801	4032	3.3825605670611063	-1.294516379554842	0.03172777416073125	-0.09255094099134945	0.12715417	1.5675584	-0.27810585	19.3299038939984	42.9327739642917	23915.0	42.818142	56.31562	21240.188
europe	25	gp	13545	gp	133	1139	4032	3.3825605670611063	1.076703523248418	-0.5687032154502988	0.6124679825613947	1.0646155	-0.31865263	0.32152006	58.5061929272667	37.7007679585915	34078.0	58.30648	39.879646	29883.924
europe	25	gp	34412	gp	134	60	4032	3.3800585865974426	-0.08531629075771374	1.668460157529966	-0.8825963753505869	-0.55710423	1.5980291	-0.49456528	39.324185213038	57.1978936617769	12574.0	31.54218	56.58287	18170.42
europe	25	gp	11079	gp	134	816	4032	3.3800585865974426	1.1194322483082249	-0.38207902946279926	0.8173738640841838	1.1430752	-0.26425838	0.26054415	59.1961651568321	39.2920038831471	37092.0	59.58615	40.320847	29061.066
europe	25	gp	7405	gp	134	1212	4032	3.3800585865974426	0.9276191761623825	-0.8001426647741978	1.1403390886248137	0.9936272	-0.29737204	0.46494985	56.0322638122453	35.6413536435301	41750.0	57.121048	40.03169	32009.129
europe	25	gp	38691	gp	135	523	4032	3.382214975357056	-1.195365438665071	0.7472705322745752	-1.1816384999247969	-1.5687585	0.65654117	-0.67721796	21.1174395025409	48.9216319389869	8426.0	14.957869	48.13602	15719.95
europe	25	gp	31681	gp	135	544	4032	3.382214975357056	0.1961099314818676	1.3549547059610205	-0.7034938480937509	0.12539527	1.6578019	-0.5237761	44.0715134552406	54.1834794585663	15340.0	42.904987	56.805786	17938.729
europe	25	gp	40799	gp	135	1428	4032	3.382214975357056	-0.7895260303335073	0.9226485996480465	-1.3290099568313574	0.053571306	1.7275106	-0.90206635	27.8122527860695	50.4402047252413	6295.0	41.720165	57.409386	12468.629
europe	25	gp	45435	gp	136	475	4032	3.3828429778416953	-1.1367982815195157	0.3716073256271416	-1.7100608257574623	-1.4509462	0.5521711	-1.1869801	21.9083058537132	45.8165352775558	608.0	16.716827	47.386707	8153.4375
europe	25	gp	35933	gp	136	938	4032	3.3828429778416953	0.23229026428015556	2.2103763571066435	-0.9863171261695198	-0.21377656	1.6276705	-0.9825919	44.5332814168748	61.8063773070573	11048.0	37.16177	56.739197	11101.736
europe	25	gp	15145	gp	136	1328	4032	3.3828429778416953	0.903512593976926	-0.09654054483204294	0.4711529447248197	1.0654268	-0.21076547	0.23249435	55.6256164257603	41.7455451929192	32072.0	58.301342	40.75225	28629.352
europe	25	gp	38498	gp	137	279	4032	3.382403139273326	-0.6682956375618596	-0.3360444801735649	-1.1433649474113905	-0.32865804	-0.43307972	-0.712391	29.2117780528196	39.7277808947791	8658.0	34.8922	38.888126	14903.14
europe	25	gp	28450	gp	137	1080	4032	3.382403139273326	-0.4172516122421094	-0.2760035073090687	-0.45982592498683	-1.1317049	0.5007395	-0.70856994	33.4104784219077	40.2473204561806	18563.0	21.461277	46.968544	14958.51
europe	25	gp	8039	gp	137	1239	4032	3.382403139273326	0.9878434560213692	-0.46380649744825786	1.081984154670871	1.1716672	-0.30903438	0.4937534	56.9106321268507	38.6222454703537	40905.0	59.985077	39.961502	32381.088
europe	25	gp	7858	gp	138	224	4032	3.3818365414937337	1.0808242265782748	-0.27668626799072155	1.0921482456134668	1.103143	-0.24814418	0.3090904	58.6988960983175	40.1808201490914	41132.0	59.066917	40.427254	29815.84
europe	25	gp	22894	gp	138	227	4032	3.3818365414937337	-2.6616889634895418	-0.6185027424250276	-0.09785302123303041	-0.25352687	1.5721455	-0.49131778	-3.012067795618961	37.2295935801137	23935.0	36.696545	56.143543	18248.943
europe	25	gp	31952	gp	138	1270	4032	3.3818365414937337	0.18636667760054001	1.9693086093832544	-0.7107413866723178	-0.017586615	1.6310734	-0.5321406	43.9500269009791	59.5726290631109	15078.0	40.587006	56.652325	17659.004
europe	25	gp	41103	gp	139	277	4032	3.3806764284769693	0.057541897099612306	1.3364318525153402	-1.3574244021915254	-0.04821896	1.6825274	-1.0859065	41.780232565325	54.2252145328393	5970.0	40.023045	57.243317	9891.707
europe	25	gp	10363	gp	139	365	4032	3.3806764284769693	1.2315491902424969	-0.22383412766266875	0.8601602383041959	1.1828222	-0.3007428	0.46209586	61.2860567671242	40.6190218732308	38000.0	60.47647	39.948345	32250.5
europe	25	gp	41523	gp	139	1041	4032	3.3806764284769693	-1.0431267010382184	0.7865624097682757	-1.3914185969615347	-1.50786	0.48705637	-0.46438274	23.4929116047862	49.4301157030907	5479.0	15.77149	46.818295	18868.773
europe	25	gp	6833	gp	140	126	4032	3.390136742591858	0.6965654590440421	-1.0600218912742565	1.174508716473603	1.1125948	-0.2799872	0.42832795	52.3275165958723	33.3482238896629	42466.0	59.220795	40.064564	31662.283
europe	25	gp	10118	gp	140	690	4032	3.390136742591858	1.2700121134596465	-0.30621350106560974	0.8844962377844642	1.1479895	-0.24799605	0.38512442	61.8290726467159	39.8387473219431	38267.0	59.807255	40.34002	31036.752
europe	25	gp	34202	gp	140	1312	4032	3.390136742591858	-0.6852356985426765	1.8224482952152232	-0.874986471099987	-0.06556589	1.8504694	-0.6039088	29.4321678326805	58.1671838949776	12792.0	39.699604	58.408455	16716.85
europe	25	gp	13476	gp	141	442	4032	3.3776629130045572	1.3523752853874071	-0.5243717171199768	0.6218025363819637	1.1992306	-0.3457428	0.66972077	63.0284106830631	38.0800077108351	34152.0	60.49329	39.624924	34845.688
europe	25	gp	36699	gp	141	988	4032	3.3776629130045572	-2.1589376794503923	0.9207008767202366	-1.0262536497830128	-0.06044565	0.51656544	0.0006899666	4.903017613070176	50.5780997294424	10293.999999999998	39.640926	47.082825	25160.496
europe	25	gp	21973	gp	141	1114	4032	3.3776629130045572	-0.23172433606339174	-0.49592528044903444	-0.022001791518848644	1.1512512	-0.2235527	0.2704945	36.8056233437101	38.326034232015	24832.0	59.69905	40.681717	29066.307
europe	25	gp	33509	gp	142	98	4032	3.3761225859324138	-0.26108382926539747	1.6371989244425575	-0.818344641841711	-0.81885767	1.0911105	-1.5338335	36.4093350605688	56.7645615518985	13472.0	27.143585	52.04782	3178.623
europe	25	gp	18210	gp	142	329	4032	3.3761225859324138	1.3317022648537322	-0.36622503238207876	0.21609770640112655	-1.2147129	0.5847846	-1.5640256	62.8687239306053	39.4603583925588	28354.0	20.567633	47.674526	2744.2637
europe	25	gp	3780	gp	142	879	4032	3.3761225859324138	0.08720455175953915	-1.4655829026415015	1.4640041355103632	0.75474	-1.0515321	1.1972034	42.1951073915049	29.9648585174651	46307.0	53.284218	33.541145	42468.67
