143979326	2796	1	0	2088	0
144013330	2436	1622	1	826	0
144612613	3058	882	0	945	0
144894611	2399	1423	1	1062	0
144923916	2374	33	0	2478	0
144928236	2205	56	1	2623	0
144929250	2651	364	0	1870	0
144929698	1588	1	0	3296	0
144931330	1549	1499	1	1836	0
144932220	1923	233	1	2728	0
144934562	2808	151	1	1925	0
144938320	1966	2910	0	9	0
144938481	1635	0	0	3250	0
144940226	1689	1500	1	1695	0
144942045	1982	347	1	2555	0
144945033	1698	65	0	3122	0
144992181	2550	303	1	2031	0
144998180	2774	176	1	1934	0
145066917	754	29	0	4102	0
145084862	1632	99	0	3154	0
145104261	1200	354	1	3330	0
145383170	2540	748	0	1597	0
145394955	2379	1156	1	1349	0
145395604	2783	171	0	1931	0
145397947	2667	1506	1	711	0
145398042	2630	198	0	2057	0
145399229	2597	1138	1	1149	0
145411294	3018	22	0	1845	0
145416056	2216	213	0	2456	0
145417662	1794	240	0	2851	0
145428400	2968	1171	1	745	0
145433242	2553	1471	0	861	0
145436886	3066	187	0	1632	0
145438581	2056	358	0	2471	0
145441620	2420	2193	1	271	0
145444556	1550	1262	2	2071	0
145446285	2208	2422	0	255	0
145450316	2014	17	0	2854	0
145455785	2037	10	0	2838	0
145460000	1636	50	1	3198	0
145466093	1886	862	0	2137	0
145471104	2558	0	0	2327	0
145479219	2154	2484	0	247	0
145483054	2539	2	0	2344	0
145483383	2123	2	0	2760	0
145486339	1750	3	0	3132	0
145488415	2279	42	0	2564	0
145492136	1870	32	0	2983	0
145509099	1856	0	0	3029	0
145517561	1794	1239	1	1851	0
145520357	2471	76	1	2337	0
145526777	2228	18	1	2638	0
145527604	2642	44	1	2198	0
145532549	1381	3499	0	5	0
145532823	1648	29	0	3208	0
145533175	1539	849	0	2497	0
145533314	1775	1387	1	1722	0
145535884	1508	16	0	3361	0
145535921	1527	2041	2	1315	0
145536082	1712	507	1	2665	0
145538139	2286	360	1	2238	0
145538664	1502	2058	2	1323	0
145540055	2370	334	1	2180	0
145540392	1772	426	1	2686	0
145540404	1813	1	0	3071	0
145541460	1784	47	0	3054	0
145542281	1852	438	1	2594	0
145543499	2283	2	0	2600	0
145545225	2043	124	0	2718	0
145547963	2254	1253	1	1377	0
145550922	1997	887	2	1999	0
145555653	2048	1353	0	1484	0
145556583	1545	28	0	3312	0
145558824	1522	1076	1	2286	0
145560476	1478	1632	2	1773	0
145561169	1435	1	0	3449	0
145561594	2075	1421	2	1387	0
145564518	1962	1498	2	1423	0
145567310	2094	9	0	2782	0
145574692	1397	13	0	3475	0
145574910	2107	0	0	2778	0
145575665	1688	0	0	3197	0
145585317	1532	3335	0	18	0
145586741	1548	47	0	3290	0
145586780	1618	1159	1	2107	0
145597501	1836	6	0	3043	0
145598230	2322	1	0	2562	0
145598459	2423	2459	0	3	0
145600255	2823	2060	0	2	0
145605318	1752	844	1	2288	0
145610210	2050	2834	0	1	0
145625979	1763	1517	2	1603	0
145630473	3019	1859	0	7	0
145634490	1619	655	1	2610	0
145639324	2828	592	1	1464	0
145657708	2335	1310	2	1238	0
145676210	1991	540	1	2353	0
145677085	1923	1409	2	1551	0
145681484	2040	749	1	2095	0
145685258	2592	411	1	1881	0
145691112	2068	523	1	2293	0
145696444	1880	1	0	3004	0
145696694	1865	878	1	2141	0
145697799	2996	1881	0	8	0
145698637	2043	136	1	2705	0
145703115	1921	1346	2	1616	0
145704639	2601	1019	1	1264	0
145707057	3143	777	2	963	0
145711675	3150	1735	0	0	0
145723120	1815	1363	1	1706	0
145723645	2315	1013	1	1556	0
145723739	2504	972	1	1408	0
145725689	1794	1288	1	1802	0
145727009	1922	2	0	2961	0
145727683	1877	310	0	2698	0
145730160	1551	1889	1	1444	0
145730745	1605	1	0	3279	0
145739567	1579	0	0	3306	0
145745285	1796	0	0	3089	0
145745492	2296	1	0	2588	0
145944045	4885	0	0	0	0
146469122	3224	416	1	1244	0
146501348	2117	721	0	2047	0
146503841	2687	712	0	1486	0
146508774	2847	1654	1	383	0
146508934	2882	239	0	1764	0
146516128	2538	577	0	1770	0
146522722	1688	892	1	2304	0
146528521	2799	1408	1	677	0
146535394	2602	1043	1	1239	0
146547095	2013	557	0	2315	0
146556025	1857	409	0	2619	0
146556093	1928	18	0	2939	0
146556821	1610	698	1	2576	0
146559165	2683	586	0	1616	0
146560564	3170	858	1	856	0
146566324	2473	1516	0	896	0
146571244	1923	1583	1	1378	0
146572116	1709	119	0	3057	0
146579168	2787	611	1	1486	0
146579574	1819	754	0	2312	0
146580273	2135	1507	1	1242	0
146580837	1602	133	0	3150	0
146581118	2418	643	0	1824	0
146581676	1699	728	0	2458	0
146582447	2150	0	0	2735	0
146588939	2005	1579	1	1300	0
146589694	1799	0	0	3086	0
146589758	2051	881	1	1952	0
146591502	1870	2	0	3013	0
146594721	2002	612	0	2271	0
146595235	1545	142	0	3198	0
146617228	2678	82	0	2125	0
146625509	1662	116	0	3107	0
146626483	1855	111	0	2919	0
146626922	2371	594	1	1919	0
146629916	2505	1206	1	1173	0
146630916	2579	425	1	1880	0
146633750	2480	1225	1	1179	0
146634270	2069	18	0	2798	0
146643555	1948	1431	1	1505	0
146645642	2691	97	0	2097	0
146648147	2440	86	0	2359	0
146649084	1931	794	0	2160	0
146652637	2407	1565	0	913	0
146653764	2803	43	0	2039	0
146654805	2502	621	0	1762	0
146656292	2747	1971	0	167	0
146657243	2739	110	0	2036	0
146657683	2692	82	0	2111	0
146659765	2735	83	0	2067	0
146660447	2743	433	1	1708	0
146661192	2172	110	0	2603	0
146661337	2346	688	0	1851	0
146662018	2464	2339	0	82	0
146667227	2771	87	0	2027	0
146667795	2853	67	0	1965	0
146668894	1867	867	0	2151	0
146668991	2503	109	0	2273	0
146669444	2240	2473	0	172	0
146669490	2485	218	0	2182	0
146670630	1575	125	0	3185	0
146671044	1913	750	0	2222	0
146672906	2002	2671	0	212	0
146673185	1778	0	0	3107	0
146673489	2435	2260	0	190	0
146673642	2688	2027	0	170	0
146673806	2448	423	1	2013	0
146675019	1703	123	0	3059	0
146675551	1582	3198	0	105	0
146676339	1913	2842	0	130	0
146676383	1731	146	0	3008	0
146676837	2751	1312	0	822	0
146677123	2856	69	0	1960	0
146679283	2334	2446	0	105	0
146679428	2264	2514	0	107	0
146679742	2963	64	0	1858	0
146681425	1857	121	0	2907	0
146681517	2835	1988	0	62	0
146681951	2124	2534	0	227	0
146682869	2459	0	0	2426	0
146683133	3121	105	0	1659	0
146684131	2832	398	1	1654	0
146685092	1636	27	0	3222	0
146685121	1860	2773	0	252	0
146686228	2310	602	0	1973	0
146686649	3096	1755	0	34	0
146687789	1703	3054	0	128	0
146687913	2407	2278	0	200	0
146692174	1677	2756	0	452	0
146693229	2960	1640	0	285	0
146693429	1759	2887	0	239	0
146694421	1451	1519	1	1914	0
146694456	1353	7	0	3525	0
146694571	2119	1319	1	1446	0
146694757	1921	106	0	2858	0
146694922	2316	1180	1	1388	0
146708484	2075	284	0	2526	0
146710162	2203	1417	1	1264	0
146713740	1431	0	0	3454	0
146716517	3162	385	1	1337	0
146717564	1997	1377	1	1510	0
146723941	1740	515	1	2629	0
146724429	2331	7	0	2547	0
146727593	2344	492	1	2048	0
146727763	1752	1538	1	1594	0
146729968	1862	2086	1	936	0
146730980	2211	0	0	2674	0
146732231	3057	668	1	1159	0
146732774	1745	716	0	2424	0
146736548	3084	380	0	1421	0
146738836	2846	0	0	2039	0
146739540	2558	890	1	1436	0
146740022	2187	116	0	2582	0
146740576	2112	2268	0	505	0
146740739	2092	42	0	2751	0
146740986	2146	938	1	1800	0
146741537	2508	481	0	1896	0
146742330	1844	0	0	3041	0
146747419	2472	101	0	2312	0
146749067	1953	1714	0	1218	0
146749752	2028	38	0	2819	0
146749814	2218	907	1	1759	0
146751140	1429	327	0	3129	0
146751272	2483	563	1	1838	0
146753379	3111	575	1	1198	0
146757092	1906	0	0	2979	0
146757923	1679	333	0	2873	0
146759528	2227	995	1	1662	0
146761604	1594	2416	0	875	0
146762064	1751	2348	0	786	0
146762284	1893	2168	0	824	0
146765125	2381	439	0	2065	0
146767062	2690	346	0	1849	0
146767149	1672	3112	0	101	0
146767320	1704	2358	0	823	0
146767353	2093	678	1	2113	0
146767770	2119	637	0	2129	0
146785157	2530	471	0	1884	0
146785649	1704	0	0	3181	0
146791289	1346	799	0	2740	0
146791402	2630	484	0	1771	0
146791729	1724	761	1	2399	0
146810218	2436	1419	0	1030	0
146812058	2215	598	0	2072	0
146813137	2752	1319	0	814	0
146813984	2368	940	1	1576	0
146814258	1865	1061	1	1958	0
146821090	2782	1352	0	751	0
146821205	1586	3	0	3296	0
146821336	2036	434	0	2415	0
146821869	1766	2042	0	1077	0
146823566	2302	601	1	1981	0
146826675	1626	881	1	2377	0
146826679	1618	855	1	2411	0
146827556	2604	416	0	1865	0
146837419	1658	23	0	3204	0
146837449	2149	722	1	2013	0
146837703	2551	2093	0	241	0
146837802	2174	1768	0	943	0
146838017	2889	1282	0	714	0
146838175	2966	699	0	1220	0
146842342	3059	707	0	1119	0
146849143	1580	1089	0	2216	0
146854836	2352	507	0	2026	0
146856256	2025	1895	0	965	0
146857197	2653	4	0	2228	0
146858964	3041	215	0	1629	0
146881886	2427	113	0	2345	0
146883384	1941	749	1	2194	0
146886612	2198	4	0	2683	0
146887062	2452	1077	1	1355	0
146889543	2692	968	1	1224	0
146893373	2025	0	0	2860	0
146894585	2922	913	0	1050	0
146901464	1645	0	0	3240	0
146901677	2306	235	0	2344	0
146902161	1885	306	0	2694	0
146903427	1687	1557	1	1640	0
146905277	2409	109	0	2367	0
146906368	1962	1452	0	1471	0
146909164	2029	1347	1	1508	0
146913370	2395	1153	1	1336	0
146917385	1715	1357	1	1812	0
146923557	1666	1275	0	1944	0
146924840	2827	869	1	1188	0
146927201	2479	1351	1	1054	0
146927395	2891	980	0	1014	0
146930254	2842	228	0	1815	0
146939027	2886	1208	1	790	0
146940130	2217	1385	0	1283	0
146940469	1934	1492	0	1459	0
146942486	2069	1399	0	1417	0
146942800	2267	1306	0	1312	0
146948030	2024	1128	0	1733	0
146951107	1548	40	0	3297	0
146953869	2131	1396	0	1358	0
146954595	2091	1353	0	1441	0
146956313	1663	1748	0	1474	0
146964025	2243	1836	0	806	0
146967196	2523	274	0	2088	0
146969411	2069	967	0	1849	0
146969712	2162	298	0	2425	0
146970568	2041	408	0	2436	0
146970932	1887	81	0	2917	0
146974957	2486	950	0	1449	0
146976402	1752	1016	0	2117	0
146978190	1936	5	0	2944	0
146978395	2329	686	1	1869	0
146979462	2029	4	0	2852	0
146979516	1902	139	0	2844	0
146980988	2053	2189	1	642	0
146981361	2241	5	0	2639	0
146982763	1561	1136	0	2188	0
146982884	1668	88	0	3129	0
146984463	1956	968	1	1960	0
146988552	1560	1	0	3324	0
146992791	1765	0	0	3120	0
146992993	1694	10	0	3181	0
146994190	1774	72	0	3039	0
146996800	1740	376	1	2768	0
146997245	1820	1004	2	2059	0
146999835	1978	48	1	2858	0
146999893	2316	70	1	2498	0
147002022	1644	2080	0	1161	0
147004580	1791	3	0	3091	0
147004811	1858	2139	1	887	0
147005871	2586	1	0	2298	0
147013362	1764	1951	1	1169	0
147015542	1774	371	0	2740	0
147016936	2395	227	1	2262	0
147018361	2008	320	0	2557	0
147019800	1963	0	0	2922	0
147020099	2375	64	1	2445	0
147020456	2585	382	1	1917	0
147022306	2575	379	0	1931	0
147022697	1964	252	1	2668	0
147023894	1730	364	2	2789	0
147024047	2989	221	2	1673	0
147024642	2010	57	0	2818	0
147027223	2558	63	0	2264	0
147027306	2607	58	0	2220	0
147031323	1872	157	0	2856	0
147033038	2548	0	0	2337	0
147033573	1968	2689	0	228	0
147040430	1897	127	0	2861	0
147041969	1891	62	0	2932	0
147043542	1697	852	0	2336	0
147045941	1980	4	0	2901	0
147048600	1695	2083	0	1107	0
147051058	2252	578	0	2055	0
147051493	1622	587	0	2676	0
147051892	1845	2	0	3038	0
147053429	1746	4	0	3135	0
147056956	2001	23	0	2861	0
147057224	1506	3036	1	342	0
147058797	1745	2520	1	619	0
147059411	2051	2557	1	276	0
147060234	3141	1377	1	366	0
147060953	1924	25	0	2936	0
147067053	1520	225	0	3140	0
147070609	1716	2499	1	669	0
147073355	1911	204	0	2770	0
147076255	2356	246	0	2283	0
147077283	2618	1671	1	595	0
147081187	2043	875	0	1967	0
147083114	1455	1052	0	2378	0
147087336	2625	510	0	1750	0
147091972	1783	1083	0	2019	0
147092112	1861	100	0	2924	0
147093887	1951	964	0	1970	0
147095339	2673	130	0	2082	0
147097266	2047	621	0	2217	0
147097635	1640	2791	0	454	0
147099287	1684	276	1	2924	0
147099833	1555	0	0	3330	0
147105569	2996	0	0	1889	0
147107123	1887	454	0	2544	0
147107893	1798	2572	0	515	0
147107915	1731	3124	0	30	0
147107931	1666	2697	0	522	0
147107966	1743	2639	0	503	0
147112472	1767	33	0	3085	0
147113387	1808	1610	0	1467	0
147118181	2634	1104	0	1147	0
147118500	1908	916	0	2061	0
147119273	1561	1842	0	1482	0
147121015	2557	4	0	2324	0
147122831	1647	982	0	2256	0
147123340	2299	3	0	2583	0
147124310	1449	2397	0	1039	0
147127129	1975	34	0	2876	0
147127602	1932	630	0	2323	0
147128608	1409	509	0	2967	0
147129014	3096	526	0	1263	0
147130222	1562	445	0	2878	0
147130275	1455	1873	0	1557	0
147131465	1770	2197	0	918	0
147131945	2058	1979	0	848	0
147132740	2572	379	0	1934	0
147137368	1456	522	0	2907	0
147138457	2028	0	0	2857	0
147138809	2523	998	0	1364	0
147138895	1822	729	0	2334	0
147141810	1707	1207	0	1971	0
147147799	1980	445	0	2460	0
147148173	1630	1989	0	1266	0
147148304	2540	55	0	2290	0
147153784	1696	3185	0	4	0
147154297	1960	1822	0	1103	0
147161777	2444	167	0	2274	0
147162445	2645	1375	0	865	0
147163327	2418	1501	0	966	0
147165272	2126	458	0	2301	0
147165378	1785	1570	1	1529	0
147166377	2895	344	0	1646	0
147172046	1939	2946	0	0	0
147173505	2398	1745	1	741	0
147175820	1957	4	0	2924	0
147184498	1860	899	1	2125	0
147191841	1597	1135	1	2152	0
147194005	1948	1195	1	1741	0
147196934	1737	1689	0	1459	0
147198111	2130	153	1	2601	0
147198452	1612	157	1	3115	0
147205770	2544	1915	0	426	0
147208401	2073	0	0	2812	0
147210227	2209	620	1	2055	0
147210965	1748	2537	0	600	0
147210993	1782	1564	0	1539	0
147212431	1657	1061	0	2167	0
147213161	1812	169	1	2903	0
147213954	2444	1129	1	1311	0
147215797	1940	817	1	2127	0
147216860	2222	1387	0	1276	0
147217965	1820	1763	1	1301	0
147221438	1611	727	1	2546	0
147222372	1873	2504	0	508	0
147222832	2146	1481	0	1258	0
147223146	1755	708	1	2421	0
147224252	2810	2	0	2073	0
147226721	1848	820	1	2216	0
147226791	1566	2765	0	554	0
147231759	2348	2371	1	165	0
147232374	1955	1341	2	1587	0
147232455	1344	112	1	3428	0
147232740	2543	1106	1	1235	0
147235595	2094	2535	1	255	0
147236285	2041	2722	1	121	0
147236331	1649	18	0	3218	0
147236527	2714	1915	1	255	0
147237556	1913	139	1	2832	0
147237817	1574	305	1	3005	0
147238486	1821	835	1	2228	0
147240307	1963	1336	1	1585	0
147240853	2516	1011	1	1357	0
147241723	1361	1342	2	2180	0
147245497	1831	736	1	2317	0
147246903	1657	773	1	2454	0
147249883	2087	1337	0	1461	0
147250196	1913	1452	0	1520	0
147250763	2233	1420	0	1232	0
147251898	3281	773	0	831	0
147252439	1897	2808	1	179	0
147254256	2682	281	1	1921	0
147255545	2055	1091	1	1738	0
147259793	1681	3	0	3201	0
147260765	1673	137	0	3075	0
147264252	1810	288	1	2786	0
147264831	1973	0	0	2912	0
147265367	2719	448	1	1717	0
147267110	2611	80	0	2194	0
147273306	2522	68	0	2295	0
147273638	2273	47	0	2565	0
147274055	2523	353	0	2009	0
147274281	2574	92	0	2219	0
147274614	1771	32	0	3082	0
147277740	2371	4	0	2510	0
147277764	2032	1071	1	1781	0
147278374	1642	114	0	3129	0
147282508	1635	413	1	2836	0
147283701	1798	598	0	2489	0
147285007	1398	394	1	3092	0
147286851	1973	1	0	2911	0
147287732	1725	2	0	3158	0
147288818	2127	818	1	1939	0
147291987	2132	510	0	2243	0
147292064	2214	83	0	2588	0
147296184	2590	429	0	1866	0
147297076	1594	3268	0	23	0
147297980	1586	3189	0	110	0
147308112	2188	438	0	2259	0
147308323	1772	2998	0	115	0
147309211	1977	2893	0	15	0
147309443	1595	2023	1	1266	0
147310327	2396	96	0	2393	0
147315640	1599	232	0	3054	0
147317765	1537	0	0	3348	0
147320660	2549	197	0	2139	0
147321889	1635	199	0	3051	0
147322813	2543	135	1	2206	0
147326222	2837	1199	2	847	0
147326682	2620	0	0	2265	0
147339968	2044	224	0	2617	0
147340734	2320	389	1	2175	0
147341868	2027	1	0	2857	0
147342037	1916	1943	2	1024	0
147342634	1637	544	1	2703	0
147354030	3093	1253	1	538	0
147355294	2175	136	1	2573	0
147357928	2754	295	1	1835	0
147358281	2676	344	1	1864	0
147359445	1778	4	0	3103	0
147362412	1725	170	1	2989	0
147364001	1726	2671	0	488	0
147364076	1697	2718	0	470	0
147364430	1575	1750	1	1559	0
147365037	2320	137	1	2427	0
147365465	1792	52	0	3041	0
147369794	2168	0	0	2717	0
147371120	2115	2257	1	512	0
147371576	1449	1688	2	1746	0
147373573	2743	63	0	2079	0
147375455	1978	82	0	2825	0
147375602	2002	2519	0	364	0
147375981	2806	1048	2	1029	0
147377916	1192	107	0	3586	0
147379367	2190	2262	1	432	0
147381558	1644	3149	0	92	0
147382550	2308	1113	1	1463	0
147385687	1605	16	0	3264	0
147385927	2203	3	0	2679	0
147387781	2616	45	0	2224	0
147474168	4878	0	0	7	0
147474686	4883	0	0	2	0
147541463	4884	0	0	1	0
147544937	4885	0	0	0	0
147545157	4625	0	0	260	0
147547835	4883	0	0	2	0
147550174	4123	0	0	762	0
147743035	1611	488	0	2786	0
147776536	1662	1	0	3222	0
147779841	1970	19	0	2896	0
147782284	1791	2018	1	1075	0
147786724	2352	1712	1	820	0
147789583	1904	2602	0	379	0
147795678	1909	2680	0	296	0
147795939	3013	933	0	939	0
147800481	1962	2200	1	722	0
147801691	1885	298	0	2702	0
147806652	1693	0	0	3192	0
147814694	1550	767	1	2567	0
147820342	1864	256	1	2764	0
147821782	2423	583	1	1878	0
147822234	2331	203	1	2350	0
147825454	1951	436	0	2498	0
147825548	1895	2730	0	260	0
147825662	2680	304	0	1901	0
147826658	2115	411	0	2359	0
148803654	4885	0	0	0	0
149039120	1894	670	1	2320	0
149040066	2295	0	0	2590	0
149045105	1901	1	0	2983	0
149060682	2824	61	0	2000	0
149064521	2353	6	0	2526	0
149114039	3256	741	1	887	0
149147738	2054	467	0	2364	0
149201987	2317	2567	0	1	0
149211496	2004	514	0	2367	0
149308532	3803	0	0	1082	0
149674792	2355	1810	0	720	0
149712744	3896	0	0	989	0
149717647	1598	791	0	2496	0
149738019	2800	117	0	1968	0
149748862	3190	3	0	1692	0
149780585	4883	0	0	2	0
149784521	4400	0	0	485	0
149794565	4883	0	0	2	0
149805345	4885	0	0	0	0
149807882	4885	0	0	0	0
149808949	4885	0	0	0	0
149810915	4885	0	0	0	0
149815536	2248	189	0	2448	0
149816036	2835	147	0	1903	0
149818561	2336	76	0	2473	0
149850862	2265	1	0	2619	0
149853753	1852	7	0	3026	0
149860372	2201	293	0	2391	0
149865880	1906	128	0	2851	0
149872073	1680	24	0	3181	0
149873401	1616	0	0	3269	0
149875828	1965	32	0	2888	0
149876124	1846	466	1	2572	0
149879417	1592	1	0	3292	0
149880863	1735	155	0	2995	0
149881900	2157	2261	0	467	0
149882690	1450	4	0	3431	0
149885583	1797	2772	0	316	0
149885613	2055	1	0	2829	0
149886135	1881	397	0	2607	0
149892872	1782	1322	1	1780	0
149896855	2255	113	0	2517	0
149897158	1744	3	0	3138	0
149897217	2408	104	0	2373	0
149900610	2150	90	0	2645	0
149903609	1522	192	0	3171	0
149905726	1456	0	0	3429	0
149905854	1719	0	0	3166	0
149906413	1591	1248	1	2045	0
149908108	1505	772	0	2608	0
149909569	1720	0	0	3165	0
149914357	1622	27	0	3236	0
149914683	3004	1878	0	3	0
149920616	2721	10	0	2154	0
149920888	1437	6	0	3442	0
149933006	1486	151	0	3248	0
149937946	2861	1	0	2023	0
149938898	1987	458	0	2440	0
149943157	1445	183	0	3257	0
149943784	2732	376	0	1777	0
149953471	2780	7	0	2098	0
149955163	2586	96	0	2203	0
149959566	1630	6	0	3249	0
149960433	1802	1	0	3082	0
149967149	1582	19	0	3284	0
149968717	2606	109	0	2170	0
149978552	2889	448	0	1548	0
149991147	2492	441	0	1952	0
149995979	1976	135	0	2774	0
149996325	1842	0	0	3043	0
149998494	1801	1941	1	1142	0
149999059	2525	205	1	2154	0
