ind_id	pop_id	time	sampled	lat	lon	node1	node2	pop
22182	3	24463	True	40.8271346433259	31.4112853823565	15824	15825	ANA
44312	4	2105	True	50.8180214374518	14.4922673610684	29118	29119	EUR
36328	3	10553	True	39.9225735907317	41.0125429159935	24092	24093	ANA
33946	3	12953	True	39.7423869063013	35.7117810929603	22700	22701	ANA
38639	4	8323	True	46.0033187318167	6.91168535192524	25466	25467	EUR
4639	1	45230	True	29.5902453655926	44.5723148709968	3418	3419	OOA
29565	2	17206	True	57.4537379091864	46.9656730208485	20178	20179	EHG
23163	2	23502	True	57.0340954974877	48.9283076016809	16426	16427	EHG
7807	1	41164	True	35.7921431195975	53.4286763285657	5818	5819	OOA
7572	1	41456	True	37.7537730622694	55.6604891595927	5650	5651	OOA
1629	1	48987	True	29.6018572904887	32.7384333835432	1186	1187	OOA
34120	2	12787	True	57.285067945756	36.1215139444001	22814	22815	EHG
45324	4	608	True	54.1959609214008	24.0658619353233	29954	29955	EUR
8016	1	40904	True	34.5244386993872	55.9184742120322	5970	5971	OOA
20176	3	26425	True	37.1535555088269	36.173615642192	14672	14673	ANA
15384	1	31729	True	39.0684612136054	58.6322760256911	11482	11483	OOA
34833	2	12032	True	58.6063872516513	48.1073899145208	23228	23229	EHG
19888	1	26705	True	41.7465259174283	63.4811528500363	14516	14517	OOA
29663	4	17105	True	48.4944596146868	3.58833545482955	20246	20247	EUR
22812	3	23872	True	38.0548876288512	31.9566003345745	16202	16203	ANA
20242	3	26363	True	37.7112306310695	33.2275319556724	14708	14709	ANA
16659	1	30086	True	38.4157364913402	57.7602118744316	12470	12471	OOA
6370	1	42992	True	33.0456349788449	51.5667653897351	4752	4753	OOA
584	1	50250	True	30.2997278176497	34.9402217867297	398	399	OOA
7822	1	41148	True	38.2488013288417	55.8833864013353	5826	5827	OOA
39766	4	7196	True	51.7000208904489	20.4030814668036	26152	26153	EUR
20389	1	26189	True	40.913156010303	57.8421840386918	14830	14831	OOA
29418	4	17337	True	49.5078826928348	8.64338957089614	20104	20105	EUR
38264	3	8675	True	39.3795379966332	28.8294057620297	25236	25237	ANA
2627	1	47723	True	29.1029769670699	36.4018828382611	1930	1931	OOA
1423	1	49265	True	31.3920691437295	36.2348651482864	1038	1039	OOA
2165	1	48266	True	28.3145134659981	37.6751753699262	1594	1595	OOA
839	1	49963	True	29.3329222375473	30.2988447679469	584	585	OOA
33622	2	13268	True	58.2296924506731	31.0971833116216	22522	22523	EHG
5276	1	44421	True	32.3538309486429	47.2252438617437	3892	3893	OOA
5419	1	44243	True	28.8081667362169	53.4545636889499	4004	4005	OOA
29813	2	16983	True	61.5620960247534	42.8586819723563	20324	20325	EHG
35963	3	10910	True	37.4675657988568	38.6384079280754	23880	23881	ANA
30411	3	16427	True	40.207613964835	27.9081449476915	20674	20675	ANA
17299	1	29299	True	39.0421754393039	58.29911028704	12954	12955	OOA
20355	2	26226	True	55.5791677347992	47.2687848046688	14800	14801	EHG
26395	2	20364	True	57.0107328966271	46.5366083166195	18328	18329	EHG
29597	3	17172	True	37.8457953990861	33.2686698810778	20190	20191	ANA
11187	1	36980	True	42.5413360484895	61.6679367351898	8310	8311	OOA
22341	2	24311	True	56.6321784048068	43.8280745407712	15920	15921	EHG
42137	3	4541	True	51.0850066138551	23.6348926417048	27670	27671	ANA
28654	3	18137	True	40.3489119046471	34.1012027372914	19660	19661	ANA
23841	2	22804	True	61.1376476786567	54.0566132677136	16804	16805	EHG
43344	5	3185	True	51.8091953917027	28.4409636875263	28474	28475	YAM
9818	1	38617	True	40.6121473064728	57.877512566113	7308	7309	OOA
36307	3	10585	True	38.3978781200815	40.9540982404371	24078	24079	ANA
41188	3	5748	True	46.0850453375752	24.2826046928157	27020	27021	ANA
11559	1	36524	True	40.8280142642169	58.1043893629987	8610	8611	OOA
9257	1	39331	True	39.9794908066224	56.7191840881954	6898	6899	OOA
9334	1	39255	True	40.7158163355887	57.9397244830481	6958	6959	OOA
30345	2	16488	True	54.9165546949681	36.1927761534882	20640	20641	EHG
33909	3	12981	True	36.7803354178233	31.5641717485783	22682	22683	ANA
3773	1	46285	True	30.9636263051121	41.0198619276803	2782	2783	OOA
32961	4	13954	True	46.8683391242868	30.5782499406087	22150	22151	EUR
18474	1	28041	True	38.3487846701495	61.2487628440927	13724	13725	OOA
21785	4	24808	True	50.2246900972941	17.7415086708052	15614	15615	EUR
6146	1	43305	True	29.562490500978	52.337065575553	4574	4575	OOA
3484	1	46679	True	28.9772102710141	42.9077078392672	2572	2573	OOA
27441	4	19321	True	51.4129945308042	15.4208554273461	18958	18959	EUR
30130	4	16683	True	50.6351350709802	3.811034085097	20518	20519	EUR
36776	2	10091	True	57.6636740947	52.40552736835	24356	24357	EHG
43536	4	2985	True	49.4184518913987	11.8391800153083	28594	28595	EUR
27339	3	19434	True	37.2307057284307	36.6947975996527	18864	18865	ANA
19755	1	26820	True	37.4245080510429	58.256309598411	14436	14437	OOA
13561	1	33989	True	42.4189523303229	60.8705459118448	10128	10129	OOA
38844	2	8139	True	62.4434586268034	48.2718745295764	25572	25573	EHG
44568	4	1839	True	45.3080847811392	19.1442436620911	29286	29287	EUR
33071	2	13834	True	54.8671530003074	42.14906227628	22218	22219	EHG
40682	2	6261	True	54.0062681240001	43.6735287636799	26714	26715	EHG
15450	1	31623	True	39.3049709237428	63.8848671259517	11530	11531	OOA
36493	3	10397	True	38.129289329883	32.66534979905	24180	24181	ANA
2885	1	47425	True	27.549881802123	42.1647306569802	2118	2119	OOA
31758	4	15089	True	48.4916851313074	8.0935180844004	21436	21437	EUR
36397	4	10474	True	47.4933343983794	22.5892555847505	24148	24149	EUR
35965	2	10899	True	58.1585098033607	43.6288449222741	23892	23893	EHG
18776	3	27858	True	38.3029657508129	27.7591578695259	13834	13835	ANA
1991	1	48496	True	30.2871210281222	37.8661948860134	1446	1447	OOA
25848	2	20958	True	54.7314130191241	40.333200065501	17998	17999	EHG
5208	1	44489	True	29.9864026061537	47.2537392000794	3862	3863	OOA
27554	3	19248	True	39.6655919132342	32.4894811596352	19008	19009	ANA
42178	3	4476	True	47.1766059084283	17.4652652804612	27706	27707	ANA
13553	1	34006	True	37.459780651917	60.6019583042542	10112	10113	OOA
3098	1	47177	True	29.5888205523021	39.7874425510392	2270	2271	OOA
32049	2	14831	True	58.7841034926193	43.3152864134415	21604	21605	EHG
5178	1	44516	True	29.9846977059612	51.4539336054829	3844	3845	OOA
3696	1	46384	True	31.0861526708452	43.0785390448309	2726	2727	OOA
26932	2	19840	True	61.093208368021	44.4205676939146	18622	18623	EHG
25545	2	21252	True	60.6435150883199	49.6517176894201	17806	17807	EHG
41329	3	5567	True	39.6033117428711	36.729622652059	27108	27109	ANA
41164	3	5783	True	48.9236430388827	25.1159433638072	27002	27003	ANA
16467	1	30376	True	38.9409770514227	55.5896225412582	12318	12319	OOA
7358	1	41750	True	33.4410907532886	57.1608944934704	5486	5487	OOA
34336	3	12556	True	38.6325257936312	38.4113922189438	22926	22927	ANA
13667	1	33871	True	40.9351624076444	63.9243298910127	10220	10221	OOA
23260	2	23410	True	59.3286488192586	50.488837992372	16476	16477	EHG
40055	2	6915	True	57.0924546029458	49.4814673126561	26332	26333	EHG
21333	1	25226	True	41.0254890193861	61.911073112826	15400	15401	OOA
13241	1	34375	True	40.5243621058215	62.4022203519555	9876	9877	OOA
4330	1	45568	True	30.4220852094341	46.5212523291631	3186	3187	OOA
34571	4	12304	True	47.9761882533939	16.5410809042697	23080	23081	EUR
45310	4	644	True	47.9860260371505	20.4118893880306	29928	29929	EUR
32180	4	14678	True	53.1327548581795	12.3790209164296	21686	21687	EUR
24328	4	22377	True	42.0635911137767	26.1900552866659	17110	17111	EUR
30623	4	16207	True	51.8509553924666	14.3681382835236	20816	20817	EUR
17667	1	28872	True	41.0496357254692	56.9348931322661	13216	13217	OOA
18744	1	27869	True	41.1315384138128	63.1059498327859	13828	13829	OOA
44597	4	1798	True	47.9742660612574	7.07841431756253	29304	29305	EUR
43515	5	3000	True	54.4852267953202	25.4783256025923	28584	28585	YAM
12640	1	35073	True	39.3720779231545	62.5380035888244	9408	9409	OOA
13821	1	33658	True	37.9849663163225	58.3975617113556	10328	10329	OOA
24921	3	21831	True	37.8694687171278	37.7714196893211	17438	17439	ANA
5353	1	44308	True	29.7674247100262	51.349013269297	3960	3961	OOA
6356	1	43026	True	34.0488900555519	50.2525392483439	4738	4739	OOA
1813	1	48716	True	32.0276582293342	36.4084662508206	1342	1343	OOA
22807	2	23871	True	55.8148938226954	46.6768871190861	16204	16205	EHG
34197	3	12701	True	40.4485560043167	33.2761899387057	22850	22851	ANA
45243	4	813	True	50.0161448718425	15.1500218197647	29824	29825	EUR
41990	4	4724	True	45.2267831510973	24.50867290619	27572	27573	EUR
17724	1	28803	True	39.0508405930987	63.1015440498418	13266	13267	OOA
17478	1	29074	True	37.8387118080688	62.7015041859671	13092	13093	OOA
17328	1	29247	True	41.743251886319	59.3078549817321	12978	12979	OOA
35362	2	11511	True	59.038866303345	41.0761840057034	23546	23547	EHG
4119	1	45847	True	28.140001956911	44.4881122113414	3048	3049	OOA
28558	2	18248	True	55.5994029057466	46.8555223238652	19598	19599	EHG
45164	4	1000	True	50.2818823646419	13.5355455910592	29736	29737	EUR
31218	3	15624	True	39.3561060501287	33.4121507601187	21138	21139	ANA
25325	3	21465	True	37.4307126804416	34.8473762519988	17674	17675	ANA
44618	4	1789	True	51.0184615525187	13.5086594700405	29314	29315	EUR
15250	1	31885	True	37.2177416088072	62.5525201723081	11380	11381	OOA
3456	1	46706	True	27.8579171408746	40.257457333689	2552	2553	OOA
12423	1	35363	True	40.9235762924059	58.4628283185863	9234	9235	OOA
17580	1	28972	True	41.7067490811959	61.0304005753455	13146	13147	OOA
45072	4	1150	True	46.4604286505509	4.39780712134993	29646	29647	EUR
21700	3	24918	True	38.0096043884159	40.0888408176002	15566	15567	ANA
41043	5	5886	True	52.4113467312959	43.1607715872498	26942	26943	YAM
19356	1	27240	True	39.5516266810221	58.6230112910231	14202	14203	OOA
26721	2	20048	True	55.2487557720393	36.0271198039405	18526	18527	EHG
15498	1	31575	True	37.2688659151462	60.502344403759	11566	11567	OOA
5492	1	44149	True	29.6006841172015	52.3183814993329	4076	4077	OOA
44159	4	2261	True	46.111124384301	21.4283956441505	28982	28983	EUR
26299	2	20468	True	60.5548827035408	46.4440325324876	18276	18277	EHG
14699	1	32599	True	42.0293497525786	59.2940064009436	10992	10993	OOA
9385	1	39189	True	39.1747811506367	63.8712590416612	6996	6997	OOA
583	1	50252	True	29.9120334056181	31.5735387956368	396	397	OOA
22183	4	24448	True	49.1848998019277	18.902619237683	15830	15831	EUR
13992	1	33503	True	41.1554877986279	60.9272430187984	10442	10443	OOA
31336	3	15504	True	40.884749151664	34.6794046777667	21202	21203	ANA
40455	2	6529	True	61.5147217893592	45.5639070310064	26568	26569	EHG
21416	1	25139	True	40.366358346008	55.5992087299336	15460	15461	OOA
18036	1	28408	True	39.1789614161996	57.176788520555	13492	13493	OOA
19203	2	27402	True	57.4961907791544	45.745389514568	14096	14097	EHG
33686	2	13204	True	60.1603349921346	38.6430986200017	22568	22569	EHG
26188	2	20592	True	57.6612058977661	35.5585204732019	18200	18201	EHG
28631	4	18158	True	45.565633830341	8.62141516024363	19650	19651	EUR
27655	3	19149	True	39.1593605515682	38.0848675807294	19072	19073	ANA
44308	4	2111	True	46.6190105085746	8.83769149127863	29110	29111	EUR
1306	1	49398	True	28.7683237563169	35.8471577617305	928	929	OOA
22662	4	23981	True	47.8130951913955	15.2853849415984	16120	16121	EUR
11751	1	36239	True	37.3871663870845	62.6596987239613	8762	8763	OOA
31156	2	15675	True	53.2654283348738	36.9355573420314	21108	21109	EHG
7343	1	41771	True	38.1762831674827	56.2099074989252	5474	5475	OOA
28577	4	18218	True	47.7778105730892	6.63054828068947	19610	19611	EUR
4676	1	45168	True	29.4607578828796	43.8443612452304	3454	3455	OOA
13581	1	33964	True	40.0568827671702	59.0400149283117	10142	10143	OOA
39875	3	7098	True	40.3738582298959	37.4829496024967	26218	26219	ANA
13457	1	34121	True	37.5547573827571	60.7991033716988	10030	10031	OOA
8132	1	40767	True	38.2687342277644	54.7425509621585	6076	6077	OOA
40421	4	6541	True	49.1458349884232	20.9806386760932	26556	26557	EUR
17887	1	28590	True	42.1219959981213	63.1373230605935	13398	13399	OOA
8502	1	40304	True	39.3237575697946	55.2487025492885	6336	6337	OOA
10152	1	38216	True	40.9109589987448	58.1864954948288	7554	7555	OOA
38881	2	8114	True	61.9541482692238	48.331183735304	25592	25593	EHG
5042	1	44722	True	33.0351076852479	45.9588036125678	3730	3731	OOA
32778	2	14140	True	59.6411109521009	28.904155561	22016	22017	EHG
38261	4	8666	True	48.8498625797716	28.0350298897997	25254	25255	EUR
33422	2	13469	True	54.4637773280156	55.2397029173616	22422	22423	EHG
43489	5	3030	True	52.5867021126996	22.0533161032788	28568	28569	YAM
22568	3	24082	True	39.6086642053108	35.6277019368546	16054	16055	ANA
23189	3	23485	True	41.4597503276932	31.8941520393844	16436	16437	ANA
24360	2	22349	True	61.0425306628251	31.1779923019949	17122	17123	EHG
38505	2	8435	True	60.6544363324603	53.9775387449031	25398	25399	EHG
14610	1	32719	True	40.4099143656968	58.5734168793	10920	10921	OOA
34859	4	12010	True	48.1420894275472	19.2361102000149	23266	23267	EUR
6292	1	43126	True	33.1128602094041	53.1979257902811	4688	4689	OOA
36241	2	10625	True	61.1627206292544	49.6079870293669	24054	24055	EHG
44677	4	1708	True	45.3890852578366	27.8765592838711	29376	29377	EUR
40274	2	6695	True	59.6684155015761	40.8704993319111	26468	26469	EHG
1622	1	49012	True	32.1639921685418	35.5683905807398	1172	1173	OOA
32213	2	14643	True	57.6237361092705	40.5850653065842	21712	21713	EHG
23061	2	23617	True	61.7257702211168	48.3577502444125	16352	16353	EHG
18954	2	27670	True	58.775659452391	32.5586018730082	13950	13951	EHG
7344	1	41770	True	34.2587835697178	56.6659780009039	5476	5477	OOA
29777	3	17030	True	37.6180118834521	27.1930280719686	20304	20305	ANA
29161	4	17608	True	53.6026121170411	19.6803352521372	19958	19959	EUR
19525	3	27079	True	36.8523666511072	39.4359171846062	14274	14275	ANA
44648	4	1759	True	50.6500401068347	14.7203362880337	29346	29347	EUR
30132	3	16693	True	37.7646208730562	28.8703950583153	20512	20513	ANA
34363	4	12512	True	47.2674642151396	23.1402463523465	22956	22957	EUR
14393	1	33003	True	40.9264985118157	59.3233269075919	10750	10751	OOA
42589	5	3962	True	52.3013414494882	35.177691114089	27986	27987	YAM
34251	3	12649	True	39.7138472497532	37.0462489319039	22880	22881	ANA
38228	2	8703	True	55.8462067027643	40.9804326578863	25218	25219	EHG
6983	1	42254	True	33.4508953608384	51.5996061600469	5202	5203	OOA
38982	4	8022	True	44.9272870124663	24.1981606507835	25668	25669	EUR
751	1	50055	True	27.5432720411528	31.7330339528549	514	515	OOA
44961	4	1340	True	44.5892258524357	23.1204001038838	29558	29559	EUR
19560	1	27029	True	37.5744171212309	60.9996061629133	14320	14321	OOA
16354	1	30488	True	40.3068627807069	56.554250557344	12242	12243	OOA
30590	2	16245	True	58.837513152198	36.3977020963343	20776	20777	EHG
11992	1	35873	True	42.0797331646003	62.6207399334046	8916	8917	OOA
16787	1	29944	True	41.934376332249	57.5268880348625	12566	12567	OOA
33863	2	13037	True	57.2249209116982	30.2355729944863	22658	22659	EHG
26559	2	20208	True	60.7483831287544	41.4468770298705	18418	18419	EHG
24494	4	22239	True	51.4799548696668	22.3392872956305	17198	17199	EUR
22084	3	24564	True	38.4931212669974	33.4679446065114	15758	15759	ANA
2163	1	48276	True	29.8220286982419	38.4671910666354	1590	1591	OOA
44537	4	1860	True	48.9994942149177	13.4614648141048	29256	29257	EUR
38387	4	8553	True	46.413064411078	22.0764702333385	25334	25335	EUR
7548	1	41498	True	37.1736974459624	56.3703737317458	5632	5633	OOA
39157	3	7853	True	39.2446630838214	34.3331115478826	25764	25765	ANA
4595	1	45287	True	31.8034912997987	45.9397839845004	3386	3387	OOA
32299	2	14561	True	55.6023469944847	32.8718509629483	21744	21745	EHG
40024	3	6949	True	39.1485216807078	40.5153066424842	26304	26305	ANA
41559	3	5304	True	36.4243689104115	37.2427991325594	27264	27265	ANA
20081	1	26489	True	41.4104489214855	59.2436338478197	14636	14637	OOA
15924	1	31061	True	39.0267223091058	58.9149896802496	11910	11911	OOA
20419	2	26164	True	60.1274411837464	44.8046592896311	14844	14845	EHG
34631	4	12238	True	49.4629127647245	22.7696788446317	23118	23119	EUR
23115	3	23568	True	39.4462944220255	29.0711553430758	16388	16389	ANA
45246	4	809	True	48.4365006035264	6.43613435887628	29830	29831	EUR
7439	1	41637	True	34.3792698050836	55.448806978539	5556	5557	OOA
5637	1	43967	True	31.9881603216145	52.6254695620609	4188	4189	OOA
31098	4	15715	True	46.9549199845832	16.6155445258523	21086	21087	EUR
5852	1	43681	True	31.0118049115272	48.5782388306752	4364	4365	OOA
35062	3	11811	True	36.7863458040247	29.7914877790172	23370	23371	ANA
41891	3	4851	True	41.711943605377	21.7170554679827	27502	27503	ANA
26561	2	20203	True	55.8224596129315	36.5687558244382	18422	18423	EHG
40752	3	6199	True	48.0629527569835	19.2943669679829	26744	26745	ANA
18058	1	28400	True	39.2321028163589	57.674134318775	13498	13499	OOA
685	1	50126	True	29.9397161723177	33.8462584599761	468	469	OOA
12026	1	35828	True	38.1378844458307	60.2152751532435	8956	8957	OOA
42405	4	4197	True	53.1739307492172	23.2714717533779	27870	27871	EUR
14278	1	33145	True	38.1462984007273	56.4809772777795	10654	10655	OOA
6841	1	42410	True	34.4769049132363	48.9715345827312	5088	5089	OOA
9003	1	39711	True	37.292930433133	60.6044928550557	6702	6703	OOA
15276	1	31843	True	39.813543525815	62.7629234749609	11402	11403	OOA
29596	3	17174	True	40.411492252236	35.7361416404021	20188	20189	ANA
29738	3	17062	True	39.1961118648222	30.2354494575856	20282	20283	ANA
38875	2	8120	True	56.9560652295518	41.7234364080021	25586	25587	EHG
13535	1	34022	True	42.0540990950507	60.7898036009704	10098	10099	OOA
125	1	50876	True	27.7830537070798	32.8333572747512	52	53	OOA
35088	4	11762	True	49.0344691436723	12.9085382275954	23400	23401	EUR
17123	1	29513	True	40.3558949951433	62.3537573889647	12824	12825	OOA
30344	3	16492	True	36.8965947832333	36.9456137832754	20630	20631	ANA
10658	1	37600	True	38.8405545121882	61.9591091608797	7944	7945	OOA
435	1	50458	True	30.9164225707727	35.4722464982521	288	289	OOA
25629	4	21146	True	47.0682114526033	19.3485144232856	17872	17873	EUR
40748	3	6201	True	41.2077028586873	22.7016565784543	26742	26743	ANA
17231	1	29378	True	38.4369950648859	60.385034348091	12906	12907	OOA
11362	1	36763	True	40.2355295552412	60.5437951389591	8448	8449	OOA
34309	3	12576	True	39.9001269661048	35.2868627032277	22918	22919	ANA
18108	1	28343	True	40.9149374989267	59.7142592654657	13532	13533	OOA
28080	3	18738	True	40.9913672795339	30.1904688305835	19320	19321	ANA
29033	4	17726	True	47.7371462134835	12.3936111496107	19880	19881	EUR
37853	2	9066	True	58.313024498654	47.4919305267634	24990	24991	EHG
24761	4	21997	True	48.6397532251586	17.4762466250719	17360	17361	EUR
44904	4	1412	True	50.0409541485649	16.6207348928667	29514	29515	EUR
21650	2	24962	True	55.4230494096191	45.2045815465406	15544	15545	EHG
19385	2	27208	True	59.3167613800792	34.623757151529	14214	14215	EHG
20881	1	25692	True	39.7458388500764	57.5235742472178	15110	15111	OOA
41791	3	4993	True	45.0421584359144	15.8531883179551	27432	27433	ANA
2062	1	48395	True	27.7825635018954	36.0774047025819	1502	1503	OOA
30419	3	16422	True	38.3799183704129	35.0894467137669	20684	20685	ANA
37086	3	9829	True	41.0981777806766	35.2919853610605	24512	24513	ANA
41850	3	4902	True	39.2287586474466	27.1484694594215	27472	27473	ANA
6191	1	43249	True	29.1515022876327	52.2191126202112	4610	4611	OOA
15144	1	31985	True	38.7516692847258	59.3555431108746	11310	11311	OOA
15001	1	32203	True	37.5304747177549	60.0722259607842	11202	11203	OOA
31533	3	15323	True	39.6683277794621	35.5757141553949	21304	21305	ANA
10121	1	38271	True	40.1754744354028	62.3569241862896	7516	7517	OOA
80	1	50935	True	29.4469907267925	35.1018834400781	16	17	OOA
9074	1	39586	True	41.800123287436	60.5910213466027	6752	6753	OOA
22086	2	24547	True	57.9218287054192	30.57475418227	15772	15773	EHG
27029	2	19738	True	53.7165324408055	49.3931326972909	18690	18691	EHG
26898	3	19878	True	38.8212457366311	37.375167036459	18608	18609	ANA
8385	1	40454	True	38.4484182702083	55.8637922687838	6234	6235	OOA
43976	4	2454	True	48.3679275203562	21.3811500846484	28874	28875	EUR
11828	1	36123	True	42.2447167761335	63.2991453108657	8818	8819	OOA
42998	5	3519	True	56.3291205792039	23.7147324172222	28250	28251	YAM
20646	1	25930	True	39.9866570947283	63.2328801397898	14964	14965	OOA
1647	1	48969	True	31.0590225525893	35.0929002237461	1198	1199	OOA
7338	1	41784	True	35.2486552788792	54.323167711769	5464	5465	OOA
7569	1	41469	True	33.4930461329404	58.1935479904161	5644	5645	OOA
4379	1	45528	True	31.0800991301658	45.74226085604	3228	3229	OOA
27112	3	19669	True	38.7393230568739	32.1714157730469	18736	18737	ANA
9439	1	39120	True	41.3409751047279	57.6081174151422	7046	7047	OOA
42347	5	4263	True	57.6779862297729	32.6452235231135	27834	27835	YAM
2572	1	47771	True	29.8337648807772	41.3005437446963	1896	1897	OOA
15983	1	30972	True	42.8152753402938	61.0485086509333	11958	11959	OOA
35035	3	11841	True	38.0293111602181	39.292879131482	23352	23353	ANA
13726	1	33782	True	43.0490053094462	58.1688184927245	10256	10257	OOA
5842	1	43692	True	29.7585949982782	50.5035060235843	4344	4345	OOA
16512	1	30315	True	37.8938245661326	59.8207158995643	12346	12347	OOA
23561	2	23079	True	59.9712545837438	52.9683654775109	16646	16647	EHG
36550	3	10339	True	37.2470714799243	35.9797931692104	24216	24217	ANA
43191	5	3333	True	51.1626162759866	28.1198669023598	28378	28379	YAM
6009	1	43468	True	30.7951836154181	51.2669498767349	4466	4467	OOA
3429	1	46735	True	29.5609287415629	41.6118830680559	2530	2531	OOA
12867	1	34804	True	39.6199353754019	58.4624628421762	9574	9575	OOA
1233	1	49483	True	28.732859951674	36.3768745566289	876	877	OOA
42786	4	3741	True	49.0716534984369	14.1085527543206	28092	28093	EUR
4356	1	45549	True	30.6754500868474	41.6094798911382	3204	3205	OOA
45051	4	1181	True	49.9834051732918	7.56729723864326	29630	29631	EUR
45333	4	559	True	51.6477244643278	18.806877906024	29970	29971	EUR
2740	1	47580	True	29.2342308080544	37.5949665053911	2012	2013	OOA
23106	3	23574	True	39.2619813263803	31.7721124519788	16382	16383	ANA
29978	3	16846	True	36.2101319998562	38.1542148952744	20422	20423	ANA
17721	1	28813	True	38.0482430017326	60.2693232418477	13260	13261	OOA
2085	1	48378	True	30.5387261344947	34.920688323561	1512	1513	OOA
12864	1	34816	True	42.130621170497	57.41259993034	9568	9569	OOA
7251	1	41877	True	36.8549021373358	57.6940026027992	5402	5403	OOA
10660	1	37592	True	37.8272860057463	60.6354538907315	7948	7949	OOA
34045	4	12853	True	48.06646999106	23.3277083079726	22768	22769	EUR
40845	4	6094	True	44.9697098361613	3.21344223522162	26814	26815	EUR
20246	3	26362	True	39.5409396395726	39.4786860393154	14710	14711	ANA
38265	3	8672	True	40.9605816066541	35.327422469687	25238	25239	ANA
14998	1	32214	True	40.7603597330239	58.3583489147119	11196	11197	OOA
4646	1	45220	True	31.1918273155025	44.1395338070919	3432	3433	OOA
9285	1	39314	True	39.6419330559208	63.0204059625385	6912	6913	OOA
6840	1	42411	True	32.8077708660914	55.6625435990516	5086	5087	OOA
40573	3	6380	True	46.8862491800964	17.4095236899056	26644	26645	ANA
3652	1	46458	True	29.7858789186104	41.1312056007745	2690	2691	OOA
8078	1	40836	True	36.5414885058535	57.3581765144271	6026	6027	OOA
19355	2	27248	True	53.336981979488	50.901335444203	14196	14197	EHG
10334	1	38033	True	40.0812046003766	62.2347075980229	7682	7683	OOA
1003	1	49776	True	32.6997222681335	35.4427981945578	710	711	OOA
32809	3	14119	True	40.2873819240883	31.3562375433867	22032	22033	ANA
45050	4	1182	True	47.2948800537637	13.5549309785893	29628	29629	EUR
8592	1	40180	True	36.3978577389795	57.9195694069728	6406	6407	OOA
4469	1	45418	True	31.6306600312835	44.7837838839407	3292	3293	OOA
2836	1	47475	True	28.4450913641809	38.4840116325223	2080	2081	OOA
14558	1	32787	True	38.8126065249057	60.8083843881972	10888	10889	OOA
12919	1	34763	True	40.6682763570863	62.2664514482942	9606	9607	OOA
3024	1	47248	True	30.1118092833015	38.294304965714	2234	2235	OOA
13138	1	34504	True	40.1824001771279	60.167807089612	9780	9781	OOA
42883	4	3641	True	46.2466210312994	10.5029792410626	28162	28163	EUR
7715	1	41271	True	36.9827111659105	56.2028160895187	5758	5759	OOA
10292	1	38079	True	37.6711647557578	58.7684484213466	7656	7657	OOA
30449	2	16403	True	60.5506370755169	43.0348399589754	20700	20701	EHG
24395	2	22338	True	58.4509592287995	37.0893810501621	17134	17135	EHG
35430	2	11430	True	61.4395573208733	39.0823986754181	23590	23591	EHG
27143	4	19618	True	51.4645631764443	18.2669277420295	18764	18765	EUR
12173	1	35648	True	38.069337874927	62.8683810593734	9056	9057	OOA
27526	2	19266	True	60.9447270227432	37.953913582977	18994	18995	EHG
5497	1	44136	True	31.8775244138583	47.7971216893948	4086	4087	OOA
14664	1	32643	True	41.295279322401	61.9063450290558	10966	10967	OOA
3795	1	46247	True	29.054431811122	42.3177042338099	2802	2803	OOA
17431	1	29127	True	37.8193301109369	59.6731409051241	13048	13049	OOA
13107	1	34547	True	39.7366327467383	58.8250390034402	9750	9751	OOA
22993	3	23694	True	37.8458040876464	36.2888518516002	16298	16299	ANA
36051	2	10812	True	56.9461629307061	35.8227065442293	23946	23947	EHG
10611	1	37670	True	39.8289458458948	59.4289439700715	7904	7905	OOA
44316	4	2098	True	51.4931749412925	19.9061892629795	29126	29127	EUR
39614	4	7351	True	47.0294247239831	25.2951597508905	26076	26077	EUR
35671	4	11169	True	44.454117333882	27.5018073321203	23712	23713	EUR
35346	4	11520	True	43.7240665002859	19.8594488842401	23538	23539	EUR
20490	2	26092	True	58.7301690286525	33.1721054283264	14878	14879	EHG
44192	4	2228	True	49.9072017790122	21.4629320549746	29014	29015	EUR
5989	1	43514	True	31.1106229089738	54.9067785451667	4454	4455	OOA
1995	1	48489	True	31.5435414864737	35.8393446271885	1454	1455	OOA
13956	1	33532	True	39.5738760591267	57.285159169702	10408	10409	OOA
14313	1	33094	True	39.3025900319959	61.4686286825613	10694	10695	OOA
17048	1	29615	True	39.0255646776041	58.7103458589185	12776	12777	OOA
22454	4	24196	True	49.8428461068822	24.2398540235196	15996	15997	EUR
42968	5	3543	True	49.7215570093143	28.3325640568862	28232	28233	YAM
20784	1	25776	True	37.343551611069	59.2184478485415	15050	15051	OOA
10335	1	38028	True	42.4396487915745	60.3390870655914	7684	7685	OOA
12195	1	35631	True	39.6868876396221	57.9756043146087	9068	9069	OOA
42490	5	4077	True	53.7233852336014	30.3531852845544	27932	27933	YAM
20238	2	26358	True	57.9812577353877	37.9840415108214	14714	14715	EHG
22250	3	24406	True	36.6967352685063	33.9983467860352	15860	15861	ANA
8506	1	40293	True	36.9778960899892	56.5515771472967	6344	6345	OOA
20932	2	25638	True	56.1980503889818	28.6037057339563	15130	15131	EHG
27926	2	18886	True	60.130901067549	41.8590871732779	19242	19243	EHG
43821	5	2625	True	52.0839607853549	19.8016899581514	28784	28785	YAM
44853	4	1470	True	41.541840057675	25.9758215947146	29468	29469	EUR
3354	1	46838	True	28.2244466135969	38.0151743590062	2482	2483	OOA
4885	1	44884	True	30.6282972952914	47.2661495338684	3612	3613	OOA
13578	1	33979	True	40.9344334129934	63.1050967003336	10136	10137	OOA
2996	1	47285	True	28.9632495480659	41.2291337112825	2202	2203	OOA
39932	3	7042	True	39.144845767105	35.0740039902076	26252	26253	ANA
25289	3	21501	True	36.5492024672257	37.6694129968184	17658	17659	ANA
33635	3	13277	True	39.2599431883373	33.7256622170736	22520	22521	ANA
43622	5	2867	True	50.2328922092385	19.5936752968373	28652	28653	YAM
41185	3	5752	True	45.6224006518437	27.991495208179	27016	27017	ANA
1731	1	48854	True	28.1806270552319	37.6346493853542	1262	1263	OOA
32650	2	14261	True	58.692919374322	37.4628746404654	21938	21939	EHG
925	1	49868	True	29.9924493817701	29.1880676422141	642	643	OOA
31071	2	15764	True	57.0003917742751	52.2423890949631	21052	21053	EHG
24959	4	21777	True	52.1272399191793	17.2024224123021	17484	17485	EUR
33740	2	13152	True	54.2251834419504	36.9980233320412	22594	22595	EHG
31890	4	14987	True	47.816763514935	22.473148407778	21518	21519	EUR
20853	2	25726	True	58.4748243393886	34.323824419925	15090	15091	EHG
6264	1	43146	True	31.0788894504427	49.5999979390329	4672	4673	OOA
13111	1	34538	True	42.0675297940679	62.477124702768	9758	9759	OOA
1695	1	48896	True	30.3355948486825	33.9977365341291	1236	1237	OOA
35185	3	11680	True	39.6511856259319	37.1930920265062	23440	23441	ANA
33378	3	13541	True	39.7839202605678	29.2893102784753	22376	22377	ANA
7279	1	41861	True	33.3375915478713	55.9198915774702	5420	5421	OOA
9258	1	39328	True	39.8926829581188	60.291286605893	6900	6901	OOA
24534	4	22195	True	44.5900574558948	18.7742290139805	17220	17221	EUR
23721	2	22927	True	57.3480022331826	50.8563575367968	16738	16739	EHG
10472	1	37847	True	40.7734562740366	55.0904924845603	7790	7791	OOA
5568	1	44041	True	30.6442137149785	48.4320763824703	4144	4145	OOA
16682	1	30082	True	41.9749132385845	59.6383304644954	12474	12475	OOA
45223	4	864	True	50.4443081238393	15.4836394739699	29798	29799	EUR
35456	4	11408	True	48.4057340445704	26.0255998307071	23614	23615	EUR
42218	5	4424	True	52.8146953108972	30.2091858009462	27734	27735	YAM
14343	1	33064	True	38.8908664571657	64.1745949023155	10714	10715	OOA
13328	1	34273	True	39.8712713261287	60.7839371908528	9934	9935	OOA
33685	4	13203	True	48.9377146030025	7.01573351295139	22572	22573	EUR
2790	1	47525	True	27.3181615243239	39.7765603151015	2042	2043	OOA
35494	2	11383	True	53.4727171758317	48.5309355863575	23624	23625	EHG
33022	2	13901	True	57.6610057081624	43.0209965002626	22178	22179	EHG
5751	1	43821	True	30.7563129782405	51.0481929439679	4272	4273	OOA
24762	2	22006	True	58.1973973517355	38.4043855417146	17348	17349	EHG
43514	5	3000	True	49.0572085817045	20.7543393536782	28582	28583	YAM
11518	1	36569	True	42.3072639041603	57.6553740041786	8584	8585	OOA
18914	3	27698	True	37.7379909916524	31.9648813206377	13934	13935	ANA
15273	1	31852	True	40.7116691766987	63.2175737891918	11396	11397	OOA
11051	1	37126	True	39.2635372249423	60.8972103440233	8214	8215	OOA
10469	1	37848	True	40.503723772717	56.7843849705131	7784	7785	OOA
41794	4	4990	True	50.0976192723103	15.8745034637631	27436	27437	EUR
5560	1	44062	True	31.7589414540219	51.5367607964867	4128	4129	OOA
9895	1	38523	True	39.7154410134609	61.9567625210055	7354	7355	OOA
36082	2	10785	True	55.5079713251542	55.7923891874888	23958	23959	EHG
29590	2	17163	True	56.6276313510217	52.9906746950022	20196	20197	EHG
42853	5	3655	True	53.8686992165632	32.5250525898633	28154	28155	YAM
10063	1	38337	True	43.2268570741482	61.1124233566243	7482	7483	OOA
16911	1	29792	True	39.6641452047016	63.5961202291423	12656	12657	OOA
5757	1	43807	True	29.6674130707702	53.1055222397956	4284	4285	OOA
31216	4	15601	True	45.7397043613389	5.57257548297244	21154	21155	EUR
10818	1	37431	True	38.8985887582008	63.1943040985598	8040	8041	OOA
45148	4	1016	True	49.5880494948338	19.000025720755	29720	29721	EUR
25876	2	20932	True	62.4656394134278	39.6055119164854	18006	18007	EHG
28044	3	18771	True	38.192372487622	38.8855636184757	19304	19305	ANA
34896	4	11968	True	46.0256589623164	20.358325105904	23294	23295	EUR
15851	1	31158	True	41.9649538635036	61.072778319326	11850	11851	OOA
8394	1	40438	True	40.5424710336006	56.672917778931	6252	6253	OOA
28223	2	18567	True	58.1960625440131	42.8486593572698	19404	19405	EHG
15472	1	31597	True	40.6400329179298	58.9413579360337	11550	11551	OOA
253	1	50724	True	28.9039458964661	31.0207408082629	132	133	OOA
29278	4	17488	True	49.0854278801265	6.01840758393605	20022	20023	EUR
18117	1	28324	True	41.3241197551708	63.2595218999943	13550	13551	OOA
28769	3	18011	True	39.8970767783759	32.1486650231062	19732	19733	ANA
43608	5	2881	True	48.6738665766681	20.5514265154142	28644	28645	YAM
28794	4	17972	True	53.5404256283149	18.6755892343199	19748	19749	EUR
8434	1	40377	True	38.4796966317076	54.9717642135399	6290	6291	OOA
19638	2	26952	True	55.0013446192419	50.1090205520697	14344	14345	EHG
6433	1	42895	True	31.7988357697132	55.6815258892983	4788	4789	OOA
30269	4	16536	True	45.4386221400024	15.1974381051169	20596	20597	EUR
23629	2	23021	True	57.9202383674474	55.0451846231976	16680	16681	EHG
43227	5	3296	True	52.1610643283839	25.0197515188883	28398	28399	YAM
35997	3	10878	True	38.1128302456983	31.8038872331551	23904	23905	ANA
13240	1	34375	True	42.2984740248282	58.3467537063546	9874	9875	OOA
45093	4	1129	True	44.5764137417406	2.06504200546707	29662	29663	EUR
21679	2	24944	True	57.7244115662107	32.102543040582	15560	15561	EHG
17203	1	29424	True	40.9160756205362	58.9701493935671	12880	12881	OOA
16125	1	30805	True	40.4643857814265	59.8758842210538	12054	12055	OOA
10630	1	37643	True	39.9690397659334	60.0222530255943	7920	7921	OOA
14703	1	32587	True	43.047844649997	59.4514173633416	11000	11001	OOA
10691	1	37562	True	39.4387055475789	58.7563030411213	7964	7965	OOA
4999	1	44767	True	27.9120247763219	46.3389356062009	3698	3699	OOA
27229	4	19527	True	43.4188291658418	5.3509061267755	18818	18819	EUR
20566	3	26031	True	37.4393652354419	34.5633856121331	14916	14917	ANA
5592	1	44022	True	32.6728498914855	52.8916205512267	4156	4157	OOA
38523	2	8416	True	55.5179353161209	52.5793888522053	25408	25409	EHG
5429	1	44220	True	31.9842689585132	52.2189403851366	4024	4025	OOA
38470	3	8469	True	39.5966063120406	40.4795087825572	25368	25369	ANA
23724	2	22919	True	55.996367613259	33.0456957035187	16744	16745	EHG
25226	3	21557	True	38.6090252411621	35.3111864835748	17628	17629	ANA
310	1	50632	True	30.1603779459288	32.0954906092033	170	171	OOA
41735	4	5069	True	43.6390838310035	21.2606329425629	27402	27403	EUR
9254	1	39351	True	38.2104703905976	61.8161682583848	6892	6893	OOA
16981	1	29697	True	39.24495195479	56.9458065686307	12722	12723	OOA
5471	1	44163	True	30.6790814513885	52.2692427621505	4060	4061	OOA
36592	4	10260	True	52.8982531717667	6.85369857500285	24262	24263	EUR
2816	1	47493	True	31.4656035591207	41.2602801809536	2066	2067	OOA
28341	4	18448	True	48.7883432505782	15.2030085931626	19480	19481	EUR
23110	4	23550	True	46.3921267206483	20.4058355638664	16402	16403	EUR
34142	2	12760	True	62.0502329642066	34.24027985709	22826	22827	EHG
17976	1	28476	True	43.0854625758836	61.4846860346351	13456	13457	OOA
32094	2	14762	True	55.4357872903269	49.6491329768578	21630	21631	EHG
22484	4	24157	True	50.342823188122	2.87205688205705	16024	16025	EUR
39317	3	7658	True	36.3716267647919	36.6783200958878	25876	25877	ANA
4739	1	45074	True	28.5473869211069	45.6584835229836	3514	3515	OOA
14595	1	32754	True	41.8587166138402	56.745160128998	10910	10911	OOA
27523	4	19255	True	44.0399035741644	23.8435283787631	19002	19003	EUR
17794	1	28721	True	41.5165707944243	61.9212635618558	13322	13323	OOA
19704	3	26901	True	39.7219657348437	38.765780463503	14378	14379	ANA
12167	1	35663	True	36.9301932660621	61.1772894489252	9044	9045	OOA
12709	1	34991	True	42.310633839104	60.2473904913623	9454	9455	OOA
4051	1	45934	True	30.8775260177994	46.4018993014158	2992	2993	OOA
31186	3	15648	True	37.8041513505383	40.6845971740753	21120	21121	ANA
13724	1	33784	True	40.4702837822073	56.1115584221034	10252	10253	OOA
27832	3	18975	True	40.5377520357915	34.7145453177731	19184	19185	ANA
1773	1	48794	True	28.8204134003155	35.947888707452	1298	1299	OOA
42889	5	3627	True	50.8919686513775	28.9989716391784	28178	28179	YAM
23027	2	23648	True	55.8248824413708	51.5870231909311	16332	16333	EHG
22936	3	23750	True	37.8484099236331	39.265893485169	16266	16267	ANA
16980	1	29705	True	40.183033732365	57.649817726905	12720	12721	OOA
36710	4	10135	True	49.8321512056387	20.1857318261341	24326	24327	EUR
28821	3	17963	True	36.7736830409122	29.942580603732	19754	19755	ANA
25898	4	20894	True	45.2554910820089	26.4618723739852	18022	18023	EUR
1578	1	49049	True	28.3162189305375	36.0877864477282	1152	1153	OOA
7461	1	41607	True	34.176452262537	54.0245446226473	5574	5575	OOA
14581	1	32759	True	38.5833098234392	56.8115527938726	10906	10907	OOA
7363	1	41731	True	36.4638369701522	54.6663569614385	5496	5497	OOA
33250	4	13660	True	50.3169458794175	25.8009460967485	22322	22323	EUR
44791	4	1577	True	46.4063985319556	9.56378792738782	29424	29425	EUR
22852	4	23815	True	48.639600124686	27.7224390372686	16238	16239	EUR
18136	1	28314	True	39.941120135852	62.162037779593	13556	13557	OOA
8127	1	40788	True	38.4441547394333	58.7798080377008	6066	6067	OOA
5499	1	44131	True	31.5795389220085	51.2167795389023	4090	4091	OOA
36819	2	10048	True	57.5323997557784	42.0981543470115	24380	24381	EHG
44852	4	1484	True	45.136689542906	25.7231830235693	29466	29467	EUR
4828	1	44957	True	28.7074038594164	45.5445351075679	3572	3573	OOA
45328	4	582	True	45.8176169361654	6.60344585687749	29962	29963	EUR
19035	2	27583	True	60.0738564105014	53.1994579343758	14000	14001	EHG
38068	2	8861	True	59.3164532027318	29.9196896502248	25116	25117	EHG
23633	3	23024	True	38.2348373969756	27.3740428954309	16678	16679	ANA
26292	2	20471	True	60.9897871566143	43.881741082909	18272	18273	EHG
6765	1	42506	True	33.0350775244877	54.7435673505157	5042	5043	OOA
5707	1	43861	True	32.7725395806433	50.3263468354778	4254	4255	OOA
1997	1	48488	True	29.5130461725652	37.9255810151036	1458	1459	OOA
35040	3	11830	True	35.3507250266285	37.4972769353866	23356	23357	ANA
27028	2	19739	True	56.22605589548	48.9105687670842	18688	18689	EHG
8414	1	40409	True	41.0602521577022	57.6623515194161	6272	6273	OOA
36329	4	10535	True	47.3371517384385	27.5206877770467	24110	24111	EUR
34797	4	12062	True	47.5725235872819	21.3522998781634	23208	23209	EUR
44369	4	2060	True	45.782866559197	25.4218171666177	29148	29149	EUR
24789	3	21972	True	38.3283130359176	35.5858131845978	17368	17369	ANA
28635	4	18151	True	50.3133703994416	11.3650410507306	19654	19655	EUR
952	1	49845	True	27.3182074995324	33.0913209254425	660	661	OOA
719	1	50093	True	29.8875771580179	33.7513684288214	486	487	OOA
39495	2	7484	True	56.1618273443916	43.05412347687	25996	25997	EHG
17867	1	28624	True	39.6277891284623	56.5750782733596	13374	13375	OOA
15497	1	31576	True	38.5210022760463	60.4272377970725	11564	11565	OOA
11821	1	36143	True	42.9701383291356	57.8783439680357	8804	8805	OOA
41486	5	5367	True	55.1254938065591	47.32918895504	27232	27233	YAM
25540	3	21265	True	38.3818228340143	31.3405546607729	17796	17797	ANA
29442	3	17334	True	41.4167719404009	36.5452429563815	20108	20109	ANA
4052	1	45927	True	31.8560042456211	44.5731158961305	2994	2995	OOA
21477	2	25100	True	61.7308232691895	43.2796088810858	15478	15479	EHG
30180	3	16643	True	37.2387794457623	39.0737640982883	20538	20539	ANA
16409	1	30442	True	39.5371642454404	55.447490808444	12282	12283	OOA
1230	1	49489	True	30.8064969071277	30.9305791402656	870	871	OOA
1305	1	49402	True	29.6113319357513	31.1521824534936	926	927	OOA
40031	2	6935	True	58.4677798490401	50.8566669168766	26314	26315	EHG
13556	1	33999	True	40.3900123073364	57.9946704708255	10118	10119	OOA
1771	1	48797	True	31.2435664982809	36.4098605851193	1294	1295	OOA
22308	2	24340	True	58.1292532522505	36.7484986141347	15904	15905	EHG
11477	1	36628	True	38.7505982854474	57.6834172015109	8544	8545	OOA
6267	1	43136	True	31.1491169948677	52.3603963681331	4678	4679	OOA
30309	4	16497	True	44.7062938586986	19.6785676407827	20624	20625	EUR
29774	2	17021	True	60.8213667681001	49.4947484147127	20308	20309	EHG
14150	1	33306	True	42.3244052186968	61.4907974946776	10568	10569	OOA
15328	1	31787	True	41.2067444466609	55.3319250138785	11436	11437	OOA
20038	3	26556	True	38.263636035891	36.2077366964457	14600	14601	ANA
29884	4	16916	True	50.1656218601701	6.422215463073	20370	20371	EUR
11079	1	37080	True	41.1092782006374	60.4794782768315	8250	8251	OOA
17844	1	28649	True	40.6622457408205	57.011290090533	13360	13361	OOA
33598	2	13300	True	62.6386182060089	45.4667649167689	22502	22503	EHG
16102	1	30817	True	39.4324133298969	64.1521041467475	12038	12039	OOA
6461	1	42870	True	31.1382335130927	53.3123792222267	4814	4815	OOA
28283	2	18524	True	56.3902089793702	48.7453836235509	19438	19439	EHG
29185	2	17583	True	59.9000631240113	43.4561619480995	19970	19971	EHG
19528	2	27063	True	56.7437261428381	32.7640054176517	14290	14291	EHG
25120	3	21653	True	37.2305972999478	36.7548069787365	17570	17571	ANA
13134	1	34522	True	41.9254100082107	62.3680756830244	9772	9773	OOA
12323	1	35460	True	41.2830786319438	60.3579701397131	9164	9165	OOA
10692	1	37562	True	39.321818994264	60.7818319223864	7966	7967	OOA
267	1	50691	True	29.2536698753989	32.8314110855639	146	147	OOA
1346	1	49351	True	32.2371968488438	34.7633765605002	968	969	OOA
2635	1	47697	True	33.17626053474	39.2252208135057	1946	1947	OOA
4409	1	45493	True	32.0786461798865	42.4318133418588	3246	3247	OOA
18916	2	27692	True	59.9140137307166	40.6312134263658	13940	13941	EHG
35923	2	10938	True	59.2289138856908	44.7927675763723	23868	23869	EHG
2543	1	47813	True	30.7963019157195	39.176701297596	1870	1871	OOA
37124	4	9777	True	46.1361109191687	21.3005260818359	24562	24563	EUR
32339	2	14528	True	58.8632704271874	27.7276096935559	21770	21771	EHG
23363	2	23300	True	62.8658433255356	43.7421634073577	16528	16529	EHG
29810	3	17005	True	40.7801250189706	32.1888705718262	20314	20315	ANA
9994	1	38422	True	37.2589906801715	61.894209147731	7416	7417	OOA
20690	3	25885	True	40.6307594406092	33.4833898096533	14990	14991	ANA
28257	2	18550	True	59.4994314648649	49.9087029287078	19420	19421	EHG
42685	5	3848	True	52.9665616580709	30.3277745074774	28042	28043	YAM
17471	1	29090	True	37.9044159694026	61.8995233006706	13078	13079	OOA
34148	4	12749	True	47.1859342063422	23.4980920564647	22834	22835	EUR
754	1	50047	True	30.5868889618338	33.9674893484515	520	521	OOA
16740	1	30025	True	37.989457839783	58.0511691134826	12520	12521	OOA
2158	1	48289	True	28.9594439893287	35.978307518697	1580	1581	OOA
5374	1	44295	True	30.7417693537723	47.0049594511029	3970	3971	OOA
11543	1	36538	True	38.0090575255831	60.830494113354	8602	8603	OOA
6949	1	42286	True	31.911541302768	52.448439381252	5172	5173	OOA
15648	1	31392	True	40.3161531888948	59.8562442401788	11684	11685	OOA
15350	1	31762	True	41.2603487915763	57.5439376710909	11448	11449	OOA
24630	4	22107	True	49.1156191962768	23.5791205832832	17276	17277	EUR
23509	4	23131	True	40.1967893076263	-3.32116562087472	16620	16621	EUR
5593	1	44022	True	32.0214262916294	50.765261490144	4158	4159	OOA
33476	4	13407	True	53.5585567431892	20.2576595374593	22450	22451	EUR
44625	4	1774	True	49.2186766728053	19.4017702810028	29328	29329	EUR
25129	2	21642	True	58.9356230895159	29.4668054415355	17584	17585	EHG
5596	1	44006	True	31.7931389398761	47.20373996055	4164	4165	OOA
34572	4	12299	True	47.7755256261319	19.0343175455231	23082	23083	EUR
4610	1	45261	True	31.0571522822826	49.399221747822	3394	3395	OOA
40027	2	6938	True	59.2005170536867	52.435165124251	26312	26313	EHG
42939	5	3588	True	51.2667035842775	30.5428419823657	28206	28207	YAM
998	1	49781	True	27.7381254183726	30.9063860154933	700	701	OOA
41093	5	5824	True	54.5426327953005	42.1168526820615	26970	26971	YAM
25601	4	21190	True	45.5021942748407	6.65323583607647	17844	17845	EUR
10194	1	38160	True	41.7567280760036	55.4381446489102	7582	7583	OOA
8173	1	40709	True	37.2588031065776	59.4625080469266	6098	6099	OOA
16633	1	30130	True	40.7395041615748	60.4157552552429	12450	12451	OOA
184	1	50813	True	29.711506364041	29.9184247750154	90	91	OOA
7047	1	42169	True	38.0326774868445	56.8873629613853	5254	5255	OOA
12970	1	34700	True	38.4565000475776	61.6716055891412	9650	9651	OOA
17404	1	29174	True	40.5032267762422	61.3015393720877	13026	13027	OOA
36627	3	10253	True	38.6609484483736	35.5420529564577	24268	24269	ANA
13108	1	34542	True	41.5168438898437	63.9222957063272	9752	9753	OOA
19835	2	26763	True	56.276901851336	44.8359961838342	14470	14471	EHG
16152	1	30762	True	38.8729843335054	56.5784519339873	12076	12077	OOA
35401	2	11475	True	61.4467350764958	33.5405894227981	23566	23567	EHG
28890	3	17904	True	36.9697116917515	37.0559922925161	19790	19791	ANA
39477	2	7507	True	58.2207403561029	32.3841394677594	25984	25985	EHG
13208	1	34415	True	38.1377399697426	56.6623793261096	9838	9839	OOA
4257	1	45680	True	33.3713801419219	45.6503951084294	3140	3141	OOA
15857	1	31137	True	42.0735357060829	58.3214166417992	11862	11863	OOA
10878	1	37333	True	37.159320249299	59.9683538100253	8092	8093	OOA
11848	1	36087	True	41.2142234575423	59.686985221719	8828	8829	OOA
96	1	50934	True	31.2951933865766	30.5739536108873	18	19	OOA
7340	1	41781	True	34.3371143447163	52.7973394021222	5468	5469	OOA
26070	3	20754	True	38.3393625021658	26.8662462454561	18136	18137	ANA
38412	3	8525	True	39.0357244218713	28.6100511843404	25338	25339	ANA
28075	3	18742	True	37.9586440783929	30.0897250725899	19318	19319	ANA
8790	1	39969	True	39.2698167695349	61.3802549556572	6560	6561	OOA
40721	2	6219	True	55.6292706749766	40.4042463795246	26734	26735	EHG
23259	4	23405	True	52.1705235849107	11.7658666301698	16478	16479	EUR
43787	4	2691	True	50.4321885803115	8.19505040126162	28760	28761	EUR
26653	2	20109	True	57.5630823940629	46.0468990072036	18474	18475	EHG
3797	1	46245	True	30.7775398666328	43.6376812762876	2806	2807	OOA
32931	4	13992	True	43.5336566088787	19.1165792342301	22126	22127	EUR
19636	3	26955	True	40.4006186979006	35.1073683196828	14340	14341	ANA
42880	4	3647	True	49.7520648442058	10.5487537419657	28158	28159	EUR
20349	3	26236	True	40.3359196039254	33.6843515871946	14788	14789	ANA
32277	4	14577	True	45.4518490246376	19.758294315034	21740	21741	EUR
31793	2	15078	True	53.6489566707828	49.7080430964829	21444	21445	EHG
24531	3	22214	True	35.6749546464128	36.1465384714018	17208	17209	ANA
1377	1	49318	True	28.1435900965609	32.0300971182793	998	999	OOA
17864	1	28634	True	37.9151795494661	60.806412733034	13368	13369	OOA
24148	3	22547	True	37.2033841760379	28.5136614201579	16984	16985	ANA
45242	4	818	True	46.812411349739	6.9190380487026	29822	29823	EUR
26526	2	20239	True	61.3937823842816	34.3130662530033	18396	18397	EHG
16378	1	30472	True	40.2283809457693	58.7793081241192	12252	12253	OOA
9866	1	38557	True	39.8853564369183	61.9964887313127	7334	7335	OOA
117	1	50897	True	28.9467980197962	32.5498295993738	36	37	OOA
6077	1	43405	True	33.936423159485	50.9291691700849	4514	4515	OOA
5201	1	44514	True	29.4027007343253	51.9630853307744	3848	3849	OOA
5351	1	44313	True	32.1547229740784	52.1339308228189	3956	3957	OOA
4091	1	45893	True	29.5538259549426	42.2468756585664	3016	3017	OOA
27031	3	19753	True	40.1067852210656	30.0253544388873	18674	18675	ANA
19823	3	26785	True	36.2623771430134	33.4964406286561	14450	14451	ANA
17744	1	28788	True	40.5579127471322	64.0639469067012	13280	13281	OOA
11058	1	37112	True	38.9156564806221	62.2981287200421	8228	8229	OOA
5970	1	43531	True	34.2880276096368	52.4810053326847	4436	4437	OOA
6935	1	42296	True	34.1523765945688	53.7525314742583	5170	5171	OOA
25988	2	20830	True	58.48756383658	31.4205085736514	18078	18079	EHG
24295	3	22433	True	38.5744442854429	37.3254258982914	17062	17063	ANA
36751	4	10107	True	49.0129158636189	15.5342034350161	24348	24349	EUR
15201	1	31919	True	40.7489332646793	62.0874431480657	11360	11361	OOA
22871	4	23787	True	51.817206013351	18.3189511017876	16246	16247	EUR
45035	4	1196	True	48.7494756346185	24.6192877554165	29620	29621	EUR
20036	1	26547	True	40.718836409157	63.6364039961899	14608	14609	OOA
34601	3	12293	True	39.0171568953106	32.2903927487519	23088	23089	ANA
23787	2	22871	True	56.6957645609546	45.3043117150256	16766	16767	EHG
7674	1	41331	True	35.7466896642447	57.3198072073548	5722	5723	OOA
39549	3	7425	True	38.1177029981181	38.8331380646618	26024	26025	ANA
21448	1	25116	True	40.8708158441373	59.3399699216542	15474	15475	OOA
1677	1	48929	True	30.3595660467839	35.4078932813018	1226	1227	OOA
10385	1	37967	True	42.5712304962652	58.0764332475288	7728	7729	OOA
15927	1	31049	True	38.5874088349912	61.4181382014767	11916	11917	OOA
40220	3	6769	True	44.1056102439874	27.6547291207395	26422	26423	ANA
29130	4	17636	True	53.5309679507371	11.7711651738484	19934	19935	EUR
17281	1	29322	True	38.3491090330213	57.9576174934725	12944	12945	OOA
15686	1	31346	True	37.3714422826712	60.4287157246104	11724	11725	OOA
26621	4	20138	True	48.2503516136428	9.39628575695193	18462	18463	EUR
19612	3	26988	True	37.3846640437939	32.7221061365903	14328	14329	ANA
34720	2	12170	True	58.0161516011564	36.8542942868877	23164	23165	EHG
13963	1	33525	True	37.336745752131	61.2393207769982	10422	10423	OOA
7714	1	41273	True	37.7324168664797	56.2734250171578	5756	5757	OOA
44877	4	1451	True	47.8692955725203	13.2687208778344	29488	29489	EUR
23137	2	23537	True	60.6977910106335	37.5081304585247	16416	16417	EHG
35305	4	11549	True	46.6854859513385	8.29947095051635	23510	23511	EUR
1179	1	49544	True	29.7713091761633	29.1081910369402	840	841	OOA
27917	3	18894	True	39.2232414219274	30.6525330911746	19224	19225	ANA
34121	3	12792	True	37.0585978013022	38.4441677597543	22804	22805	ANA
14849	1	32409	True	41.9304476175048	58.1862613678872	11096	11097	OOA
10565	1	37731	True	39.2500131793044	57.1042261661082	7872	7873	OOA
2995	1	47286	True	30.2393270312513	40.0127271934065	2200	2201	OOA
43312	5	3213	True	50.1432518570791	22.875701111285	28452	28453	YAM
7914	1	41018	True	37.5009475583362	54.7108338970107	5892	5893	OOA
40901	3	6052	True	47.0554909713796	24.8326909481214	26844	26845	ANA
11675	1	36368	True	39.9689680671004	60.4121404823837	8694	8695	OOA
12869	1	34795	True	37.5226711494025	62.4977611855315	9578	9579	OOA
23938	2	22713	True	55.4828255112374	39.882111511511	16866	16867	EHG
2911	1	47373	True	28.544704590308	38.9603645391892	2150	2151	OOA
16171	1	30739	True	37.7267809524976	62.2037717400444	12090	12091	OOA
3210	1	47045	True	27.3370391147682	40.1558538464835	2380	2381	OOA
21329	3	25243	True	39.5446797886806	39.9475078461141	15388	15389	ANA
18651	3	27979	True	39.7232580171582	30.3572415452172	13770	13771	ANA
38223	3	8717	True	39.8079938305609	40.15854220349	25204	25205	ANA
5427	1	44224	True	28.8160411212835	47.43119769753	4020	4021	OOA
12028	1	35822	True	40.6418968243685	63.6104158884458	8960	8961	OOA
5304	1	44394	True	31.2143929662965	46.9627425265891	3908	3909	OOA
35862	3	10994	True	35.0818281173964	38.2533107128263	23822	23823	ANA
4095	1	45885	True	29.0965857522727	44.4604927814559	3024	3025	OOA
27082	3	19705	True	37.2696220713897	29.3714114956123	18720	18721	ANA
43218	4	3320	True	53.1929177904383	14.7830915216942	28380	28381	EUR
34039	3	12858	True	36.9506578183048	27.8016428762228	22752	22753	ANA
23785	4	22857	True	46.9692740408433	17.6451653700322	16774	16775	EUR
31988	4	14875	True	46.0354574362023	21.9723626982381	21576	21577	EUR
6625	1	42686	True	32.9180297710271	52.7293445581007	4932	4933	OOA
24077	2	22588	True	59.5859534128663	41.2617496555354	16956	16957	EHG
7769	1	41189	True	35.502839538604	58.1083918812477	5792	5793	OOA
3408	1	46772	True	28.660389145254	39.6656931404933	2520	2521	OOA
30303	2	16518	True	55.5441723947858	48.6670022184714	20614	20615	EHG
28555	2	18260	True	61.4202493611244	37.323641942319	19594	19595	EHG
40181	2	6797	True	56.7714214540682	43.9861681706365	26404	26405	EHG
35013	4	11850	True	51.4732921484441	11.4119710659102	23350	23351	EUR
24179	4	22496	True	50.2429972609736	16.0992639757943	17016	17017	EUR
35891	3	10964	True	37.0907149297238	33.5844304152565	23846	23847	ANA
18141	1	28287	True	42.1061099023323	59.6823419889736	13566	13567	OOA
25985	4	20821	True	51.9004897895013	20.0832864210608	18086	18087	EUR
27352	2	19421	True	59.2332720187839	54.5101971755089	18880	18881	EHG
27929	3	18892	True	39.5822477433245	30.3960455488265	19228	19229	ANA
6975	1	42261	True	34.5778896855822	54.0966824242857	5186	5187	OOA
2500	1	47851	True	30.7095116381759	39.0649174769912	1842	1843	OOA
4612	1	45254	True	32.2522869528501	49.8246412838144	3398	3399	OOA
33042	4	13862	True	47.8373641660211	17.8323533026559	22204	22205	EUR
29985	2	16843	True	57.611882471087	49.0616443871818	20428	20429	EHG
8981	1	39742	True	41.1776384426065	58.9213681207781	6682	6683	OOA
14818	1	32446	True	40.5878420072663	56.4607344953712	11074	11075	OOA
36944	4	9931	True	45.7528606927915	23.7512311222569	24452	24453	EUR
5016	1	44754	True	31.0361795345831	47.0536636709105	3704	3705	OOA
17184	1	29434	True	41.1965477138463	62.392848548879	12874	12875	OOA
31855	4	15008	True	46.2937388458308	0.529875096701639	21508	21509	EUR
1316	1	49383	True	30.957375485489	35.7371326191303	948	949	OOA
4118	1	45850	True	33.2670660547746	44.2010729017389	3046	3047	OOA
22727	3	23933	True	39.2834345241248	33.4148803822478	16156	16157	ANA
4992	1	44784	True	30.6565488435482	46.8513058544664	3684	3685	OOA
21087	2	25473	True	58.0827955584189	29.0160422988668	15236	15237	EHG
19205	3	27409	True	39.6483685874617	38.6663838287129	14090	14091	ANA
2307	1	48102	True	27.5932788660476	38.5403813010016	1692	1693	OOA
28246	4	18544	True	50.0541563010034	23.1084508397712	19422	19423	EUR
44653	4	1743	True	45.0014234358693	10.268663544439	29356	29357	EUR
33893	4	12987	True	45.8249829832082	23.4746993775305	22680	22681	EUR
18556	1	28002	True	37.8955183476762	58.8572766442709	13760	13761	OOA
12996	1	34659	True	41.8755907057771	56.1423943147831	9672	9673	OOA
17209	1	29399	True	38.5235598844723	60.4153338856645	12892	12893	OOA
37880	3	9044	True	38.7903295616556	31.7749991832557	25002	25003	ANA
33106	4	13797	True	51.2693863975542	19.6545853601691	22240	22241	EUR
24995	2	21764	True	61.6999747393831	38.5676988103425	17492	17493	EHG
38674	3	8299	True	38.6187776778155	38.9333684102205	25472	25473	ANA
16314	1	30561	True	38.5728147333211	58.4973584870688	12198	12199	OOA
37118	2	9803	True	55.4456158402156	42.8435233236737	24542	24543	EHG
2164	1	48270	True	29.8144263646474	40.554941195089	1592	1593	OOA
29159	4	17610	True	43.171509006577	-0.372251471786868	19954	19955	EUR
38847	2	8131	True	57.2704613033287	34.8693055852307	25578	25579	EHG
24327	4	22378	True	45.254464184673	0.483228142928253	17108	17109	EUR
45254	4	789	True	48.8553052971997	27.4355351728092	29842	29843	EUR
3230	1	47017	True	31.4860912274661	38.5262033624382	2396	2397	OOA
20326	1	26246	True	39.4514398508175	60.0840269714802	14784	14785	OOA
13870	1	33617	True	39.8208172755413	57.3638969423203	10350	10351	OOA
44220	4	2206	True	47.4079519664664	20.4261956777121	29038	29039	EUR
44924	4	1382	True	45.2190118014966	0.856410530850989	29528	29529	EUR
16997	1	29682	True	41.125871170531	59.336491381462	12736	12737	OOA
15448	1	31632	True	41.6025475440912	63.3791054234731	11526	11527	OOA
8932	1	39783	True	41.512090582609	59.8609832077599	6660	6661	OOA
337	1	50576	True	28.1573070888088	30.0606798303717	204	205	OOA
38472	2	8466	True	61.048275049939	49.220466376298	25372	25373	EHG
44031	4	2381	True	53.8018015043916	17.608966996128	28908	28909	EUR
37912	4	9003	True	43.4916069814177	26.1537973171953	25026	25027	EUR
10467	1	37854	True	41.3501229817335	63.6636662412929	7780	7781	OOA
358	1	50552	True	27.8349851398583	31.0176754180459	224	225	OOA
4219	1	45715	True	27.8236957014114	47.4885736551472	3118	3119	OOA
44809	4	1539	True	48.1768593640049	18.7324367871372	29438	29439	EUR
11516	1	36575	True	38.6601734698286	57.0344119659253	8580	8581	OOA
16197	1	30699	True	40.0447170116304	59.4538029728563	12116	12117	OOA
2634	1	47705	True	30.9265945835245	40.684077616247	1944	1945	OOA
14540	1	32838	True	41.5646583810721	59.6163751622395	10866	10867	OOA
2890	1	47403	True	31.8898294413825	38.49275377963	2128	2129	OOA
10820	1	37422	True	38.1569099969888	56.8983978634779	8044	8045	OOA
24626	4	22109	True	40.7266926616673	-2.23793249408236	17272	17273	EUR
2301	1	48112	True	30.1734405515609	37.1731772372436	1680	1681	OOA
17766	1	28762	True	40.5903954216665	63.6506349739784	13290	13291	OOA
9309	1	39286	True	38.9354318396208	61.0031821904081	6934	6935	OOA
35341	2	11532	True	53.2843363178193	50.3527422769341	23530	23531	EHG
3633	1	46488	True	29.1878840872923	41.2187446694945	2678	2679	OOA
17816	1	28698	True	38.8118059649136	60.7639362000894	13334	13335	OOA
9342	1	39237	True	39.3052493356236	59.8005955802759	6974	6975	OOA
15814	1	31211	True	37.1265467750172	59.4309158141691	11820	11821	OOA
15705	1	31328	True	37.6944581017784	59.4824089710132	11732	11733	OOA
42949	4	3588	True	46.8843794371321	11.1766366337419	28204	28205	EUR
4094	1	45887	True	30.7411482592804	45.2159812721816	3022	3023	OOA
15363	1	31735	True	39.7572717404566	61.3533198244204	11474	11475	OOA
32607	4	14282	True	49.4898332739835	18.4616918112495	21918	21919	EUR
13173	1	34453	True	40.5846772585243	60.0128521092388	9810	9811	OOA
16411	1	30437	True	37.9548054908189	61.7072027698497	12286	12287	OOA
350	1	50573	True	31.1594983831319	31.3987959139023	208	209	OOA
26953	3	19825	True	39.3859244667983	31.3579706624174	18628	18629	ANA
17609	1	28942	True	41.1700342007173	59.5286484370585	13160	13161	OOA
17183	1	29435	True	41.5209819769856	58.1976274365134	12872	12873	OOA
16862	1	29848	True	42.0797459662716	58.0035910786042	12622	12623	OOA
12320	1	35473	True	40.8781549722121	61.5973270294828	9158	9159	OOA
27521	3	19280	True	40.0334241570544	34.7404236323601	18984	18985	ANA
43275	5	3249	True	50.5021483036481	21.0903329040427	28426	28427	YAM
37788	4	9124	True	45.3286041105188	21.8389543547362	24960	24961	EUR
42972	5	3536	True	53.1473098486754	23.6901159507104	28236	28237	YAM
22042	2	24582	True	59.8188377968956	45.700454409581	15744	15745	EHG
43336	4	3204	True	49.7025158453553	27.8076757527699	28456	28457	EUR
14580	1	32761	True	40.8599207819019	55.2489654035586	10904	10905	OOA
13381	1	34197	True	40.8077049553549	57.9405044900691	9978	9979	OOA
33735	2	13158	True	54.6072116561017	40.4714033970693	22588	22589	EHG
36778	4	10080	True	52.0800845021752	15.7572319372249	24362	24363	EUR
10936	1	37257	True	41.3901778199413	59.4055678988498	8140	8141	OOA
45053	4	1177	True	46.9544464228622	11.6781132599193	29634	29635	EUR
18285	1	28173	True	40.1146124341961	56.333681176599	13658	13659	OOA
20491	1	26069	True	37.6958117116956	63.4832177450622	14888	14889	OOA
2598	1	47743	True	28.0766027795134	39.007721291623	1912	1913	OOA
30012	3	16818	True	39.4832943308522	34.2327463965558	20442	20443	ANA
23694	4	22956	True	50.2909261560643	20.8994015436073	16722	16723	EUR
42119	5	4560	True	52.7622188436206	39.2649001725466	27660	27661	YAM
42614	5	3939	True	55.591698524606	30.0287894071339	28000	28001	YAM
32483	4	14396	True	42.6361139198019	21.1459859271322	21860	21861	EUR
6684	1	42615	True	32.7227165185372	54.099758339088	4980	4981	OOA
24696	3	22071	True	38.6108943426039	33.0881608245774	17304	17305	ANA
15806	1	31217	True	39.8955441119519	60.6251846206071	11804	11805	OOA
13301	1	34313	True	40.5925188961666	58.1906524928138	9902	9903	OOA
40774	2	6174	True	57.6419084859535	47.6224051037439	26762	26763	EHG
18684	2	27936	True	58.1398034705311	50.2610268834261	13786	13787	EHG
37278	2	9646	True	55.887214275596	40.6387914297356	24632	24633	EHG
25905	2	20899	True	61.7337281604275	39.7563021346748	18018	18019	EHG
22997	2	23678	True	59.2267446707027	39.1489783200253	16308	16309	EHG
33345	4	13556	True	50.6295037519721	17.208779102834	22370	22371	EUR
16069	1	30845	True	40.9499371506549	59.9133302105961	12012	12013	OOA
35543	4	11308	True	46.5043603420635	15.3837084265059	23656	23657	EUR
29509	4	17250	True	52.4115183993071	21.2074647041	20158	20159	EUR
39473	3	7514	True	37.4318636785937	32.5385065647775	25974	25975	ANA
10496	1	37821	True	39.8164387573446	63.5772806360493	7808	7809	OOA
20054	2	26539	True	55.1629757931948	36.1000694994292	14612	14613	EHG
15674	1	31362	True	40.1046706019235	61.3137969457055	11700	11701	OOA
7593	1	41430	True	37.6874955084638	56.4409728643803	5658	5659	OOA
27484	4	19294	True	46.97300765257	28.1999199210334	18978	18979	EUR
9514	1	39026	True	41.2008783131824	57.2550597972721	7094	7095	OOA
15572	1	31487	True	39.7247332046067	59.8699596305136	11610	11611	OOA
11445	1	36674	True	40.1658753738893	61.6901714366622	8510	8511	OOA
23656	3	22999	True	37.1915382041301	39.2996519683808	16694	16695	ANA
16408	1	30444	True	42.6741866184033	60.275068795918	12280	12281	OOA
25875	4	20909	True	47.2877115506149	3.11039135217827	18010	18011	EUR
4723	1	45101	True	27.6585341943945	44.3151396783621	3498	3499	OOA
19132	2	27470	True	57.4238642029825	31.01147026705	14056	14057	EHG
12921	1	34762	True	38.2681681329168	58.8500582097949	9610	9611	OOA
31190	4	15636	True	44.579920166402	3.8703415873313	21132	21133	EUR
25058	3	21713	True	37.3788248333313	40.4770924022171	17530	17531	ANA
25718	3	21085	True	38.0150222359798	32.5644642767601	17904	17905	ANA
18485	1	28016	True	39.7922536270063	62.2326954237734	13746	13747	OOA
39108	4	7895	True	50.5607687751867	16.215229360293	25736	25737	EUR
27231	3	19544	True	36.9451257608626	36.4355997128111	18806	18807	ANA
2188	1	48240	True	29.9753671022432	39.9546388880504	1606	1607	OOA
11414	1	36713	True	39.179123537645	63.332327064508	8484	8485	OOA
42089	3	4604	True	43.7893048587869	19.5942447964531	27636	27637	ANA
6760	1	42526	True	30.9076836990833	53.9724234451987	5032	5033	OOA
35213	2	11647	True	58.5101628373733	47.0366696108227	23452	23453	EHG
8390	1	40444	True	37.3278229092945	59.5649963864747	6244	6245	OOA
44794	4	1567	True	49.4601960773816	21.2470129264265	29430	29431	EUR
13661	1	33883	True	38.4892617979483	61.4708111432609	10208	10209	OOA
1025	1	49746	True	30.7465514099558	29.5724059517735	732	733	OOA
30633	4	16195	True	50.2363521343985	3.02791084621285	20824	20825	EUR
7703	1	41282	True	33.9311282870678	56.3148960980894	5752	5753	OOA
28165	3	18644	True	38.0003379973524	39.5475193304123	19372	19373	ANA
16489	1	30343	True	42.987192833328	58.3397967384487	12332	12333	OOA
33860	3	13043	True	38.0513373552894	36.2809586191871	22650	22651	ANA
2183	1	48262	True	32.4737724077884	39.4524979063817	1596	1597	OOA
11503	1	36603	True	38.5212130783114	59.9282783326121	8568	8569	OOA
6805	1	42455	True	34.7170540840505	52.6793429045816	5062	5063	OOA
16858	1	29862	True	39.9392497383569	56.4575471636346	12614	12615	OOA
1512	1	49135	True	30.8360027077539	35.1303702208677	1108	1109	OOA
22544	2	24093	True	59.5619954706088	34.0139351218981	16050	16051	EHG
27623	4	19170	True	47.1784347034931	2.40089110361723	19056	19057	EUR
2810	1	47510	True	30.2811796694603	36.6062999268073	2054	2055	OOA
41092	3	5839	True	46.2469606863001	24.5501586956613	26960	26961	ANA
32991	3	13942	True	37.999463949238	39.5525083480317	22154	22155	ANA
34767	3	12107	True	36.4493684732996	36.4178415454192	23184	23185	ANA
35208	4	11644	True	48.0707366722619	11.3655481039874	23458	23459	EUR
3613	1	46509	True	29.2591057499022	43.4696658299338	2664	2665	OOA
466	1	50424	True	29.5265917674411	31.8301094369909	294	295	OOA
40336	2	6635	True	58.6225060345134	34.9635640331073	26502	26503	EHG
7946	1	40979	True	36.7754306542792	54.9261981105122	5922	5923	OOA
18974	1	27631	True	38.8623042908	63.0526588873198	13970	13971	OOA
1774	1	48793	True	28.1538144458121	38.1380254473539	1300	1301	OOA
8611	1	40159	True	40.370280735279	55.2550575038548	6416	6417	OOA
39372	2	7604	True	59.3698021722313	50.1509917407767	25912	25913	EHG
3018	1	47253	True	33.1506201438068	41.6141862905447	2222	2223	OOA
40781	2	6172	True	59.1473063175694	51.4812597838531	26764	26765	EHG
15627	1	31420	True	38.9743242205904	58.3543179853728	11662	11663	OOA
38991	4	8012	True	40.8915583223762	22.8246429723834	25676	25677	EUR
41651	5	5159	True	52.9369759983053	43.4986838362397	27340	27341	YAM
11272	1	36870	True	41.0235328733316	55.1661736380501	8394	8395	OOA
14450	1	32944	True	41.3519973250137	58.2942962083388	10796	10797	OOA
37090	4	9810	True	47.1287074191551	5.69277035479771	24536	24537	EUR
7700	1	41295	True	34.5169691185166	55.1855543698585	5746	5747	OOA
10053	1	38354	True	41.9747630352055	58.5689264926605	7462	7463	OOA
34198	2	12692	True	56.1028516512774	36.7877779061205	22856	22857	EHG
29699	3	17091	True	35.5273314467218	39.2215201224526	20258	20259	ANA
15192	1	31939	True	40.4923659442468	61.0298910037974	11342	11343	OOA
37127	2	9785	True	54.5121380556421	38.00713885403	24552	24553	EHG
42177	3	4476	True	46.4329758666086	15.1957918105398	27704	27705	ANA
45181	4	958	True	46.6143805736528	12.2058031146259	29758	29759	EUR
31535	2	15311	True	59.1706789073211	32.0447675987107	21312	21313	EHG
31495	2	15347	True	59.6004942148487	57.9663844994178	21286	21287	EHG
8115	1	40802	True	38.2326981934721	58.6895100274954	6062	6063	OOA
15900	1	31085	True	39.2614535391155	61.0999887612172	11892	11893	OOA
33124	3	13794	True	37.8461656295095	36.1668788116564	22242	22243	ANA
40476	3	6505	True	39.4546285865413	31.713043776839	26584	26585	ANA
43822	4	2633	True	50.7001530135619	12.783233688517	28776	28777	EUR
41015	4	5923	True	46.1907180264679	24.1939880775531	26918	26919	EUR
6977	1	42260	True	34.7096247423961	50.2430464866758	5190	5191	OOA
24563	3	22189	True	36.4792813168233	39.8153462826688	17224	17225	ANA
994	1	49788	True	26.4418563895483	33.4802883501371	692	693	OOA
43002	5	3509	True	52.8597030621621	23.6111962794002	28254	28255	YAM
25632	4	21146	True	52.6108077373832	13.9654065006539	17874	17875	EUR
8904	1	39806	True	37.4621950640948	60.3841355621325	6638	6639	OOA
5422	1	44232	True	29.41348832542	52.9363760212952	4010	4011	OOA
10506	1	37801	True	42.3448007922717	60.5181696424367	7828	7829	OOA
20444	2	26136	True	58.7198388011842	38.6252487534391	14850	14851	EHG
10048	1	38363	True	38.5513275711274	57.2913731437049	7452	7453	OOA
41216	4	5715	True	47.3371202725189	2.39859481390588	27040	27041	EUR
6450	1	42889	True	34.4690605911495	52.774399700152	4792	4793	OOA
11672	1	36380	True	41.8359085054878	58.4224402858451	8688	8689	OOA
26531	4	20216	True	49.1086850137612	19.9694445308371	18406	18407	EUR
4186	1	45761	True	29.9448182890088	46.3730620092465	3090	3091	OOA
16104	1	30812	True	39.8329320671614	62.7786396763542	12042	12043	OOA
8190	1	40692	True	37.4378855186199	56.8193765931242	6106	6107	OOA
38609	2	8341	True	55.9269948949698	58.3138612346889	25450	25451	EHG
23196	2	23469	True	57.6838421279042	50.9150901010881	16444	16445	EHG
45160	4	1007	True	49.1120463165791	6.3805768290434	29728	29729	EUR
36571	3	10310	True	38.2178717811395	36.937416443868	24236	24237	ANA
30098	3	16732	True	37.5826039912553	30.4586533792835	20492	20493	ANA
37314	3	9614	True	38.2755157236291	35.9910109346775	24652	24653	ANA
3475	1	46703	True	32.1420700771407	42.5057174964852	2554	2555	OOA
12314	1	35483	True	38.873827256356	61.8644332715455	9146	9147	OOA
17637	1	28910	True	42.2341989446596	61.5257312918593	13188	13189	OOA
37691	3	9261	True	39.3678305073726	39.4990031543214	24892	24893	ANA
22729	4	23912	True	51.6708751697312	11.0791110163423	16170	16171	EUR
15878	1	31121	True	38.2868080797274	58.641403479736	11876	11877	OOA
13239	1	34376	True	40.7247114125106	59.4936102370659	9872	9873	OOA
43804	5	2645	True	46.4250479679507	17.65230866213	28772	28773	YAM
41733	4	5078	True	46.7810591232446	23.0772800371015	27398	27399	EUR
32217	4	14636	True	48.4666110783467	26.735913802979	21720	21721	EUR
7436	1	41647	True	34.6709037501384	54.0088375836093	5550	5551	OOA
3182	1	47083	True	31.187701594003	38.221055925076	2344	2345	OOA
33253	3	13674	True	37.6510300482512	34.0967839938861	22312	22313	ANA
7362	1	41736	True	35.2839111126747	53.4652648712297	5494	5495	OOA
4912	1	44874	True	27.7082671972755	47.6244357897778	3626	3627	OOA
27273	2	19504	True	59.6432166338636	36.0798258190302	18838	18839	EHG
42349	4	4281	True	49.5030853138777	5.52701169991179	27824	27825	EUR
26690	3	20091	True	40.5935927028292	30.7314978487891	18500	18501	ANA
16391	1	30446	True	41.5667539302417	60.4558614266352	12278	12279	OOA
19729	1	26853	True	41.2702216705433	58.2815878592243	14414	14415	OOA
2835	1	47482	True	29.3568584856907	39.7143078009841	2078	2079	OOA
24072	4	22588	True	43.6214619521222	23.625892480926	16960	16961	EUR
43649	4	2837	True	47.9631710523562	11.1129953631658	28668	28669	EUR
38359	4	8577	True	45.9083261354127	27.8750429262137	25306	25307	EUR
33649	3	13254	True	40.4506851278509	35.5290502144932	22540	22541	ANA
21484	1	25080	True	41.2842302474439	58.8893721764523	15492	15493	OOA
36775	3	10099	True	37.2319496553486	33.0372719161867	24350	24351	ANA
39810	3	7161	True	40.3215830339791	32.1017176455869	26176	26177	ANA
41626	5	5193	True	50.5580656063691	39.9809053263455	27324	27325	YAM
36084	2	10780	True	58.9227314248429	37.6245878011088	23962	23963	EHG
2549	1	47796	True	30.4965223772066	35.1784839615224	1882	1883	OOA
44790	4	1583	True	41.9105792150364	23.6268464743945	29422	29423	EUR
9911	1	38513	True	43.2306158711632	60.7644278137054	7358	7359	OOA
3955	1	46064	True	32.6459258993232	43.8200280667078	2908	2909	OOA
4262	1	45667	True	28.3648885887417	46.2999783828976	3150	3151	OOA
28793	3	17988	True	38.9162816635393	38.1782302134396	19740	19741	ANA
