ind_id	pop	time	sampled	lat	lon	node1	node2
21861	EHG	24930	True	5.48428185487459	47.7004248853952	15562	15563
28482	ANA	18510	True	6.80338321030024	45.2307452935791	19448	19449
6002	OOA	43543	True	52.1199928476129	32.505825223989	4432	4433
42760	EUR	3911	True	19.7876915668544	50.7858932328349	28014	28015
34824	EUR	12189	True	37.9594332794779	57.5468004911097	23152	23153
16822	OOA	30035	True	60.0189140307335	42.0094046227588	12510	12511
31591	EHG	15422	True	12.8958570583953	47.4738546197526	21248	21249
560	OOA	50309	True	32.0121060792082	30.4653969291557	372	373
2342	OOA	48097	True	38.6937400161132	26.5062192443276	1696	1697
31890	ANA	15117	True	23.69729559401	46.3409139628655	21426	21427
11693	OOA	36346	True	60.8226325322073	40.4052220487099	8712	8713
22489	EUR	24302	True	25.016772639471	50.6867858864473	15930	15931
39143	EHG	8022	True	9.3462699295239	47.8375217367038	25666	25667
42718	YAM	3965	True	27.181311360916	49.9246591847723	27982	27983
20429	EHG	26293	True	49.6436739282909	60.2146380907798	14758	14759
15001	OOA	32299	True	57.769916181776	39.0929251858889	11156	11157
12348	OOA	35441	True	58.9242815869946	42.0180832723395	9172	9173
13903	OOA	33665	True	57.5385912937592	41.8997627948538	10324	10325
42955	YAM	3701	True	10.5381467807338	53.581863956666	28120	28121
11187	OOA	36959	True	58.2068575606688	39.6836402070796	8326	8327
19872	ANA	26868	True	39.6321327790997	39.2076472094672	14396	14397
18306	OOA	28281	True	57.6365967730721	41.4295236165435	13572	13573
19281	EHG	27456	True	53.3368715968688	55.830219060578	14064	14065
32311	EUR	14722	True	37.3177208614853	39.789569748552	21658	21659
36173	EHG	10837	True	40.2709387663009	56.6460075413054	23926	23927
45194	EUR	1135	True	23.6822676753375	52.0646671226942	29656	29657
15236	OOA	31949	True	63.6320898398102	40.5348639649796	11334	11335
34939	EHG	12061	True	24.5371881133177	45.5660174192103	23210	23211
27159	ANA	19778	True	3.21190416781666	46.4654786145867	18664	18665
30911	EHG	16126	True	29.1815649488038	38.9197874518345	20864	20865
13698	OOA	33902	True	56.7472923618419	39.7878993465107	10186	10187
37428	ANA	9668	True	30.3630603268875	36.7979408021532	24612	24613
36829	EUR	10188	True	30.7540598531537	39.4817932701782	24300	24301
18236	OOA	28334	True	57.8770056919211	40.0544618586562	13538	13539
26751	EHG	20209	True	51.6178490357584	56.0095446942179	18414	18415
42267	ANA	4541	True	19.1243234233227	47.6532811994778	27670	27671
11736	OOA	36279	True	64.3181039884999	39.6359597497797	8744	8745
21523	ANA	25226	True	59.8753022123124	40.521159883505	15400	15401
33452	ANA	13553	True	36.1373264105501	35.8984581334306	22372	22373
11079	OOA	37092	True	59.1961651568321	39.2920038831471	8244	8245
9193	OOA	39436	True	59.5091982054628	37.4831545060641	6852	6853
26012	EHG	20967	True	16.9273925136631	48.298835498455	17990	17991
19304	OOA	27428	True	57.0716807419964	41.4443610492389	14080	14081
5791	OOA	43807	True	51.2378383782838	29.9269557257894	4284	4285
32073	EUR	14936	True	28.9027417433661	49.0178518582199	21550	21551
10428	OOA	37906	True	58.6549410307832	40.8627655997003	7758	7759
41826	EUR	5103	True	32.9478503274316	55.9960537133025	27376	27377
35303	ANA	11704	True	35.2511308411089	38.1505766540115	23426	23427
40799	YAM	6295	True	27.8122527860695	50.4402047252413	26696	26697
8104	OOA	40836	True	57.2376778326199	35.8568279842557	6028	6029
31033	EHG	15996	True	48.5840576058792	58.1755922832443	20918	20919
20727	OOA	25973	True	35.3817288402669	38.7616924570871	14942	14943
38239	EHG	8876	True	24.795675102068	48.5423867634797	25106	25107
30877	EHG	16158	True	38.825807772813	39.978596443699	20846	20847
26135	ANA	20859	True	32.951600580723	59.1972395757811	18056	18057
18234	OOA	28342	True	59.2483724798362	39.1497587689436	13534	13535
14301	OOA	33210	True	58.5390904459041	43.2257790220222	10626	10627
40210	EHG	6949	True	33.0774115697646	40.8576472920153	26304	26305
18556	OOA	28059	True	57.2427855708733	40.3384179181205	13714	13715
42555	ANA	4191	True	16.9256852806476	53.314152918187	27878	27879
17237	OOA	29505	True	56.022388243663	40.8205456376386	12828	12829
31646	EUR	15360	True	23.0995147951504	53.3261124650739	21280	21281
10812	OOA	37409	True	63.2924921219095	37.6449655842233	8054	8055
22928	EHG	23915	True	19.3299038939984	42.9327739642917	16168	16169
38990	EUR	8180	True	33.2038025402339	38.0327000406154	25546	25547
9692	OOA	38791	True	63.3595200200994	38.7825788450397	7226	7227
3707	OOA	46398	True	39.7349427362737	29.7370682161472	2718	2719
43384	YAM	3289	True	14.1002284121715	49.5774827115251	28402	28403
19137	ANA	27605	True	58.4220849893458	40.7631836661206	13984	13985
31681	ANA	15340	True	44.0715134552406	54.1834794585663	21288	21289
8429	OOA	40409	True	57.2145719856115	39.603628425466	6270	6271
1926	OOA	48620	True	37.2680767959081	30.8332909427576	1400	1401
44476	EUR	2122	True	18.7422554187584	45.8125252893807	29096	29097
4947	OOA	44869	True	46.0408924823327	31.6672860958789	3630	3631
35997	EUR	10986	True	45.8259336194753	57.0473578534791	23828	23829
10049	OOA	38336	True	61.5586636641308	38.992044015346	7484	7485
32400	ANA	14627	True	35.0061692594946	40.1637081742151	21730	21731
29356	ANA	17610	True	24.2485048578001	47.6095410891642	19954	19955
13112	OOA	34580	True	63.6313690124094	38.1025355490867	9730	9731
32591	EHG	14450	True	39.4671602477292	36.795681610075	21826	21827
6930	OOA	42349	True	52.9400801450063	34.6311251082059	5130	5131
26104	EUR	20875	True	13.2940033039108	45.712868944195	18036	18037
17281	OOA	29442	True	61.9493085977716	37.7697992549226	12866	12867
810	OOA	50003	True	32.6542692398227	29.7522443454417	540	541
36966	ANA	10046	True	24.259087656426	44.7893752258349	24382	24383
3473	OOA	46707	True	44.2598149510227	29.5901029586681	2548	2549
32946	EUR	14082	True	22.8988279321058	45.8658245912951	22054	22055
35014	EUR	12025	True	31.3616473296335	37.727879589595	23242	23243
20697	OOA	25994	True	60.761223711425	36.9167535081999	14934	14935
30818	EHG	16207	True	23.8887100180359	47.4006052665605	20816	20817
6729	OOA	42610	True	49.7908298669372	34.8546588054135	4986	4987
12671	OOA	35059	True	60.3179309763769	40.5062388641277	9416	9417
43350	YAM	3316	True	21.9512790519975	53.5842527748122	28384	28385
31952	EUR	15078	True	43.9500269009791	59.5726290631109	21444	21445
396	OOA	50528	True	29.7545745158175	28.168063357366	240	241
40644	EUR	6488	True	45.483937820187	55.5712337861235	26590	26591
18116	OOA	28450	True	58.3657081923864	42.7379058932546	13470	13471
2530	OOA	47863	True	37.7377311010333	31.8838065684989	1834	1835
1691	OOA	48929	True	32.7434539554463	30.2381791712779	1226	1227
28941	EUR	18027	True	3.59381872665867	49.1696012211861	19724	19725
3401	OOA	46816	True	43.4650170977982	31.9436419165717	2498	2499
29778	EUR	17242	True	30.3993037248915	38.7038797225834	20164	20165
16575	OOA	30343	True	60.8868990588292	40.0937077662939	12332	12333
38043	EHG	9066	True	43.2798491677226	58.0091615686299	24992	24993
42502	YAM	4239	True	11.1649357082912	53.4694992977435	27844	27845
33380	ANA	13627	True	47.1480525846977	55.4360396398311	22344	22345
414	OOA	50497	True	32.2389818569882	27.898295731517	256	257
43625	YAM	3032	True	22.3834684214353	52.7991941683089	28564	28565
45409	EUR	677	True	9.57370929467447	45.9760916188557	29908	29909
27745	ANA	19234	True	0.668945963763872	48.3352945152871	19022	19023
21307	OOA	25427	True	29.9152225744024	36.5729701375453	15266	15267
18117	OOA	28448	True	64.0799434969732	38.1930558182192	13472	13473
17760	OOA	28884	True	64.5288330098853	39.8693692454586	13206	13207
17145	OOA	29648	True	60.6730961618658	41.1492688258521	12764	12765
10118	OOA	38267	True	61.8290726467159	39.8387473219431	7520	7521
11975	OOA	35932	True	61.8667845133972	42.1814564883432	8896	8897
7020	OOA	42256	True	53.1285127069569	35.6940191885162	5200	5201
34414	ANA	12592	True	33.1088803381016	37.349615078195	22912	22913
41308	EUR	5715	True	11.8080837353307	50.4978884604691	27038	27039
30881	ANA	16148	True	35.5586041588105	38.6768635103388	20850	20851
42286	YAM	4509	True	37.5212743913743	52.5070042983966	27698	27699
22615	EUR	24178	True	13.9578668466324	47.7162340396576	16006	16007
27137	EUR	19814	True	38.2358356239186	54.1475892905058	18640	18641
45376	EUR	771	True	-2.54539501818286	39.0347939040604	29854	29855
557	OOA	50319	True	29.3417382079973	28.8217603471691	366	367
5391	OOA	44307	True	50.1656911909317	31.8066945939006	3962	3963
26699	EHG	20251	True	18.5597962012426	50.1617508342803	18384	18385
27445	ANA	19503	True	17.9732424450043	48.8190543544055	18844	18845
29995	EUR	17038	True	14.3446018906195	47.7448389970043	20298	20299
16025	OOA	31035	True	62.5666765553205	39.6329281366042	11922	11923
3823	OOA	46251	True	43.2148973784371	27.8561583110694	2796	2797
44554	EUR	2027	True	23.6844041770032	41.574328656537	29156	29157
3800	OOA	46266	True	41.2196333373701	28.2424631002564	2790	2791
43230	YAM	3434	True	23.3973173471527	42.5414680085358	28320	28321
2108	OOA	48361	True	36.681966328076	28.0719310110859	1526	1527
40527	YAM	6603	True	40.2136627225098	51.7582150933054	26522	26523
19664	EHG	27063	True	49.1852988463321	57.55340119239	14290	14291
16189	OOA	30817	True	57.2668655119111	37.8884174950526	12038	12039
2840	OOA	47506	True	41.8165833370307	32.7934124180475	2056	2057
44835	EUR	1679	True	23.146539533713	50.9927645895674	29390	29391
11939	OOA	35963	True	63.087707184378	38.498111040807	8870	8871
13977	OOA	33590	True	63.6404435551483	40.4927592044979	10374	10375
39547	EHG	7613	True	38.1419596030704	39.7386256807548	25900	25901
45085	EUR	1340	True	21.6612455141949	49.4515427603467	29558	29559
18210	OOA	28354	True	62.8687239306053	39.4603583925588	13524	13525
3924	OOA	46117	True	45.8020756662362	29.8853413176141	2870	2871
37251	EUR	9819	True	28.7976902035398	57.2789748867698	24524	24525
4055	OOA	45969	True	45.5094924860231	26.8154997379532	2968	2969
15264	OOA	31926	True	59.274239536787	40.5133073405936	11356	11357
29842	EUR	17163	True	40.3324160059173	57.442602365508	20196	20197
32018	ANA	15011	True	41.2988206867277	59.1085428008218	21502	21503
36899	EHG	10108	True	1.5966681352435	45.7839163408973	24346	24347
24202	EUR	22666	True	43.1359823051232	54.3653403960169	16904	16905
1386	OOA	49336	True	35.76839780505	28.1372329606023	984	985
25233	ANA	21694	True	3.42404648886414	44.7886106961399	17550	17551
28970	ANA	18011	True	29.7525621613549	38.0415465042751	19732	19733
16976	OOA	29851	True	56.6333385647268	38.1867544671528	12620	12621
3246	OOA	47040	True	39.9219834964681	31.0281062279508	2382	2383
12644	OOA	35083	True	59.4860878033905	37.5541244949592	9394	9395
6958	OOA	42321	True	55.1215619693074	31.2006759405829	5146	5147
34293	EUR	12692	True	57.4046444968106	57.8447346218322	22856	22857
44414	EUR	2158	True	19.0355156249929	49.6692567821895	29060	29061
40958	YAM	6140	True	4.51986010200089	43.963852002117	26788	26789
45212	EUR	1113	True	14.7522265813415	45.0712086480875	29678	29679
683	OOA	50154	True	30.7856548767966	31.3937132873108	442	443
42219	YAM	4606	True	13.2406560986494	47.8726374800214	27634	27635
6121	OOA	43387	True	54.1116143794717	31.1671173759361	4528	4529
16900	OOA	29948	True	59.0106487684159	42.3557388218522	12562	12563
16772	OOA	30093	True	62.9981703617538	42.2164708928333	12466	12467
6833	OOA	42466	True	52.3275165958723	33.3482238896629	5056	5057
28185	EHG	18833	True	37.7967597524234	36.3634610978628	19278	19279
8963	OOA	39747	True	61.1433545772191	38.0293684446082	6676	6677
6217	OOA	43260	True	55.4366610440272	30.9898489785675	4598	4599
13570	OOA	34066	True	61.3827427649021	41.9413947724302	10072	10073
43732	EUR	2933	True	19.4086821004612	51.7483406244725	28628	28629
32888	EHG	14134	True	38.5516616763154	61.0459482063567	22018	22019
757	OOA	50063	True	30.7754270728005	30.6471272103514	504	505
23295	EUR	23550	True	21.9695381779013	41.8877692651066	16402	16403
17020	OOA	29796	True	58.171253907989	39.4991720762071	12652	12653
4760	OOA	45092	True	45.8584430539363	29.4696542375928	3502	3503
30255	EHG	16800	True	18.0803362400279	49.627322038031	20460	20461
21518	EHG	25245	True	35.1815118771511	36.8036402593971	15386	15387
15259	OOA	31936	True	62.8084688898898	39.6418678360935	11346	11347
25801	EHG	21153	True	47.3529790095834	55.5369708799788	17864	17865
34818	ANA	12198	True	39.0693959687256	59.5477519026069	23146	23147
37214	EUR	9841	True	46.8443091755263	54.3725498299168	24502	24503
11432	OOA	36702	True	59.2308243308681	40.8610079979592	8494	8495
41053	EUR	6047	True	30.9673350622805	37.9439402448545	26848	26849
16689	OOA	30214	True	61.8864364009685	40.9007328923811	12422	12423
13510	OOA	34116	True	59.8103927223022	38.1791766440076	10032	10033
27525	EHG	19417	True	15.3766789234186	46.2562571899274	18882	18883
22027	EHG	24773	True	38.7198799810096	40.3663338655796	15634	15635
15041	OOA	32227	True	60.0721503741557	40.0307603841802	11186	11187
22694	EUR	24123	True	39.0856074857051	37.2834854446089	16034	16035
8560	OOA	40259	True	59.4090493324524	39.4394684825426	6366	6367
26945	EHG	20019	True	3.87883557505204	49.306586734097	18552	18553
26793	EHG	20159	True	19.5489428475791	46.7744414894445	18448	18449
13545	OOA	34078	True	58.5061929272667	37.7007679585915	10062	10063
17266	OOA	29457	True	58.0714640047758	39.3395024009256	12862	12863
35010	EUR	12004	True	13.2086879817017	49.0192546007271	23276	23277
26787	ANA	20166	True	4.0544720597662	44.9185514762032	18442	18443
2366	OOA	48072	True	38.5520145205322	27.6334282535625	1714	1715
42576	EUR	4162	True	18.3710671340034	44.4680168446108	27898	27899
15622	OOA	31487	True	59.2940602830769	41.8294591825002	11610	11611
36320	EHG	10692	True	45.8279044485808	60.8524319369821	24006	24007
36567	EUR	10438	True	36.1164318722046	61.8178483016446	24158	24159
29354	EHG	17611	True	13.5562568280747	49.5981084834829	19952	19953
32555	EUR	14482	True	31.0698908440578	40.6038552863617	21804	21805
35498	EUR	11514	True	30.5203268917747	36.7506782610406	23540	23541
15055	OOA	32203	True	62.4028714369929	40.2103860171529	11202	11203
9110	OOA	39541	True	61.7277934343165	39.7442455691512	6776	6777
2904	OOA	47437	True	38.3934120070325	29.31511231597	2110	2111
28450	EUR	18563	True	33.4104784219077	40.2473204561806	19408	19409
38922	EUR	8227	True	10.5205852331373	53.4059558099192	25520	25521
45174	EUR	1177	True	20.6722524320638	48.4533813058984	29634	29635
24126	ANA	22727	True	37.4010012209525	38.6727596573722	16854	16855
37698	EHG	9411	True	32.11904798266	58.0988765026161	24784	24785
18908	OOA	27852	True	29.8537729156525	59.601579912272	13840	13841
26165	EHG	20836	True	48.6554853157202	56.4563949889188	18076	18077
23518	EUR	23309	True	15.7701519661394	48.624414145636	16518	16519
16711	OOA	30190	True	63.7426739374289	39.8883920806777	12436	12437
11540	OOA	36569	True	57.9476441163655	41.0189855448563	8584	8585
24995	EHG	21953	True	30.1586169296081	38.7720504221414	17376	17377
22894	EUR	23935	True	-3.01206779561896	37.2295935801137	16154	16155
10788	OOA	37449	True	59.9955394319028	37.0289002183355	8030	8031
40211	YAM	6944	True	47.8862156455265	61.8398806147175	26308	26309
41998	EUR	4873	True	21.9129707641411	46.9639659487552	27484	27485
10507	OOA	37816	True	64.0019468154059	40.0674629753703	7810	7811
5215	OOA	44516	True	45.8280622412721	30.7639914737493	3842	3843
11946	OOA	35943	True	58.2471663778345	41.8328964092251	8884	8885
29390	EHG	17597	True	38.397929854913	38.1171279079566	19966	19967
37455	EUR	9649	True	32.995493031091	57.0368710966394	24630	24631
28121	EUR	18887	True	33.0538043500846	56.0990220956335	19238	19239
1303	OOA	49424	True	36.9263500742976	28.7784719045715	912	913
37253	EHG	9817	True	35.318264556835	61.2657116427066	24528	24529
7059	OOA	42198	True	54.994972398733	33.7536917636554	5234	5235
28717	EUR	18282	True	34.7287529560048	57.9117212702919	19580	19581
17612	OOA	29060	True	58.4891940565177	39.6497563666324	13102	13103
170	OOA	50827	True	33.7899290665203	28.9571640960284	80	81
21838	ANA	24962	True	52.2001361333504	58.0443273160943	15544	15545
16728	OOA	30166	True	60.8341439129512	40.4925676698274	12446	12447
3560	OOA	46613	True	40.0456805564446	32.0961022597292	2608	2609
18213	OOA	28352	True	60.2287062548792	37.2867753730074	13530	13531
44300	EUR	2290	True	19.3065201437352	46.9631753875229	28966	28967
34134	EUR	12857	True	31.2791148228541	37.8439629538835	22756	22757
32892	EHG	14132	True	23.8224055083916	49.1834282080427	22024	22025
10410	OOA	37917	True	57.32400621183	41.9724860416132	7752	7753
42000	YAM	4872	True	19.7530766464126	52.2246128215833	27486	27487
24842	EHG	22088	True	41.5684435691117	53.2898079782722	17290	17291
28749	EHG	18260	True	48.22271082944	56.5873214092718	19594	19595
35228	ANA	11784	True	30.5051906947228	38.3395566723547	23384	23385
26194	EUR	20803	True	11.486792478668	46.1892862701125	18106	18107
13057	OOA	34634	True	60.9839063849179	39.2572442858185	9684	9685
6695	OOA	42654	True	49.498305668912	35.2498714452174	4950	4951
84	OOA	50937	True	29.2746789725978	30.2417987361324	12	13
13062	OOA	34628	True	56.4695133765317	39.7189649431949	9694	9695
28891	EHG	18101	True	-0.327969573053772	46.1264468034652	19684	19685
25682	EHG	21275	True	37.0670502494414	37.4934710602877	17780	17781
16550	OOA	30376	True	58.5093698927776	41.929790045762	12318	12319
32623	EHG	14406	True	16.2926963368971	51.0661269732994	21854	21855
17403	OOA	29279	True	57.8342142156189	38.8987064244562	12958	12959
24600	EHG	22339	True	34.0721839545807	41.6325597687921	17132	17133
15145	OOA	32072	True	55.6256164257603	41.7455451929192	11262	11263
37762	EUR	9328	True	16.1492605692191	49.2359181954342	24846	24847
37529	ANA	9593	True	30.7299607336269	38.7051320136078	24678	24679
17718	OOA	28917	True	61.4908655562683	41.2676107985385	13176	13177
23179	EUR	23694	True	35.3101647367731	40.8900429353618	16298	16299
43016	EUR	3641	True	21.5172158540015	52.120494610282	28162	28163
41214	YAM	5825	True	15.2131672520337	50.0232486144787	26966	26967
10485	OOA	37836	True	58.9737305425043	37.3725873685338	7796	7797
43161	EUR	3505	True	18.745576568388	44.2611222354905	28262	28263
26533	EHG	20434	True	44.6681899749903	55.0714090750925	18296	18297
3780	OOA	46307	True	42.1951073915049	29.9648585174651	2774	2775
3471	OOA	46709	True	41.4497651647193	29.815162404763	2544	2545
14599	OOA	32856	True	58.6469876416453	38.8998564397422	10858	10859
41440	ANA	5562	True	5.66332198369767	45.0457597004421	27114	27115
2973	OOA	47362	True	41.5842395648018	29.6785077844653	2160	2161
29420	EUR	17563	True	51.3870324676535	54.6894321288411	19988	19989
7106	OOA	42117	True	52.601606112095	35.0312218188918	5280	5281
28892	EUR	18105	True	49.9480053555431	56.2543349553108	19682	19683
7196	OOA	42001	True	51.777815521568	35.5729410024466	5344	5345
20507	ANA	26201	True	52.3691640246555	57.1546620881454	14816	14817
10509	OOA	37809	True	60.4626220319113	37.8721004247688	7814	7815
34235	ANA	12749	True	26.0053971508062	45.3515036898168	22834	22835
40119	EUR	7042	True	28.4879130881388	39.4271351182437	26254	26255
42742	EUR	3939	True	33.7485035291215	54.5522599718956	28000	28001
5363	OOA	44339	True	49.4770866273395	31.9580869320177	3948	3949
7858	OOA	41132	True	58.6988960983175	40.1808201490914	5842	5843
7475	OOA	41651	True	55.0014380737887	33.558636663864	5546	5547
29804	EHG	17209	True	33.0174844504405	38.5812789607705	20176	20177
10407	OOA	37936	True	62.4830633645341	39.3474988795406	7746	7747
45004	EUR	1449	True	21.5741381182906	48.2951065140349	29490	29491
45213	EUR	1111	True	9.09269698519931	48.111734678735	29680	29681
20510	EHG	26200	True	35.7954262629384	61.0708590216556	14818	14819
7499	OOA	41617	True	56.5729694331681	35.1469163439606	5566	5567
7192	OOA	42010	True	53.4127477583585	33.4056395863909	5336	5337
20453	ANA	26255	True	29.4936775172444	39.7427061827731	14776	14777
1328	OOA	49394	True	37.6039024376244	30.5638651769894	934	935
21767	EHG	25018	True	58.9902669627915	40.8347379692162	15524	15525
29547	EHG	17426	True	35.4984762898444	56.2268443758001	20048	20049
24204	EUR	22674	True	33.1046526007912	38.1094846530522	16892	16893
30628	ANA	16406	True	19.9999146702859	42.5722911864245	20696	20697
36001	ANA	11000	True	29.6778798923553	38.1692818585218	23816	23817
44359	EUR	2215	True	4.57441028411522	50.134759592963	29022	29023
4578	OOA	45336	True	45.286889832629	31.4267746486963	3356	3357
31417	EUR	15609	True	23.8355168569244	52.6173647771166	21152	21153
38966	EHG	8189	True	58.2178121381502	59.862226177942	25540	25541
41829	EUR	5117	True	19.3048753305267	47.5135547705552	27366	27367
14170	OOA	33373	True	60.7454339804337	40.9386312780352	10524	10525
12535	OOA	35193	True	57.5347314402328	39.6894063436575	9322	9323
45170	EUR	1182	True	10.4197343270622	46.2128342163623	29626	29627
31062	EUR	15963	True	20.8832349225508	45.1086519169499	20934	20935
11942	OOA	35958	True	56.3375719761857	40.2585307209281	8876	8877
40933	YAM	6166	True	19.4350475023209	48.8715595016738	26768	26769
24286	EUR	22587	True	3.57544779882376	47.6694497998946	16964	16965
43565	EUR	3097	True	19.1184746436291	52.4295033738886	28524	28525
35562	ANA	11444	True	32.1750205572851	37.9767035694312	23584	23585
15570	OOA	31541	True	61.0805604499696	40.4608842388757	11578	11579
43226	EUR	3430	True	30.3830822629575	49.4048771003762	28326	28327
8150	OOA	40767	True	56.2434411135656	36.6880203846393	6074	6075
8261	OOA	40612	True	56.1487061259151	37.4853315166887	6140	6141
2632	OOA	47737	True	36.1171512270578	30.5095523127043	1922	1923
19135	OOA	27606	True	38.7181880478641	59.0925290137479	13982	13983
45451	EUR	535	True	18.6826112978407	51.5209828629865	29986	29987
2459	OOA	47950	True	38.6449514237374	28.2772071373235	1792	1793
28420	ANA	18590	True	27.8554883706323	38.815164543096	19390	19391
17357	OOA	29361	True	62.4104224709292	39.9173229738574	12922	12923
16256	OOA	30739	True	61.617101855413	42.2377966483683	12090	12091
7383	OOA	41781	True	55.7816330774376	37.2005455744135	5468	5469
31538	EUR	15495	True	39.2175383987633	35.8546685219402	21210	21211
43254	EUR	3411	True	8.63638844037523	46.5212370216655	28336	28337
7808	OOA	41189	True	54.7884771199743	36.8920244663837	5794	5795
36795	EHG	10212	True	37.869088964092	53.8793459495037	24294	24295
37029	EHG	9999	True	21.4294386735337	41.0923782893246	24410	24411
23844	EHG	22999	True	38.2823619063533	35.6794934301501	16694	16695
5230	OOA	44514	True	47.4612169783369	27.7807968375251	3848	3849
2176	OOA	48292	True	39.488775845257	31.099510288523	1578	1579
37460	EHG	9628	True	0.10996956724538	41.9786536818092	24644	24645
25366	EUR	21576	True	5.1223794554138	52.3624493823089	17622	17623
15482	OOA	31652	True	59.7503231137517	41.5974367780482	11522	11523
36201	EHG	10818	True	33.7178918260561	38.5736363758706	23936	23937
8335	OOA	40506	True	58.5785073388961	35.1410545835864	6198	6199
13337	OOA	34299	True	57.6835812414685	41.8675830669379	9916	9917
43414	EUR	3249	True	27.1982220115312	52.5920855481778	28426	28427
601	OOA	50248	True	35.5212979975985	30.6829436536879	400	401
33920	EUR	13074	True	37.0839276666244	41.0259161642257	22628	22629
28187	EUR	18830	True	43.5353863030463	59.0395214507742	19280	19281
4263	OOA	45697	True	42.8779669319815	31.2398891012366	3126	3127
43789	YAM	2856	True	15.9972365866472	50.4703016185216	28658	28659
15003	OOA	32279	True	61.0404819667293	39.3939958588496	11160	11161
7879	OOA	41099	True	54.989622842949	38.3424496773879	5858	5859
4644	OOA	45254	True	46.0611702950947	30.7628379456362	3398	3399
43843	EUR	2798	True	20.0081182311982	44.4642927367197	28694	28695
8333	OOA	40511	True	56.1488844650693	38.2459055336815	6194	6195
879	OOA	49926	True	30.7888060344485	29.461786006543	612	613
24631	EUR	22290	True	3.26588045409997	44.192750531447	17160	17161
32284	ANA	14745	True	37.5614480062224	38.0436179398776	21646	21647
6759	OOA	42567	True	51.0215659212981	33.3775683144714	5010	5011
27713	ANA	19259	True	51.6298502247224	60.8027531553517	18998	18999
24089	EUR	22744	True	45.7451706071084	57.2899021814597	16834	16835
44121	EUR	2464	True	16.8906543926279	53.2052033201914	28864	28865
30994	ANA	16037	True	47.0509544810411	61.7696805233028	20894	20895
35263	EUR	11735	True	19.6657023178323	47.1973300625315	23418	23419
6283	OOA	43174	True	53.2820390075053	29.8758210853553	4652	4653
45072	EUR	1348	True	12.9999175925651	47.5675365321174	29550	29551
4920	OOA	44884	True	46.7662104889313	29.182890146518	3608	3609
28669	ANA	18346	True	55.229601632786	53.705212476366	19542	19543
35930	EHG	11050	True	35.1196380366028	58.346064244828	23774	23775
35376	EUR	11610	True	37.3157331439322	55.9524847809484	23474	23475
39074	EUR	8082	True	13.3192376531618	50.5636477313878	25616	25617
14248	OOA	33287	True	61.9388608792826	39.0935802129445	10584	10585
23297	EHG	23549	True	19.5127432793428	51.2313282329683	16404	16405
6122	OOA	43387	True	52.8224851697635	31.9119151531058	4530	4531
34412	EUR	12574	True	39.324185213038	57.1978936617769	22920	22921
35592	ANA	11411	True	49.2253851139007	58.1277343931786	23608	23609
37071	ANA	9974	True	54.33591031685	55.6748113597961	24426	24427
13450	OOA	34182	True	58.7045208833549	42.1485692899668	9982	9983
15333	OOA	31847	True	57.1943203917035	39.0661871244121	11398	11399
6652	OOA	42696	True	52.6070007908321	33.3459181024462	4926	4927
37488	EUR	9599	True	22.952621373748	47.1101131553957	24672	24673
28833	EUR	18154	True	7.79795951883849	50.4686118477071	19652	19653
21680	EHG	25103	True	35.406279978665	38.6956275131793	15476	15477
510	OOA	50378	True	36.2001224217704	28.964158434617	334	335
16472	OOA	30459	True	63.0565042114402	38.1530416451871	12264	12265
33578	EHG	13414	True	34.108865796616	59.9400082439797	22444	22445
17739	OOA	28911	True	59.5184348775452	38.5786592033086	13186	13187
5563	OOA	44098	True	47.4966355590317	32.1814457867461	4114	4115
7895	OOA	41083	True	60.115203299472	35.9201305577435	5866	5867
40902	YAM	6190	True	34.705686004515	52.7723332689325	26752	26753
20319	EHG	26407	True	58.9323482314784	40.1841913506379	14690	14691
4520	OOA	45388	True	44.6810861037294	27.908096869422	3306	3307
28869	EHG	18118	True	23.270760584355	46.2737218318217	19676	19677
37731	EUR	9369	True	49.3836090913811	56.047763527004	24818	24819
38420	ANA	8712	True	29.8785508039743	57.3859758227231	25214	25215
19660	ANA	27069	True	43.6990456221483	59.9458343862762	14286	14287
38159	ANA	8945	True	25.3476355246645	49.0167603271428	25060	25061
37828	EUR	9288	True	27.6452755755861	38.8489713758556	24872	24873
23706	EHG	23146	True	33.4685505187492	39.7579144517532	16612	16613
1873	OOA	48695	True	36.3977080462852	30.1455730709661	1360	1361
43987	EUR	2620	True	21.0405636569491	51.0899611785171	28786	28787
28307	ANA	18697	True	31.3301912181366	58.9955932146816	19340	19341
33453	EUR	13547	True	29.1003071344062	39.7411851942387	22374	22375
9459	OOA	39119	True	60.1136250742213	40.1887532576587	7050	7051
19723	EHG	27006	True	56.8016188805759	41.9015578817525	14324	14325
31503	EUR	15533	True	33.937472889505	37.9904307615999	21194	21195
5480	OOA	44207	True	48.6783655242794	33.3851841750022	4030	4031
37922	ANA	9194	True	32.8679660958375	39.5697685749431	24928	24929
8204	OOA	40687	True	59.8450870316209	36.4906372229623	6108	6109
27254	EHG	19690	True	22.2267896488306	49.2454394192187	18728	18729
37295	ANA	9786	True	46.6913291136222	59.3066805552964	24550	24551
481	OOA	50424	True	30.0262702213743	28.5012857706672	294	295
26501	ANA	20484	True	27.8738552131943	38.7375665597591	18266	18267
20681	OOA	26011	True	60.2282598911006	40.855044363583	14926	14927
25267	ANA	21662	True	-3.00960735726831	39.9038801515773	17564	17565
3829	OOA	46230	True	43.4328250646935	29.3326451016874	2808	2809
17147	OOA	29641	True	63.5282266466246	37.6727340995128	12768	12769
22806	EHG	24008	True	51.6102829937124	56.3147808499144	16096	16097
3284	OOA	46984	True	44.0601571404228	29.0049520909327	2412	2413
9318	OOA	39289	True	57.9124112413997	39.419047351088	6930	6931
26230	EUR	20757	True	10.8033837119745	50.315657757349	18130	18131
19665	OOA	27058	True	60.8720035188695	37.3545823484321	14298	14299
6117	OOA	43399	True	48.8394743284545	30.4194129448117	4520	4521
36518	EHG	10503	True	41.7169307218904	60.6268732241989	24122	24123
10235	OOA	38143	True	58.8990656166834	38.4988968269542	7608	7609
1367	OOA	49348	True	36.3479143846692	31.6366235888778	970	971
32335	EUR	14685	True	54.7395823548559	55.0112359807776	21682	21683
9377	OOA	39226	True	57.9750536746861	39.5063812308334	6980	6981
9910	OOA	38486	True	60.4794293095517	43.4080165045691	7370	7371
17915	OOA	28694	True	60.6996219090125	40.9685060024839	13338	13339
23620	EHG	23228	True	29.8096174619775	39.0973630298464	16564	16565
33303	EUR	13732	True	47.0346233354257	53.730308584421	22286	22287
43863	YAM	2771	True	20.7809005487316	47.6935542547955	28720	28721
7358	OOA	41814	True	58.1745964614186	35.879052304637	5444	5445
33009	ANA	14012	True	40.7751818796946	53.6978818387611	22100	22101
19950	EHG	26772	True	32.9400595873845	58.7930423551973	14464	14465
3319	OOA	46925	True	38.7403906263061	32.4107061607008	2434	2435
43836	EUR	2789	True	16.3992671426876	48.7882347314309	28702	28703
20724	OOA	25970	True	49.8323584049135	55.9810381066868	14944	14945
13270	OOA	34383	True	55.4589476930048	40.1059022763079	9866	9867
41208	YAM	5843	True	23.9695475005925	46.8236230069025	26956	26957
9086	OOA	39580	True	62.7728414102351	40.094181123295	6754	6755
40341	YAM	6815	True	34.7653941524296	54.9734917565726	26394	26395
30914	EHG	16118	True	48.8098256773811	54.0538447626591	20870	20871
31592	ANA	15424	True	40.3847893024434	62.8812991262357	21246	21247
6285	OOA	43170	True	49.7282499073238	32.3068493467227	4656	4657
32948	EUR	14080	True	20.4073990100502	53.9601305973644	22056	22057
8939	OOA	39783	True	59.7652983907721	39.1808497551777	6660	6661
41744	YAM	5223	True	17.3562232868628	48.9447584933681	27308	27309
15187	OOA	32008	True	61.462157808378	37.5047566775669	11298	11299
41314	EUR	5698	True	32.0629010312141	50.4358634171415	27050	27051
29923	ANA	17105	True	21.9851572220987	50.5122219670795	20246	20247
24993	EUR	21936	True	-4.40613192465563	42.0905433590082	17388	17389
42784	EUR	3867	True	30.5757413717946	53.605454360429	28034	28035
31386	EUR	15648	True	40.4143853802862	38.9056132143464	21120	21121
39151	EHG	8012	True	-0.313141886527408	48.4755979218058	25674	25675
3867	OOA	46192	True	41.5106832697669	30.0923616183276	2826	2827
39326	ANA	7844	True	33.6846352842921	56.7030208784296	25774	25775
43382	EUR	3292	True	23.2216846995347	52.6476137381659	28400	28401
37730	EHG	9370	True	37.0578384780535	59.9076213951142	24816	24817
28212	ANA	18783	True	33.035511318448	56.3250948938996	19296	19297
24719	EUR	22225	True	28.4578337357603	39.7264436109945	17202	17203
10009	OOA	38386	True	58.9074186623469	40.492792714207	7440	7441
11237	OOA	36922	True	56.0698093481344	39.847770465713	8354	8355
2420	OOA	48007	True	39.194221488985	29.7217558257891	1766	1767
18337	OOA	28232	True	61.5315383045867	41.105041525526	13610	13611
32337	EUR	14680	True	50.4829678205864	58.6404413666629	21684	21685
32860	EUR	14156	True	23.9408972014245	47.6541625833349	22000	22001
1565	OOA	49100	True	36.6137212933321	31.0969462858382	1128	1129
39056	ANA	8122	True	31.2134829655529	38.2761019470002	25582	25583
41020	EHG	6065	True	31.3745116520653	57.0362063690165	26828	26829
26445	ANA	20539	True	28.5575275065944	39.6194892641079	18232	18233
8079	OOA	40868	True	58.4332489910076	36.2465312227784	6002	6003
36901	ANA	10107	True	7.75187684714359	46.367607734186	24348	24349
38456	ANA	8681	True	35.4420214621576	38.5987428412494	25232	25233
44176	EUR	2423	True	22.5212265048728	49.9669406585958	28886	28887
4130	OOA	45887	True	42.4738113294493	32.6540070793554	3022	3023
21148	ANA	25578	True	39.0041408761055	39.4789314523057	15166	15167
38394	ANA	8750	True	28.6304594854688	37.680338547377	25180	25181
42333	YAM	4445	True	21.5197886814382	42.0602236104057	27724	27725
44272	EUR	2317	True	20.9113261704701	46.1098407326439	28952	28953
16604	OOA	30298	True	56.3466651765407	40.7721794641572	12364	12365
33433	ANA	13568	True	38.9204798527445	54.784405127974	22364	22365
12371	OOA	35408	True	58.3737781122799	38.6008720799069	9194	9195
24360	ANA	22531	True	43.7906727127245	56.9851443169939	16994	16995
40030	EUR	7113	True	6.65809570512664	51.7020105009715	26214	26215
5532	OOA	44149	True	51.9520905503001	32.0652887834136	4076	4077
13986	OOA	33572	True	58.5342567306448	41.2777412825399	10392	10393
33719	ANA	13282	True	35.513591789614	39.4813897269994	22512	22513
37825	EHG	9283	True	28.3558878359928	57.3192390131375	24874	24875
5462	OOA	44224	True	52.6499957145772	30.264494802619	4020	4021
16799	OOA	30059	True	61.9835661274199	40.3263150028041	12492	12493
1929	OOA	48596	True	37.0611710936706	32.6247156398551	1406	1407
13507	OOA	34122	True	61.0437297974955	39.2580386836222	10026	10027
11720	OOA	36310	True	59.0021361636631	42.5544470586461	8734	8735
36619	EHG	10397	True	38.3590478912773	37.0115641318485	24178	24179
6094	OOA	43414	True	55.5173741561721	30.7554224397501	4504	4505
42817	YAM	3856	True	25.3074846005457	50.4705805354083	28040	28041
12398	OOA	35375	True	62.8855568099032	37.8928083391232	9226	9227
15799	OOA	31299	True	60.5223071783337	41.2194256041961	11754	11755
22332	EHG	24449	True	44.4670738146227	60.0049666305279	15828	15829
