ind_id	pop	time	sampled	lat	lon	node1	node2
22333	EUR	24463	True	35.1290327524117	37.6233169117395	15824	15825
44487	EUR	2105	True	20.3047164869021	43.5672844706891	29118	29119
36478	ANA	10553	True	32.0079192307929	37.1394680565021	24092	24093
34047	ANA	12953	True	36.2979709518097	39.4480158641814	22700	22701
38827	EHG	8323	True	12.5418869819229	51.8267153434264	25466	25467
4667	OOA	45230	True	47.3616912041372	29.3017423669617	3418	3419
29805	EHG	17206	True	35.31183396654	58.7746113287844	20178	20179
23347	EHG	23502	True	44.2937770093032	55.7164362659577	16426	16427
7834	OOA	41164	True	57.7679852144354	38.0647655269939	5818	5819
7604	OOA	41456	True	56.8738103717679	35.4604378235727	5650	5651
1641	OOA	48987	True	36.301329897638	29.489955207639	1186	1187
34208	EHG	12787	True	44.5582040119718	54.6238191864151	22814	22815
45435	EUR	608	True	21.9083058537132	45.8165352775558	29954	29955
8041	OOA	40904	True	56.8246666195499	37.2316362533486	5970	5971
20314	ANA	26425	True	39.4004476119718	38.4805370416248	14672	14673
15442	OOA	31729	True	57.6550970774488	41.5085991566393	11482	11483
34968	EUR	12032	True	36.2079308255426	60.7436601556111	23228	23229
20020	ANA	26705	True	60.4514537558967	42.3123888639953	14516	14517
29923	ANA	17105	True	21.9851572220987	50.5122219670795	20246	20247
23003	EUR	23872	True	27.5071146108257	39.0757855970675	16202	16203
20370	EHG	26363	True	30.2376259499519	37.2119228777993	14708	14709
16774	OOA	30086	True	60.0834138526724	41.2097955717577	12470	12471
6410	OOA	42992	True	49.199599720802	32.327747086488	4752	4753
600	OOA	50250	True	32.3622166529296	27.8721321762559	398	399
7850	OOA	41148	True	57.882382095009	37.8972638664583	5826	5827
39940	EHG	7196	True	19.2053665053842	47.3238589882121	26152	26153
20513	OOA	26189	True	60.5223167891157	42.3512274646422	14830	14831
29643	ANA	17337	True	26.0016587763432	47.2772879663717	20104	20105
38460	EHG	8675	True	30.5914446136315	37.7329588265302	25236	25237
2660	OOA	47723	True	37.0414955527531	29.8761184645672	1930	1931
1440	OOA	49265	True	37.2271043498599	30.6321228915019	1038	1039
2184	OOA	48266	True	39.8380920509804	27.7939466770057	1594	1595
850	OOA	49963	True	30.047362749227	30.4133745063911	584	585
33714	EHG	13268	True	40.3394392922487	59.2983317656363	22522	22523
5298	OOA	44421	True	50.2852830320337	31.7457680324543	3892	3893
5454	OOA	44243	True	49.5009181404179	32.8068118905714	4004	4005
30063	EHG	16983	True	45.8778712918237	58.8102008396845	20324	20325
36106	ANA	10910	True	29.6127160931823	37.8472131136456	23880	23881
30618	EHG	16427	True	32.258687631973	38.7426948593465	20674	20675
17401	OOA	29299	True	62.802717095408	39.974243966898	12954	12955
20474	EHG	26226	True	36.8630399506306	54.3907437098763	14800	14801
26622	EHG	20364	True	54.073330750467	59.8152042425178	18328	18329
29849	EHG	17172	True	30.2598951846994	38.1576707516402	20190	20191
11179	OOA	36980	True	59.1849918332037	39.9324499453278	8310	8311
22487	ANA	24311	True	32.4665404186603	59.7522948622747	15920	15921
42267	ANA	4541	True	19.1243234233227	47.6532811994778	27670	27671
28864	ANA	18137	True	37.994168154985	40.5866472774199	19660	19661
24032	EHG	22804	True	50.0105294355449	55.3118356677606	16804	16805
43484	EUR	3185	True	20.0709114228058	48.5210460893035	28474	28475
9819	OOA	38617	True	60.0902095046695	36.679181686358	7308	7309
36447	EUR	10585	True	39.7529873073932	37.8388543380928	24078	24079
41280	YAM	5748	True	29.9048193325819	36.2454798810566	27020	27021
11572	OOA	36524	True	58.9849448670872	38.0087707941738	8610	8611
9263	OOA	39331	True	64.5282415272284	40.0581528838746	6898	6899
9352	OOA	39255	True	56.4967129599869	38.561651963938	6958	6959
30570	ANA	16488	True	31.0544506523647	59.3817216998032	20640	20641
34017	ANA	12981	True	32.6904329939521	40.6406442452565	22682	22683
3796	OOA	46285	True	43.1132453128802	33.3763200533651	2782	2783
33073	EHG	13954	True	12.4342642484569	52.4666332509721	22150	22151
18617	OOA	28041	True	59.2061566981672	42.2532104149855	13724	13725
21977	ANA	24808	True	24.6177259324012	47.6195133261314	15614	15615
6190	OOA	43305	True	53.0403480489262	34.2577566014279	4574	4575
3504	OOA	46679	True	42.3505697450779	27.9433468842535	2572	2573
27634	EHG	19321	True	-6.66866336479944	40.6270977744096	18958	18959
30371	ANA	16683	True	10.3901271274347	48.5926690790227	20518	20519
36941	EHG	10091	True	31.3842794381726	58.0143613633372	24356	24357
43682	YAM	2985	True	26.2302327431857	50.6599528170052	28594	28595
27526	ANA	19434	True	36.9115636826467	37.1248551818497	18864	18865
19902	OOA	26820	True	58.1688782856851	40.3643253935418	14436	14437
13630	OOA	33989	True	63.5822620599525	41.3366928076472	10128	10129
39021	EHG	8139	True	29.6102207983648	56.4297742604554	25572	25573
44726	EUR	1839	True	24.7323827775943	47.4840536299083	29286	29287
33192	EHG	13834	True	44.1755889573157	57.7457851026681	22218	22219
40847	EUR	6261	True	51.3078667629677	58.4951063787245	26714	26715
15500	OOA	31623	True	63.4916376367391	39.0063861196322	11530	11531
36621	EUR	10397	True	33.9337409721103	38.5188470234142	24180	24181
2922	OOA	47425	True	40.3202927647031	30.0064861020038	2118	2119
31922	EHG	15089	True	5.78218815226723	46.5893879081689	21436	21437
36551	EHG	10474	True	21.8717408539117	52.8710949339947	24148	24149
36108	EHG	10899	True	53.7419796700582	53.6505393294514	23892	23893
18912	EHG	27858	True	32.6365213743596	39.856964941796	13834	13835
2010	OOA	48496	True	39.8399946660985	29.7714015616774	1446	1447
26039	EHG	20958	True	34.1485441665927	59.3435651159472	17998	17999
5237	OOA	44489	True	50.2437602571019	32.1811811559715	3862	3863
27739	ANA	19248	True	31.6607467439573	38.2150797453676	19008	19009
42308	YAM	4476	True	25.3909044795223	50.8057844855828	27706	27707
13622	OOA	34006	True	57.3118045577271	42.1234241583289	10112	10113
3132	OOA	47177	True	38.4480618846048	28.609457362819	2270	2271
32195	EHG	14831	True	36.1387290408896	55.5256479964481	21604	21605
5216	OOA	44516	True	49.7072171005104	30.995524195195	3844	3845
3711	OOA	46384	True	40.1656251504741	30.8514434908444	2726	2727
27111	EUR	19840	True	44.7592775240166	57.0696633309793	18622	18623
25706	EHG	21252	True	32.0569186943438	59.2471394853138	17806	17807
41438	ANA	5567	True	30.3103208662331	39.218307447617	27108	27109
41255	YAM	5783	True	32.7100085175498	38.674820810326	27002	27003
16550	OOA	30376	True	58.5093698927776	41.929790045762	12318	12319
7405	OOA	41750	True	56.0322638122453	35.6413536435301	5486	5487
34452	EUR	12556	True	28.6434392071506	38.5894569658294	22926	22927
13735	OOA	33871	True	59.5278252669057	38.4643104150635	10220	10221
23440	EUR	23410	True	30.1702811843534	58.5222471338834	16476	16477
40244	EUR	6915	True	37.1463845507586	57.9699566740674	26332	26333
21523	ANA	25226	True	59.8753022123124	40.521159883505	15400	15401
13275	OOA	34375	True	60.1409967230001	42.2473941880525	9876	9877
4363	OOA	45568	True	44.182180070012	28.3804577590588	3186	3187
34690	EUR	12304	True	21.3620513821528	41.3876700461472	23080	23081
45422	EUR	644	True	18.0570310510122	50.6779519266189	29928	29929
32334	ANA	14678	True	16.8446282250746	52.283421125349	21686	21687
24538	ANA	22377	True	10.0415027887803	50.0898482021169	17110	17111
30818	EHG	16207	True	23.8887100180359	47.4006052665605	20816	20817
17765	OOA	28872	True	59.050950857061	38.766269801405	13216	13217
18875	ANA	27869	True	58.1702473841864	41.7583922947298	13828	13829
44743	EUR	1798	True	20.8907623356569	45.6570197191665	29304	29305
43654	YAM	3000	True	19.3249948283172	49.8482976185167	28584	28585
12651	OOA	35073	True	61.1205321862285	39.3409781667156	9408	9409
13905	OOA	33658	True	59.369830224188	40.9107178070499	10328	10329
25092	ANA	21831	True	35.0970033363903	37.6709997862827	17438	17439
5390	OOA	44308	True	47.8349777691291	28.3525053237638	3960	3961
6391	OOA	43026	True	52.9733625031926	33.7080191789109	4738	4739
1844	OOA	48716	True	36.4125809017666	31.368355825057	1342	1343
22998	EHG	23871	True	35.9170883391154	58.1488911682668	16204	16205
34292	ANA	12701	True	28.0538096535597	38.4897927463415	22850	22851
45356	EUR	813	True	6.6581572764609	43.9098486469457	29824	29825
42114	EUR	4724	True	24.4803311048407	48.6718731132177	27572	27573
17823	OOA	28803	True	62.127437030967	41.4458108093314	13266	13267
17592	OOA	29074	True	56.7116023392319	39.2130882767337	13092	13093
17430	OOA	29247	True	59.333128114858	41.0999070203276	12978	12979
35496	ANA	11511	True	50.1145550761761	56.4668441025313	23546	23547
4160	OOA	45847	True	43.8993115631218	30.5573290884953	3048	3049
28752	EHG	18248	True	51.9694978370122	60.5804761498462	19598	19599
45268	EUR	1000	True	2.40486894275938	48.069668329689	29736	29737
31420	ANA	15624	True	29.9982850625149	40.8269832406359	21138	21139
25485	EUR	21465	True	38.0105442138602	40.1916861715341	17674	17675
44760	EUR	1789	True	27.3801873885939	47.800812693993	29314	29315
15309	OOA	31885	True	55.1100694025999	40.9860980067685	11380	11381
3475	OOA	46706	True	42.2526051942213	33.2530609745619	2552	2553
12417	OOA	35363	True	62.3947989543371	42.82779322887	9234	9235
17687	OOA	28972	True	59.6573432210293	38.1194664061596	13146	13147
45189	EUR	1150	True	26.6507325099244	43.4340286541643	29646	29647
21889	EUR	24918	True	37.5192781077343	38.0545982668341	15566	15567
41166	YAM	5886	True	34.4430803592466	51.8291763417946	26942	26943
19486	ANA	27240	True	59.8155709588669	41.2270168937814	14202	14203
26920	EUR	20048	True	48.7068039229178	60.8759579569978	18526	18527
15550	OOA	31575	True	57.5920612829667	40.0763378864567	11566	11567
5532	OOA	44149	True	51.9520905503001	32.0652887834136	4076	4077
44327	EUR	2261	True	21.0444906934616	43.4516609053944	28982	28983
26507	EUR	20468	True	45.8572326626126	56.192515643834	18276	18277
14784	OOA	32599	True	57.1235680677139	37.8879686456636	10992	10993
9399	OOA	39189	True	64.1469564239863	40.4925435185379	6996	6997
599	OOA	50252	True	29.8235425910189	30.1687124686102	396	397
22334	EHG	24448	True	28.55066551773	48.2215393680788	15830	15831
14064	OOA	33503	True	64.0154494591965	39.719673413369	10442	10443
31529	EHG	15504	True	31.5322769598327	37.4388801675318	21202	21203
40625	YAM	6529	True	29.7161282209356	57.473210116276	26568	26569
21618	OOA	25139	True	59.2586826840837	40.0064631873806	15460	15461
18149	OOA	28408	True	57.4141141195918	41.5175159121508	13492	13493
19338	OOA	27402	True	58.6242593079575	58.0529912300719	14096	14097
33788	EHG	13204	True	36.2693301220023	57.4101674239878	22568	22569
26383	EUR	20592	True	50.5569946410967	61.4469486609896	18200	18201
28832	EHG	18158	True	14.3229650786309	51.0203807253229	19650	19651
27849	ANA	19149	True	40.3009935750203	39.5955357049745	19072	19073
44483	EUR	2111	True	17.0274436373626	46.13029227958	29110	29111
1325	OOA	49398	True	37.0305488256298	32.2755390652151	928	929
22845	EHG	23981	True	10.5911868529263	50.8798044850604	16120	16121
11760	OOA	36239	True	56.4283123074201	39.2220673718178	8762	8763
31362	EUR	15675	True	51.0753747630188	56.2869529446638	21108	21109
7386	OOA	41771	True	57.0578100639804	33.6816901555534	5474	5475
28780	EUR	18218	True	6.34077903618231	45.9736373080727	19610	19611
4712	OOA	45168	True	44.5793672266822	29.6808388066835	3454	3455
13649	OOA	33964	True	59.6860898313392	40.5168382287807	10142	10143
40064	ANA	7098	True	21.0868602528787	43.4930355715647	26218	26219
13509	OOA	34121	True	56.0236699628051	41.4368800273259	10030	10031
8151	OOA	40767	True	58.8158977771579	40.8207207039501	6076	6077
40581	EUR	6541	True	24.4824918580535	46.4729387199247	26556	26557
18002	OOA	28590	True	57.1590328892127	41.4506061137389	13398	13399
8529	OOA	40304	True	54.6410504112443	39.9682843387785	6336	6337
10152	OOA	38216	True	56.0769324615767	40.7569547919723	7554	7555
39054	EUR	8114	True	42.6530769832432	57.2955171399596	25592	25593
5072	OOA	44722	True	45.7475457204122	32.4923838408764	3730	3731
32885	EHG	14140	True	44.7567395626318	60.4224866718725	22016	22017
38457	EHG	8666	True	16.7580853988349	46.4015396083962	25254	25255
33510	EHG	13469	True	52.3703806923241	59.7987871063786	22422	22423
43630	YAM	3030	True	23.8519628047214	51.5199878839635	28568	28569
22749	ANA	24082	True	28.3108688305325	39.6780119630599	16054	16055
23382	EHG	23485	True	32.7309021878173	37.7370264219668	16436	16437
24565	ANA	22349	True	40.9893793059691	60.3737830504312	17122	17123
38699	EUR	8435	True	38.0842279406296	59.7343018489767	25398	25399
14698	OOA	32719	True	59.346399007414	38.251892210033	10920	10921
34997	EHG	12010	True	-0.0935459441864021	47.0432456419191	23266	23267
6329	OOA	43126	True	49.8925328751852	32.5375197540443	4688	4689
36391	EHG	10625	True	54.0370461109228	54.2478472907591	24054	24055
44816	EUR	1708	True	4.00431106401085	43.7140206117043	29376	29377
40446	ANA	6695	True	57.4660457226641	56.1351138023643	26468	26469
1634	OOA	49012	True	33.6811087946998	29.4834397066907	1172	1173
32373	EHG	14643	True	43.6307978449807	54.8528016719014	21712	21713
23241	EUR	23617	True	35.9461625674186	56.2471736300161	16352	16353
19082	EHG	27670	True	47.7954039160301	58.0017682826458	13950	13951
7387	OOA	41770	True	56.0237561420036	36.072976552478	5476	5477
30030	ANA	17030	True	33.0339699339556	38.0970832643158	20304	20305
29358	EUR	17608	True	25.1218423615762	52.7157302524953	19958	19959
19661	ANA	27079	True	37.4112123277937	37.1662724506001	14274	14275
44795	EUR	1759	True	20.0578594259468	44.3649239898658	29346	29347
30373	ANA	16693	True	39.0412895253635	35.5574870779554	20512	20513
34481	EUR	12512	True	3.61588501988655	49.5517401886554	22956	22957
14463	OOA	33003	True	60.5780987388383	41.5570504481226	10750	10751
42720	YAM	3962	True	22.6933318811355	53.3105251824805	27986	27987
34346	EUR	12649	True	33.2928631983179	37.4169958421299	22880	22881
38428	EUR	8703	True	32.0872427858915	54.9061735322251	25218	25219
7021	OOA	42254	True	54.6671878697213	33.6696969817059	5202	5203
39144	EUR	8022	True	2.57775051241057	46.383284113634	25668	25669
762	OOA	50055	True	34.2532505020555	28.828848967601	514	515
45085	EUR	1340	True	21.6612455141949	49.4515427603467	29558	29559
19695	ANA	27029	True	63.4325276263338	39.0962114435148	14320	14321
16452	OOA	30488	True	59.7874802132957	40.9271570254631	12242	12243
30785	EHG	16245	True	43.7723537369753	58.8949881854942	20776	20777
12018	OOA	35873	True	57.9088463981924	42.6711229380765	8916	8917
16902	OOA	29944	True	59.6895454351859	43.0496431325559	12566	12567
33958	EHG	13037	True	45.6495758531539	57.211527997542	22658	22659
26757	ANA	20208	True	35.1204062407883	56.2940252223487	18418	18419
24702	EHG	22239	True	13.9562325285541	50.218860116913	17198	17199
22243	EUR	24564	True	38.7885473229654	40.1461187128789	15758	15759
2182	OOA	48276	True	33.8518006799199	28.7692570037165	1590	1591
44693	EUR	1860	True	9.41977112554445	51.420381220628	29256	29257
38585	EUR	8553	True	25.6385736686748	45.4709885073787	25334	25335
7588	OOA	41498	True	53.9382368361917	34.0826823279644	5632	5633
39325	EHG	7853	True	27.0924004834426	38.5405534362405	25764	25765
4624	OOA	45287	True	46.025449158835	31.5419359784281	3386	3387
32466	EUR	14561	True	35.4305753737359	60.289150234434	21744	21745
40210	EHG	6949	True	33.0774115697646	40.8576472920153	26304	26305
41689	ANA	5304	True	19.4987040262779	51.4437926478167	27264	27265
20222	OOA	26489	True	56.8544554805907	40.8751412857643	14636	14637
16008	OOA	31061	True	57.6296625415216	41.683428341189	11910	11911
20542	EHG	26164	True	42.6295517967695	60.013151984993	14844	14845
34745	EUR	12238	True	20.9121968269157	49.5128263356576	23118	23119
23300	ANA	23568	True	27.9741674452142	39.4151593454271	16388	16389
45359	EUR	809	True	21.5105066897754	47.1699891615081	29830	29831
7480	OOA	41637	True	56.3254100984764	34.0844955465399	5556	5557
5679	OOA	43967	True	52.4982083954843	30.9727873848958	4188	4189
31305	EUR	15715	True	9.42262177488414	47.8632845385152	21086	21087
5895	OOA	43681	True	50.0745687325222	31.8479246535012	4364	4365
35207	EHG	11811	True	38.673665262237	37.055065913833	23370	23371
42023	EUR	4851	True	36.1040026039553	39.4516693868176	27502	27503
26759	ANA	20203	True	41.6705374091677	55.2372092503011	18422	18423
40907	YAM	6199	True	21.6291418637683	40.8079609464423	26744	26745
18176	OOA	28400	True	59.8905506745828	41.1592232164268	13498	13499
696	OOA	50126	True	31.2421880163221	27.6930856657515	468	469
12060	OOA	35828	True	57.035459453594	38.9303114175533	8956	8957
42526	ANA	4197	True	1.78815082020908	46.567676655478	27870	27871
14357	OOA	33145	True	58.8618274354552	42.2528662925472	10654	10655
6884	OOA	42410	True	53.5681782146001	32.7988950550035	5088	5089
9000	OOA	39711	True	56.819848217342	41.6417920014627	6702	6703
