ind_id	pop_id	time	sampled	lat	lon	node1	node2	pop
1	45299	4	677	True	46.637809861497	23.6730231999163	29908	29909	EUR
2	45240	4	820	True	47.1557904577623	4.6805381055551	29818	29819	EUR
3	45321	4	612	True	49.0048845588213	18.3852687308654	29948	29949	EUR
4	45178	4	968	True	43.4967688945151	20.2396994058439	29752	29753	EUR
5	45210	4	893	True	43.6482573027209	25.6903188398344	29776	29777	EUR
6	45254	4	789	True	48.8553052971997	27.4355351728092	29842	29843	EUR
7	45333	4	559	True	51.6477244643278	18.806877906024	29970	29971	EUR
8	45220	4	866	True	52.2051075791657	7.26208501522684	29796	29797	EUR
9	45341	4	535	True	50.9648194202072	10.4977005356339	29986	29987	EUR
10	45246	4	809	True	48.4365006035264	6.43613435887628	29830	29831	EUR
11	45190	4	940	True	49.2481680999439	20.4059835579482	29764	29765	EUR
12	45268	4	765	True	48.0401663873751	7.86838544740765	29860	29861	EUR
13	45166	4	986	True	51.4768211134664	16.1123018962113	29740	29741	EUR
14	45219	4	871	True	47.3498781351683	6.12363405700837	29794	29795	EUR
15	45275	4	750	True	50.8307831885297	14.8611331797498	29874	29875	EUR
16	45271	4	757	True	48.6217970619036	6.64507398915816	29866	29867	EUR
17	45236	4	830	True	45.0726861818358	22.7503941090315	29810	29811	EUR
18	45340	4	537	True	50.6600813286342	14.9276643576489	29984	29985	EUR
19	45239	4	827	True	40.4219150762607	22.5732556269368	29816	29817	EUR
20	45264	4	772	True	52.236914154249	16.975383272049	29852	29853	EUR
21	45300	4	673	True	47.2067629169353	16.5209920552906	29910	29911	EUR
22	45228	4	840	True	49.7651733785214	6.24539844515608	29808	29809	EUR
23	45267	4	765	True	44.5275938970333	21.4933883392803	29858	29859	EUR
24	45265	4	771	True	49.2793890373072	25.7558353843076	29854	29855	EUR
25	45217	4	875	True	53.2276866179152	17.8227146723148	29790	29791	EUR
26	45304	4	658	True	47.910581978569	12.1939003158427	29918	29919	EUR
27	45307	4	649	True	47.244450016362	14.8008633514744	29922	29923	EUR
28	45189	4	948	True	49.0275066686874	9.08028261768536	29762	29763	EUR
29	45282	4	732	True	43.7568912785354	24.1176229999138	29886	29887	EUR
30	45212	4	890	True	47.7646632868625	9.91961776497848	29780	29781	EUR
31	45346	4	505	True	48.6776460865601	14.5829159487282	29996	29997	EUR
32	45320	4	614	True	48.716408923924	17.218070201101	29946	29947	EUR
33	45280	4	734	True	51.9633414825576	12.1563346776358	29882	29883	EUR
34	45337	4	546	True	47.3314409311684	9.26937497007556	29978	29979	EUR
35	45180	4	962	True	51.3810846115498	4.99839623974139	29756	29757	EUR
36	45286	4	718	True	48.6549844590952	22.3825279754411	29894	29895	EUR
37	45243	4	813	True	50.0161448718425	15.1500218197647	29824	29825	EUR
38	45336	4	546	True	47.2240174730269	3.31970521305471	29976	29977	EUR
39	45281	4	734	True	43.8045970395374	19.525447129741	29884	29885	EUR
40	45301	4	672	True	51.6637258985332	23.5555059987561	29912	29913	EUR
41	45238	4	828	True	44.7529968619033	10.7667760339358	29814	29815	EUR
42	45347	4	502	True	47.3782054321696	10.5913522974386	29998	29999	EUR
43	45278	4	744	True	50.8354949257196	7.95493342622089	29878	29879	EUR
44	45310	4	644	True	47.9860260371505	20.4118893880306	29928	29929	EUR
45	45248	4	806	True	44.9636023652651	26.1664800985522	29834	29835	EUR
46	45338	4	540	True	46.1894933589926	16.7218436025557	29980	29981	EUR
47	45241	4	819	True	49.0459588817947	26.7325036012163	29820	29821	EUR
48	45316	4	628	True	50.7745891410795	22.3224330493915	29940	29941	EUR
49	45216	4	876	True	50.3180528442008	21.8588835655202	29788	29789	EUR
50	45223	4	864	True	50.4443081238393	15.4836394739699	29798	29799	EUR
51	45200	4	922	True	49.3408439032467	17.2119321085952	29772	29773	EUR
52	45253	4	791	True	49.0812057333556	23.2650090250783	29840	29841	EUR
53	45284	4	728	True	50.3427602365429	17.8681366629543	29890	29891	EUR
54	45242	4	818	True	46.812411349739	6.9190380487026	29822	29823	EUR
55	45244	4	813	True	49.270819243926	8.20453763911274	29826	29827	EUR
56	45329	4	568	True	51.0942322290526	21.5109035041189	29964	29965	EUR
57	45165	4	997	True	45.5072378527308	26.9691132289712	29738	29739	EUR
58	45175	4	981	True	53.8956080298717	16.8292087756288	29746	29747	EUR
59	45306	4	650	True	49.1651913198583	17.4924142064235	29920	29921	EUR
60	45213	4	886	True	48.2690303301489	8.21658346979684	29782	29783	EUR
61	45270	4	761	True	49.4380714009616	13.0179225930943	29864	29865	EUR
62	45273	4	753	True	50.2108085307947	9.64838280692988	29870	29871	EUR
63	45345	4	510	True	50.2369968485005	5.99637471955317	29994	29995	EUR
64	45181	4	958	True	46.6143805736528	12.2058031146259	29758	29759	EUR
65	45224	4	857	True	45.7620640085132	13.4988391913617	29800	29801	EUR
66	45174	4	984	True	49.5677210364729	6.75275292824413	29744	29745	EUR
67	45323	4	609	True	45.3389514906215	10.4304249090162	29952	29953	EUR
68	45315	4	633	True	50.5059382201355	12.9001043761681	29938	29939	EUR
69	45188	4	953	True	46.7412507255781	24.3057241800181	29760	29761	EUR
70	45291	4	702	True	46.4564165519984	27.1117760220469	29900	29901	EUR
71	45313	4	641	True	47.5192074402892	13.4617923667833	29934	29935	EUR
72	45226	4	848	True	51.6628160774149	7.51455216697813	29804	29805	EUR
73	45327	4	591	True	53.3278782309631	15.9940186770229	29960	29961	EUR
74	45276	4	746	True	45.3272820438825	9.60026376434619	29876	29877	EUR
75	45258	4	776	True	51.9963967497097	17.2201143096514	29850	29851	EUR
76	45312	4	641	True	50.6615158657586	10.4673877564168	29932	29933	EUR
77	45237	4	829	True	42.4575590741681	24.3182163802113	29812	29813	EUR
78	45328	4	582	True	45.8176169361654	6.60344585687749	29962	29963	EUR
79	45335	4	551	True	44.9907190446718	25.6830680121033	29974	29975	EUR
80	45314	4	640	True	45.775965599934	27.4554232153629	29936	29937	EUR
81	45192	4	929	True	51.453142414055	23.7614043063986	29768	29769	EUR
82	45322	4	611	True	51.1758349792374	13.4012456424493	29950	29951	EUR
83	45302	4	660	True	54.1636071831803	20.1615231805193	29914	29915	EUR
84	45269	4	763	True	45.9828517044858	16.4084884341882	29862	29863	EUR
85	45330	4	566	True	45.0923321226982	4.49075318489504	29966	29967	EUR
86	45324	4	608	True	54.1959609214008	24.0658619353233	29954	29955	EUR
87	45325	4	602	True	51.472867764593	22.3713047295437	29956	29957	EUR
88	45293	4	692	True	45.8931014197684	11.2425904702143	29904	29905	EUR
89	45266	4	768	True	44.8906690268436	9.74418725956991	29856	29857	EUR
90	45317	4	626	True	51.8863416594579	21.8031138202986	29942	29943	EUR
91	45199	4	923	True	49.4417222598767	17.0857634838745	29770	29771	EUR
92	45292	4	699	True	46.4279327269019	26.0016848932186	29902	29903	EUR
93	45211	4	892	True	46.9659656966238	15.3330747589374	29778	29779	EUR
94	45287	4	715	True	41.5411011155817	22.6103540546343	29896	29897	EUR
95	45176	4	980	True	52.4995934409776	17.1339094277453	29748	29749	EUR
96	45298	4	681	True	46.3031494345656	17.9200165169109	29906	29907	EUR
97	45225	4	854	True	51.432318056234	14.591518897727	29802	29803	EUR
98	45303	4	659	True	47.4223779026669	11.1081010523973	29916	29917	EUR
99	45332	4	562	True	51.9331579362462	10.7437498224219	29968	29969	EUR
100	45215	4	876	True	43.0847755770912	22.4682234831364	29786	29787	EUR
101	45279	4	741	True	50.0090245727491	17.0731355391885	29880	29881	EUR
102	45339	4	538	True	48.3895674084893	27.5347782851648	29982	29983	EUR
103	45290	4	707	True	47.1871911494037	27.0595739429608	29898	29899	EUR
104	45272	4	754	True	48.26134856041	7.91692008207207	29868	29869	EUR
105	45334	4	556	True	47.0000994216759	18.3009498917917	29972	29973	EUR
106	45173	4	984	True	51.9661807470052	14.3073067182632	29742	29743	EUR
107	45309	4	647	True	42.9056101218325	19.4813112351822	29926	29927	EUR
108	45218	4	875	True	51.5708225653662	11.7306515061514	29792	29793	EUR
109	45191	4	938	True	50.4931565881068	24.566682293347	29766	29767	EUR
110	45257	4	783	True	46.5372822173581	21.1516522165559	29848	29849	EUR
111	45245	4	809	True	49.9796135984024	5.66678242519345	29828	29829	EUR
112	45201	4	909	True	48.401509747015	12.1261439698902	29774	29775	EUR
113	45311	4	642	True	46.8819030084729	25.7222223539897	29930	29931	EUR
114	45319	4	621	True	46.874071521386	9.59620928615403	29944	29945	EUR
115	45214	4	881	True	45.3857473576718	17.4752873054271	29784	29785	EUR
116	45247	4	807	True	48.245351929905	3.2523361830292	29832	29833	EUR
117	45255	4	788	True	47.4839753483475	23.1566957872169	29844	29845	EUR
118	45179	4	968	True	45.0634511658453	18.6400810434263	29754	29755	EUR
119	45251	4	799	True	49.0558608297948	26.3532186753627	29836	29837	EUR
120	45343	4	530	True	48.6246860279375	12.9209603480369	29990	29991	EUR
121	45326	4	591	True	52.1030339547263	25.3069764488455	29958	29959	EUR
122	45256	4	788	True	50.1510386030117	20.1876303786604	29846	29847	EUR
123	45285	4	723	True	48.7551896604328	7.83514855329712	29892	29893	EUR
124	45177	4	978	True	49.4985552760617	11.7626840082129	29750	29751	EUR
125	45227	4	845	True	50.8834609938961	21.6945279334529	29806	29807	EUR
126	45252	4	797	True	50.4253343666159	23.8837528674789	29838	29839	EUR
127	45342	4	531	True	53.1350861600665	13.0852242618672	29988	29989	EUR
128	45308	4	648	True	47.5930713612623	16.0931722857339	29924	29925	EUR
129	44920	4	1398	True	50.2704529756908	22.2911679702521	29520	29521	EUR
130	44698	4	1698	True	49.0474268998401	16.8529660698197	29384	29385	EUR
131	44505	4	1914	True	48.095780736641	11.7550535179941	29228	29229	EUR
132	44854	4	1469	True	50.3037113491957	18.1738799005797	29470	29471	EUR
133	45096	4	1125	True	41.4690105151141	25.7401156961257	29668	29669	EUR
134	45160	4	1007	True	49.1120463165791	6.3805768290434	29728	29729	EUR
135	44924	4	1382	True	45.2190118014966	0.856410530850989	29528	29529	EUR
136	44702	4	1678	True	52.747148849352	21.7517272105229	29392	29393	EUR
137	44701	4	1679	True	47.1900979628802	20.5376457205695	29390	29391	EUR
138	44903	4	1414	True	51.062837530939	9.38368399401286	29512	29513	EUR
139	44645	4	1763	True	49.0692025532921	16.8523843954862	29340	29341	EUR
140	44506	4	1911	True	52.0263659862346	11.3938844324013	29230	29231	EUR
141	44839	4	1500	True	50.1987523955481	15.3938694283594	29462	29463	EUR
142	44965	4	1334	True	51.3365488428406	16.7882069300915	29566	29567	EUR
143	45020	4	1234	True	52.2441174842143	14.4379713317789	29606	29607	EUR
144	44945	4	1373	True	48.7804076248394	6.33774895220305	29540	29541	EUR
145	44852	4	1484	True	45.136689542906	25.7231830235693	29466	29467	EUR
146	44649	4	1754	True	52.9393011539425	10.4262571731317	29348	29349	EUR
147	44570	4	1831	True	51.0304889979283	18.6452006356101	29290	29291	EUR
148	44996	4	1283	True	46.2429888750181	23.5577147953987	29580	29581	EUR
149	44904	4	1412	True	50.0409541485649	16.6207348928667	29514	29515	EUR
150	44557	4	1854	True	48.4798181677852	6.20136590038873	29264	29265	EUR
151	45143	4	1031	True	52.1239667447255	16.8746007506726	29710	29711	EUR
152	44679	4	1708	True	48.6748290355787	10.9337057381129	29380	29381	EUR
153	44627	4	1768	True	49.4965050984455	24.2091591356587	29332	29333	EUR
154	44833	4	1519	True	45.6658968728742	16.0594731985441	29450	29451	EUR
155	45050	4	1182	True	47.2948800537637	13.5549309785893	29628	29629	EUR
156	45071	4	1154	True	49.367526476166	25.9764522881434	29644	29645	EUR
157	44952	4	1346	True	40.9963161798321	23.4275594135338	29554	29555	EUR
158	44534	4	1871	True	46.4983382669072	22.7406781375154	29250	29251	EUR
159	44902	4	1423	True	46.7192277595348	19.2312434277475	29510	29511	EUR
160	44538	4	1860	True	52.8204504054032	19.2421936165879	29258	29259	EUR
161	44593	4	1813	True	50.404602480854	7.62879234990733	29296	29297	EUR
162	44630	4	1766	True	43.2249447299902	26.6638243717282	29338	29339	EUR
163	45161	4	1007	True	48.6869774088373	25.4399708644881	29730	29731	EUR
164	45021	4	1234	True	42.924205626548	19.0080564510451	29608	29609	EUR
165	44678	4	1708	True	44.6420531891211	23.1792877469676	29378	29379	EUR
166	44966	4	1334	True	53.007393606388	17.8965200157842	29568	29569	EUR
167	44474	4	1936	True	50.7652513778374	22.9017098900145	29212	29213	EUR
168	44964	4	1337	True	47.7974384160767	7.3428810569844	29564	29565	EUR
169	44433	4	1979	True	46.9874813695229	24.7362547821422	29194	29195	EUR
170	44767	4	1598	True	53.8158962370884	17.0839548297708	29412	29413	EUR
171	44677	4	1708	True	45.3890852578366	27.8765592838711	29376	29377	EUR
172	44648	4	1759	True	50.6500401068347	14.7203362880337	29346	29347	EUR
173	45100	4	1114	True	51.6269493877754	16.8407114283271	29676	29677	EUR
174	44618	4	1789	True	51.0184615525187	13.5086594700405	29314	29315	EUR
175	44874	4	1453	True	46.3411298092846	12.3595699925284	29482	29483	EUR
176	44900	4	1431	True	48.1214227007585	7.30675176715434	29506	29507	EUR
177	45052	4	1179	True	48.1601454372585	1.98602508060474	29632	29633	EUR
178	44872	4	1461	True	49.2971992922251	21.1644691494811	29478	29479	EUR
179	45033	4	1205	True	47.9621921503379	23.1322697922191	29616	29617	EUR
180	45130	4	1046	True	48.9139358699387	23.3563300701862	29704	29705	EUR
181	45001	4	1263	True	52.2396571122333	13.6179624551104	29590	29591	EUR
182	45119	4	1078	True	48.2728665200379	5.23033703676443	29694	29695	EUR
183	44925	4	1382	True	48.6751026548888	20.1583128296186	29530	29531	EUR
184	45147	4	1019	True	52.0011370634441	21.5525908557053	29718	29719	EUR
185	44535	4	1869	True	49.9448114344885	8.8783121335907	29252	29253	EUR
186	45141	4	1038	True	53.7202082086991	13.7409114865297	29706	29707	EUR
187	44510	4	1894	True	47.7338979068798	26.8940159711461	29238	29239	EUR
188	44512	4	1889	True	48.1887728562133	16.2473937724683	29242	29243	EUR
189	44447	4	1969	True	47.8219155376501	9.8676410072725	29198	29199	EUR
190	44647	4	1760	True	48.7348070805121	15.6317315327352	29344	29345	EUR
191	44425	4	1998	True	41.6203271567783	24.2807763325306	29178	29179	EUR
192	44672	4	1725	True	48.3881808556629	19.896304253453	29366	29367	EUR
193	44876	4	1451	True	46.5567163963035	21.2137118939118	29486	29487	EUR
194	44531	4	1882	True	49.1214753210995	12.5738936841925	29244	29245	EUR
195	44724	4	1671	True	47.4209986684533	24.7566217468018	29396	29397	EUR
196	44567	4	1839	True	52.3625574237241	12.3369009950742	29284	29285	EUR
197	44856	4	1467	True	44.6181997003391	28.3666521057226	29474	29475	EUR
198	44449	4	1957	True	52.9672414779397	7.73000478905919	29202	29203	EUR
199	45159	4	1010	True	45.0822572598115	10.8176190178464	29726	29727	EUR
200	44558	4	1853	True	49.9636907273872	7.96236287116436	29266	29267	EUR
201	44569	4	1835	True	50.9550187079613	23.9885519611835	29288	29289	EUR
202	45157	4	1014	True	51.4672904849532	23.2742872883238	29722	29723	EUR
203	44563	4	1846	True	48.6772831304754	19.3609472765285	29276	29277	EUR
204	44949	4	1351	True	45.2163301808636	24.2297816380849	29548	29549	EUR
205	44434	4	1975	True	51.1124245486035	24.792502293713	29196	29197	EUR
206	44923	4	1388	True	48.4002708148666	7.47057897586546	29526	29527	EUR
207	45000	4	1264	True	50.5475703144524	23.671931722738	29588	29589	EUR
208	44700	4	1696	True	51.413374829939	8.98698241151386	29388	29389	EUR
209	45048	4	1187	True	52.6742824697169	13.8707708512907	29624	29625	EUR
210	44432	4	1981	True	46.4155942421007	25.9940881942887	29192	29193	EUR
211	44832	4	1521	True	42.9697270428467	25.4472966485139	29448	29449	EUR
212	44882	4	1439	True	45.2864825490444	22.9440835220708	29498	29499	EUR
213	45055	4	1169	True	44.3358541560249	19.5591936309302	29638	29639	EUR
214	44984	4	1301	True	47.3724444760094	12.856520511144	29574	29575	EUR
215	45127	4	1065	True	52.5573058297268	16.1703441245753	29698	29699	EUR
216	44620	4	1786	True	42.2857324264073	22.8864272839776	29318	29319	EUR
217	44540	4	1859	True	48.6283651493651	19.4636052366195	29262	29263	EUR
218	44857	4	1466	True	48.0023662034099	18.1342794559866	29476	29477	EUR
219	44810	4	1534	True	48.9859021071356	14.9259959112792	29440	29441	EUR
220	45098	4	1122	True	43.4361695300443	20.1399031727749	29672	29673	EUR
221	44873	4	1456	True	41.4640690471436	21.3930858635913	29480	29481	EUR
222	44652	4	1747	True	46.2443411016461	25.9917929400961	29354	29355	EUR
223	45128	4	1053	True	53.209829107017	23.1897858148258	29700	29701	EUR
224	44430	4	1989	True	48.8533810731195	11.9845538473112	29188	29189	EUR
225	44564	4	1845	True	48.5875733158053	9.14948729721724	29278	29279	EUR
226	44811	4	1534	True	50.6780220334591	16.2296734965844	29442	29443	EUR
227	44951	4	1346	True	48.6385485355054	5.69907428706126	29552	29553	EUR
228	44674	4	1720	True	44.9369347169505	25.6875277038583	29370	29371	EUR
229	44619	4	1788	True	48.9681232114706	8.15185979904566	29316	29317	EUR
230	45099	4	1121	True	47.8056068118509	7.13224749900637	29674	29675	EUR
231	44899	4	1432	True	46.207928879368	6.09188183346138	29504	29505	EUR
232	45047	4	1190	True	49.1616407089449	8.53595366356947	29622	29623	EUR
233	44999	4	1267	True	50.2365194698413	13.2360786160603	29586	29587	EUR
234	44796	4	1558	True	50.1113558450357	11.098748956881	29434	29435	EUR
235	45120	4	1078	True	49.1530088859999	14.1249100113957	29696	29697	EUR
236	45093	4	1129	True	44.5764137417406	2.06504200546707	29662	29663	EUR
237	44875	4	1452	True	45.3307156410141	22.6474074573243	29484	29485	EUR
238	44794	4	1567	True	49.4601960773816	21.2470129264265	29430	29431	EUR
239	44480	4	1918	True	50.114205156702	18.5585059250046	29224	29225	EUR
240	44921	4	1394	True	48.6460102425512	6.70091342404757	29522	29523	EUR
241	44598	4	1798	True	45.1867827856762	21.1178518298798	29306	29307	EUR
242	44901	4	1424	True	43.7585962029044	25.8956571928279	29508	29509	EUR
243	45076	4	1138	True	51.437558191162	9.96678570755155	29654	29655	EUR
244	44473	4	1941	True	48.0438482180934	10.063128377528	29210	29211	EUR
245	44792	4	1574	True	50.8227421453274	24.0143215865031	29426	29427	EUR
246	44905	4	1408	True	51.6952003949162	19.9324125560425	29516	29517	EUR
247	44960	4	1345	True	48.5231762358939	13.8702669296898	29556	29557	EUR
248	44836	4	1504	True	48.1832353285551	8.07422040571664	29456	29457	EUR
249	44768	4	1597	True	42.7566361359339	19.8429834622459	29414	29415	EUR
250	45069	4	1164	True	46.041421051132	3.54083010213095	29640	29641	EUR
251	44624	4	1774	True	48.0575191714028	15.1397863638363	29326	29327	EUR
252	45053	4	1177	True	46.9544464228622	11.6781132599193	29634	29635	EUR
253	44478	4	1931	True	52.1243338438706	22.5847730981219	29220	29221	EUR
254	44675	4	1720	True	49.1558974686241	3.98381714936104	29372	29373	EUR
255	45113	4	1104	True	46.8907294949954	25.7087507686803	29682	29683	EUR
256	44986	4	1287	True	50.2045598595947	2.87363313195032	29578	29579	EUR
257	44769	4	1596	True	47.1188835890666	19.7453262105127	29416	29417	EUR
258	44472	4	1943	True	47.422226090323	18.9868989587799	29208	29209	EUR
259	44621	4	1784	True	50.5658589041589	17.6048575739677	29320	29321	EUR
260	44597	4	1798	True	47.9742660612574	7.07841431756253	29304	29305	EUR
261	45054	4	1173	True	47.803969301185	19.977385670996	29636	29637	EUR
262	44562	4	1846	True	46.8392204598654	16.5047545533426	29274	29275	EUR
263	44725	4	1665	True	42.3772712705959	26.1116605852621	29398	29399	EUR
264	44855	4	1469	True	50.2311695011429	25.4350087388623	29472	29473	EUR
265	44877	4	1451	True	47.8692955725203	13.2687208778344	29488	29489	EUR
266	44883	4	1438	True	49.4010785735397	5.30751102706961	29500	29501	EUR
267	44881	4	1443	True	50.6486601336708	8.02992021249866	29496	29497	EUR
268	44623	4	1776	True	50.0997191346121	11.4203905475384	29324	29325	EUR
269	44851	4	1489	True	44.5678876266429	24.4159305414585	29464	29465	EUR
270	44680	4	1706	True	47.0438265288264	9.10006622760627	29382	29383	EUR
271	44676	4	1711	True	48.2142892255349	20.7244222713021	29374	29375	EUR
272	44596	4	1812	True	53.2886897885591	14.6348530730001	29302	29303	EUR
273	44771	4	1587	True	48.0882037582868	1.86793293073429	29420	29421	EUR
274	44559	4	1849	True	46.2829740493279	21.3509775055281	29268	29269	EUR
275	44837	4	1504	True	51.9086642846448	24.3863798605987	29458	29459	EUR
276	44481	4	1917	True	45.9346513218934	24.452756391673	29226	29227	EUR
277	44884	4	1438	True	47.1412401356188	17.2433665995494	29502	29503	EUR
278	44962	4	1340	True	51.615187906971	12.2307559660208	29560	29561	EUR
279	44673	4	1722	True	51.5022274398055	13.3145501027192	29368	29369	EUR
280	44565	4	1842	True	48.0445423349337	26.9759863466532	29280	29281	EUR
281	44427	4	1993	True	50.9314078522849	14.7230265997898	29182	29183	EUR
282	45070	4	1162	True	50.7628201586894	19.2072474934644	29642	29643	EUR
283	44998	4	1275	True	51.1362248981298	12.468064022783	29584	29585	EUR
284	45097	4	1124	True	48.4385763372253	26.7473953524598	29670	29671	EUR
285	44448	4	1967	True	51.2084213360902	10.1923373642127	29200	29201	EUR
286	44479	4	1931	True	52.6148206324891	20.6801147387564	29222	29223	EUR
287	44946	4	1372	True	43.6545665815211	7.10403541391166	29542	29543	EUR
288	44617	4	1789	True	48.6159924389836	6.63811956153742	29312	29313	EUR
289	45148	4	1016	True	49.5880494948338	19.000025720755	29720	29721	EUR
290	44654	4	1743	True	50.6876550208324	19.8604186147551	29358	29359	EUR
291	44626	4	1772	True	50.7360233770354	19.9510608220634	29330	29331	EUR
292	44629	4	1767	True	46.008755501736	23.5938082895163	29336	29337	EUR
293	44477	4	1931	True	49.9007294634291	8.51480565738984	29218	29219	EUR
294	44929	4	1375	True	44.6897704151126	23.5435483547952	29538	29539	EUR
295	44726	4	1664	True	42.0548713780331	22.0661447647552	29400	29401	EUR
296	44594	4	1813	True	52.3021464356395	7.57223097953921	29298	29299	EUR
297	44812	4	1527	True	51.7626119820716	13.851241055787	29444	29445	EUR
298	45032	4	1206	True	51.9028327583768	20.6121511038389	29614	29615	EUR
299	44599	4	1796	True	48.191594812326	6.08834501822241	29308	29309	EUR
300	44834	4	1513	True	52.4495807751968	20.7582719803017	29452	29453	EUR
301	44592	4	1821	True	53.6784702183131	16.8170351798103	29294	29295	EUR
302	45017	4	1243	True	49.5319349141754	12.9998682537081	29600	29601	EUR
303	44793	4	1570	True	50.6520099416631	4.91999859711579	29428	29429	EUR
304	45075	4	1140	True	42.3835709581601	20.0429573036023	29652	29653	EUR
305	45016	4	1243	True	47.9410411858158	14.5060120802268	29598	29599	EUR
306	44790	4	1583	True	41.9105792150364	23.6268464743945	29422	29423	EUR
307	44765	4	1608	True	50.9223211203547	19.0403797565101	29408	29409	EUR
308	45002	4	1256	True	50.4401012997649	15.3778179440615	29592	29593	EUR
309	44853	4	1470	True	41.541840057675	25.9758215947146	29468	29469	EUR
310	45115	4	1090	True	49.165576551412	15.2753871893275	29686	29687	EUR
311	45015	4	1244	True	41.5027747158822	22.6808951970777	29596	29597	EUR
312	44766	4	1599	True	51.0180801338349	23.0287837449644	29410	29411	EUR
313	45158	4	1012	True	44.6860852303881	10.4702459837359	29724	29725	EUR
314	45163	4	1000	True	44.8426145934405	15.9738014829966	29734	29735	EUR
315	44655	4	1740	True	50.7685593078615	21.5611883549845	29360	29361	EUR
316	44791	4	1577	True	46.4063985319556	9.56378792738782	29424	29425	EUR
317	44646	4	1761	True	45.0978957284086	9.40784117638465	29342	29343	EUR
318	44628	4	1768	True	49.1428505657208	17.0975234134458	29334	29335	EUR
319	44560	4	1848	True	49.791156873999	8.87349124115178	29270	29271	EUR
320	44878	4	1449	True	53.3685406728323	19.960886248236	29490	29491	EUR
321	44616	4	1791	True	44.9162983724484	18.3734111885604	29310	29311	EUR
322	44967	4	1320	True	45.0838574124173	11.7862141829254	29570	29571	EUR
323	45030	4	1219	True	44.0178079844218	10.1502306803757	29610	29611	EUR
324	45035	4	1196	True	48.7494756346185	24.6192877554165	29620	29621	EUR
325	44539	4	1859	True	52.9537077300312	18.3038976392506	29260	29261	EUR
326	44471	4	1945	True	53.1456482999287	20.1636721858721	29206	29207	EUR
327	44507	4	1903	True	46.8823025907478	14.0196993856591	29232	29233	EUR
328	44511	4	1890	True	44.859334117089	18.657948231161	29240	29241	EUR
329	44985	4	1293	True	52.3684296547118	16.8413798817139	29576	29577	EUR
330	45116	4	1084	True	47.2552937498622	12.8403898136064	29688	29689	EUR
331	44997	4	1282	True	44.1661968524844	0.977463348561566	29582	29583	EUR
332	44476	4	1932	True	53.0291768893243	14.5324994244379	29216	29217	EUR
333	44699	4	1697	True	50.167257755048	8.38038493558885	29386	29387	EUR
334	45034	4	1198	True	44.1496239040668	27.2042174933202	29618	29619	EUR
335	45142	4	1035	True	49.8800802703455	17.273943582201	29708	29709	EUR
336	44509	4	1895	True	53.7561717057908	14.2103399232839	29236	29237	EUR
337	45129	4	1051	True	41.2161330099077	22.067405444477	29702	29703	EUR
338	44947	4	1359	True	46.574672347565	13.7919508348528	29544	29545	EUR
339	44536	4	1866	True	48.3331787807098	11.2778051843711	29254	29255	EUR
340	43540	5	2969	True	54.0804610231402	22.8879213433774	28604	28605	YAM
341	43541	4	2970	True	50.8585004748956	21.7900485741798	28602	28603	EUR
342	43854	5	2577	True	49.2315984029773	15.540877129246	28808	28809	YAM
343	43977	4	2451	True	46.1014521315733	18.5852271729483	28876	28877	EUR
344	44162	4	2255	True	53.7818829681365	24.8872344473787	28988	28989	EUR
345	43588	5	2923	True	53.211707521065	21.0471472435255	28634	28635	YAM
346	44217	4	2210	True	43.1876226556424	26.7713381140653	29032	29033	EUR
347	43948	4	2464	True	46.2334821309094	19.9442923105429	28864	28865	EUR
348	44394	4	2022	True	50.5706414855843	21.0710537686063	29162	29163	EUR
349	43978	4	2446	True	46.7549481712139	12.1641878706	28878	28879	EUR
350	44158	4	2261	True	46.6828993716629	5.2116275502821	28980	28981	EUR
351	44003	4	2410	True	48.5254298483038	20.9980570781658	28894	28895	EUR
352	43828	5	2611	True	49.1489457467319	21.3604524732331	28792	28793	YAM
353	43590	4	2932	True	50.8378448095897	13.8494196447913	28630	28631	EUR
354	43707	5	2778	True	52.7579802441439	21.6018217172299	28714	28715	YAM
355	43826	4	2629	True	47.4637874118562	29.8452093755541	28780	28781	EUR
356	44242	4	2184	True	50.5770299951463	6.01424748576844	29048	29049	EUR
357	43538	4	2984	True	44.9664188191755	23.6017130416917	28598	28599	EUR
358	44033	4	2374	True	51.4345468470819	21.7363863471023	28912	28913	EUR
359	43569	4	2950	True	47.3049343970017	20.825350890402	28614	28615	EUR
360	43627	5	2848	True	48.1552146867357	19.5119769644969	28662	28663	YAM
361	44157	4	2265	True	45.174040951741	28.017665199168	28978	28979	EUR
362	43607	5	2883	True	49.5607440920598	21.9365066546412	28642	28643	YAM
363	44424	4	2000	True	49.2394440439467	25.828869685929	29176	29177	EUR
364	43918	4	2497	True	47.7227537316415	24.9100314609787	28842	28843	EUR
365	43869	4	2555	True	53.45647638442	23.4386854852066	28810	28811	EUR
366	43571	5	2936	True	49.0264709978883	21.367603369949	28626	28627	YAM
367	43683	4	2814	True	47.4915472086664	23.2590681635923	28684	28685	EUR
368	44034	4	2373	True	47.6379528726117	20.5418858159077	28914	28915	EUR
369	43802	5	2652	True	48.954629706574	16.6496640894568	28768	28769	YAM
370	44275	4	2146	True	51.5422737510113	22.0065016473789	29074	29075	EUR
371	44248	4	2158	True	51.9983685983821	23.5400106604562	29060	29061	EUR
372	44245	4	2179	True	54.0755526122517	13.1405193837438	29054	29055	EUR
373	43886	4	2535	True	52.4472508787843	15.4171085420112	28822	28823	EUR
374	43625	5	2856	True	53.2447840898873	22.566719572821	28658	28659	YAM
375	43890	4	2525	True	44.6170986974089	18.3634973689187	28828	28829	EUR
376	43883	4	2545	True	43.4566556732294	20.8031350577031	28816	28817	EUR
377	44369	4	2060	True	45.782866559197	25.4218171666177	29148	29149	EUR
378	44185	4	2242	True	47.0402127931453	25.8663650175101	29000	29001	EUR
379	44194	4	2227	True	48.7656367597307	8.40053108094299	29018	29019	EUR
380	43686	5	2788	True	50.6441387233724	24.6096109423542	28704	28705	YAM
381	43827	5	2613	True	51.5703268329941	24.3640517946979	28790	28791	YAM
382	43621	5	2872	True	51.8586968990123	24.3676749431183	28650	28651	YAM
383	44002	4	2421	True	53.3466463406225	22.6680499166368	28892	28893	EUR
384	44249	4	2157	True	48.7492477111984	24.8819293981483	29062	29063	EUR
385	43999	4	2423	True	49.9201054633254	19.1899052531614	28886	28887	EUR
386	43741	4	2751	True	48.5812319494938	21.553062437076	28732	28733	EUR
387	44064	4	2363	True	51.9038216204281	9.29788618486113	28920	28921	EUR
388	43951	4	2459	True	48.7505720366546	11.4066044866107	28870	28871	EUR
389	44070	4	2346	True	46.5434674563074	7.76210149495792	28932	28933	EUR
390	43687	4	2811	True	48.4142879895731	22.8695990386588	28686	28687	EUR
391	44368	4	2061	True	47.8236028529168	23.5601319079239	29146	29147	EUR
392	43804	5	2645	True	46.4250479679507	17.65230866213	28772	28773	YAM
393	43945	4	2471	True	46.1571390764188	23.7911545153158	28858	28859	EUR
394	44366	4	2065	True	51.6874555840066	22.9740185742727	29142	29143	EUR
395	43542	5	2966	True	51.2257152296311	17.4026961837781	28606	28607	YAM
396	43824	4	2631	True	46.7738960719076	19.8156192815507	28778	28779	EUR
397	43591	4	2925	True	49.137920517417	15.6824373589589	28632	28633	EUR
398	44399	4	2006	True	52.7692950136245	18.9087000096739	29172	29173	EUR
399	43763	4	2717	True	47.7946351969056	17.2514409397531	28746	28747	EUR
400	44319	4	2095	True	52.3769321781032	21.3764307636027	29132	29133	EUR
401	44105	4	2311	True	48.8479175485955	11.5229942670117	28956	28957	EUR
402	43950	4	2461	True	43.4006468984196	19.1861761012179	28868	28869	EUR
403	44320	4	2095	True	49.507779400328	19.4948869263179	29134	29135	EUR
404	43762	4	2722	True	46.332738166539	28.3761870558302	28744	28745	EUR
405	44272	4	2148	True	47.3653742222272	22.1896574806161	29068	29069	EUR
406	43855	4	2589	True	48.8540469263849	23.3488675033028	28798	28799	EUR
407	43884	4	2544	True	48.2362981973818	19.1046763451418	28818	28819	EUR
408	43706	4	2785	True	47.4852852058535	24.1352509731997	28708	28709	EUR
409	43537	4	2984	True	52.2076890131284	25.5705691642131	28596	28597	EUR
410	44186	4	2242	True	52.5068637789137	5.78181906457712	29002	29003	EUR
411	43739	5	2746	True	48.8368554436825	17.0705864141579	28738	28739	YAM
412	44370	4	2051	True	49.3961775182418	8.75115224266428	29150	29151	EUR
413	43947	4	2469	True	51.0834836079243	8.70742071062026	28862	28863	EUR
414	44220	4	2206	True	47.4079519664664	20.4261956777121	29038	29039	EUR
415	44004	4	2409	True	46.6626396767425	26.3793211054558	28896	28897	EUR
416	44307	4	2111	True	50.7950779154137	25.7939354770712	29108	29109	EUR
417	44068	4	2350	True	51.57475852984	10.9470467043433	28928	28929	EUR
418	43539	4	2981	True	52.8657660805455	21.5796147516649	28600	28601	EUR
419	44065	4	2361	True	46.5960447895317	10.2564861572331	28922	28923	EUR
420	43913	4	2511	True	45.0798274433567	26.9545658153027	28832	28833	EUR
421	44102	4	2319	True	51.342441291265	9.19140514054281	28950	28951	EUR
422	43651	5	2822	True	51.0063056438967	17.0565547002414	28676	28677	YAM
423	44189	4	2234	True	47.2773491776392	12.3604628687012	29008	29009	EUR
424	43682	5	2794	True	50.1851202598356	16.1470978390761	28698	28699	YAM
425	43713	5	2769	True	51.1152339564028	23.6947015694581	28722	28723	YAM
426	44317	4	2097	True	44.5612785612724	22.4213913324024	29128	29129	EUR
427	44312	4	2105	True	50.8180214374518	14.4922673610684	29118	29119	EUR
428	43944	4	2472	True	53.6572707254597	12.4332472430891	28856	28857	EUR
429	44132	4	2302	True	52.7750614842448	10.9971613450283	28958	28959	EUR
430	44310	4	2109	True	49.3761479277076	26.2095981239864	29114	29115	EUR
431	44036	4	2366	True	48.8163057439772	21.0198322232108	28918	28919	EUR
432	43853	5	2580	True	50.0844002728627	17.0691412230436	28806	28807	YAM
433	44137	4	2288	True	46.256610675105	23.672342936881	28968	28969	EUR
434	44166	4	2247	True	53.955388824129	20.1103525612355	28996	28997	EUR
435	44278	4	2142	True	43.7303100416049	6.49545399036744	29080	29081	EUR
436	43653	4	2832	True	51.9114516938808	9.87774665783764	28670	28671	EUR
437	44221	4	2204	True	52.5453290975153	19.6170421246695	29040	29041	EUR
438	43850	4	2591	True	44.7996777025699	10.2066215860229	28796	28797	EUR
439	43941	4	2480	True	52.9360951742079	20.3634887359582	28850	28851	EUR
440	44279	4	2141	True	48.4492349578849	8.26591249240206	29082	29083	EUR
441	44138	4	2285	True	49.9043398167359	11.1469812105702	28970	28971	EUR
442	43743	5	2727	True	48.7445282773605	19.3515815288012	28742	28743	YAM
443	43788	4	2679	True	51.1059971118995	24.5607564813092	28762	28763	EUR
444	43979	4	2443	True	48.877770862507	20.2637791971335	28880	28881	EUR
445	44103	4	2317	True	51.6631744036274	19.3191653742816	28952	28953	EUR
446	43823	5	2620	True	47.8099294435141	20.7091136973859	28786	28787	YAM
447	43716	5	2755	True	53.4676427991505	19.0829885609001	28728	28729	YAM
448	43691	4	2804	True	48.8910628465414	13.4797142584827	28692	28693	EUR
449	44276	4	2144	True	50.1927529487554	18.6834479547423	29076	29077	EUR
450	44372	4	2044	True	50.9125377721985	24.4299827777674	29154	29155	EUR
451	43689	5	2786	True	49.2101707534888	25.3006340145306	28706	28707	YAM
452	43536	4	2985	True	49.4184518913987	11.8391800153083	28594	28595	EUR
453	44280	4	2141	True	46.5742804309371	23.7541362655581	29084	29085	EUR
454	43914	4	2510	True	46.7835798389426	9.63577642204638	28834	28835	EUR
455	44302	4	2120	True	52.7826122230329	10.1048287894631	29098	29099	EUR
456	43738	5	2747	True	52.3426568122416	23.7070689824328	28736	28737	YAM
457	44071	4	2341	True	48.946086448377	3.01067693228582	28934	28935	EUR
458	44139	4	2285	True	47.5922519705252	25.5236469319362	28972	28973	EUR
459	44099	4	2323	True	48.4356171802672	13.6293695052255	28944	28945	EUR
460	43655	5	2816	True	49.3999352884381	24.8625334453029	28682	28683	YAM
461	44273	4	2148	True	53.0247013233923	7.51851702285559	29070	29071	EUR
462	44309	4	2110	True	48.8665826184865	21.3330397425065	29112	29113	EUR
463	43572	4	2946	True	43.0057156235038	26.4504472425426	28616	28617	EUR
464	43589	5	2909	True	51.8796070001133	22.6965198094058	28636	28637	YAM
465	44192	4	2228	True	49.9072017790122	21.4629320549746	29014	29015	EUR
466	44393	4	2023	True	51.5957089546559	20.5843701972336	29160	29161	EUR
467	43708	4	2782	True	45.17537802492	26.8223949211884	28710	28711	EUR
468	44098	4	2333	True	50.4579545205648	8.15184478417886	28942	28943	EUR
469	43587	4	2933	True	49.3652196035461	14.4527921820034	28628	28629	EUR
470	43610	5	2877	True	49.7549198752839	24.7170405425805	28648	28649	YAM
471	44193	4	2227	True	48.809646141414	18.0424127083989	29016	29017	EUR
472	43648	4	2842	True	48.7410805973712	26.9128151135731	28666	28667	EUR
473	44247	4	2167	True	44.4247899957157	27.1921359114472	29058	29059	EUR
474	43646	5	2828	True	52.8120583568929	23.9444010714458	28672	28673	YAM
475	44167	4	2246	True	47.7012989176092	17.1724884964348	28998	28999	EUR
476	43650	5	2827	True	49.6973717061588	19.9645519193782	28674	28675	YAM
477	43803	5	2646	True	50.0555420007976	22.2437315419093	28770	28771	YAM
478	43952	4	2458	True	52.5054134952609	23.7423039928813	28872	28873	EUR
479	43767	5	2697	True	51.8128017736181	20.9404844748153	28758	28759	YAM
480	43942	4	2475	True	48.3449216725579	21.7325691619647	28852	28853	EUR
481	44005	4	2406	True	50.3683471038052	17.1197004794579	28898	28899	EUR
482	44371	4	2050	True	45.4080022075708	27.3835824030652	29152	29153	EUR
483	44318	4	2096	True	49.5368240927316	8.23018738318805	29130	29131	EUR
484	44032	4	2379	True	47.3554056252845	19.7456268179234	28910	28911	EUR
485	44195	4	2224	True	50.5707979572375	20.5186843893678	29020	29021	EUR
486	44274	4	2147	True	43.848531669092	22.3215027202717	29072	29073	EUR
487	44223	4	2189	True	51.4855111400351	23.8242899424866	29044	29045	EUR
488	43765	5	2701	True	47.6301722594702	16.9912914800259	28754	28755	YAM
489	44215	4	2211	True	49.0683494522218	5.11873924829072	29028	29029	EUR
490	43740	4	2753	True	42.5966416327665	25.7218520365294	28730	28731	EUR
491	44001	4	2422	True	49.184162897508	2.27554265418273	28890	28891	EUR
492	44398	4	2007	True	48.6485737132126	28.2596104960191	29170	29171	EUR
493	43681	5	2794	True	49.1576221891217	19.7303697956276	28696	28697	YAM
494	43692	4	2798	True	51.0311476268272	16.487047113652	28694	28695	EUR
495	44160	4	2258	True	46.4269685187097	9.68544968439796	28984	28985	EUR
496	44304	4	2117	True	47.2317896168495	22.0201930675708	29102	29103	EUR
497	44133	4	2297	True	47.537027329869	27.5887357775825	28960	28961	EUR
498	43981	4	2431	True	45.3589466710796	23.3169148497567	28884	28885	EUR
499	44340	4	2077	True	44.978524390839	4.74211020247239	29138	29139	EUR
500	44423	4	2005	True	53.154255079138	12.8777629527861	29174	29175	EUR
501	44191	4	2232	True	50.5987230294962	11.4104031640374	29012	29013	EUR
502	43919	4	2490	True	52.9024021505742	21.9147797314206	28844	28845	EUR
503	44066	4	2361	True	50.9493616224184	7.9491891291926	28924	28925	EUR
504	44303	4	2118	True	46.6317839492037	24.9342803983505	29100	29101	EUR
505	44284	4	2127	True	45.4601870103974	18.8909163664448	29092	29093	EUR
506	43915	4	2503	True	47.632133524715	8.17211279844277	28836	28837	EUR
507	44277	4	2143	True	46.1438449263789	22.8447035917532	29078	29079	EUR
508	43712	5	2771	True	51.5503694834375	21.6221765897318	28720	28721	YAM
509	43940	4	2482	True	48.5451486704764	25.1533572044478	28848	28849	EUR
510	43851	5	2581	True	47.3866605629073	16.3219295067044	28802	28803	YAM
511	44222	4	2194	True	45.7375673951331	22.2090622201286	29042	29043	EUR
512	44282	4	2136	True	48.2217695369929	4.90085253922491	29088	29089	EUR
513	43535	4	2987	True	50.1397149291901	10.012003842536	28592	28593	EUR
514	44306	4	2114	True	47.4533997971946	25.4464285971693	29106	29107	EUR
515	43787	4	2691	True	50.4321885803115	8.19505040126162	28760	28761	EUR
516	43609	5	2881	True	49.0882833379803	23.9696536697026	28646	28647	YAM
517	43848	4	2605	True	40.0823297858673	20.6156942817385	28794	28795	EUR
518	43885	4	2543	True	53.5006402197877	18.1203542648839	28820	28821	EUR
519	42879	4	3652	True	45.58517641622	22.0888015746531	28156	28157	EUR
520	43073	4	3457	True	47.8402933451607	5.45397539872766	28298	28299	EUR
521	43423	4	3113	True	48.9880361222385	10.9818654816283	28514	28515	EUR
522	42591	4	3976	True	50.846588113506	19.8146447854844	27972	27973	EUR
523	43341	5	3187	True	51.7440334563662	28.5922164330123	28472	28473	YAM
524	43342	4	3201	True	47.4253700160078	9.80558992959021	28460	28461	EUR
525	43132	4	3413	True	47.0159491422696	27.2660395200862	28334	28335	EUR
526	42844	4	3679	True	46.6695647541613	7.02702367998384	28134	28135	EUR
527	42764	4	3769	True	44.4019504521042	24.4946966664191	28082	28083	EUR
528	42789	4	3728	True	47.4525196954338	3.57895629653581	28098	28099	EUR
529	43256	4	3283	True	47.9660317040175	2.86783047170457	28410	28411	EUR
530	43483	5	3033	True	49.3864897995537	22.1805002113002	28562	28563	YAM
531	43250	4	3289	True	50.8373734306846	9.03613303296527	28402	28403	EUR
532	42997	4	3534	True	49.7925795228029	28.6983493485527	28240	28241	EUR
533	42562	5	3987	True	52.192145220723	30.1840482259936	27964	27965	YAM
534	43401	4	3129	True	50.450980201042	16.6326341665315	28498	28499	EUR
535	42715	5	3813	True	54.3904507746211	31.0003471580001	28064	28065	YAM
536	42667	5	3870	True	49.1505992137232	30.7467466140849	28032	28033	YAM
537	42592	4	3974	True	45.0806725748751	8.4981224457818	27974	27975	EUR
538	43033	4	3505	True	47.9079586819638	28.3305823864204	28264	28265	EUR
539	42638	4	3916	True	45.21127719254	4.60139809547144	28008	28009	EUR
540	42614	5	3939	True	55.591698524606	30.0287894071339	28000	28001	YAM
541	43160	5	3376	True	51.2007501365867	25.2740999437791	28356	28357	YAM
542	42842	4	3679	True	49.3524866300295	4.90526956888333	28132	28133	EUR
543	42611	5	3947	True	51.0307521333136	35.712765601344	27996	27997	YAM
544	42846	4	3672	True	53.3155731646495	8.23701917081915	28138	28139	EUR
545	43481	5	3037	True	52.8469212134522	21.9489444333258	28558	28559	YAM
546	43517	4	3012	True	52.9624843297945	19.5231550749311	28576	28577	EUR
547	42890	4	3631	True	51.5585506526929	20.0661678866929	28172	28173	EUR
548	43515	5	3000	True	54.4852267953202	25.4783256025923	28584	28585	YAM
549	43004	5	3506	True	51.3236990148792	25.8757647832536	28258	28259	YAM
550	43038	4	3500	True	48.7729833549084	4.99223046533547	28272	28273	EUR
551	42941	4	3594	True	47.5080291832703	18.3624984236146	28196	28197	EUR
552	43035	4	3504	True	50.6917451764475	10.8559199364235	28266	28267	EUR
553	42972	5	3536	True	53.1473098486754	23.6901159507104	28236	28237	YAM
554	43485	4	3054	True	50.7425932333754	9.89904771449303	28550	28551	EUR
555	43005	4	3524	True	53.6670559618002	24.1775491226556	28246	28247	EUR
556	42816	4	3712	True	47.8068293136335	25.6420105849161	28110	28111	EUR
557	42913	4	3621	True	52.3342148250346	17.96064063149	28182	28183	EUR
558	43253	4	3286	True	50.4326950587812	21.2524335299934	28406	28407	EUR
559	42826	4	3692	True	43.5937938724888	20.2671490811894	28124	28125	EUR
560	43279	5	3245	True	54.7618158167083	22.197073970827	28432	28433	YAM
561	43312	5	3213	True	50.1432518570791	22.875701111285	28452	28453	YAM
562	43336	4	3204	True	49.7025158453553	27.8076757527699	28456	28457	EUR
563	43186	4	3354	True	53.6669020523581	10.6815252387097	28366	28367	EUR
564	43188	4	3349	True	47.4592407092577	28.0369529220901	28370	28371	EUR
565	42759	4	3774	True	49.1098104140105	18.1438616217875	28078	28079	EUR
566	42762	5	3752	True	56.3456506963942	27.9592855998139	28088	28089	YAM
567	43162	5	3365	True	53.0982333739302	26.002971751154	28360	28361	YAM
568	43248	4	3292	True	45.783585601615	18.6311566800554	28400	28401	EUR
569	43421	5	3108	True	50.6708080274897	24.1504357088661	28518	28519	YAM
570	43227	5	3296	True	52.1610643283839	25.0197515188883	28398	28399	YAM
571	43110	5	3430	True	53.2634943458621	23.7804804210425	28328	28329	YAM
572	43398	5	3126	True	47.9812489394826	24.9403453944775	28504	28505	YAM
573	43136	4	3404	True	46.3049933118156	24.0440668687503	28340	28341	EUR
574	42853	5	3655	True	53.8686992165632	32.5250525898633	28154	28155	YAM
575	42641	4	3911	True	46.1094751184772	19.9666276548391	28014	28015	EUR
576	42822	4	3706	True	54.4333522756062	17.5469933744931	28118	28119	EUR
577	42883	4	3641	True	46.2466210312994	10.5029792410626	28162	28163	EUR
578	43338	5	3191	True	50.6289751910567	22.6452844203923	28468	28469	YAM
579	43511	4	3023	True	51.0979661227505	19.3680471648373	28570	28571	EUR
580	42845	4	3672	True	52.4495002044017	16.0995271465378	28136	28137	EUR
581	42949	4	3588	True	46.8843794371321	11.1766366337419	28204	28205	EUR
582	43276	4	3263	True	46.1579693972055	1.64124149699591	28420	28421	EUR
583	42940	5	3583	True	52.1446615306566	25.5840644694506	28208	28209	YAM
584	43219	4	3316	True	49.7128617832033	25.041311370165	28382	28383	EUR
585	42880	4	3647	True	49.7520648442058	10.5487537419657	28158	28159	EUR
586	42686	5	3845	True	50.1759092514377	31.1187293440319	28044	28045	YAM
587	42915	4	3612	True	51.4880757356444	24.4918742255443	28186	28187	EUR
588	42589	5	3962	True	52.3013414494882	35.177691114089	27986	27987	YAM
589	43164	4	3380	True	52.045133682091	24.6136152408713	28354	28355	EUR
590	43032	4	3505	True	48.2655390926197	16.3203410149284	28262	28263	EUR
591	43072	5	3450	True	51.5912892725134	29.2787817752871	28306	28307	YAM
592	42852	5	3655	True	53.6330955813098	28.0854740798676	28152	28153	YAM
593	42889	5	3627	True	50.8919686513775	28.9989716391784	28178	28179	YAM
594	42684	5	3856	True	53.4417394159949	32.2039449176926	28040	28041	YAM
595	42595	5	3957	True	55.7059731922125	34.3503117567899	27992	27993	YAM
596	42612	5	3944	True	54.3811577437044	35.4499233823374	27998	27999	YAM
597	42717	4	3830	True	52.0923204222452	17.823285135516	28052	28053	EUR
598	42965	5	3547	True	52.5592115755226	21.6418871582362	28228	28229	YAM
599	43308	4	3234	True	50.4347043163305	26.9145779607386	28436	28437	EUR
600	42885	5	3627	True	50.6386544475154	25.1576481179311	28176	28177	YAM
601	43002	5	3509	True	52.8597030621621	23.6111962794002	28254	28255	YAM
602	42761	4	3773	True	47.0575241135608	15.2012432167819	28080	28081	EUR
603	43068	4	3463	True	48.2609768026425	25.6769702363079	28292	28293	EUR
604	43309	5	3220	True	55.2215629362024	21.3411846238829	28450	28451	YAM
605	43221	4	3316	True	48.136479375382	27.3364701571577	28384	28385	EUR
606	43378	4	3157	True	51.9073523932338	20.7543329321174	28486	28487	EUR
607	43251	5	3277	True	52.2399819917533	24.5011136735189	28414	28415	YAM
608	43114	4	3433	True	51.4672565983435	23.3727577928248	28322	28323	EUR
609	42615	5	3938	True	53.2023955051214	35.7263785533102	28002	28003	YAM
610	43185	5	3342	True	52.071963143891	25.8776384024959	28374	28375	YAM
611	42593	5	3961	True	56.4725863905345	29.3808548884197	27988	27989	YAM
612	42685	5	3848	True	52.9665616580709	30.3277745074774	28042	28043	YAM
613	43456	4	3081	True	50.8607492414155	25.8629250393238	28534	28535	EUR
614	43425	5	3100	True	54.5556566266597	23.3609678111071	28522	28523	YAM
615	42849	5	3661	True	53.9283215372854	28.0097027501576	28146	28147	YAM
616	43480	5	3045	True	54.0335316579102	22.5213177643471	28556	28557	YAM
617	42763	5	3751	True	53.0367488030641	28.6315678377553	28090	28091	YAM
618	43489	5	3030	True	52.5867021126996	22.0533161032788	28568	28569	YAM
619	43112	5	3417	True	50.40414574319	28.4056404550201	28330	28331	YAM
620	42945	5	3568	True	53.8829356937302	25.1094552771807	28214	28215	YAM
621	42843	5	3664	True	54.3865212003077	32.6601884048215	28144	28145	YAM
622	42585	5	3965	True	50.7031950433301	34.1455757046202	27980	27981	YAM
623	42942	5	3573	True	53.4988411075689	30.21025448771	28210	28211	YAM
624	42881	5	3628	True	50.7719815451827	30.6203644595281	28174	28175	YAM
625	42999	4	3528	True	47.6902812548204	8.5882438011472	28242	28243	EUR
626	42786	4	3741	True	49.0716534984369	14.1085527543206	28092	28093	EUR
627	43395	4	3137	True	46.0831322848288	22.3753101625896	28496	28497	EUR
628	43069	4	3461	True	48.7629998602249	23.1745081824992	28294	28295	EUR
629	42884	4	3639	True	50.8175185392236	20.1337899731311	28164	28165	EUR
630	42582	4	3984	True	45.1576053343781	22.3285850315937	27966	27967	EUR
631	42616	5	3933	True	56.3433488546489	24.8459595495804	28004	28005	YAM
632	42584	5	3971	True	52.7176427532396	32.1296705593598	27978	27979	YAM
633	43451	5	3075	True	52.6929734134307	19.5131641899275	28536	28537	YAM
634	42966	5	3544	True	50.5611161299422	21.8807465053108	28230	28231	YAM
635	42738	5	3788	True	50.2393604227565	34.9900800556321	28076	28077	YAM
636	42736	4	3792	True	53.1874470382536	19.3912504640391	28070	28071	EUR
637	42995	4	3534	True	47.4555368602466	25.7067969433939	28238	28239	EUR
638	42590	4	3976	True	45.5173561545369	6.47456913697234	27970	27971	EUR
639	43113	4	3434	True	50.0786338636675	4.44017922884685	28320	28321	EUR
640	42613	4	3950	True	50.7911655197049	8.940224302185	27994	27995	EUR
641	43450	4	3083	True	50.7512310161546	14.703721413793	28530	28531	EUR
642	43104	4	3443	True	53.1981115245934	20.7732943547201	28310	28311	EUR
643	43042	5	3485	True	55.2235218412779	27.2343428639639	28284	28285	YAM
644	43076	4	3453	True	49.5186137410802	9.29700750541155	28302	28303	EUR
645	42760	5	3753	True	53.9335048741963	31.0624495530865	28086	28087	YAM
646	43374	4	3164	True	46.9911194661779	10.3589654263399	28480	28481	EUR
647	42733	4	3803	True	46.3372039700025	24.1139789919554	28066	28067	EUR
648	43422	4	3114	True	50.7393735243215	17.5661567406631	28512	28513	EUR
649	42943	5	3569	True	50.1936713770746	31.8527482451309	28212	28213	YAM
650	42821	4	3707	True	49.7281752425464	10.0897284265276	28116	28117	EUR
651	42636	4	3923	True	43.9284497752513	23.8276178551119	28006	28007	EUR
652	42687	4	3857	True	46.7885432425824	6.71725986382687	28038	28039	EUR
653	43108	4	3441	True	46.8944419579844	16.2012179290291	28316	28317	EUR
654	42718	4	3828	True	47.5506885394975	23.4261391875961	28054	28055	EUR
655	43043	5	3480	True	50.1921729540352	29.72381254063	28286	28287	YAM
656	42710	4	3832	True	48.7761514766219	8.88092589047523	28048	28049	EUR
657	42792	4	3728	True	53.0158011190724	22.662085290989	28102	28103	EUR
658	42964	5	3550	True	51.8206729883115	29.2105626667787	28226	28227	YAM
659	43345	5	3181	True	49.479865342832	19.6047981471123	28476	28477	YAM
660	43131	5	3400	True	55.8288150168333	27.342368577336	28346	28347	YAM
661	42688	5	3844	True	51.4946289059955	33.5650851919024	28046	28047	YAM
662	42850	5	3659	True	51.0371263595227	30.9401176401497	28148	28149	YAM
663	43249	5	3278	True	50.0944670782654	23.6787945064017	28412	28413	YAM
664	43307	5	3220	True	53.9159453335213	24.2600081968126	28448	28449	YAM
665	43519	4	3008	True	45.9705993656826	8.69140614707128	28578	28579	EUR
666	42851	5	3657	True	52.5261917227721	27.5783150477359	28150	28151	YAM
667	42882	4	3646	True	52.8790018569172	19.2425220565516	28160	28161	EUR
668	43396	5	3128	True	53.8434577830859	23.3985249091808	28500	28501	YAM
669	43370	4	3165	True	51.4473021531059	7.3835767209639	28478	28479	EUR
670	43426	5	3097	True	52.7268742524216	26.3264118874825	28524	28525	YAM
671	42668	5	3867	True	51.1688640668329	31.7944934133179	28034	28035	YAM
672	43106	4	3442	True	44.2012677727606	23.9856261857297	28314	28315	EUR
673	43427	4	3109	True	47.1782444403481	12.5584344030571	28516	28517	EUR
674	42793	5	3718	True	50.633628352661	30.4838327908241	28106	28107	YAM
675	42588	5	3963	True	53.374962033032	34.7138926610224	27984	27985	YAM
676	42646	5	3896	True	49.5919526955824	30.7770585645497	28026	28027	YAM
677	42914	4	3613	True	47.0545267247471	17.7566372450751	28184	28185	EUR
678	42639	4	3914	True	50.0099946454735	15.0860940926854	28010	28011	EUR
679	43191	5	3333	True	51.1626162759866	28.1198669023598	28378	28379	YAM
680	43512	4	3019	True	48.5821712633304	25.2586948375769	28572	28573	EUR
681	43115	5	3416	True	50.842137203497	31.0868440237731	28332	28333	YAM
682	42996	5	3521	True	50.506275169627	27.7540717404536	28248	28249	YAM
683	42404	4	4199	True	48.365873884668	24.1432793782569	27868	27869	EUR
684	42445	3	4164	True	46.1367784342314	10.9447600420625	27892	27893	ANA
685	41795	5	4976	True	54.4559563585589	43.9655650305373	27442	27443	YAM
686	42487	5	4082	True	49.8353803165372	34.3733016892507	27928	27929	YAM
687	42469	3	4123	True	49.5363219537774	19.8127845738225	27910	27911	ANA
688	42115	3	4585	True	46.7625539080045	14.8376039304061	27650	27651	ANA
689	41964	5	4735	True	55.6082311154817	34.3443694322663	27566	27567	YAM
690	42175	3	4490	True	46.1502115874233	26.5680388459225	27702	27703	ANA
691	42323	5	4286	True	51.3777494126023	31.1097874418784	27814	27815	YAM
692	42199	4	4446	True	44.2251609912931	22.0105526091655	27722	27723	EUR
693	42267	4	4360	True	46.5226442293257	24.7952689367115	27768	27769	EUR
694	42268	3	4369	True	43.8618407805926	18.2965438942232	27760	27761	ANA
695	41866	3	4883	True	44.4999122613979	28.0228254779701	27478	27479	ANA
696	42375	4	4239	True	47.8950538953434	8.16596677960822	27844	27845	EUR
697	42314	4	4304	True	44.2725870193084	11.1602547764888	27802	27803	EUR
698	41796	4	4984	True	44.9989806182276	18.8282764728509	27438	27439	EUR
699	42373	5	4228	True	50.7394706758431	33.9516001906541	27854	27855	YAM
700	42350	4	4280	True	51.7670739364428	16.5988533173697	27826	27827	EUR
701	41813	5	4969	True	53.9471771844806	35.4077683732638	27450	27451	YAM
702	42196	3	4461	True	47.7959873738179	16.5849998891052	27718	27719	ANA
703	42134	3	4554	True	48.3880537507418	25.4284356965982	27666	27667	ANA
704	42514	5	4046	True	49.8363711259773	37.4822031154596	27944	27945	YAM
705	42466	5	4116	True	54.516835873122	31.6462203656363	27918	27919	YAM
706	41819	5	4951	True	54.6356065468142	41.275387760783	27458	27459	YAM
707	42428	3	4192	True	46.7105830411082	11.3701554290386	27876	27877	ANA
708	42238	4	4391	True	52.4622997855638	5.69644939383428	27746	27747	EUR
709	42510	5	4067	True	54.1454058601006	36.2443045153753	27938	27939	YAM
710	42538	5	4034	True	54.6908827411293	30.3305701956182	27952	27953	YAM
711	42243	5	4378	True	52.2269543410402	36.1198900619206	27754	27755	YAM
712	41993	5	4718	True	53.8906043698884	44.6796954615065	27580	27581	YAM
713	41814	3	4972	True	39.9607568922767	28.8129415346255	27444	27445	ANA
714	42217	3	4433	True	44.121174947813	24.1054552904118	27730	27731	ANA
715	42156	4	4514	True	50.4469705008453	10.2259217501226	27694	27695	EUR
716	42564	4	4004	True	47.9854345016531	29.1143655271225	27960	27961	EUR
717	41839	5	4926	True	53.7537088182032	35.0121473799482	27468	27469	YAM
718	41867	3	4881	True	39.2078230750979	36.7872558846977	27480	27481	ANA
719	42370	4	4249	True	44.9917007722113	24.6195455492228	27842	27843	EUR
720	41972	4	4738	True	45.2056069623655	8.42538738809177	27564	27565	EUR
721	41944	3	4785	True	38.0735591417243	38.1330730349629	27538	27539	ANA
722	42490	5	4077	True	53.7233852336014	30.3531852845544	27932	27933	YAM
723	42376	3	4250	True	48.2590987513612	9.738761946589	27840	27841	ANA
724	41940	5	4767	True	52.7836666939175	42.371934967499	27546	27547	YAM
725	41991	4	4723	True	52.419784264003	16.8540917419274	27574	27575	EUR
726	42244	5	4375	True	53.7387790511313	34.7410505855901	27756	27757	YAM
727	41966	3	4758	True	52.3871538647972	14.4108764578448	27552	27553	ANA
728	42116	5	4567	True	53.739042643532	38.9002033634887	27656	27657	YAM
729	42539	5	4018	True	48.5425322934926	30.4012896875085	27954	27955	YAM
730	42355	4	4268	True	45.8225859142787	4.86681516700116	27830	27831	EUR
731	42511	5	4051	True	54.9368746840326	31.9955016068635	27940	27941	YAM
732	42034	5	4655	True	52.2048102565083	40.5516451546924	27608	27609	YAM
733	41897	5	4827	True	56.6465010910512	41.0518828314914	27518	27519	YAM
734	41871	4	4869	True	44.0712481364366	26.8703213229317	27490	27491	EUR
735	42269	4	4358	True	47.5258935973548	16.925818141846	27770	27771	EUR
736	41863	4	4873	True	48.8318847555487	27.9046651569042	27484	27485	EUR
737	42241	3	4400	True	41.229057596853	23.4660848532317	27742	27743	ANA
738	42237	4	4398	True	50.0892547563118	25.9652081799887	27744	27745	EUR
739	42067	3	4636	True	46.1613334002919	16.1372936698427	27622	27623	ANA
740	41792	3	4993	True	48.2999151750505	21.2093955483426	27434	27435	ANA
741	41967	3	4756	True	46.1673044617712	17.8726141821748	27554	27555	ANA
742	42422	4	4188	True	43.9578433038989	4.35898256428294	27880	27881	EUR
743	41989	3	4733	True	48.2575700847242	24.2603380737143	27568	27569	ANA
744	41990	4	4724	True	45.2267831510973	24.50867290619	27572	27573	EUR
745	42319	3	4312	True	37.4524253347233	31.2766128708932	27796	27797	ANA
746	42140	5	4533	True	50.1496879374268	34.9033256698604	27678	27679	YAM
747	42152	5	4509	True	55.4900331185742	35.9716398463517	27698	27699	YAM
748	41970	4	4740	True	44.1785372631758	20.9040095329548	27560	27561	EUR
749	42090	3	4601	True	39.1951275111779	34.4017275482461	27638	27639	ANA
750	42264	3	4372	True	48.1683829511836	22.6922378918119	27758	27759	ANA
751	41872	4	4865	True	46.8433811733831	23.1613688625922	27492	27493	EUR
752	41924	4	4805	True	50.579524058495	16.9855341646054	27528	27529	EUR
753	42154	4	4518	True	45.9213402949129	11.2528877684329	27690	27691	EUR
754	42197	5	4443	True	55.5876886032187	41.2859964765421	27726	27727	YAM
755	42087	3	4606	True	39.957074613646	37.8551175453602	27634	27635	ANA
756	42013	4	4695	True	48.2523504190313	13.4480794960321	27588	27589	EUR
757	41862	5	4864	True	53.1231059856314	39.6173546446237	27494	27495	YAM
758	42270	4	4358	True	48.3619459895009	27.7215177006973	27772	27773	EUR
759	41945	3	4783	True	39.8052817206013	35.1575797150461	27540	27541	ANA
760	42400	3	4207	True	45.2660003145192	24.6823838148241	27860	27861	ANA
761	41943	5	4766	True	52.9607212154916	42.7921925436094	27548	27549	YAM
762	42452	4	4152	True	44.9951760390974	20.3998032003751	27902	27903	EUR
763	41920	5	4803	True	54.1421518914601	45.7365240707585	27530	27531	YAM
764	41918	3	4821	True	45.0061103578536	16.2069891676776	27520	27521	ANA
765	42563	4	4009	True	49.5784212320264	13.1921166959697	27958	27959	EUR
766	41812	4	4969	True	49.0883333464607	18.638341558834	27448	27449	EUR
767	42068	4	4626	True	42.0229803746739	20.4798872817377	27626	27627	EUR
768	42155	4	4516	True	48.0208361427127	11.7726045542535	27692	27693	EUR
769	42273	3	4368	True	49.6391804492251	21.6528047328152	27762	27763	ANA
770	42398	3	4214	True	42.6038186465205	24.3127487673801	27856	27857	ANA
771	42240	4	4391	True	47.5833856110179	28.8855056210841	27748	27749	EUR
772	42179	4	4475	True	48.1750308173649	23.4540898446003	27710	27711	EUR
773	42447	5	4138	True	50.5229800584929	32.5134631775255	27906	27907	YAM
774	41835	3	4945	True	36.8609850683892	32.0898783394722	27460	27461	ANA
775	42426	3	4192	True	50.5582724827747	27.2038444703598	27874	27875	ANA
776	42468	4	4117	True	45.0756155398886	16.1494236047272	27914	27915	EUR
777	42354	3	4284	True	44.9674818389202	25.4978099050326	27820	27821	ANA
778	42405	4	4197	True	53.1739307492172	23.2714717533779	27870	27871	EUR
779	42094	5	4587	True	50.3247861555963	36.5952509213967	27648	27649	YAM
780	42485	4	4105	True	48.3654085644815	15.4119918104085	27922	27923	EUR
781	42118	3	4575	True	44.2724813296929	21.9797003699017	27652	27653	ANA
782	42513	3	4071	True	44.4050195068525	25.8970741815512	27936	27937	ANA
783	41816	5	4967	True	52.9661416892513	31.3882831965414	27454	27455	YAM
784	42347	5	4263	True	57.6779862297729	32.6452235231135	27834	27835	YAM
785	42093	5	4592	True	51.4286592139407	32.7474030484647	27646	27647	YAM
786	42345	4	4283	True	41.789544342088	22.9757199877176	27822	27823	EUR
787	41873	5	4858	True	50.9967804033176	43.2229873624189	27500	27501	YAM
788	42180	5	4467	True	52.5077118888361	36.7069644580105	27714	27715	YAM
789	42402	3	4204	True	50.3548115996404	16.0380275821567	27862	27863	ANA
790	42346	5	4267	True	49.5830095821482	33.5203619777883	27832	27833	YAM
791	41837	3	4943	True	48.1354798726781	20.8379354189651	27462	27463	ANA
792	42178	3	4476	True	47.1766059084283	17.4652652804612	27706	27707	ANA
793	42317	5	4287	True	56.1429090389965	35.7733829133437	27810	27811	YAM
794	42065	4	4632	True	51.7839606002187	3.9382532870424	27624	27625	EUR
795	42153	4	4519	True	46.9627995959921	25.5148927061118	27688	27689	EUR
796	42088	4	4595	True	42.6226646938304	26.0160767638758	27642	27643	EUR
797	42040	4	4670	True	47.679981109662	15.2152313882758	27600	27601	EUR
798	41994	3	4730	True	49.7192684257617	18.6927090380839	27570	27571	ANA
799	42016	3	4698	True	50.4434776737207	17.4885390040602	27584	27585	ANA
800	42449	4	4157	True	50.7148639768121	7.09388940648146	27900	27901	EUR
801	42464	3	4128	True	47.18335948982	22.2591355289528	27908	27909	ANA
802	42031	5	4664	True	51.0879790257459	38.3619516945946	27602	27603	YAM
803	42066	3	4645	True	45.0181813626692	28.2138127221215	27620	27621	ANA
804	42177	3	4476	True	46.4329758666086	15.1957918105398	27704	27705	ANA
805	42135	3	4549	True	44.9178566639862	17.3915156580236	27668	27669	ANA
806	41791	3	4993	True	45.0421584359144	15.8531883179551	27432	27433	ANA
807	41898	4	4842	True	45.6498437332175	19.7589591009023	27508	27509	EUR
808	42010	4	4697	True	46.7369550652488	20.7949780775287	27586	27587	EUR
809	42429	4	4172	True	41.6812299286176	23.2947097494538	27884	27885	EUR
810	42141	5	4531	True	55.4564529839203	41.2500974281274	27680	27681	YAM
811	41864	5	4864	True	51.363185428888	35.0694388556412	27496	27497	YAM
812	42121	5	4555	True	51.6742931471773	40.1701839759288	27664	27665	YAM
813	41869	4	4870	True	46.99640831051	19.1210889474757	27488	27489	EUR
814	42245	4	4390	True	52.8643378251203	7.36519472992987	27752	27753	EUR
815	42424	4	4187	True	47.4242872007619	17.8371404354917	27882	27883	EUR
816	42486	4	4096	True	49.8784485704359	19.9395450424264	27924	27925	EUR
817	42489	4	4087	True	41.3168453594311	24.351577629969	27926	27927	EUR
818	41700	4	5117	True	47.5362453825209	22.7237200167562	27368	27369	EUR
819	41048	4	5888	True	51.1988974448812	15.8324358742347	26940	26941	EUR
820	41482	4	5383	True	40.0414430804338	23.3221786024141	27228	27229	EUR
821	41678	5	5146	True	52.2506110131976	41.3543581241873	27356	27357	YAM
822	41405	5	5468	True	55.9768371203539	43.3617430733843	27160	27161	YAM
823	41166	4	5773	True	46.6232980193387	22.8560917653265	27008	27009	EUR
824	41702	5	5099	True	54.082544246884	34.6974746611822	27380	27381	YAM
825	41655	3	5180	True	41.3818397498989	34.6277629520875	27330	27331	ANA
826	41261	4	5655	True	49.1928650076305	12.1687301653	27064	27065	EUR
827	40992	5	5936	True	55.3643094145932	46.0081994806713	26914	26915	YAM
828	41189	4	5736	True	48.2876835682921	16.0932519312668	27030	27031	EUR
829	41381	3	5514	True	45.4800116067826	26.0330864807515	27134	27135	ANA
830	41468	5	5402	True	52.8145340432314	39.7603696965008	27218	27219	YAM
831	41537	4	5315	True	41.7566317480249	23.984990966022	27254	27255	EUR
832	41413	4	5473	True	45.6853907438034	18.8636721183476	27158	27159	EUR
833	41094	5	5817	True	51.5937908598837	38.6579734684311	26972	26973	YAM
834	41603	4	5235	True	46.3098723569568	22.4289234129221	27306	27307	EUR
835	41382	5	5504	True	54.4581596736318	40.8869262688394	27142	27143	YAM
836	41561	4	5291	True	51.1175549216606	22.5396547330349	27278	27279	EUR
837	41047	3	5894	True	42.7947159908392	19.1594249959839	26936	26937	ANA
838	41552	5	5291	True	53.5640620077011	34.5802402943043	27280	27281	YAM
839	41695	5	5103	True	53.3086352959885	31.1721132060645	27376	27377	YAM
840	40964	3	5994	True	38.9725755263757	40.9461629220405	26878	26879	ANA
841	41749	5	5043	True	54.6443682626952	42.5749613725285	27414	27415	YAM
842	41311	3	5594	True	43.9379329088065	25.8222396748021	27092	27093	ANA
843	41098	4	5824	True	46.5518425260793	2.6298591335398	26968	26969	EUR
844	41538	3	5322	True	37.472341274954	38.2367470075728	27252	27253	ANA
845	41329	3	5567	True	39.6033117428711	36.729622652059	27108	27109	ANA
846	41097	3	5835	True	47.2418916281039	23.3094103971619	26964	26965	ANA
847	41583	4	5262	True	45.4058380787168	21.1063191108004	27296	27297	EUR
848	41536	3	5323	True	49.7047373070857	21.0138466236306	27250	27251	ANA
849	41092	3	5839	True	46.2469606863001	24.5501586956613	26960	26961	ANA
850	41767	5	5008	True	52.2932733615203	38.8134117096958	27428	27429	YAM
851	41648	3	5181	True	43.8601917388764	19.1980635243695	27328	27329	ANA
852	41072	3	5865	True	45.5630847409803	19.6460003510018	26946	26947	ANA
853	41408	4	5480	True	43.4579944929796	20.5390201036767	27154	27155	EUR
854	41386	5	5502	True	52.4453703698876	36.34132117142	27146	27147	YAM
855	40991	5	5937	True	57.0305371243781	39.8796677710086	26912	26913	YAM
856	41703	3	5121	True	47.6597600423318	20.8790887385618	27362	27363	ANA
857	41769	4	5019	True	50.1670830383312	6.00312473137574	27424	27425	EUR
858	41123	3	5814	True	47.7472635908378	20.8543711299559	26976	26977	ANA
859	41334	3	5564	True	49.4791603824115	16.1651829883747	27112	27113	ANA
860	41333	5	5551	True	50.579958234784	46.4030979927729	27118	27119	YAM
861	41654	5	5157	True	55.7519170712009	43.7620901007134	27344	27345	YAM
862	41469	5	5395	True	55.3586940781948	46.3552487768495	27220	27221	YAM
863	41467	5	5402	True	56.0874467667343	43.2864921528249	27216	27217	YAM
864	41385	5	5503	True	51.6096216062309	28.9077008998828	27144	27145	YAM
865	41330	5	5560	True	56.2922274151062	45.7434295142608	27116	27117	YAM
866	41163	4	5776	True	49.3247082115875	22.3336712857645	27006	27007	EUR
867	41726	3	5090	True	40.5655066410264	35.4603869795012	27386	27387	ANA
868	41212	4	5715	True	47.4364911235957	4.81661453350798	27038	27039	EUR
869	41432	5	5435	True	53.8621498310355	35.1002537227519	27190	27191	YAM
870	41216	4	5715	True	47.3371202725189	2.39859481390588	27040	27041	EUR
871	41128	4	5806	True	46.6816188411755	14.9830593187972	26982	26983	EUR
872	40962	5	5977	True	53.9825640196457	28.8463708660308	26888	26889	YAM
873	41694	5	5103	True	55.8933179693993	39.2788710372681	27374	27375	YAM
874	41704	5	5098	True	51.9642268561213	43.1393489607446	27382	27383	YAM
875	41464	3	5421	True	49.1013062524769	18.2810289427407	27200	27201	ANA
876	41434	4	5446	True	49.3846323416206	18.6957474936882	27178	27179	EUR
877	41602	5	5220	True	57.319773871623	36.4314591001505	27310	27311	YAM
878	41352	4	5527	True	49.2784822700934	16.7863083370258	27124	27125	EUR
879	41486	5	5367	True	55.1254938065591	47.32918895504	27232	27233	YAM
880	41484	3	5388	True	38.2890437223913	28.866642423044	27226	27227	ANA
881	41630	4	5199	True	51.4459435580154	17.2123386322796	27322	27323	EUR
882	41510	5	5339	True	52.8530233201643	38.0003935610791	27244	27245	YAM
883	41790	3	5004	True	37.158424054959	28.4301317890964	27430	27431	ANA
884	40996	4	5939	True	51.0169500447755	11.0404681727141	26908	26909	EUR
885	40158	5	6813	True	51.6688035630195	44.2200754356655	26396	26397	YAM
886	40526	3	6445	True	37.356719364425	35.2663317577585	26614	26615	ANA
887	40685	4	6246	True	49.0973266330006	22.000648404135	26724	26725	EUR
888	40752	3	6199	True	48.0629527569835	19.2943669679829	26744	26745	ANA
889	40658	2	6273	True	59.4345305217122	45.6085178246072	26706	26707	EHG
890	40930	4	6019	True	44.1326389276589	6.79971751268419	26870	26871	EUR
891	40427	2	6544	True	53.8360078270713	56.649695704545	26552	26553	EHG
892	40370	5	6598	True	51.9208018521183	36.9861142921376	26524	26525	YAM
893	40906	2	6039	True	58.2423877865898	38.5425068902181	26856	26857	EHG
894	40815	4	6135	True	45.8119011324932	24.0724637806871	26790	26791	EUR
895	40154	2	6822	True	55.3631866904343	36.7561778379426	26384	26385	EHG
896	40475	2	6503	True	58.6554393887759	38.8377966614325	26586	26587	EHG
897	40543	2	6404	True	57.6166880571775	40.2659335465428	26628	26629	EHG
898	40006	2	6981	True	58.6226719438946	41.1152940765839	26292	26293	EHG
899	40779	4	6166	True	48.4320444178564	10.8924375468829	26768	26769	EUR
900	40875	5	6060	True	55.6872137501577	28.0974927787255	26840	26841	YAM
901	40365	5	6610	True	55.820805282682	39.1923275619314	26518	26519	YAM
902	40772	4	6168	True	43.9961949649745	19.9827787364484	26766	26767	EUR
903	40909	4	6035	True	43.1025944643409	26.0871221347343	26864	26865	EUR
904	40149	3	6830	True	37.1240461715358	34.7404240542308	26376	26377	ANA
905	40636	4	6306	True	49.7121052499733	9.87422910183569	26690	26691	EUR
906	40476	3	6505	True	39.4546285865413	31.713043776839	26584	26585	ANA
907	40424	3	6561	True	40.918393263426	33.6513616803523	26544	26545	ANA
908	40876	4	6061	True	46.5527079801174	10.6834314755846	26836	26837	EUR
909	40183	2	6794	True	56.2288140783076	55.6453942096601	26406	26407	EHG
910	40220	3	6769	True	44.1056102439874	27.6547291207395	26422	26423	ANA
911	40604	2	6346	True	55.4066397360612	49.7997706596782	26666	26667	EHG
912	40637	5	6295	True	55.026712862847	38.258240452017	26694	26695	YAM
913	40423	4	6536	True	48.6512288051709	13.2771963224445	26560	26561	EUR
914	40524	2	6430	True	56.4240625255522	50.750351732714	26616	26617	EHG
915	40030	5	6929	True	56.1474659703769	40.9377624789012	26320	26321	YAM
916	40217	3	6772	True	39.7601184030154	31.0032913662845	26420	26421	ANA
917	40452	4	6524	True	52.3812891525347	16.4923927195819	26574	26575	EUR
918	40309	2	6670	True	56.6847363525203	38.390590672113	26486	26487	EHG
919	40546	2	6399	True	57.2880698217829	40.1165179297936	26632	26633	EHG
920	40187	2	6791	True	54.2087014606655	44.5630235542768	26408	26409	EHG
921	40506	4	6468	True	50.4435317406195	14.1097592402178	26604	26605	EUR
922	40571	4	6364	True	45.8693136602818	28.7460167483474	26650	26651	EUR
923	40570	4	6374	True	46.2069469424482	8.24578272840677	26648	26649	EUR
924	39133	3	7880	True	38.7791564324659	33.6685869378901	25744	25745	ANA
925	39608	4	7361	True	47.7433911678736	19.8162214920234	26072	26073	EUR
926	39129	3	7884	True	39.7913837093859	28.7477404119376	25740	25741	ANA
927	39580	3	7400	True	39.7165720906823	34.3389851126881	26038	26039	ANA
928	39675	3	7304	True	39.2868168392002	30.5984662524359	26100	26101	ANA
929	39930	3	7044	True	45.757261554756	23.9382819218989	26250	26251	ANA
930	39709	2	7261	True	62.7924204724158	37.9889713503847	26116	26117	EHG
931	39020	4	7985	True	49.3747770622611	5.81222355129947	25690	25691	EUR
932	39022	4	7981	True	50.8684197361764	15.2341460084016	25692	25693	EUR
933	39817	3	7154	True	38.6165338411972	37.9058796410887	26184	26185	ANA
934	39342	4	7624	True	47.6550313275866	26.8405577271376	25894	25895	EUR
935	39078	3	7937	True	40.8998528691802	38.5069064621721	25712	25713	ANA
936	39499	3	7485	True	36.2224608465724	36.8181270732778	25994	25995	ANA
937	39735	3	7250	True	39.3604221347635	37.0306472539103	26124	26125	ANA
938	39500	2	7478	True	59.8482041723024	33.5239945588805	26000	26001	EHG
939	39076	4	7929	True	44.1755939086309	16.6388222076103	25716	25717	EUR
940	39642	4	7334	True	50.5299954264168	23.3323954506325	26088	26089	EUR
941	39181	2	7818	True	54.7974176652145	46.4613681883684	25796	25797	EHG
942	39677	3	7303	True	39.0025851017134	39.5078261232572	26102	26103	ANA
943	39707	3	7277	True	37.7252832642912	36.6166387783206	26110	26111	ANA
944	39373	4	7595	True	48.5142217742522	20.7981501632044	25922	25923	EUR
945	39446	2	7542	True	55.5743448369078	50.5565312857013	25958	25959	EHG
946	39161	3	7849	True	39.9545376115559	27.2567389904189	25768	25769	ANA
947	39260	3	7727	True	36.7849241967339	32.0672515074025	25844	25845	ANA
948	39584	4	7390	True	47.1095331268777	17.1470986806422	26056	26057	EUR
949	39370	3	7610	True	38.103365733663	33.3609912507287	25902	25903	ANA
950	39052	3	7971	True	39.0141680674571	39.5266595676487	25696	25697	ANA
951	39262	4	7714	True	42.580275717895	23.9441933203964	25856	25857	EUR
952	39578	4	7393	True	47.5766131879567	5.75721192418336	26050	26051	EUR
953	39412	2	7565	True	58.2140317603944	46.4466362793548	25938	25939	EHG
954	39107	4	7898	True	46.5267842134973	23.2190044018045	25734	25735	EUR
955	39708	4	7255	True	47.0649275035208	8.62700499874875	26120	26121	EUR
956	39609	3	7370	True	42.6913678167472	23.2608563425411	26064	26065	ANA
957	39318	4	7652	True	47.6835272707867	5.18681281468341	25882	25883	EUR
958	39164	3	7845	True	37.3776383398734	35.4193278713553	25770	25771	ANA
959	39910	4	7050	True	48.8866349159341	18.0316796743238	26248	26249	EUR
960	39528	4	7437	True	49.374831751966	7.72560397864668	26020	26021	EUR
961	39549	3	7425	True	38.1177029981181	38.8331380646618	26024	26025	ANA
962	39789	4	7170	True	44.015500669377	21.2728498379885	26170	26171	EUR
963	39909	2	7054	True	55.945562858786	39.7147342992726	26244	26245	EHG
964	38986	2	8025	True	56.3789833965807	55.8242638050491	25662	25663	EHG
965	38680	2	8284	True	55.5173236010589	28.2749441517825	25488	25489	EHG
966	37984	4	8936	True	44.0196019364701	17.9288259418787	25068	25069	EUR
967	37976	4	8945	True	51.06251816661	7.55707086749647	25060	25061	EUR
968	38222	3	8722	True	37.3079047387223	28.3552250371047	25202	25203	ANA
969	38774	3	8214	True	40.4048428159398	39.023833984668	25528	25529	ANA
970	38806	4	8162	True	46.0187774624868	1.93087165952813	25558	25559	EUR
971	38443	3	8504	True	37.3931096856703	35.6792243927193	25346	25347	ANA
972	38844	2	8139	True	62.4434586268034	48.2718745295764	25572	25573	EHG
973	38803	2	8174	True	59.7310215453607	38.3319278479635	25552	25553	EHG
974	38299	3	8659	True	38.7162517066782	29.6321923733531	25262	25263	ANA
975	38779	2	8189	True	54.6493969908612	54.9059144608742	25540	25541	EHG
976	38254	4	8667	True	46.6710205279925	0.244134847306879	25250	25251	EUR
977	37980	4	8939	True	48.2570523969011	11.8486488925063	25064	25065	EUR
978	36914	4	9955	True	47.9034982180108	14.4192017254899	24436	24437	EUR
979	37122	4	9777	True	52.2591290374382	19.9119848404028	24560	24561	EUR
980	36915	4	9955	True	45.5650852956963	5.27824951944788	24438	24439	EUR
981	37216	4	9687	True	52.2704252361038	17.6859553040525	24608	24609	EUR
982	37279	2	9645	True	53.7401066065998	57.1752924394965	24634	24635	EHG
983	37315	2	9604	True	54.9787533518882	30.8766509426244	24664	24665	EHG
984	37692	3	9260	True	40.9823188803392	35.3796148033185	24894	24895	ANA
985	37217	3	9712	True	39.649778987133	40.5886045835487	24598	24599	ANA
986	36337	3	10538	True	38.3516158181883	36.2641795895887	24104	24105	ANA
987	35959	2	10907	True	55.4062337529002	55.5001534397061	23884	23885	EHG
988	36233	4	10625	True	47.4364931721305	18.719989519084	24056	24057	EUR
989	36745	3	10121	True	39.1406486256026	29.521501179085	24332	24333	ANA
990	36204	3	10665	True	35.4092369982681	37.8738700038831	24026	24027	ANA
991	35407	4	11466	True	50.0403320616232	1.49175876621902	23576	23577	EUR
992	35122	4	11735	True	46.9030329517322	23.3547137973256	23418	23419	EUR
993	33973	2	12922	True	57.337455573776	52.3211411329899	22722	22723	EHG
994	32993	2	13921	True	57.44798413917	48.754918014451	22162	22163	EHG
995	32830	4	14084	True	49.916340375145	8.36168968891721	22052	22053	EUR
996	31405	2	15431	True	58.4451731126466	39.8079105433576	21244	21245	EHG
997	16579	1	30226	True	42.3641533944495	57.9146350115826	12410	12411	OOA
998	13210	1	34411	True	42.4640052972133	60.3258051627816	9842	9843	OOA
