ind_id	pop	time	sampled	lat	lon	node1	node2
22333	EUR	24463	True	35.1290327524117	37.6233169117395	15824	15825
44487	EUR	2105	True	20.3047164869021	43.5672844706891	29118	29119
36478	ANA	10553	True	32.0079192307929	37.1394680565021	24092	24093
34047	ANA	12953	True	36.2979709518097	39.4480158641814	22700	22701
38827	EHG	8323	True	12.5418869819229	51.8267153434264	25466	25467
4667	OOA	45230	True	47.3616912041372	29.3017423669617	3418	3419
29805	EHG	17206	True	35.31183396654	58.7746113287844	20178	20179
23347	EHG	23502	True	44.2937770093032	55.7164362659577	16426	16427
7834	OOA	41164	True	57.7679852144354	38.0647655269939	5818	5819
7604	OOA	41456	True	56.8738103717679	35.4604378235727	5650	5651
1641	OOA	48987	True	36.301329897638	29.489955207639	1186	1187
34208	EHG	12787	True	44.5582040119718	54.6238191864151	22814	22815
45435	EUR	608	True	21.9083058537132	45.8165352775558	29954	29955
8041	OOA	40904	True	56.8246666195499	37.2316362533486	5970	5971
20314	ANA	26425	True	39.4004476119718	38.4805370416248	14672	14673
15442	OOA	31729	True	57.6550970774488	41.5085991566393	11482	11483
34968	EUR	12032	True	36.2079308255426	60.7436601556111	23228	23229
20020	ANA	26705	True	60.4514537558967	42.3123888639953	14516	14517
29923	ANA	17105	True	21.9851572220987	50.5122219670795	20246	20247
23003	EUR	23872	True	27.5071146108257	39.0757855970675	16202	16203
20370	EHG	26363	True	30.2376259499519	37.2119228777993	14708	14709
16774	OOA	30086	True	60.0834138526724	41.2097955717577	12470	12471
6410	OOA	42992	True	49.199599720802	32.327747086488	4752	4753
600	OOA	50250	True	32.3622166529296	27.8721321762559	398	399
7850	OOA	41148	True	57.882382095009	37.8972638664583	5826	5827
39940	EHG	7196	True	19.2053665053842	47.3238589882121	26152	26153
20513	OOA	26189	True	60.5223167891157	42.3512274646422	14830	14831
29643	ANA	17337	True	26.0016587763432	47.2772879663717	20104	20105
38460	EHG	8675	True	30.5914446136315	37.7329588265302	25236	25237
2660	OOA	47723	True	37.0414955527531	29.8761184645672	1930	1931
1440	OOA	49265	True	37.2271043498599	30.6321228915019	1038	1039
2184	OOA	48266	True	39.8380920509804	27.7939466770057	1594	1595
850	OOA	49963	True	30.047362749227	30.4133745063911	584	585
33714	EHG	13268	True	40.3394392922487	59.2983317656363	22522	22523
5298	OOA	44421	True	50.2852830320337	31.7457680324543	3892	3893
5454	OOA	44243	True	49.5009181404179	32.8068118905714	4004	4005
30063	EHG	16983	True	45.8778712918237	58.8102008396845	20324	20325
36106	ANA	10910	True	29.6127160931823	37.8472131136456	23880	23881
30618	EHG	16427	True	32.258687631973	38.7426948593465	20674	20675
17401	OOA	29299	True	62.802717095408	39.974243966898	12954	12955
20474	EHG	26226	True	36.8630399506306	54.3907437098763	14800	14801
26622	EHG	20364	True	54.073330750467	59.8152042425178	18328	18329
29849	EHG	17172	True	30.2598951846994	38.1576707516402	20190	20191
11179	OOA	36980	True	59.1849918332037	39.9324499453278	8310	8311
22487	ANA	24311	True	32.4665404186603	59.7522948622747	15920	15921
42267	ANA	4541	True	19.1243234233227	47.6532811994778	27670	27671
28864	ANA	18137	True	37.994168154985	40.5866472774199	19660	19661
24032	EHG	22804	True	50.0105294355449	55.3118356677606	16804	16805
43484	EUR	3185	True	20.0709114228058	48.5210460893035	28474	28475
9819	OOA	38617	True	60.0902095046695	36.679181686358	7308	7309
36447	EUR	10585	True	39.7529873073932	37.8388543380928	24078	24079
41280	YAM	5748	True	29.9048193325819	36.2454798810566	27020	27021
11572	OOA	36524	True	58.9849448670872	38.0087707941738	8610	8611
9263	OOA	39331	True	64.5282415272284	40.0581528838746	6898	6899
9352	OOA	39255	True	56.4967129599869	38.561651963938	6958	6959
30570	ANA	16488	True	31.0544506523647	59.3817216998032	20640	20641
34017	ANA	12981	True	32.6904329939521	40.6406442452565	22682	22683
3796	OOA	46285	True	43.1132453128802	33.3763200533651	2782	2783
33073	EHG	13954	True	12.4342642484569	52.4666332509721	22150	22151
18617	OOA	28041	True	59.2061566981672	42.2532104149855	13724	13725
21977	ANA	24808	True	24.6177259324012	47.6195133261314	15614	15615
6190	OOA	43305	True	53.0403480489262	34.2577566014279	4574	4575
3504	OOA	46679	True	42.3505697450779	27.9433468842535	2572	2573
27634	EHG	19321	True	-6.66866336479944	40.6270977744096	18958	18959
30371	ANA	16683	True	10.3901271274347	48.5926690790227	20518	20519
36941	EHG	10091	True	31.3842794381726	58.0143613633372	24356	24357
43682	YAM	2985	True	26.2302327431857	50.6599528170052	28594	28595
27526	ANA	19434	True	36.9115636826467	37.1248551818497	18864	18865
19902	OOA	26820	True	58.1688782856851	40.3643253935418	14436	14437
13630	OOA	33989	True	63.5822620599525	41.3366928076472	10128	10129
39021	EHG	8139	True	29.6102207983648	56.4297742604554	25572	25573
44726	EUR	1839	True	24.7323827775943	47.4840536299083	29286	29287
33192	EHG	13834	True	44.1755889573157	57.7457851026681	22218	22219
40847	EUR	6261	True	51.3078667629677	58.4951063787245	26714	26715
15500	OOA	31623	True	63.4916376367391	39.0063861196322	11530	11531
36621	EUR	10397	True	33.9337409721103	38.5188470234142	24180	24181
2922	OOA	47425	True	40.3202927647031	30.0064861020038	2118	2119
31922	EHG	15089	True	5.78218815226723	46.5893879081689	21436	21437
36551	EHG	10474	True	21.8717408539117	52.8710949339947	24148	24149
36108	EHG	10899	True	53.7419796700582	53.6505393294514	23892	23893
18912	EHG	27858	True	32.6365213743596	39.856964941796	13834	13835
2010	OOA	48496	True	39.8399946660985	29.7714015616774	1446	1447
26039	EHG	20958	True	34.1485441665927	59.3435651159472	17998	17999
5237	OOA	44489	True	50.2437602571019	32.1811811559715	3862	3863
27739	ANA	19248	True	31.6607467439573	38.2150797453676	19008	19009
42308	YAM	4476	True	25.3909044795223	50.8057844855828	27706	27707
13622	OOA	34006	True	57.3118045577271	42.1234241583289	10112	10113
3132	OOA	47177	True	38.4480618846048	28.609457362819	2270	2271
32195	EHG	14831	True	36.1387290408896	55.5256479964481	21604	21605
5216	OOA	44516	True	49.7072171005104	30.995524195195	3844	3845
3711	OOA	46384	True	40.1656251504741	30.8514434908444	2726	2727
27111	EUR	19840	True	44.7592775240166	57.0696633309793	18622	18623
25706	EHG	21252	True	32.0569186943438	59.2471394853138	17806	17807
41438	ANA	5567	True	30.3103208662331	39.218307447617	27108	27109
41255	YAM	5783	True	32.7100085175498	38.674820810326	27002	27003
16550	OOA	30376	True	58.5093698927776	41.929790045762	12318	12319
7405	OOA	41750	True	56.0322638122453	35.6413536435301	5486	5487
34452	EUR	12556	True	28.6434392071506	38.5894569658294	22926	22927
13735	OOA	33871	True	59.5278252669057	38.4643104150635	10220	10221
23440	EUR	23410	True	30.1702811843534	58.5222471338834	16476	16477
40244	EUR	6915	True	37.1463845507586	57.9699566740674	26332	26333
21523	ANA	25226	True	59.8753022123124	40.521159883505	15400	15401
13275	OOA	34375	True	60.1409967230001	42.2473941880525	9876	9877
4363	OOA	45568	True	44.182180070012	28.3804577590588	3186	3187
34690	EUR	12304	True	21.3620513821528	41.3876700461472	23080	23081
45422	EUR	644	True	18.0570310510122	50.6779519266189	29928	29929
32334	ANA	14678	True	16.8446282250746	52.283421125349	21686	21687
24538	ANA	22377	True	10.0415027887803	50.0898482021169	17110	17111
30818	EHG	16207	True	23.8887100180359	47.4006052665605	20816	20817
17765	OOA	28872	True	59.050950857061	38.766269801405	13216	13217
18875	ANA	27869	True	58.1702473841864	41.7583922947298	13828	13829
44743	EUR	1798	True	20.8907623356569	45.6570197191665	29304	29305
43654	YAM	3000	True	19.3249948283172	49.8482976185167	28584	28585
12651	OOA	35073	True	61.1205321862285	39.3409781667156	9408	9409
13905	OOA	33658	True	59.369830224188	40.9107178070499	10328	10329
25092	ANA	21831	True	35.0970033363903	37.6709997862827	17438	17439
5390	OOA	44308	True	47.8349777691291	28.3525053237638	3960	3961
6391	OOA	43026	True	52.9733625031926	33.7080191789109	4738	4739
1844	OOA	48716	True	36.4125809017666	31.368355825057	1342	1343
22998	EHG	23871	True	35.9170883391154	58.1488911682668	16204	16205
34292	ANA	12701	True	28.0538096535597	38.4897927463415	22850	22851
45356	EUR	813	True	6.6581572764609	43.9098486469457	29824	29825
42114	EUR	4724	True	24.4803311048407	48.6718731132177	27572	27573
17823	OOA	28803	True	62.127437030967	41.4458108093314	13266	13267
17592	OOA	29074	True	56.7116023392319	39.2130882767337	13092	13093
17430	OOA	29247	True	59.333128114858	41.0999070203276	12978	12979
35496	ANA	11511	True	50.1145550761761	56.4668441025313	23546	23547
4160	OOA	45847	True	43.8993115631218	30.5573290884953	3048	3049
28752	EHG	18248	True	51.9694978370122	60.5804761498462	19598	19599
45268	EUR	1000	True	2.40486894275938	48.069668329689	29736	29737
31420	ANA	15624	True	29.9982850625149	40.8269832406359	21138	21139
25485	EUR	21465	True	38.0105442138602	40.1916861715341	17674	17675
44760	EUR	1789	True	27.3801873885939	47.800812693993	29314	29315
15309	OOA	31885	True	55.1100694025999	40.9860980067685	11380	11381
3475	OOA	46706	True	42.2526051942213	33.2530609745619	2552	2553
12417	OOA	35363	True	62.3947989543371	42.82779322887	9234	9235
17687	OOA	28972	True	59.6573432210293	38.1194664061596	13146	13147
45189	EUR	1150	True	26.6507325099244	43.4340286541643	29646	29647
21889	EUR	24918	True	37.5192781077343	38.0545982668341	15566	15567
41166	YAM	5886	True	34.4430803592466	51.8291763417946	26942	26943
19486	ANA	27240	True	59.8155709588669	41.2270168937814	14202	14203
26920	EUR	20048	True	48.7068039229178	60.8759579569978	18526	18527
15550	OOA	31575	True	57.5920612829667	40.0763378864567	11566	11567
5532	OOA	44149	True	51.9520905503001	32.0652887834136	4076	4077
44327	EUR	2261	True	21.0444906934616	43.4516609053944	28982	28983
26507	EUR	20468	True	45.8572326626126	56.192515643834	18276	18277
14784	OOA	32599	True	57.1235680677139	37.8879686456636	10992	10993
9399	OOA	39189	True	64.1469564239863	40.4925435185379	6996	6997
599	OOA	50252	True	29.8235425910189	30.1687124686102	396	397
22334	EHG	24448	True	28.55066551773	48.2215393680788	15830	15831
14064	OOA	33503	True	64.0154494591965	39.719673413369	10442	10443
31529	EHG	15504	True	31.5322769598327	37.4388801675318	21202	21203
40625	YAM	6529	True	29.7161282209356	57.473210116276	26568	26569
21618	OOA	25139	True	59.2586826840837	40.0064631873806	15460	15461
18149	OOA	28408	True	57.4141141195918	41.5175159121508	13492	13493
19338	OOA	27402	True	58.6242593079575	58.0529912300719	14096	14097
33788	EHG	13204	True	36.2693301220023	57.4101674239878	22568	22569
26383	EUR	20592	True	50.5569946410967	61.4469486609896	18200	18201
28832	EHG	18158	True	14.3229650786309	51.0203807253229	19650	19651
27849	ANA	19149	True	40.3009935750203	39.5955357049745	19072	19073
44483	EUR	2111	True	17.0274436373626	46.13029227958	29110	29111
1325	OOA	49398	True	37.0305488256298	32.2755390652151	928	929
22845	EHG	23981	True	10.5911868529263	50.8798044850604	16120	16121
11760	OOA	36239	True	56.4283123074201	39.2220673718178	8762	8763
31362	EUR	15675	True	51.0753747630188	56.2869529446638	21108	21109
7386	OOA	41771	True	57.0578100639804	33.6816901555534	5474	5475
28780	EUR	18218	True	6.34077903618231	45.9736373080727	19610	19611
4712	OOA	45168	True	44.5793672266822	29.6808388066835	3454	3455
13649	OOA	33964	True	59.6860898313392	40.5168382287807	10142	10143
40064	ANA	7098	True	21.0868602528787	43.4930355715647	26218	26219
13509	OOA	34121	True	56.0236699628051	41.4368800273259	10030	10031
8151	OOA	40767	True	58.8158977771579	40.8207207039501	6076	6077
40581	EUR	6541	True	24.4824918580535	46.4729387199247	26556	26557
18002	OOA	28590	True	57.1590328892127	41.4506061137389	13398	13399
8529	OOA	40304	True	54.6410504112443	39.9682843387785	6336	6337
10152	OOA	38216	True	56.0769324615767	40.7569547919723	7554	7555
39054	EUR	8114	True	42.6530769832432	57.2955171399596	25592	25593
5072	OOA	44722	True	45.7475457204122	32.4923838408764	3730	3731
32885	EHG	14140	True	44.7567395626318	60.4224866718725	22016	22017
38457	EHG	8666	True	16.7580853988349	46.4015396083962	25254	25255
33510	EHG	13469	True	52.3703806923241	59.7987871063786	22422	22423
43630	YAM	3030	True	23.8519628047214	51.5199878839635	28568	28569
22749	ANA	24082	True	28.3108688305325	39.6780119630599	16054	16055
23382	EHG	23485	True	32.7309021878173	37.7370264219668	16436	16437
24565	ANA	22349	True	40.9893793059691	60.3737830504312	17122	17123
38699	EUR	8435	True	38.0842279406296	59.7343018489767	25398	25399
14698	OOA	32719	True	59.346399007414	38.251892210033	10920	10921
34997	EHG	12010	True	-0.0935459441864021	47.0432456419191	23266	23267
6329	OOA	43126	True	49.8925328751852	32.5375197540443	4688	4689
36391	EHG	10625	True	54.0370461109228	54.2478472907591	24054	24055
44816	EUR	1708	True	4.00431106401085	43.7140206117043	29376	29377
40446	ANA	6695	True	57.4660457226641	56.1351138023643	26468	26469
1634	OOA	49012	True	33.6811087946998	29.4834397066907	1172	1173
32373	EHG	14643	True	43.6307978449807	54.8528016719014	21712	21713
23241	EUR	23617	True	35.9461625674186	56.2471736300161	16352	16353
19082	EHG	27670	True	47.7954039160301	58.0017682826458	13950	13951
7387	OOA	41770	True	56.0237561420036	36.072976552478	5476	5477
30030	ANA	17030	True	33.0339699339556	38.0970832643158	20304	20305
29358	EUR	17608	True	25.1218423615762	52.7157302524953	19958	19959
19661	ANA	27079	True	37.4112123277937	37.1662724506001	14274	14275
44795	EUR	1759	True	20.0578594259468	44.3649239898658	29346	29347
30373	ANA	16693	True	39.0412895253635	35.5574870779554	20512	20513
34481	EUR	12512	True	3.61588501988655	49.5517401886554	22956	22957
14463	OOA	33003	True	60.5780987388383	41.5570504481226	10750	10751
42720	YAM	3962	True	22.6933318811355	53.3105251824805	27986	27987
34346	EUR	12649	True	33.2928631983179	37.4169958421299	22880	22881
38428	EUR	8703	True	32.0872427858915	54.9061735322251	25218	25219
7021	OOA	42254	True	54.6671878697213	33.6696969817059	5202	5203
39144	EUR	8022	True	2.57775051241057	46.383284113634	25668	25669
762	OOA	50055	True	34.2532505020555	28.828848967601	514	515
45085	EUR	1340	True	21.6612455141949	49.4515427603467	29558	29559
19695	ANA	27029	True	63.4325276263338	39.0962114435148	14320	14321
16452	OOA	30488	True	59.7874802132957	40.9271570254631	12242	12243
30785	EHG	16245	True	43.7723537369753	58.8949881854942	20776	20777
12018	OOA	35873	True	57.9088463981924	42.6711229380765	8916	8917
16902	OOA	29944	True	59.6895454351859	43.0496431325559	12566	12567
33958	EHG	13037	True	45.6495758531539	57.211527997542	22658	22659
26757	ANA	20208	True	35.1204062407883	56.2940252223487	18418	18419
24702	EHG	22239	True	13.9562325285541	50.218860116913	17198	17199
22243	EUR	24564	True	38.7885473229654	40.1461187128789	15758	15759
2182	OOA	48276	True	33.8518006799199	28.7692570037165	1590	1591
44693	EUR	1860	True	9.41977112554445	51.420381220628	29256	29257
38585	EUR	8553	True	25.6385736686748	45.4709885073787	25334	25335
7588	OOA	41498	True	53.9382368361917	34.0826823279644	5632	5633
39325	EHG	7853	True	27.0924004834426	38.5405534362405	25764	25765
4624	OOA	45287	True	46.025449158835	31.5419359784281	3386	3387
32466	EUR	14561	True	35.4305753737359	60.289150234434	21744	21745
40210	EHG	6949	True	33.0774115697646	40.8576472920153	26304	26305
41689	ANA	5304	True	19.4987040262779	51.4437926478167	27264	27265
20222	OOA	26489	True	56.8544554805907	40.8751412857643	14636	14637
16008	OOA	31061	True	57.6296625415216	41.683428341189	11910	11911
20542	EHG	26164	True	42.6295517967695	60.013151984993	14844	14845
34745	EUR	12238	True	20.9121968269157	49.5128263356576	23118	23119
23300	ANA	23568	True	27.9741674452142	39.4151593454271	16388	16389
45359	EUR	809	True	21.5105066897754	47.1699891615081	29830	29831
7480	OOA	41637	True	56.3254100984764	34.0844955465399	5556	5557
5679	OOA	43967	True	52.4982083954843	30.9727873848958	4188	4189
31305	EUR	15715	True	9.42262177488414	47.8632845385152	21086	21087
5895	OOA	43681	True	50.0745687325222	31.8479246535012	4364	4365
35207	EHG	11811	True	38.673665262237	37.055065913833	23370	23371
42023	EUR	4851	True	36.1040026039553	39.4516693868176	27502	27503
26759	ANA	20203	True	41.6705374091677	55.2372092503011	18422	18423
40907	YAM	6199	True	21.6291418637683	40.8079609464423	26744	26745
18176	OOA	28400	True	59.8905506745828	41.1592232164268	13498	13499
696	OOA	50126	True	31.2421880163221	27.6930856657515	468	469
12060	OOA	35828	True	57.035459453594	38.9303114175533	8956	8957
42526	ANA	4197	True	1.78815082020908	46.567676655478	27870	27871
14357	OOA	33145	True	58.8618274354552	42.2528662925472	10654	10655
6884	OOA	42410	True	53.5681782146001	32.7988950550035	5088	5089
9000	OOA	39711	True	56.819848217342	41.6417920014627	6702	6703
15335	OOA	31843	True	60.0943210782824	38.4164273389509	11402	11403
29848	ANA	17174	True	30.664369698084	37.4287235213965	20188	20189
29991	EUR	17062	True	29.1108403595676	39.2483646014646	20282	20283
39048	ANA	8120	True	41.9103769608567	56.125429836423	25586	25587
13600	OOA	34022	True	57.2095629921999	42.4386147684994	10098	10099
131	OOA	50876	True	36.0601733377339	32.1133994257412	52	53
35232	ANA	11762	True	0.529059961446557	47.1040654282246	23400	23401
17235	OOA	29513	True	61.041130911918	38.6805526023097	12824	12825
30569	EUR	16492	True	38.2661262262591	38.1896795229817	20630	20631
10671	OOA	37600	True	63.6640853252596	38.1115417254076	7944	7945
442	OOA	50458	True	33.3983971422392	28.8514487679013	288	289
25800	ANA	21146	True	7.21479357046387	46.6130842610497	17872	17873
40903	ANA	6201	True	35.9537958022348	38.8455230490195	26742	26743
17337	OOA	29378	True	59.9264532173869	40.9280443877907	12906	12907
11378	OOA	36763	True	60.2268020256874	38.9378471273909	8448	8449
34417	ANA	12576	True	30.9253607000515	36.81603424029	22918	22919
18233	OOA	28343	True	60.4487520429642	41.7820452751351	13532	13533
28281	EHG	18738	True	31.7855053913033	38.2850929221845	19320	19321
29243	EUR	17726	True	22.6792267111852	41.3759361636303	19880	19881
38042	ANA	9066	True	37.5625593551021	61.7235761941475	24990	24991
24927	EUR	21997	True	12.8702302667718	49.7124002847976	17360	17361
45034	EUR	1412	True	24.1549546315056	52.7400850205971	29514	29515
21838	ANA	24962	True	52.2001361333504	58.0443273160943	15544	15545
19516	ANA	27208	True	48.9068995486483	55.8817002827058	14214	14215
21017	OOA	25692	True	61.3335733063731	41.1261578403703	15110	15111
41916	EUR	4993	True	19.749401352896	46.2503920400556	27432	27433
2080	OOA	48395	True	36.4476093419173	30.292566507048	1502	1503
30626	ANA	16422	True	29.0906268087054	41.2092084334952	20684	20685
37250	ANA	9829	True	34.4310476088623	38.4670211698025	24512	24513
41982	ANA	4902	True	19.1717969769264	46.0224944118129	27472	27473
6233	OOA	43249	True	50.0340251925536	33.3619805448258	4610	4611
15211	OOA	31985	True	61.5968775226693	37.4113142626132	11310	11311
15055	OOA	32203	True	62.4028714369929	40.2103860171529	11202	11203
31708	EUR	15323	True	39.5528757979435	39.3913801855775	21304	21305
10116	OOA	38271	True	59.7335820907467	41.0373011292971	7516	7517
86	OOA	50935	True	35.2476042673492	30.7322762667935	16	17
9085	OOA	39586	True	57.6351300751562	41.3291870774578	6752	6753
22245	EUR	24547	True	38.7164456100716	55.2606663333931	15772	15773
27199	EHG	19738	True	50.2556646005309	61.8242384968724	18690	18691
27094	ANA	19878	True	34.4329649418608	38.8001316674308	18608	18609
8391	OOA	40454	True	60.0522058325294	36.4257214704844	6234	6235
44139	EUR	2454	True	9.58259535086343	47.6626010049322	28874	28875
11842	OOA	36123	True	62.8377523576662	40.2270711535275	8818	8819
43133	EUR	3519	True	28.2690202306008	50.4163527670071	28250	28251
20760	ANA	25930	True	63.6683285321562	38.7532178383768	14964	14965
1661	OOA	48969	True	36.3486314621718	27.3010106239282	1198	1199
7381	OOA	41784	True	54.455249430924	34.4067537018077	5464	5465
7601	OOA	41469	True	56.2490222382666	34.8074519135715	5644	5645
4415	OOA	45528	True	46.096267222349	29.1684095690038	3228	3229
27284	EHG	19669	True	31.1089385090048	36.6750544769644	18736	18737
9457	OOA	39120	True	63.1010416414267	40.8800354046981	7046	7047
42468	YAM	4263	True	32.399094932391	53.8140726539281	27834	27835
2606	OOA	47771	True	38.2370051999934	28.9007392753276	1896	1897
16071	OOA	30972	True	63.1772046875423	37.9860060163753	11958	11959
35180	EHG	11841	True	29.5680035104957	39.4786719678947	23352	23353
13808	OOA	33782	True	59.9370305994183	38.4457187455339	10256	10257
5885	OOA	43692	True	50.3728480464316	31.5633875983948	4344	4345
16595	OOA	30315	True	56.7688498749918	42.2919385082625	12346	12347
23763	EUR	23079	True	44.980899702236	61.4136137928925	16646	16647
36675	ANA	10339	True	33.4397620270326	37.1529027371479	24216	24217
43320	YAM	3333	True	20.8264065366101	47.1722856618826	28378	28379
6048	OOA	43468	True	48.7444811729865	34.0669879768619	4466	4467
3450	OOA	46735	True	41.5870410042546	29.2736190586005	2530	2531
12892	OOA	34804	True	56.0680586246008	39.5157520296382	9574	9575
1250	OOA	49483	True	35.3674095598457	30.4966234017979	876	877
42925	YAM	3741	True	25.1224679683737	45.0949740108954	28092	28093
4388	OOA	45549	True	47.8246840945482	29.2976909043318	3204	3205
45172	EUR	1181	True	19.5858758922452	53.6203071252755	29630	29631
45443	EUR	559	True	24.5799847351423	49.1467875462446	29970	29971
2764	OOA	47580	True	39.1925311397433	31.0384258338011	2012	2013
23291	ANA	23574	True	39.3815985134345	36.9600780325938	16382	16383
30222	EUR	16846	True	31.4585504383378	39.2808261327184	20422	20423
17820	OOA	28813	True	62.6393970609072	40.5986760875188	13260	13261
2101	OOA	48378	True	37.1676912648167	33.7019237544481	1512	1513
12889	OOA	34816	True	59.3701250853255	42.1953612313936	9568	9569
7284	OOA	41877	True	55.7127007909395	32.8927327248299	5402	5403
10673	OOA	37592	True	61.0523596448202	40.8759827226228	7948	7949
34136	EUR	12853	True	21.4037638410811	43.5690001179947	22768	22769
40990	EUR	6094	True	12.2890091021777	49.9843426064695	26814	26815
20374	EHG	26362	True	37.1829221106373	38.8018528355527	14710	14711
38461	ANA	8672	True	29.7779202341622	38.816868289547	25238	25239
15052	OOA	32214	True	61.057847231868	39.7345568365542	11196	11197
4674	OOA	45220	True	46.9273516099606	31.3771715962795	3432	3433
9286	OOA	39314	True	57.1841231831161	38.4752287969728	6912	6913
6883	OOA	42411	True	54.0819957958097	32.8721862388153	5086	5087
40744	YAM	6380	True	27.2064414578236	37.7398285179794	26644	26645
3670	OOA	46458	True	41.1697401103825	33.5394077931131	2690	2691
8103	OOA	40836	True	58.0659533933643	38.2773182241327	6026	6027
19485	OOA	27248	True	55.5600954747295	56.7529628041708	14196	14197
10338	OOA	38033	True	60.3566032557923	40.2953615317928	7682	7683
1007	OOA	49776	True	32.1024192513482	28.8455497213978	710	711
32924	ANA	14119	True	36.2305412595951	36.8672508593828	22032	22033
45171	EUR	1182	True	19.471142607064	49.6663054964923	29628	29629
8620	OOA	40180	True	59.6686006292697	39.8803012957828	6406	6407
4495	OOA	45418	True	46.4261353683186	27.2392454851372	3292	3293
2868	OOA	47475	True	41.7722388881402	29.7717128748426	2080	2081
14629	OOA	32787	True	57.1403595260171	40.5698832606544	10888	10889
12943	OOA	34763	True	58.065844862543	40.6152642892527	9606	9607
3055	OOA	47248	True	38.4607380956595	28.6997373387892	2234	2235
13168	OOA	34504	True	61.486953968364	37.3579445821023	9780	9781
43016	EUR	3641	True	21.5172158540015	52.120494610282	28162	28163
7755	OOA	41271	True	54.7927006344285	37.6854105490458	5758	5759
10290	OOA	38079	True	59.9603676078695	37.2998800150471	7656	7657
30648	EUR	16403	True	34.3884353573893	59.2389392531516	20700	20701
24598	EUR	22338	True	45.4495514352239	59.7995872377993	17134	17135
35563	ANA	11430	True	43.5040220001987	53.4001588019758	23590	23591
27318	EHG	19618	True	18.8730278233427	47.6464045965592	18764	18765
12188	OOA	35648	True	60.2323595385663	41.5955331056414	9056	9057
27711	EUR	19266	True	31.1549275057586	56.019134416894	18994	18995
5537	OOA	44136	True	49.3419254785492	32.7722266988931	4086	4087
14741	OOA	32643	True	58.6643059246372	41.8704483667212	10966	10967
3826	OOA	46247	True	41.9464125030056	28.1424322912469	2802	2803
17534	OOA	29127	True	57.8390800305522	38.4330670425145	13048	13049
13137	OOA	34547	True	61.0040860208998	40.1509154874534	9750	9751
23179	EUR	23694	True	35.3101647367731	40.8900429353618	16298	16299
36206	EHG	10812	True	52.1883025802322	58.7462411996751	23946	23947
10621	OOA	37670	True	62.3847001219035	38.5397294757156	7904	7905
44491	EUR	2098	True	22.2256698535122	50.0881725002605	29126	29127
39790	ANA	7351	True	25.1113951795835	43.7939404640673	26076	26077
35814	ANA	11169	True	10.8763200723587	48.6655453363419	23712	23713
35479	EHG	11520	True	18.2231264645903	44.5903153880795	23538	23539
20617	EHG	26092	True	50.5084888762412	59.2863740863057	14878	14879
44355	EUR	2228	True	27.9660215974046	46.6554961875781	29014	29015
6030	OOA	43514	True	48.0498108819045	32.7333524950167	4454	4455
2014	OOA	48489	True	36.4702684006253	28.0730201388267	1454	1455
14029	OOA	33532	True	59.0225714187903	39.7706806707853	10408	10409
14392	OOA	33094	True	60.3722123654302	40.558433402339	10694	10695
17163	OOA	29615	True	60.0360239967092	36.7268060227411	12776	12777
22609	EUR	24196	True	26.30159961248	49.8824585337127	15996	15997
43103	YAM	3543	True	28.6553228107234	49.8164114990014	28232	28233
20921	OOA	25776	True	61.6836121170701	38.3680766432849	15050	15051
10339	OOA	38028	True	59.5134614425679	41.5011687485601	7684	7685
12205	OOA	35631	True	56.3011614448412	38.9908151137902	9068	9069
42628	EUR	4077	True	33.3829664335909	56.1583819981382	27932	27933
20366	ANA	26358	True	47.8727700801	57.3549810167862	14714	14715
22391	EUR	24406	True	28.9801970199392	39.7752453471614	15860	15861
8533	OOA	40293	True	62.0233638500903	38.3971803411687	6344	6345
21075	EHG	25638	True	44.7780110806622	57.9484856910968	15130	15131
28125	EUR	18886	True	37.7593751904586	57.1391011644251	19242	19243
43985	YAM	2625	True	17.17280712007	52.1117277782576	28784	28785
44979	EUR	1470	True	26.1471370320649	41.4082098441801	29468	29469
3380	OOA	46838	True	39.2777437004111	29.6337336010672	2482	2483
4922	OOA	44884	True	47.3267355320411	32.729750536458	3612	3613
13646	OOA	33979	True	60.5751393017539	39.5680810060523	10136	10137
3027	OOA	47285	True	38.4385389005488	28.3648916473251	2202	2203
40115	ANA	7042	True	26.310590511455	44.700317599227	26252	26253
25450	ANA	21501	True	36.9360585183485	38.6545559850178	17658	17659
33727	EHG	13277	True	28.9425852756061	37.8117816516309	22520	22521
43786	YAM	2867	True	19.2302326955159	52.6617078003097	28652	28653
41277	EUR	5752	True	27.4635938299088	43.641295662733	27016	27017
1752	OOA	48854	True	36.132081014538	29.2455263129615	1262	1263
32779	EHG	14261	True	53.1255720896959	54.1581339578662	21938	21939
929	OOA	49868	True	34.8088076152312	29.5454916862215	642	643
31279	EHG	15764	True	29.6120734137558	55.3072878470175	21052	21053
25136	EHG	21777	True	-3.74983578823757	41.772116573724	17484	17485
33844	EHG	13152	True	42.7878880080392	58.6015522127246	22594	22595
32042	EUR	14987	True	16.6646319663103	44.5283594739701	21518	21519
20988	ANA	25726	True	44.2285098483371	54.8610825669295	15090	15091
6306	OOA	43146	True	49.1856943765049	33.2532200634595	4672	4673
13141	OOA	34538	True	59.3415690074703	38.5101824866249	9758	9759
1712	OOA	48896	True	37.8993922331498	28.4552525027843	1236	1237
35322	EHG	11680	True	30.7168797207517	38.745867477468	23440	23441
33456	ANA	13541	True	33.6038878564946	39.4884676705361	22376	22377
7315	OOA	41861	True	53.0412309669656	34.0974827495522	5420	5421
9264	OOA	39328	True	59.7723029334495	40.5671488443117	6900	6901
24728	ANA	22195	True	18.1022513720913	51.0678728277918	17220	17221
23915	ANA	22927	True	44.496908843514	58.319280914317	16738	16739
10482	OOA	37847	True	62.7051776133567	41.1291398674451	7790	7791
5611	OOA	44041	True	47.9072055106708	31.173250926395	4144	4145
16790	OOA	30082	True	57.2172630609772	39.1012168270231	12474	12475
45338	EUR	864	True	19.7133370931222	42.166848130378	29798	29799
35589	EUR	11408	True	13.5864600075737	48.1061675583825	23614	23615
42357	YAM	4424	True	29.5751579318489	57.4418414902317	27734	27735
14417	OOA	33064	True	58.8024517730157	41.2043989131706	10714	10715
13366	OOA	34273	True	63.9885465857416	38.872660832469	9934	9935
33787	EUR	13203	True	20.664177844332	43.1332586205873	22572	22573
2816	OOA	47525	True	39.1516348391914	31.6162686360326	2042	2043
35616	EHG	11383	True	49.4441988003021	58.7233546833384	23624	23625
33139	ANA	13901	True	44.1342981063838	54.3613792171416	22178	22179
5785	OOA	43821	True	52.9225963049515	31.4603971350095	4272	4273
24928	EHG	22006	True	38.4489411396742	55.7807242711576	17348	17349
43653	YAM	3000	True	18.0105038526564	51.558790937764	28582	28583
11540	OOA	36569	True	57.9476441163655	41.0189855448563	8584	8585
19059	EHG	27698	True	39.8019017697703	40.4092483825702	13934	13935
15332	OOA	31852	True	59.4857595987863	37.5916808999117	11396	11397
11040	OOA	37126	True	59.7549795828426	39.5707794100095	8214	8215
10479	OOA	37848	True	59.3028597036394	41.5353884145176	7784	7785
41919	YAM	4990	True	24.6424249195318	46.2588064457658	27436	27437
5603	OOA	44062	True	53.0796953172516	28.8304304329981	4128	4129
9886	OOA	38523	True	62.0240565693831	37.1972046056811	7354	7355
36233	EHG	10785	True	51.3867050373701	55.8093331439363	23958	23959
29842	EUR	17163	True	40.3324160059173	57.442602365508	20196	20197
42989	YAM	3655	True	28.461255265146	49.8996619429034	28154	28155
10048	OOA	38337	True	59.2176525702728	37.6509908998569	7482	7483
17022	OOA	29792	True	60.7156222520578	38.6866279319739	12656	12657
5791	OOA	43807	True	51.2378383782838	29.9269557257894	4284	4285
31418	ANA	15601	True	21.1434972089771	49.5182677772046	21154	21155
10805	OOA	37431	True	57.1742881142469	38.1246278679369	8040	8041
45250	EUR	1016	True	7.69354093317691	46.8044114964834	29720	29721
26070	EHG	20932	True	46.2419316521608	56.3943923013124	18006	18007
28246	EUR	18771	True	34.1306204304776	38.5874482553387	19304	19305
35040	EUR	11968	True	19.7667369888587	46.6487064080043	23294	23295
15937	OOA	31158	True	59.3154234969867	41.3759208647453	11850	11851
8400	OOA	40438	True	59.849649657934	37.7127638565845	6252	6253
28424	EHG	18567	True	44.5562865486621	57.6551447504706	19404	19405
15530	OOA	31597	True	61.8995211074149	40.0545479195621	11550	11551
245	OOA	50724	True	32.043505621748	29.5283504218797	132	133
29494	EUR	17488	True	23.0820902460872	52.1026562465392	20022	20023
18242	OOA	28324	True	59.448451353173	39.3739153234697	13550	13551
28970	ANA	18011	True	29.7525621613549	38.0415465042751	19732	19733
43759	YAM	2881	True	21.3300827773228	48.2442487978255	28644	28645
28995	EUR	17972	True	9.1941628901975	48.6629976508101	19748	19749
8458	OOA	40377	True	56.9844864727159	37.0153896862785	6290	6291
19777	OOA	26952	True	53.3597906102052	57.1119298622043	14344	14345
6477	OOA	42895	True	49.8460085689721	32.5236246931065	4788	4789
30507	EUR	16536	True	26.09150999818	42.6627654013947	20596	20597
23816	EUR	23021	True	57.4570023333817	55.4662136238839	16680	16681
43356	EUR	3296	True	24.784820895427	49.7002452505462	28398	28399
36138	EUR	10878	True	36.7602623581127	40.4138727717471	23904	23905
13274	OOA	34375	True	59.4025062990144	41.4520623437374	9874	9875
45204	EUR	1129	True	22.477474435745	50.16915638818	29662	29663
21864	EHG	24944	True	37.8635785394581	59.6266641866711	15560	15561
17309	OOA	29424	True	64.084008997301	41.3377752331553	12880	12881
16206	OOA	30805	True	58.249433024438	42.9018034731171	12054	12055
10643	OOA	37643	True	56.1769045929043	42.1792267854406	7920	7921
14788	OOA	32587	True	58.971384563367	38.0840859817143	11000	11001
10692	OOA	37562	True	57.8780552539655	37.5696864810464	7964	7965
5029	OOA	44767	True	50.5531096729562	31.5303175937539	3698	3699
27411	EHG	19527	True	14.4028245517381	48.1691674106535	18818	18819
20682	OOA	26031	True	30.552890485007	37.4799101933156	14916	14917
5638	OOA	44022	True	50.7219005332581	31.0211000400636	4156	4157
38729	ANA	8416	True	42.2408284319574	60.8201500226968	25408	25409
5464	OOA	44220	True	50.8455557110751	30.0019791860607	4024	4025
38669	EUR	8469	True	37.9264784152636	36.1473903457824	25368	25369
23918	EUR	22919	True	57.4862107215843	59.0288923673556	16744	16745
25396	EHG	21557	True	38.0344677131803	39.4365391908663	17628	17629
310	OOA	50632	True	31.5598870424328	27.0241354186624	170	171
41863	ANA	5069	True	23.0125571914059	45.3791804994408	27402	27403
9260	OOA	39351	True	63.2606969003118	38.9790623352892	6892	6893
17101	OOA	29697	True	59.8878378161881	40.6405815878549	12722	12723
5509	OOA	44163	True	50.5229540283506	30.146796466582	4060	4061
36728	EUR	10260	True	15.9095263434008	47.8668253964188	24262	24263
2845	OOA	47493	True	38.6405464077494	32.1648944366742	2066	2067
28549	EUR	18448	True	18.8284543296351	52.3289762853625	19480	19481
23295	EUR	23550	True	21.9695381779013	41.8877692651066	16402	16403
34229	EUR	12760	True	54.9057294804871	57.904356097779	22826	22827
18089	OOA	28476	True	57.8455860008982	40.4954252852493	13456	13457
32250	EHG	14762	True	44.1299339786214	56.8690521343362	21630	21631
22642	ANA	24157	True	23.4666249136653	49.462600125482	16024	16025
39491	EUR	7658	True	27.5982562115173	37.8982926757366	25876	25877
4777	OOA	45074	True	46.4119998248897	27.406619826872	3514	3515
14678	OOA	32754	True	59.8558733101094	38.2633309204299	10910	10911
27708	EHG	19255	True	27.7735044422261	47.7590760685686	19002	19003
17893	OOA	28721	True	61.7796742979754	38.6862179300797	13322	13323
19843	EHG	26901	True	38.8251619136704	37.3706023644811	14378	14379
12182	OOA	35663	True	55.2657107377043	39.579919153392	9044	9045
12727	OOA	34991	True	62.0373517981042	39.6216589634215	9454	9455
4080	OOA	45934	True	46.4287673661609	27.5575567457256	2992	2993
31386	EUR	15648	True	40.4143853802862	38.9056132143464	21120	21121
13806	OOA	33784	True	58.0772584033086	42.0137044918004	10252	10253
28036	EUR	18975	True	34.7828481056006	39.4411504284187	19184	19185
1800	OOA	48794	True	32.2529626406106	29.1553588621174	1298	1299
43022	EUR	3627	True	31.8478267318921	52.5704415835482	28178	28179
23210	ANA	23648	True	34.4639628998725	55.958201243301	16332	16333
23123	ANA	23750	True	38.4938188624319	39.0135420974688	16266	16267
17100	OOA	29705	True	59.649196334474	40.6871844804652	12720	12721
36857	EUR	10135	True	7.291329208225	49.2058810824009	24326	24327
29022	EUR	17963	True	30.4824312960735	38.698567727664	19754	19755
26092	EHG	20894	True	12.9311047002319	46.1185665761418	18022	18023
1594	OOA	49049	True	36.4428179786314	28.3603640224881	1152	1153
7503	OOA	41607	True	55.0401475850816	36.5183578423904	5574	5575
14658	OOA	32759	True	57.3080042749969	40.0759097084988	10906	10907
7410	OOA	41731	True	55.9366218383724	36.1312136535887	5496	5497
33350	ANA	13660	True	15.2485193929371	48.598825707812	22322	22323
44911	EUR	1577	True	9.44161649274971	50.616652573394	29424	29425
23040	ANA	23815	True	3.55877947847142	45.9604378152708	16238	16239
18274	OOA	28314	True	58.3593358942968	41.9708285295046	13556	13557
8146	OOA	40788	True	58.9099776374742	36.0626413285199	6066	6067
5539	OOA	44131	True	47.2067684123609	31.8841053667336	4090	4091
36970	EHG	10048	True	56.2299443124862	58.7814413540622	24380	24381
44978	EUR	1484	True	14.5663261278796	51.1605245939082	29466	29467
4872	OOA	44957	True	46.0911203589137	28.7582296243544	3572	3573
45439	EUR	582	True	10.0067551971352	44.608386748993	29962	29963
19175	ANA	27583	True	42.3632924502572	60.9527739337417	14000	14001
38271	EHG	8861	True	32.9253556594102	54.7534622096301	25116	25117
23820	EUR	23024	True	33.1879691879895	40.6201797577091	16678	16679
26500	EUR	20471	True	33.8555921832654	55.6043967809564	18272	18273
6797	OOA	42506	True	53.2806763495288	33.3984004689768	5042	5043
5750	OOA	43861	True	54.0856750332658	31.3289235313281	4254	4255
2016	OOA	48488	True	37.7104326591818	30.3573510381974	1458	1459
35185	ANA	11830	True	34.620050866861	36.9140356735556	23356	23357
27198	ANA	19739	True	44.4547470118668	57.9620674962114	18688	18689
8430	OOA	40409	True	55.7910734739456	37.8527612924003	6272	6273
36479	ANA	10535	True	23.0827986915927	42.4842430132826	24110	24111
34935	EUR	12062	True	2.65099651338864	43.7663735123465	23208	23209
44532	EUR	2060	True	26.042728342035	44.0970113172792	29148	29149
24968	ANA	21972	True	28.5109307161396	39.7378851473986	17368	17369
28836	EUR	18151	True	3.67054701251571	50.0599953128632	19654	19655
954	OOA	49845	True	34.2261336587164	28.4124787187674	660	661
737	OOA	50093	True	31.7239706244454	29.6241930298065	486	487
39685	EHG	7484	True	39.1280353401607	55.0885986994517	25996	25997
17973	OOA	28624	True	60.3586300929191	41.2986673241029	13374	13375
15549	OOA	31576	True	59.8178441637527	41.495618280871	11564	11565
11835	OOA	36143	True	61.3233788133668	42.349288529568	8804	8805
41611	ANA	5367	True	32.3529779992037	50.2350064740748	27232	27233
25701	ANA	21265	True	30.2157247806578	40.5381285984844	17796	17797
29667	ANA	17334	True	36.2276336142741	36.4216295796225	20108	20109
4081	OOA	45927	True	44.1265454038696	33.3884031162413	2994	2995
21678	EHG	25100	True	47.9181455796128	55.8977976965192	15478	15479
30419	EUR	16643	True	31.8664788241491	40.6079233439603	20538	20539
16501	OOA	30442	True	60.1639482394396	37.8151730658349	12282	12283
1247	OOA	49489	True	34.3980926901924	29.9519863184087	870	871
1324	OOA	49402	True	36.7842266616985	28.3344938496043	926	927
40217	EHG	6935	True	40.9017260367986	57.4735612171766	26314	26315
13625	OOA	33999	True	55.2724158938497	39.9769156195283	10118	10119
1798	OOA	48797	True	32.786747396209	31.0863877593571	1294	1295
22450	ANA	24340	True	39.8730371869764	55.0109192305973	15904	15905
11494	OOA	36628	True	60.1654071860988	42.7268321581289	8544	8545
6309	OOA	43136	True	49.9463989196305	30.7710900943434	4678	4679
30542	EHG	16497	True	21.8215974006128	50.821215195973	20624	20625
30027	EHG	17021	True	40.9237915188683	60.0394631360269	20308	20309
14226	OOA	33306	True	59.4912224297111	41.9558624005072	10568	10569
15383	OOA	31787	True	60.7665445820756	37.5019068414255	11436	11437
20180	OOA	26556	True	32.6843949364951	38.2450710281437	14600	14601
30131	EUR	16916	True	17.6585809163946	44.8768435706085	20370	20371
11082	OOA	37080	True	59.6541959342455	38.9293496442609	8250	8251
17945	OOA	28649	True	57.7716471643693	41.342227257399	13360	13361
33689	EUR	13300	True	41.9704528390007	57.8479344297001	22502	22503
16189	OOA	30817	True	57.2668655119111	37.8884174950526	12038	12039
6510	OOA	42870	True	52.9859827367564	30.8389375583934	4814	4815
28483	EHG	18524	True	37.4127119225702	57.8087872097545	19438	19439
29385	ANA	17583	True	30.5673097166076	55.6648744925773	19970	19971
19664	EHG	27063	True	49.1852988463321	57.55340119239	14290	14291
25296	ANA	21653	True	36.7853731208969	37.314887362405	17570	17571
13164	OOA	34522	True	60.0647257411137	40.462759615492	9772	9773
12336	OOA	35460	True	58.1715002714324	37.0024295065491	9164	9165
10693	OOA	37562	True	62.4072738119339	40.9602362359649	7966	7967
265	OOA	50691	True	34.8960987129533	30.2306093421491	146	147
1366	OOA	49351	True	33.5582815222405	28.1735705313451	968	969
2668	OOA	47697	True	36.6015711626625	30.8028245109663	1946	1947
4442	OOA	45493	True	42.3177685565776	30.0023654354624	3246	3247
19061	ANA	27692	True	48.177794929991	54.2069092251475	13940	13941
36067	ANA	10938	True	36.2790336582132	60.6284405802881	23868	23869
2577	OOA	47813	True	39.3940874184635	31.8895583041623	1870	1871
37293	EHG	9777	True	20.8033495297735	41.93531639013	24562	24563
32494	EHG	14528	True	50.9751201353105	57.6916145551254	21770	21771
23561	EUR	23300	True	46.2359067278417	59.651224402961	16528	16529
30060	EHG	17005	True	28.555865605065	37.6807354083404	20314	20315
9983	OOA	38422	True	57.3836468927792	40.4291753613104	7416	7417
20828	OOA	25885	True	34.8410039764428	41.0434201833023	14990	14991
28459	ANA	18550	True	36.5491960090352	59.623223891386	19420	19421
42818	YAM	3848	True	21.9158637778535	53.7992508682391	28042	28043
17585	OOA	29090	True	62.4899509579472	40.4114540531655	13078	13079
34235	ANA	12749	True	26.0053971508062	45.3515036898168	22834	22835
765	OOA	50047	True	30.2528074247815	29.5273813541164	520	521
16843	OOA	30025	True	60.1349138940556	40.8336286525513	12520	12521
2177	OOA	48289	True	38.4674705855352	28.0411977019301	1580	1581
5408	OOA	44295	True	52.6219097530257	29.9359999880536	3970	3971
11559	OOA	36538	True	59.9339086244187	39.1132267030063	8602	8603
6990	OOA	42286	True	53.7195622153432	35.4029936669077	5172	5173
15713	OOA	31392	True	61.4190680216105	39.146579130872	11684	11685
15410	OOA	31762	True	60.7340740284351	41.4789564125037	11448	11449
24810	EUR	22107	True	7.61271540158637	48.0137459303992	17276	17277
23704	ANA	23131	True	17.912587603781	46.1004523514246	16620	16621
5639	OOA	44022	True	49.1641122544408	32.5989287516846	4158	4159
33576	EUR	13407	True	18.276596404295	49.9969564673	22450	22451
44767	EUR	1774	True	13.2506609295915	49.5297024367224	29328	29329
25305	EHG	21642	True	40.2857801385647	54.419015610227	17584	17585
5642	OOA	44006	True	51.8481266104681	30.3437489080681	4164	4165
34691	EUR	12299	True	21.0866551221689	43.756470314473	23082	23083
4642	OOA	45261	True	46.5907038117909	27.8455328953714	3394	3395
40213	YAM	6938	True	47.7412910544781	53.404594040534	26312	26313
43070	YAM	3588	True	22.0799064909882	49.709031348168	28206	28207
1002	OOA	49781	True	32.7767808437969	26.8325923007142	700	701
41211	YAM	5824	True	31.0788728013705	51.7463777984525	26970	26971
25768	EHG	21190	True	15.8870133142647	50.4181321325951	17844	17845
10203	OOA	38160	True	59.7513787311561	41.7185042355632	7582	7583
8186	OOA	40709	True	60.8365853533802	38.4600042976164	6098	6099
16740	OOA	30130	True	58.167826999319	41.2482413789987	12450	12451
183	OOA	50813	True	34.0679803802112	30.3146675891507	90	91
7080	OOA	42169	True	53.8913468801026	35.0343845356287	5254	5255
13001	OOA	34700	True	58.2006887571197	41.110070907775	9650	9651
17504	OOA	29174	True	57.0769155376681	39.8527963470044	13026	13027
36761	ANA	10253	True	29.5975460856678	36.852040551677	24268	24269
13138	OOA	34542	True	61.6016337191317	39.6922714232957	9752	9753
19959	EHG	26763	True	51.6193307948077	57.6828834278954	14470	14471
16234	OOA	30762	True	60.6752701976045	40.0339018258523	12076	12077
35535	EUR	11475	True	48.9230721400095	61.1081596588589	23566	23567
29080	ANA	17904	True	30.4990171135481	40.2408405876029	19790	19791
39664	ANA	7507	True	59.022738775063	58.624785308404	25984	25985
13241	OOA	34415	True	56.5622507124573	38.8672768973763	9838	9839
4285	OOA	45680	True	46.8833390806889	32.6639988631355	3140	3141
15943	OOA	31137	True	59.0365352377927	42.4249465530387	11862	11863
10875	OOA	37333	True	61.353751156797	40.9572779355618	8092	8093
11857	OOA	36087	True	61.7683909826159	39.9960485929238	8828	8829
104	OOA	50934	True	30.8732092576343	29.7835767929926	18	19
7383	OOA	41781	True	55.7816330774376	37.2005455744135	5468	5469
26261	EUR	20754	True	27.5481425561048	38.9851148722833	18136	18137
38606	EHG	8525	True	26.8109816661443	39.6276060835974	25338	25339
28276	EHG	18742	True	35.1174999205559	40.67342053439	19318	19319
8812	OOA	39969	True	57.2014807919584	39.3515892409398	6560	6561
40882	EHG	6219	True	44.6211153805653	60.156290663881	26734	26735
23439	ANA	23405	True	-5.83154527638709	39.0161385155804	16478	16479
43937	EUR	2691	True	21.7590931622668	48.8330397155666	28760	28761
26850	EUR	20109	True	42.3483997723453	60.4944252042169	18474	18475
3828	OOA	46245	True	42.6925315366608	32.0286525030246	2806	2807
33040	EUR	13992	True	16.2553504669194	51.8523414874878	22126	22127
19775	EHG	26955	True	34.2312992145945	39.6570926265111	14340	14341
43013	YAM	3647	True	6.31411088381786	52.1110529360641	28158	28159
20468	EHG	26236	True	34.1938865190387	39.7206541477975	14788	14789
32430	ANA	14577	True	23.4300398447251	43.6689530964483	21740	21741
31952	EUR	15078	True	43.9500269009791	59.5726290631109	21444	21445
24725	EUR	22214	True	28.5580706694922	37.6402267484569	17208	17209
1393	OOA	49318	True	34.6498359993676	30.9362645181317	998	999
17970	OOA	28634	True	59.049693822786	38.5172351891773	13368	13369
24357	EUR	22547	True	38.2099110073738	40.7218270567092	16984	16985
45355	EUR	818	True	9.81886392761809	46.2560601210423	29822	29823
26725	ANA	20239	True	45.341618674066	56.0855716711588	18396	18397
16466	OOA	30472	True	59.9278983131859	39.3293307203845	12252	12253
9862	OOA	38557	True	59.9023024487892	41.9767691903289	7334	7335
123	OOA	50897	True	33.3000617006903	30.5916413030774	36	37
6114	OOA	43405	True	49.0656803638831	34.8993337568702	4514	4515
5230	OOA	44514	True	47.4612169783369	27.7807968375251	3848	3849
5388	OOA	44313	True	51.3983870674587	29.6988799246893	3956	3957
4127	OOA	45893	True	41.8649168041734	30.2863253816706	3016	3017
27201	EHG	19753	True	34.5163286168565	37.4519918010225	18674	18675
19947	ANA	26785	True	36.3664809820995	38.620363105215	14450	14451
17842	OOA	28788	True	60.8010497794171	39.6369318577204	13280	13281
11047	OOA	37112	True	60.8268460289708	41.2114365728637	8228	8229
6004	OOA	43531	True	50.5212453591173	30.1905690399009	4436	4437
6970	OOA	42296	True	56.1616707125934	34.8660572749007	5170	5171
26170	ANA	20830	True	42.3778798185472	57.2213562859846	18078	18079
24495	EUR	22433	True	37.7060682382487	37.604618210485	17062	17063
36901	ANA	10107	True	7.75187684714359	46.367607734186	24348	24349
15266	OOA	31919	True	56.9657711014203	39.8791722696806	11360	11361
23066	ANA	23787	True	11.6641491266698	50.5502214398806	16246	16247
45156	EUR	1196	True	25.7350162942201	44.4539967309037	29620	29621
20178	ANA	26547	True	61.5915491753709	38.9071074515054	14608	14609
34716	EHG	12293	True	33.797016834751	38.7950957164392	23088	23089
23970	ANA	22871	True	49.5447594372138	59.7533671717054	16766	16767
7712	OOA	41331	True	56.4670176430882	34.6032858386873	5722	5723
39737	ANA	7425	True	37.813002849936	36.214554230119	26024	26025
21650	OOA	25116	True	60.5298210589503	39.1549515120031	15474	15475
1691	OOA	48929	True	32.7434539554463	30.2381791712779	1226	1227
10384	OOA	37967	True	59.7508242316573	37.2612418472066	7728	7729
16011	OOA	31049	True	58.6891513042533	41.8449125480359	11916	11917
40400	ANA	6769	True	28.6715919189485	38.7049306278307	26422	26423
29322	ANA	17636	True	17.3069435184087	51.6342844343168	19934	19935
17379	OOA	29322	True	62.559500770702	39.8458171615597	12944	12945
15757	OOA	31346	True	57.7272652110216	39.3433443305311	11724	11725
26820	EUR	20138	True	25.1663925067218	51.368085156368	18462	18463
19747	ANA	26988	True	40.4825550383477	38.1522443515094	14328	14329
34851	EUR	12170	True	28.5444105556206	57.3114339015896	23164	23165
14036	OOA	33525	True	57.1330171653097	42.4720528850899	10422	10423
7754	OOA	41273	True	59.4056076664564	36.0686222615711	5756	5757
45003	EUR	1451	True	12.5231429899506	48.9790162975835	29488	29489
23322	EUR	23537	True	32.969735040577	55.6468292315324	16416	16417
35439	EHG	11549	True	20.1621149295553	45.4768943830202	23510	23511
1191	OOA	49544	True	31.3826528253983	28.520123772293	840	841
28116	EHG	18894	True	33.4887144795615	40.3464492215003	19224	19225
34209	ANA	12792	True	36.0402034285787	37.8220244161302	22804	22805
14933	OOA	32409	True	59.279959704052	38.4884344769615	11096	11097
10574	OOA	37731	True	63.0864889346662	38.9852704412402	7872	7873
3026	OOA	47286	True	37.7491249136835	27.2759216179291	2200	2201
43447	YAM	3213	True	22.8268150658982	50.6425787576589	28452	28453
7938	OOA	41018	True	55.2612200365459	36.2672061733363	5892	5893
41043	ANA	6052	True	39.3912247948763	38.1352664163961	26844	26845
11671	OOA	36368	True	62.7907225822675	38.4538187326507	8694	8695
12894	OOA	34795	True	58.7152740907305	41.4383950233351	9578	9579
24131	EHG	22713	True	46.1079468786685	60.2935760448625	16866	16867
2951	OOA	47373	True	41.6283706015503	29.5441460133689	2150	2151
16256	OOA	30739	True	61.617101855413	42.2377966483683	12090	12091
3245	OOA	47045	True	40.8152322464927	27.4734544445779	2380	2381
21519	OOA	25243	True	40.2664452109821	38.0176631067476	15388	15389
18782	OOA	27979	True	36.9799938932637	38.4992423934288	13770	13771
38423	EHG	8717	True	37.6967075983075	40.4803124680336	25204	25205
5462	OOA	44224	True	52.6499957145772	30.264494802619	4020	4021
12062	OOA	35822	True	61.4530414588921	37.8365499058554	8960	8961
5324	OOA	44394	True	46.3745916316058	30.1052296917052	3908	3909
36005	ANA	10994	True	39.119297760143	35.9138027922135	23822	23823
4131	OOA	45885	True	44.700621506157	29.383861046573	3024	3025
27255	EUR	19705	True	36.5158134275887	36.8287979364969	18720	18721
43347	YAM	3320	True	6.61360461815996	51.2028946264992	28380	28381
34130	EUR	12858	True	34.8593444838197	40.4933997256592	22752	22753
23968	EHG	22857	True	2.99403681271256	44.6316543452537	16774	16775
32133	ANA	14875	True	26.9600321228754	45.4331665817916	21576	21577
6655	OOA	42686	True	55.0651560265202	32.6618741087536	4932	4933
24285	EHG	22588	True	49.915991719907	54.2157593011854	16956	16957
7807	OOA	41189	True	59.5612799829653	35.0146968653212	5792	5793
3427	OOA	46772	True	42.1758486108106	31.8976133225659	2520	2521
30536	EUR	16518	True	56.2119564597394	59.5426038513175	20614	20615
28749	EHG	18260	True	48.22271082944	56.5873214092718	19594	19595
40368	EUR	6797	True	37.1610238367721	57.0813972345416	26404	26405
35156	EHG	11850	True	24.7427034267009	44.2372696023895	23350	23351
24386	ANA	22496	True	15.0477997585677	49.6342906516893	17016	17017
36039	ANA	10964	True	32.2118449347414	40.6038126525018	23846	23847
18279	OOA	28287	True	60.5909705389818	39.4621619372627	13566	13567
26167	ANA	20821	True	3.99523168379516	47.0126431147673	18086	18087
27539	EUR	19421	True	51.3327915354481	56.7140426197196	18880	18881
28128	EHG	18892	True	33.2490321110135	40.0493064222663	19228	19229
7013	OOA	42261	True	52.0481592634972	33.4082685195623	5186	5187
2534	OOA	47851	True	37.4303221565277	29.9541602920967	1842	1843
4644	OOA	45254	True	46.0611702950947	30.7628379456362	3398	3399
33170	EUR	13862	True	22.8807443416429	45.6510891246894	22204	22205
30229	ANA	16843	True	39.4638635661055	60.7528727463722	20428	20429
8977	OOA	39742	True	57.9472325050769	41.8412848435104	6682	6683
14901	OOA	32446	True	58.918559950983	39.0967528475148	11074	11075
37102	EHG	9931	True	15.7563383452033	47.0526191033307	24452	24453
5043	OOA	44754	True	46.125194583575	31.5737180354223	3704	3705
17285	OOA	29434	True	60.230247730865	41.2222120581062	12874	12875
32012	ANA	15008	True	29.1785086391758	48.3416201640357	21508	21509
1335	OOA	49383	True	34.1532281203363	29.9303101262751	948	949
4159	OOA	45850	True	42.5212451410906	28.7345276683823	3046	3047
22931	ANA	23933	True	28.9320580587617	38.8588930493018	16156	16157
5022	OOA	44784	True	47.7282644855229	33.2662216989954	3684	3685
21240	EHG	25473	True	37.1013307928978	60.4352680669685	15236	15237
19340	EHG	27409	True	38.033806469971	39.0420765277416	14090	14091
2340	OOA	48102	True	37.2633531193402	31.7919244088983	1692	1693
28448	EUR	18544	True	26.5107346110416	44.7117870006225	19422	19423
44800	EUR	1743	True	22.615858010325	42.7127682634756	29356	29357
33989	EUR	12987	True	13.5619482856189	46.9273990182454	22680	22681
18692	OOA	28002	True	57.9724285375089	40.0392842738322	13760	13761
13032	OOA	34659	True	59.9958020790051	37.269219596842	9672	9673
17315	OOA	29399	True	63.1145634901082	38.8478676507739	12892	12893
38069	EHG	9044	True	33.7808694443833	38.6452284621211	25002	25003
33222	EUR	13797	True	10.4477586051912	48.2118910188217	22240	22241
25169	EHG	21764	True	47.0972627277647	58.3264641126652	17492	17493
38854	EUR	8299	True	27.1655577101783	38.0877746227476	25472	25473
16404	OOA	30561	True	60.1423171774228	39.0035105956917	12198	12199
37287	EUR	9803	True	35.8716465551622	59.0574541492944	24542	24543
2183	OOA	48270	True	36.6072875780568	27.060506161638	1592	1593
29356	ANA	17610	True	24.2485048578001	47.6095410891642	19954	19955
39024	EHG	8131	True	44.7774266554421	61.3217637376916	25578	25579
24537	ANA	22378	True	9.67538683859865	48.8917891485184	17108	17109
45365	EUR	789	True	17.247257504807	50.2538694519281	29842	29843
3267	OOA	47017	True	40.6971467787596	30.1460254910055	2396	2397
20450	OOA	26246	True	59.7551885152654	40.0812745162434	14784	14785
13949	OOA	33617	True	55.4183703284537	40.6750393616787	10350	10351
44381	EUR	2206	True	24.8860293147179	46.9114630678348	29038	29039
45053	EUR	1382	True	10.1633787309426	47.3921124990219	29528	29529
17125	OOA	29682	True	62.9224919686332	42.0493151031623	12736	12737
15498	OOA	31632	True	63.3278653329819	38.9684167311958	11526	11527
8939	OOA	39783	True	59.7652983907721	39.1808497551777	6660	6661
343	OOA	50576	True	34.418886122917	29.5161041177608	204	205
38671	EUR	8466	True	55.2026870252887	57.3222271341315	25372	25373
44210	EUR	2381	True	8.56113819206838	50.1528724550776	28908	28909
38100	ANA	9003	True	17.4669863442191	47.8778730615023	25026	25027
10477	OOA	37854	True	60.7004341078336	38.9957520113154	7780	7781
367	OOA	50552	True	33.2981057411383	30.0668884454167	224	225
4243	OOA	45715	True	45.2876636860125	29.5017569108967	3118	3119
44936	EUR	1539	True	1.78093611217197	50.4592396548157	29438	29439
11538	OOA	36575	True	59.9956640430628	39.2133317275965	8580	8581
16282	OOA	30699	True	59.6398237187081	40.8091064235139	12116	12117
2667	OOA	47705	True	37.0699991990132	30.6655669716128	1944	1945
14608	OOA	32838	True	62.6041370297134	39.831747559332	10866	10867
2927	OOA	47403	True	39.4992689020238	33.5542118699305	2128	2129
10807	OOA	37422	True	60.8394772849342	40.1946910697903	8044	8045
24806	EUR	22109	True	5.61202333168371	48.2094194336765	17272	17273
2334	OOA	48112	True	38.9338611355171	28.797555465996	1680	1681
17860	OOA	28762	True	58.8443905298594	41.5067026596961	13290	13291
9320	OOA	39286	True	55.5156165276127	39.6768459145985	6934	6935
35474	EHG	11532	True	53.228723950206	56.5390118706774	23530	23531
3651	OOA	46488	True	41.7131887437618	31.9145369818342	2678	2679
17913	OOA	28698	True	62.3118471509304	38.3944386411421	13334	13335
9360	OOA	39237	True	60.0727657254538	38.5613828937852	6974	6975
15894	OOA	31211	True	61.6752165466774	37.0741549611541	11820	11821
15770	OOA	31328	True	61.5553675996255	38.807278103435	11732	11733
43080	EUR	3588	True	5.42371051038442	46.1439609089735	28204	28205
4130	OOA	45887	True	42.4738113294493	32.6540070793554	3022	3023
15423	OOA	31735	True	60.4597195168615	41.8993099130769	11474	11475
32740	EHG	14282	True	24.9526816460563	50.6667527990323	21918	21919
13214	OOA	34453	True	58.0479955272828	37.0368522429318	9810	9811
16503	OOA	30437	True	60.517191824454	36.6252473003146	12286	12287
359	OOA	50573	True	35.2598778487068	30.9593164310644	208	209
27128	EUR	19825	True	30.8350475716694	37.1438354244306	18628	18629
17710	OOA	28942	True	57.1097858652787	40.2503197019296	13160	13161
17284	OOA	29435	True	57.7838479058818	40.4008813503581	12872	12873
16977	OOA	29848	True	59.9207421812193	39.2585506413249	12622	12623
12333	OOA	35473	True	61.995746102831	38.2496743010612	9158	9159
27706	EHG	19280	True	33.376383219184	38.1735561519963	18984	18985
43414	EUR	3249	True	27.1982220115312	52.5920855481778	28426	28427
37975	EHG	9124	True	27.2543750942416	47.7232142868463	24960	24961
43107	YAM	3536	True	29.7515001505785	53.87325056291	28236	28237
22202	EHG	24582	True	37.2122117876721	56.2603184012503	15744	15745
43476	YAM	3204	True	14.1556154568124	47.1410415981621	28456	28457
14657	OOA	32761	True	57.8478585547376	39.5014137878883	10904	10905
13422	OOA	34197	True	60.3542077884586	37.3066173517726	9978	9979
33839	EUR	13158	True	46.5449636889211	58.0437617995147	22588	22589
36943	EUR	10080	True	24.6686319013886	44.3720275386754	24362	24363
10924	OOA	37257	True	62.5494842256198	42.7586701566207	8140	8141
45174	EUR	1177	True	20.6722524320638	48.4533813058984	29634	29635
18404	OOA	28173	True	61.9029031654175	40.536398608078	13658	13659
20618	EHG	26069	True	57.2790806994073	39.4297769135606	14888	14889
2627	OOA	47743	True	40.3189591024564	29.8350297905153	1912	1913
30258	ANA	16818	True	38.8778990181847	36.234486950712	20442	20443
23881	ANA	22956	True	23.321493646099	42.7591799950948	16722	16723
42246	ANA	4560	True	38.4119492794076	55.2179443031762	27660	27661
42742	EUR	3939	True	33.7485035291215	54.5522599718956	28000	28001
32627	EHG	14396	True	21.6693047022767	41.797772983507	21860	21861
6726	OOA	42615	True	54.891635745534	34.957550442321	4980	4981
24875	ANA	22071	True	37.7173787340502	36.5275364437561	17304	17305
15886	OOA	31217	True	63.3443673018527	40.2276330726724	11804	11805
13330	OOA	34313	True	58.3426156588347	38.1948079528077	9902	9903
40928	YAM	6174	True	52.0872482092703	58.9889450621525	26762	26763
18815	OOA	27936	True	34.50295576796	60.1499139920109	13786	13787
37457	EHG	9646	True	58.2456252305795	56.3587015231853	24632	24633
26099	EUR	20899	True	51.3485687802437	53.4360658114404	18018	18019
23183	ANA	23678	True	48.5998768429603	53.3522510166642	16308	16309
33434	EUR	13556	True	8.88184445002981	47.7485239353151	22370	22371
16155	OOA	30845	True	59.1395634072501	39.0817162972318	12012	12013
35673	EUR	11308	True	16.0664823216791	50.0361481467166	23656	23657
29751	ANA	17250	True	14.2420106698517	51.8796575978684	20158	20159
39660	EUR	7514	True	27.1418255506573	38.2154073921023	25974	25975
10506	OOA	37821	True	63.7708009917292	38.4035126063217	7808	7809
20196	OOA	26539	True	45.3267653786706	54.883775070793	14612	14613
15745	OOA	31362	True	62.0897022674427	40.8085786627271	11700	11701
7624	OOA	41430	True	56.2237738693991	37.8936091485762	5658	5659
27666	EHG	19294	True	26.5868885680016	44.1045408799321	18978	18979
9518	OOA	39026	True	59.5972259117479	39.337513313675	7094	7095
15622	OOA	31487	True	59.2940602830769	41.8294591825002	11610	11611
11468	OOA	36674	True	56.2307681645145	39.629180000573	8510	8511
23844	EHG	22999	True	38.2823619063533	35.6794934301501	16694	16695
16500	OOA	30444	True	59.6482551587211	38.2904611892107	12280	12281
26069	EUR	20909	True	12.6691431560643	49.6157013067093	18010	18011
4758	OOA	45101	True	43.3147341394684	30.784004686623	3498	3499
19277	ANA	27470	True	40.7889648584599	61.003625220225	14056	14057
12945	OOA	34762	True	59.5231588931409	36.9047028319788	9610	9611
31390	EUR	15636	True	3.98114735767345	50.6078781169315	21132	21133
25231	EUR	21713	True	39.8601798629248	38.474166179607	17530	17531
25900	EHG	21085	True	29.6783385924016	38.7725249058947	17904	17905
18628	OOA	28016	True	60.1252342439231	39.6820180164894	13746	13747
39258	ANA	7895	True	15.0815816695537	49.4030807523697	25736	25737
27413	EUR	19544	True	32.9205316519868	39.2708283567259	18806	18807
2209	OOA	48240	True	33.8444148904315	30.480702558402	1606	1607
11427	OOA	36713	True	60.7906669427394	38.6236087142789	8484	8485
42221	ANA	4604	True	31.368236163939	38.0645092476415	27636	27637
6792	OOA	42526	True	55.7044809528308	33.2434611055059	5032	5033
35350	EHG	11647	True	52.9348983770862	54.5341392726151	23452	23453
8396	OOA	40444	True	57.3381180182078	40.5043664608401	6244	6245
44914	EUR	1567	True	-1.69797350046527	43.4870136963918	29430	29431
13729	OOA	33883	True	62.1044495130969	40.2446494693272	10208	10209
1036	OOA	49746	True	29.2002269325624	30.1291681712983	732	733
30828	EHG	16195	True	19.8145170762854	51.923289323356	20824	20825
7739	OOA	41282	True	56.6426026988036	36.2506735987297	5752	5753
28362	ANA	18644	True	27.4404359935257	37.9463448756029	19372	19373
16575	OOA	30343	True	60.8868990588292	40.0937077662939	12332	12333
33955	EHG	13043	True	36.3293068773978	40.2154025268295	22650	22651
2204	OOA	48262	True	38.2877909913088	27.0854988894219	1596	1597
11521	OOA	36603	True	56.2908168949142	41.1896764777048	8568	8569
6836	OOA	42455	True	51.9103565379969	34.2955180674631	5062	5063
16973	OOA	29862	True	61.0251659174102	42.4936508932864	12614	12615
1523	OOA	49135	True	36.4701159490783	30.1395108922217	1108	1109
22718	EHG	24093	True	58.4559423729127	56.5347804015453	16050	16051
27806	EHG	19170	True	21.0309054370187	50.5172295273756	19056	19057
2839	OOA	47510	True	41.6803119500755	27.664721242799	2054	2055
41210	ANA	5839	True	19.4231810169802	43.7117412878722	26960	26961
33100	ANA	13942	True	30.5476596953351	38.1664412272978	22154	22155
34906	ANA	12107	True	33.5615648849463	37.0058263294492	23184	23185
35345	EUR	11644	True	24.9242272111018	43.7550800907962	23458	23459
3629	OOA	46509	True	39.8693963330722	31.0665509296843	2664	2665
481	OOA	50424	True	30.0262702213743	28.5012857706672	294	295
40495	EHG	6635	True	35.8461641260788	60.6750405757411	26502	26503
7966	OOA	40979	True	55.8682013918999	35.6623926943415	5922	5923
19104	OOA	27631	True	56.9526638558409	40.8378890034628	13970	13971
1801	OOA	48793	True	35.2117192658447	30.5371770044319	1300	1301
8641	OOA	40159	True	58.5623784820297	39.616304257859	6416	6417
39551	EHG	7604	True	47.4097128666049	61.7642799906267	25912	25913
3049	OOA	47253	True	37.8437624922285	32.815162774051	2222	2223
40935	EUR	6172	True	52.5219575889586	53.573803710026	26764	26765
15687	OOA	31420	True	58.4449799417863	40.4061499386227	11662	11663
39153	EUR	8012	True	-0.375814204178816	47.2321329109603	25676	25677
41783	YAM	5159	True	40.4424563389785	57.8025261607798	27340	27341
11267	OOA	36870	True	61.5925618889346	38.7793101045171	8394	8395
14524	OOA	32944	True	60.5026100938834	41.5833534141161	10796	10797
37254	ANA	9810	True	24.8380725953059	48.1447972010251	24536	24537
7736	OOA	41295	True	58.3947731155887	36.8523730025957	5746	5747
10038	OOA	38354	True	56.3027742487464	41.6576165022556	7462	7463
34293	EUR	12692	True	57.4046444968106	57.8447346218322	22856	22857
29961	EHG	17091	True	30.1550512892116	39.3855768160381	20258	20259
15257	OOA	31939	True	61.9412638132915	37.620446321529	11342	11343
37296	EUR	9785	True	42.7788556913613	56.986108928774	24552	24553
42307	YAM	4476	True	38.3748578030093	38.9203373181858	27704	27705
45287	EUR	958	True	20.8808644591679	46.2704634028661	29758	29759
31710	ANA	15311	True	29.8834015652105	58.9322119866225	21312	21313
31680	EHG	15347	True	32.6736724203264	60.717782369311	21286	21287
8137	OOA	40802	True	56.8426666012083	35.1671340920111	6062	6063
15982	OOA	31085	True	59.393216258361	40.2578491221923	11892	11893
33240	ANA	13794	True	31.8079074859842	38.0935893255947	22242	22243
40640	YAM	6505	True	37.7654609285892	38.994958252592	26584	26585
43986	EUR	2633	True	17.5522410494739	48.0987410208663	28776	28777
41145	YAM	5923	True	20.5394031670686	44.4083894749989	26918	26919
7015	OOA	42260	True	52.4425085551121	34.0873962426583	5190	5191
24751	EHG	22189	True	39.405310445603	36.7717374131997	17224	17225
998	OOA	49788	True	33.0242151116083	29.1319454821763	692	693
43137	EUR	3509	True	28.6513027016398	53.5938609314327	28254	28255
25803	EUR	21146	True	8.63034743819061	44.8693559045368	17874	17875
8917	OOA	39806	True	62.4866534003359	38.1694602675244	6638	6639
5457	OOA	44232	True	48.0169301870852	32.9185987234846	4010	4011
10516	OOA	37801	True	61.6694741662679	38.5653111442788	7828	7829
20566	ANA	26136	True	34.6897328626695	56.2624187443587	14850	14851
10033	OOA	38363	True	60.2147429964547	42.4668337421708	7452	7453
41312	YAM	5715	True	7.04930518857289	47.7565575836395	27040	27041
6499	OOA	42889	True	50.9626890939159	30.4070196642405	4792	4793
11668	OOA	36380	True	63.1457303190752	40.6922580555916	8688	8689
26730	EHG	20216	True	25.5945859861722	44.0773092512682	18406	18407
4215	OOA	45761	True	47.1253787187587	30.1694144632043	3090	3091
16191	OOA	30812	True	62.1849552905549	40.0346082911499	12042	12043
8203	OOA	40692	True	60.7766628849591	37.2517956989574	6106	6107
38801	ANA	8341	True	34.1904661643106	58.9660393577649	25450	25451
23389	EUR	23469	True	37.3461108768984	61.365713911802	16444	16445
45264	EUR	1007	True	1.37110792636607	41.9726576134609	29728	29729
36698	EUR	10310	True	27.3657043934015	38.2588977663363	24236	24237
30337	ANA	16732	True	29.3109407670214	38.1758535799895	20492	20493
37495	EUR	9614	True	31.9754616221125	37.1912645708829	24652	24653
3495	OOA	46703	True	43.2348042675686	30.2153416839124	2554	2555
12327	OOA	35483	True	61.7229872344314	39.4979273942323	9146	9147
17740	OOA	28910	True	62.32704988642	38.7793032951134	13188	13189
37863	EUR	9261	True	35.2872126091277	40.6502657201111	24892	24893
22933	EHG	23912	True	0.713537116163773	49.4441274574775	16170	16171
15966	OOA	31121	True	59.4894710400467	38.469048927595	11876	11877
13273	OOA	34376	True	62.3295763766297	38.4932124881033	9872	9873
43964	YAM	2645	True	16.5420032431482	53.3349935217283	28772	28773
41861	EUR	5078	True	21.2179093245557	54.3343410584967	27398	27399
32377	EHG	14636	True	14.7894352993102	46.4553948444557	21720	21721
7477	OOA	41647	True	57.4650662418955	36.9558033369638	5550	5551
3217	OOA	47083	True	41.7604017807619	29.4667283211623	2344	2345
33353	EUR	13674	True	33.5536202399641	40.5960122415878	22312	22313
7409	OOA	41736	True	57.3178797010455	34.2637732726583	5494	5495
4945	OOA	44874	True	48.8431793075554	31.4273320614248	3626	3627
27452	EUR	19504	True	43.6610325409815	55.9576235895738	18838	18839
42470	ANA	4281	True	18.5138863716097	42.8251048788892	27824	27825
26885	ANA	20091	True	34.9928227136299	38.161681620244	18500	18501
16479	OOA	30446	True	62.3638201759855	37.298451413925	12278	12279
19877	ANA	26853	True	60.8524725508273	39.9630753101113	14414	14415
2867	OOA	47482	True	43.1225958339368	28.4637005494035	2078	2079
24280	EUR	22588	True	18.6660042658476	47.241020399915	16960	16961
43813	EUR	2837	True	13.4883031868372	52.2654047984552	28668	28669
38555	ANA	8577	True	11.1949600858529	45.8240083422062	25306	25307
33751	EUR	13254	True	36.0775671698487	38.8699102535271	22540	22541
21685	EHG	25080	True	58.9405949701546	41.0260614041852	15492	15493
36940	ANA	10099	True	37.0367785991903	39.9446155456664	24350	24351
39996	ANA	7161	True	35.8939372890561	35.4926112050976	26176	26177
41763	YAM	5193	True	33.0365036734679	53.393253334425	27324	27325
36235	ANA	10780	True	44.8530019386373	55.6138244615318	23962	23963
2583	OOA	47796	True	39.633730243826	26.9732810000273	1882	1883
44910	EUR	1583	True	21.3315870989347	44.2296570010787	29422	29423
9904	OOA	38513	True	62.8160709373658	38.5363639283418	7358	7359
3972	OOA	46064	True	40.7148611235721	32.2887015890122	2908	2909
4290	OOA	45667	True	44.0137187052361	32.4899192346186	3150	3151
28994	ANA	17988	True	37.9040591305484	38.9433605688608	19740	19741
10562	OOA	37743	True	56.2470614091326	41.2522913594301	7858	7859
14037	OOA	33525	True	56.4412006829461	42.7846947058298	10424	10425
15167	OOA	32044	True	61.8677116356852	40.9645275011925	11280	11281
45327	EUR	875	True	28.1140890287926	47.6389934980417	29792	29793
20800	EHG	25897	True	36.6655498769123	57.9756513113912	14976	14977
2392	OOA	48032	True	37.0466891564004	30.2350138851122	1744	1745
15336	OOA	31839	True	57.7526762828398	37.5266688525281	11404	11405
22058	ANA	24726	True	46.5244399236705	59.3603716595387	15656	15657
43500	EUR	3165	True	28.1915697843554	50.0564252438901	28478	28479
8149	OOA	40768	True	58.3358826553923	40.5127089997158	6072	6073
16825	OOA	30032	True	56.7079807001538	39.2570628566428	12516	12517
43735	EUR	2932	True	19.1641804864133	50.3628099129896	28630	28631
13726	OOA	33888	True	59.1406458741827	40.8211949400854	10202	10203
17766	OOA	28871	True	60.5115555335946	38.537185296817	13218	13219
14959	OOA	32370	True	56.1689372287211	41.6304340484753	11120	11121
15532	OOA	31589	True	57.6001686864909	40.0582654857579	11554	11555
15229	OOA	31964	True	62.6563413444871	40.7619458917894	11320	11321
16600	OOA	30305	True	60.8167188720284	38.3145744733676	12356	12357
28548	ANA	18456	True	24.9686968431141	48.138200353207	19478	19479
24705	EHG	22226	True	6.43955324123291	47.5796661498324	17200	17201
20057	EHG	26691	True	32.4577072183423	39.8856306262446	14528	14529
37889	EHG	9230	True	41.9902804240179	56.4938636651008	24914	24915
11513	OOA	36620	True	60.047891764757	39.6484676649016	8552	8553
41997	EUR	4864	True	30.1966464015415	55.0127299972382	27494	27495
28160	EUR	18863	True	33.4596397332872	39.0162705084337	19260	19261
4136	OOA	45867	True	47.7769063273546	32.1045977293096	3034	3035
8553	OOA	40282	True	62.5367987678923	38.849159096656	6352	6353
6188	OOA	43311	True	51.145657511848	32.5176599984906	4570	4571
29148	EHG	17828	True	52.108370791253	55.8056526448545	19822	19823
11841	OOA	36128	True	61.4380972540312	40.1174254026166	8816	8817
31506	ANA	15511	True	16.6812102783435	47.3674713111383	21200	21201
10925	OOA	37257	True	59.8228140990214	40.4554015472336	8142	8143
24204	EUR	22674	True	33.1046526007912	38.1094846530522	16892	16893
25616	EUR	21337	True	50.0954539200323	58.173623955382	17734	17735
35264	EUR	11733	True	15.7546801270124	53.2706287811111	23420	23421
17865	OOA	28744	True	62.1007739834091	40.186733329557	13300	13301
12589	OOA	35133	True	60.8276725754279	39.7956411031728	9348	9349
4678	OOA	45210	True	45.3299990972737	33.4466175355251	3440	3441
5299	OOA	44418	True	47.0151897407652	29.3799912935639	3894	3895
9717	OOA	38764	True	59.518800914112	43.0528718066266	7242	7243
28419	ANA	18573	True	49.2856062538227	56.3101517149621	19400	19401
8646	OOA	40142	True	61.6409304495277	39.1272666622018	6426	6427
6651	OOA	42700	True	50.4256427620348	33.3347933693993	4924	4925
36207	ANA	10810	True	49.1547957629202	61.3793027821794	23948	23949
41188	YAM	5846	True	42.9525487068125	51.9268164563983	26954	26955
30163	EUR	16896	True	24.3122918761922	48.7124814169755	20382	20383
20472	EHG	26231	True	51.8475571553209	58.9987509252465	14796	14797
16154	OOA	30850	True	59.3564117759157	42.7224979339758	12010	12011
7501	OOA	41610	True	55.4771895026723	33.2822949551851	5570	5571
24724	ANA	22207	True	21.7354514139463	50.5611297809549	17216	17217
3266	OOA	47021	True	42.3254609917789	28.220994737779	2394	2395
30876	EUR	16139	True	5.41064626193502	50.3819800465443	20860	20861
15714	OOA	31386	True	59.16395953946	39.3326849148692	11686	11687
37554	ANA	9564	True	30.5514628894563	37.6717632174726	24700	24701
22587	ANA	24207	True	19.3910773509277	50.2358924399266	15988	15989
12058	OOA	35839	True	58.342926105727	39.9310888990195	8952	8953
42926	EUR	3740	True	17.9839605387647	52.2821597253949	28094	28095
32742	EUR	14291	True	53.0515749437947	55.6637516421539	21908	21909
38449	ANA	8668	True	34.5420809027232	56.4236130959914	25244	25245
19103	OOA	27638	True	58.3197880332531	39.7694791787321	13968	13969
9546	OOA	38998	True	55.5587915147209	41.2168320129182	7120	7121
5001	OOA	44786	True	48.2030977348948	26.9111703231991	3682	3683
21915	EHG	24875	True	41.5409076337944	58.5702437079955	15586	15587
38361	EUR	8768	True	28.8075603281784	57.498115083689	25164	25165
17712	OOA	28926	True	62.948023244687	38.6561392741122	13164	13165
28835	ANA	18168	True	47.3799943788532	54.9068782747047	19642	19643
22027	EHG	24773	True	38.7198799810096	40.3663338655796	15634	15635
22120	EHG	24672	True	54.1532942767187	59.3184575693268	15698	15699
11670	OOA	36370	True	59.5603860991679	41.4770017569933	8692	8693
15424	OOA	31735	True	61.5877120356969	39.7986485430809	11476	11477
19368	ANA	27382	True	36.8182250013098	37.354343615892	14108	14109
35699	EHG	11303	True	53.5594942508838	57.6942392326062	23660	23661
1004	OOA	49779	True	30.8193749239916	29.0266706979565	704	705
7562	OOA	41516	True	54.2684763822519	36.4352869364084	5618	5619
43221	EUR	3443	True	24.1477957193633	50.3724523438071	28310	28311
22929	EUR	23923	True	38.1974711639569	61.8347642808415	16162	16163
13734	OOA	33874	True	56.2475416620839	41.0302640810284	10218	10219
3339	OOA	46893	True	40.1140582395117	29.9257805050847	2456	2457
22302	ANA	24482	True	-5.92362983009854	36.8807399331416	15818	15819
40995	ANA	6103	True	29.9333100280376	38.7211863078746	26806	26807
1103	OOA	49647	True	34.4800947033548	30.0570668456558	792	793
17767	OOA	28869	True	60.164843097072	39.0354137480786	13220	13221
10561	OOA	37751	True	57.3229365533122	39.7029177878565	7856	7857
33273	ANA	13750	True	31.6777645131399	38.8243010268628	22268	22269
15659	OOA	31440	True	57.4154429022291	41.2068720719587	11642	11643
39018	EHG	8153	True	32.4293499833461	61.7168509948366	25566	25567
13213	OOA	34456	True	60.090544404035	40.9949729127325	9808	9809
23563	EHG	23304	True	29.3140424969195	41.0561647228763	16526	16527
9065	OOA	39620	True	56.7947083932762	40.1339094783205	6746	6747
44092	EUR	2497	True	12.403933263491	48.5015391626438	28842	28843
32785	ANA	14246	True	20.3090188457067	41.2957565354404	21952	21953
39915	ANA	7244	True	27.8833200906203	38.8623658271362	26126	26127
33042	EHG	13979	True	7.68043442179391	47.0901935562289	22130	22131
12121	OOA	35730	True	61.0225569150368	39.6070166312611	9008	9009
6634	OOA	42721	True	55.5134883981006	30.5491651297735	4912	4913
11048	OOA	37110	True	63.7550263822057	40.8313709180475	8230	8231
17505	OOA	29170	True	62.4282547692516	36.9119428147003	13028	13029
1037	OOA	49745	True	31.3197154544179	29.1830149803335	734	735
31886	ANA	15137	True	28.6131940655716	38.4859081219016	21410	21411
42598	YAM	4116	True	37.5174763092349	52.2924345258481	27918	27919
11012	OOA	37148	True	55.8661467268852	39.8866180018918	8196	8197
10517	OOA	37798	True	58.9921002169083	39.4107637574517	7830	7831
37620	EUR	9504	True	32.131452369027	38.5588462700756	24734	24735
14252	OOA	33277	True	58.1223235712737	43.0151503577193	10592	10593
1273	OOA	49464	True	32.70690877144	26.9926152656004	888	889
37459	EUR	9643	True	44.4482955330453	58.7295833466802	24636	24637
5883	OOA	43700	True	50.8770894609199	33.8734331924183	4340	4341
43017	EUR	3639	True	14.7052501924407	52.224117259785	28164	28165
6622	OOA	42743	True	50.5336655720404	35.3208473776921	4888	4889
44438	EUR	2148	True	19.8572488910999	50.2897620136237	29070	29071
3470	OOA	46718	True	42.1441509481027	28.8393673687414	2542	2543
24842	EHG	22088	True	41.5684435691117	53.2898079782722	17290	17291
12862	OOA	34842	True	59.8775077219619	37.0770768734551	9540	9541
35967	ANA	11033	True	35.0770708214294	39.7491036995888	23790	23791
21998	EUR	24785	True	11.3092516444726	45.9557197074137	15626	15627
20596	OOA	26102	True	60.560685120347	38.9528534138527	14874	14875
44835	EUR	1679	True	23.146539533713	50.9927645895674	29390	29391
32744	EHG	14305	True	38.6621448861895	39.2045671027	21900	21901
12366	OOA	35422	True	60.0978163357754	43.1446912037016	9184	9185
15165	OOA	32046	True	63.1856969732844	39.0188736643065	11276	11277
28163	EUR	18862	True	34.7491561838337	41.3163822095526	19262	19263
31733	EUR	15290	True	28.0556963266867	38.839725350648	21322	21323
37859	EUR	9253	True	17.7805644920493	43.7021956272311	24898	24899
16850	OOA	30003	True	57.1700775504198	42.0745217919429	12534	12535
21141	ANA	25581	True	37.7616798621852	38.3229756413326	15158	15159
16384	OOA	30580	True	61.0601884845803	37.8933662864836	12188	12189
32372	ANA	14645	True	42.1341049150405	57.3307011322972	21710	21711
14227	OOA	33304	True	57.2249869547369	39.0578775664972	10570	10571
15020	OOA	32252	True	57.9445551870163	41.9898595512318	11170	11171
16363	OOA	30616	True	59.9758635999501	40.8232324932951	12164	12165
22771	EUR	24054	True	30.6876529213265	38.1189845317441	16066	16067
30906	EUR	16115	True	18.0503947189689	49.2624840905843	20872	20873
24631	EUR	22290	True	3.26588045409997	44.192750531447	17160	17161
10204	OOA	38160	True	56.3249528241574	40.9312299739043	7584	7585
13370	OOA	34268	True	58.9062821350289	39.6805864493792	9942	9943
19658	OOA	27073	True	41.2460780452463	59.9691357917862	14282	14283
43012	EUR	3652	True	22.7492239088862	52.3372312306194	28156	28157
42626	EUR	4078	True	34.2884151605539	50.1793487964758	27930	27931
1822	OOA	48753	True	35.9079078859978	32.663609286397	1326	1327
21620	OOA	25153	True	37.7681859117872	57.1850824779147	15454	15455
10899	OOA	37303	True	56.2522262865848	40.1587232175187	8118	8119
15189	OOA	32007	True	60.5731104870259	38.1828437865442	11302	11303
17122	OOA	29688	True	57.2301663193253	39.3346712588811	12730	12731
4077	OOA	45942	True	46.1739348857049	31.3337784840147	2986	2987
20030	ANA	26709	True	41.06689507976	57.1320292776593	14512	14513
14804	OOA	32570	True	57.5340691575542	39.5763608171145	11004	11005
4870	OOA	44964	True	49.2853700606893	26.6627459964913	3568	3569
6279	OOA	43185	True	48.066799776648	32.0133883088328	4644	4645
2015	OOA	48489	True	37.8951541301909	30.2273327373726	1456	1457
14654	OOA	32779	True	62.5633656213635	42.0787384024802	10898	10899
11535	OOA	36589	True	58.0627605650402	37.6703758607477	8574	8575
2240	OOA	48221	True	38.8152264154067	29.3103256455832	1618	1619
30424	EHG	16615	True	15.613329772386	45.7517799653024	20554	20555
1131	OOA	49604	True	31.437869838991	30.23628562929	802	803
8960	OOA	39755	True	59.7385568577435	37.852570398058	6670	6671
31504	EUR	15516	True	15.9561709287876	53.0459673870325	21196	21197
11429	OOA	36711	True	61.7548091668659	36.883746029398	8488	8489
10537	OOA	37773	True	61.5555035652351	38.7991949370248	7842	7843
43688	EUR	2966	True	18.842298362011	52.3649017951474	28606	28607
18811	OOA	27932	True	58.3806141043646	40.9179357546792	13788	13789
37249	EUR	9813	True	-1.72962829418926	42.5849162492172	24534	24535
38037	EHG	9082	True	27.2019791677699	38.1678009274396	24982	24983
28894	EHG	18086	True	3.28562668339398	46.4592461541526	19688	19689
43734	EUR	2909	True	22.8283457468543	53.9101043138997	28636	28637
27996	EUR	19013	True	37.324072104138	38.6365347435212	19166	19167
36136	EUR	10863	True	19.4616460372775	43.853888128852	23916	23917
37650	EHG	9446	True	21.9732397815617	47.2942609486782	24762	24763
4309	OOA	45651	True	46.1406557083486	30.0995359182371	3154	3155
37324	EUR	9750	True	21.3475664802901	50.7668723498184	24572	24573
15385	OOA	31786	True	59.310790975668	41.6225178351193	11440	11441
3315	OOA	46937	True	38.9130401007935	30.1463386548965	2426	2427
38732	EHG	8399	True	23.4055493088482	46.7750017207923	25416	25417
6476	OOA	42903	True	51.1534884063594	30.6516121324662	4786	4787
40275	ANA	6894	True	25.3234189989358	43.8651272348762	26344	26345
3425	OOA	46790	True	41.2200350642884	28.1874433166156	2516	2517
6721	OOA	42617	True	50.772439995122	32.2369897656309	4970	4971
10714	OOA	37554	True	62.7086855978118	37.8794167757843	7972	7973
5663	OOA	43992	True	47.4067112662518	29.4831062260575	4174	4175
7502	OOA	41608	True	59.6655616469815	35.8218862205363	5572	5573
2840	OOA	47506	True	41.8165833370307	32.7934124180475	2056	2057
38829	EUR	8329	True	48.8641751643937	57.0093345381765	25460	25461
3136	OOA	47163	True	42.3713297513339	32.9069524147149	2278	2279
45380	EUR	763	True	11.749316441603	48.9602362715725	29862	29863
33455	EHG	13532	True	18.0933253252226	46.1290093224359	22390	22391
39716	EUR	7458	True	58.487564537927	54.031112033141	26014	26015
37555	EHG	9546	True	53.7519824240235	60.6703115646204	24712	24713
25614	EHG	21328	True	8.30202241033527	48.1991228734897	17740	17741
7388	OOA	41766	True	57.406887448117	34.8034455624785	5478	5479
14421	OOA	33055	True	62.1801557926515	40.065776757402	10722	10723
10623	OOA	37666	True	60.1640094457832	42.8467596429611	7908	7909
12616	OOA	35113	True	59.3174900336328	39.2197143192241	9370	9371
23420	EUR	23432	True	34.4244900784291	59.2189501184381	16468	16469
22489	EUR	24302	True	25.016772639471	50.6867858864473	15930	15931
28572	EHG	18428	True	49.1675594413092	61.3718919784257	19494	19495
24095	EHG	22763	True	35.3699820991409	36.8404694066506	16828	16829
37108	EUR	9930	True	19.7430507710081	52.885248949765	24454	24455
41252	EUR	5784	True	24.7540348448744	46.5136947289439	27000	27001
22143	EHG	24652	True	38.1473224517716	38.7974584022343	15716	15717
12510	OOA	35230	True	60.5973811880771	38.9104447886056	9308	9309
2842	OOA	47505	True	37.6718154174094	27.3903563983422	2060	2061
20173	EHG	26553	True	46.2522339983265	56.0220541961213	14602	14603
26013	EUR	20988	True	39.3991108827548	39.3564981971124	17966	17967
2906	OOA	47432	True	40.543442874513	27.6767212440875	2114	2115
34024	EHG	12972	True	37.6619213468936	38.598378620771	22688	22689
39117	ANA	8039	True	37.9695263401088	57.1726166071233	25648	25649
21686	OOA	25099	True	45.3560209814316	59.1895225755169	15484	15485
40280	ANA	6874	True	42.3347890393382	54.5457840147544	26356	26357
37621	EHG	9492	True	55.1600160159188	56.0802644573321	24742	24743
35347	EHG	11636	True	11.9656595720262	50.3112409423998	23462	23463
3867	OOA	46192	True	41.5106832697669	30.0923616183276	2826	2827
32948	EUR	14080	True	20.4073990100502	53.9601305973644	22056	22057
41131	EUR	5948	True	35.7500689636828	37.8368852006491	26898	26899
16472	OOA	30459	True	63.0565042114402	38.1530416451871	12264	12265
5229	OOA	44514	True	47.9991537959706	32.460939293038	3846	3847
13000	OOA	34700	True	61.4355876509849	39.9203280005184	9648	9649
34717	EHG	12288	True	29.7143456899382	40.0136729412218	23090	23091
12190	OOA	35640	True	60.8293437672226	42.7135382115132	9060	9061
39818	EUR	7318	True	20.1469830263275	48.8618993376621	26092	26093
22392	ANA	24392	True	41.3771317596604	60.5440031459523	15866	15867
16552	OOA	30369	True	63.4888000787304	40.5026128259484	12322	12323
24487	ANA	22433	True	29.778454111618	39.4825667100496	17060	17061
33248	EUR	13768	True	8.864199568629	48.1157106762444	22262	22263
41938	YAM	4969	True	1.69065348768402	45.8833051160906	27448	27449
32554	EHG	14467	True	11.8904290249538	51.6445025882807	21816	21817
40091	EHG	7071	True	25.6901734902388	42.734252140165	26238	26239
25843	ANA	21116	True	-5.528791516277	37.1505122846256	17892	17893
26880	ANA	20070	True	1.22283960785271	46.9316844846967	18510	18511
15746	OOA	31360	True	60.3082714876769	41.8933639220154	11702	11703
22717	EHG	24109	True	27.9639124476697	37.757666768003	16044	16045
29054	EHG	17916	True	42.7066721735803	60.0345599374025	19784	19785
26845	EHG	20106	True	11.8286747572243	49.9626504726191	18482	18483
14931	OOA	32411	True	57.5025392775243	42.1016688270022	11092	11093
11657	OOA	36392	True	61.09370736063	39.1950750400896	8686	8687
30882	ANA	16142	True	35.2216412104605	56.628402896088	20856	20857
38097	EUR	9021	True	28.5548846977051	37.3503889851047	25014	25015
36291	ANA	10709	True	18.4237253145142	51.0550098902472	24000	24001
3781	OOA	46301	True	42.2606185737389	28.5616438228655	2776	2777
35266	EUR	11740	True	45.4679204839844	55.2932533378692	23412	23413
17339	OOA	29374	True	62.2750497361989	40.1523510851636	12910	12911
25135	ANA	21779	True	18.2658243107202	52.6012383466486	17482	17483
4827	OOA	44995	True	46.2951186012372	32.040502241621	3550	3551
8040	OOA	40905	True	57.3863595236949	34.7134571654798	5968	5969
22387	EUR	24394	True	37.1842594321268	58.0360034977958	15864	15865
40624	YAM	6513	True	37.3227192368064	53.7420274125863	26582	26583
43440	EUR	3227	True	28.3839748711883	51.8296826120575	28444	28445
3952	OOA	46075	True	47.142517087906	30.9955659803417	2900	2901
24356	EHG	22528	True	19.7391714085184	50.0583287167616	16998	16999
2584	OOA	47790	True	39.8902945976412	29.3429577463664	1884	1885
10926	OOA	37256	True	56.3823435488272	41.3166328145365	8144	8145
24594	EHG	22333	True	18.1581704781916	49.0124874801488	17142	17143
9934	OOA	38457	True	63.0602558561396	40.3600425497118	7390	7391
37066	EHG	9963	True	5.97668550086782	49.310683374571	24432	24433
9662	OOA	38845	True	56.9450927331806	42.4965773654152	7192	7193
28308	EHG	18697	True	37.5436686527597	61.8885149838146	19342	19343
12644	OOA	35083	True	59.4860878033905	37.5541244949592	9394	9395
14249	OOA	33285	True	63.721057121941	40.3097919317056	10586	10587
11214	OOA	36932	True	60.7682969927843	41.2127113929163	8346	8347
2081	OOA	48392	True	37.4215561778899	30.2542500713088	1504	1505
13095	OOA	34587	True	61.4179338126249	40.0114925686165	9726	9727
35927	EUR	11060	True	35.6314407848838	57.0696810958544	23770	23771
208	OOA	50757	True	33.9233031606153	29.6635842380293	120	121
30879	EHG	16144	True	37.9422289202231	60.4995686209419	20852	20853
26964	ANA	19992	True	5.61247031027982	52.3586898438479	18562	18563
17744	OOA	28892	True	62.6776736358804	41.3839572778571	13196	13197
45237	EUR	1065	True	19.4123085100554	45.0989297516978	29698	29699
45118	EUR	1283	True	25.267206708095	48.2311940757442	29580	29581
13598	OOA	34025	True	61.5625166377148	40.3159024019565	10094	10095
3188	OOA	47107	True	38.89896452918	27.8499889829636	2322	2323
23268	EHG	23597	True	29.3990126065538	40.5868007634767	16366	16367
6168	OOA	43336	True	53.1492287961298	30.5624774052376	4560	4561
23912	EHG	22933	True	56.6886691534842	56.4866579448111	16736	16737
42184	ANA	4672	True	18.2607712378762	43.0396647961937	27596	27597
15186	OOA	32009	True	56.3269262528765	39.0946144018624	11296	11297
3424	OOA	46790	True	40.4947975550869	32.6099102131515	2514	2515
9128	OOA	39520	True	58.5474532876216	41.1110167674112	6792	6793
23705	EHG	23139	True	53.9328494858832	59.6720695873773	16616	16617
25979	EHG	20996	True	-8.43285050394985	39.4101108047748	17960	17961
10764	OOA	37471	True	58.6062247295337	39.099172426269	8018	8019
27314	EHG	19642	True	32.3794093087275	39.1499762679626	18750	18751
44887	EUR	1598	True	22.0822158172388	46.9466136528371	29412	29413
26675	EHG	20275	True	5.27439109840765	52.8732933688868	18370	18371
19037	ANA	27728	True	58.6353913025578	56.7141005267039	13922	13923
34019	ANA	12976	True	29.4602320626092	37.9094165482796	22684	22685
32529	EHG	14496	True	37.1183848511781	60.2408199205738	21794	21795
42427	ANA	4341	True	19.3653055864989	51.0695508426133	27784	27785
32066	EHG	14940	True	7.06676317002439	49.1685334005386	21544	21545
20986	OOA	25727	True	40.5413000476619	59.7306565207018	15088	15089
34077	EUR	12924	True	36.2074209550936	35.6031605731032	22718	22719
18874	OOA	27889	True	37.6522106077009	36.9930720245145	13820	13821
13337	OOA	34299	True	57.6835812414685	41.8675830669379	9916	9917
29543	ANA	17431	True	44.5820188428614	54.7244407851422	20044	20045
11299	OOA	36856	True	61.4776378412707	38.8599833189589	8406	8407
11488	OOA	36643	True	59.6364096315282	42.6516438335808	8532	8533
5884	OOA	43694	True	48.161381794347	33.4138500407859	4342	4343
321	OOA	50606	True	34.7888894855398	29.5351956359042	192	193
31313	ANA	15737	True	38.9068655587343	38.2363975000682	21072	21073
41918	ANA	4977	True	39.1821934550798	53.3084862231251	27440	27441
40310	EHG	6839	True	29.2489079629588	47.8034076586821	26372	26373
19954	OOA	26766	True	42.0959308675149	58.4444378269751	14466	14467
41921	ANA	4984	True	16.3273091509018	51.1848659547935	27438	27439
31589	EHG	15444	True	28.0847005107924	39.1210978810342	21240	21241
9715	OOA	38770	True	58.5871417152579	38.6297705461005	7238	7239
26042	EHG	20954	True	35.6864823826035	58.7429223203022	18002	18003
44587	EUR	1982	True	15.5603973614904	45.6241138801805	29190	29191
4668	OOA	45226	True	46.1592313754618	28.07793767962	3420	3421
10741	OOA	37501	True	59.2465628810042	39.7127051433598	7992	7993
33447	EUR	13541	True	46.2554038878499	60.8828433271261	22378	22379
22588	ANA	24227	True	38.5094234928525	37.1355353051476	15982	15983
32834	ANA	14206	True	29.46857007626	39.4404349965551	21968	21969
12331	OOA	35476	True	60.3832278489699	39.8292905080989	9154	9155
9951	OOA	38453	True	60.7424530558493	37.5956310329272	7394	7395
43833	YAM	2794	True	15.4372610305191	48.2095866204806	28698	28699
28571	EHG	18434	True	52.9775454131404	54.1052305750309	19492	19493
32338	EHG	14678	True	2.84545777865807	50.8266246082685	21688	21689
35871	EUR	11110	True	10.1582672813406	46.3346742784919	23746	23747
38298	ANA	8841	True	29.9413175058851	40.2120692152283	25124	25125
2661	OOA	47721	True	37.4023345421807	28.2574778065169	1932	1933
18433	OOA	28165	True	60.8388567165542	40.5640340723814	13664	13665
27288	EUR	19649	True	15.8505490883867	50.9202037180186	18746	18747
17772	OOA	28858	True	58.5778973433904	41.9594464981721	13230	13231
25865	ANA	21106	True	55.0104243710776	54.6679425492788	17900	17901
11215	OOA	36929	True	59.9431931427061	41.1767374545816	8348	8349
31955	EHG	15077	True	53.0615162159534	56.5137809683734	21446	21447
6778	OOA	42547	True	55.3767320324764	33.7866414596757	5028	5029
29316	ANA	17659	True	38.4933375013909	39.6495032409035	19916	19917
41571	EUR	5411	True	42.4503829409996	56.8648406310041	27206	27207
38695	EHG	8449	True	29.680027093277	37.9595288642694	25388	25389
9514	OOA	39034	True	61.3573541890129	42.3614305734711	7086	7087
24924	EUR	21998	True	10.1266289763851	50.0009898513223	17358	17359
22812	ANA	23995	True	21.5285532250598	52.2043569416414	16104	16105
22775	EHG	24049	True	31.5353132084691	40.1881085822746	16072	16073
1251	OOA	49474	True	37.1469638589341	30.7585694176379	878	879
6629	OOA	42726	True	50.8709938164172	30.1030464949879	4902	4903
10013	OOA	38367	True	57.7024288257556	38.9078079419714	7448	7449
9428	OOA	39148	True	60.6209702348257	40.9401285444287	7024	7025
36516	EHG	10497	True	7.55239494375071	50.0665771908539	24128	24129
35124	EUR	11883	True	27.0416623109943	48.0784867484826	23328	23329
28669	ANA	18346	True	55.229601632786	53.705212476366	19542	19543
8044	OOA	40900	True	60.0504094261944	35.6876047434465	5976	5977
15286	OOA	31902	True	55.701640874537	40.7701685529351	11370	11371
25451	EUR	21475	True	13.3063208874131	52.2436969243085	17672	17673
9129	OOA	39519	True	62.7228887480721	37.5165773166416	6794	6795
6050	OOA	43466	True	52.2788658555097	29.7471415598518	4470	4471
41920	ANA	4976	True	39.5696554092937	55.9778703650875	27442	27443
1386	OOA	49336	True	35.76839780505	28.1372329606023	984	985
39466	EUR	7675	True	25.8111557485226	48.5677582430832	25872	25873
14174	OOA	33358	True	57.8813213561999	39.2557514752676	10532	10533
14485	OOA	32985	True	61.1391186549228	38.2057742117443	10764	10765
17611	OOA	29061	True	63.0520188565202	41.0401235150907	13100	13101
5640	OOA	44021	True	53.0717587834943	29.9516625070019	4160	4161
188	OOA	50791	True	32.6597518397488	29.5719159348204	100	101
39937	EUR	7216	True	47.0116777878878	55.088295536576	26144	26145
19694	EHG	27035	True	31.5345908638478	38.5826035968577	14310	14311
38581	EUR	8557	True	10.065958790743	52.502901365454	25330	25331
25427	EHG	21516	True	11.8932633252472	48.1268094198208	17652	17653
6046	OOA	43479	True	52.1529786801835	30.1940076741304	4462	4463
24031	EUR	22805	True	51.7796228264516	53.4086183086173	16802	16803
23115	EUR	23746	True	49.2730712187508	55.0730880571975	16268	16269
39516	EUR	7640	True	47.0221828892677	56.5003000372643	25890	25891
5052	OOA	44731	True	47.0507225596582	27.8842217496529	3722	3723
36486	ANA	10541	True	34.9504955680514	39.3529252043444	24102	24103
821	OOA	49981	True	31.6936223997602	28.081389062281	562	563
6633	OOA	42722	True	51.8999688712542	34.5732880534994	4910	4911
37154	EUR	9918	True	41.0717376505932	55.1361999650144	24468	24469
39459	ANA	7691	True	26.2663105859853	46.740324636447	25866	25867
17825	OOA	28801	True	57.6619987521115	39.5477264898605	13270	13271
8130	OOA	40821	True	56.2376149368618	35.3743840555399	6048	6049
34714	ANA	12286	True	44.0814080665348	54.6614975237787	23094	23095
25642	EHG	21298	True	7.75165006824077	45.5730695557016	17756	17757
38163	EUR	8939	True	6.0630420089455	48.8762697693012	25064	25065
14197	OOA	33341	True	60.3365406281379	40.3816778677249	10548	10549
44696	EUR	1859	True	22.0382144197059	48.3110643062449	29262	29263
6931	OOA	42345	True	51.761972487068	32.1153020720953	5132	5133
4820	OOA	45021	True	44.0197613237248	30.0815562646172	3536	3537
22362	EHG	24432	True	48.977875786454	61.3401677475638	15846	15847
9519	OOA	39026	True	62.2428687821713	39.8477435925859	7096	7097
42292	ANA	4507	True	33.4338345659622	54.7233885389084	27700	27701
28806	EHG	18196	True	37.2873984191439	37.1837593787355	19616	19617
20653	OOA	26047	True	38.4666282448364	37.2958928611168	14898	14899
40846	YAM	6242	True	38.4665361250022	52.9963041385186	26728	26729
8357	OOA	40489	True	54.890253461548	36.5889353794627	6206	6207
45001	EUR	1452	True	22.3754637675221	52.0910860755631	29484	29485
10291	OOA	38069	True	60.3024209825144	38.9542528171552	7658	7659
39360	ANA	7802	True	26.6697822246338	45.8222187053084	25810	25811
17049	OOA	29766	True	63.7873902158982	40.0542384046535	12678	12679
9402	OOA	39181	True	56.5694639425754	41.0237890033796	7002	7003
7500	OOA	41614	True	55.2659815550132	36.6136416666053	5568	5569
27980	ANA	19019	True	56.043212519512	53.9897641035839	19162	19163
7043	OOA	42212	True	52.9221180478555	34.519788225363	5224	5225
8581	OOA	40242	True	57.0397484083126	40.0929088346463	6382	6383
6594	OOA	42774	True	51.5640103084033	33.0500403496873	4866	4867
7260	OOA	41929	True	53.0004960529534	34.4359216697217	5384	5385
12001	OOA	35880	True	57.1382689253738	39.9670747303054	8914	8915
9183	OOA	39447	True	61.5751639838298	37.5092255341168	6848	6849
27528	EUR	19417	True	17.0913220013614	51.0889533884349	18884	18885
9905	OOA	38513	True	60.5595085678186	42.0904381878996	7360	7361
11813	OOA	36157	True	61.0636838724211	38.9646604101326	8796	8797
6124	OOA	43381	True	50.5666288924043	33.3210744238151	4534	4535
10898	OOA	37303	True	59.2016633959313	39.0805517901299	8116	8117
19750	ANA	26968	True	63.910047095466	41.082641943928	14336	14337
34904	ANA	12089	True	12.6150283500771	48.9962383660458	23190	23191
42045	EUR	4812	True	21.7947943463263	44.7950990820162	27522	27523
6891	OOA	42390	True	52.8696791709222	31.67595649464	5102	5103
20116	OOA	26612	True	63.0328143091346	39.7698355359749	14570	14571
10666	OOA	37610	True	56.6393160899587	42.5825097178919	7934	7935
8578	OOA	40243	True	59.6978888133342	36.8611186545603	6376	6377
20321	EHG	26404	True	61.0166643909132	38.0536903791534	14692	14693
43839	EUR	2810	True	10.6521237922925	51.2803941615956	28688	28689
15235	OOA	31949	True	60.5867611088851	38.7837535327362	11332	11333
7197	OOA	41997	True	51.6718074463212	34.0842242550324	5346	5347
29743	ANA	17259	True	47.9780704581031	56.6518332596112	20148	20149
40367	EUR	6799	True	30.3375415198447	40.5987251330853	26402	26403
32598	EUR	14439	True	30.0819423952961	40.5661092874808	21832	21833
19169	OOA	27593	True	28.5545148895032	40.0862802166462	13990	13991
28807	ANA	18176	True	14.6034743336985	47.4567460486087	19636	19637
13139	OOA	34540	True	58.0665906758568	38.6921242647199	9754	9755
36832	ANA	10177	True	23.7436562828049	48.9114558829311	24310	24311
5930	OOA	43644	True	51.1247889618224	34.3671412903751	4386	4387
18374	OOA	28195	True	58.7704194153349	38.3491584312268	13640	13641
6935	OOA	42341	True	52.4311643070584	33.2143974893787	5140	5141
2506	OOA	47889	True	38.9657727371668	27.7595212156031	1822	1823
43046	EUR	3596	True	31.4861824166956	53.1860686730929	28194	28195
32429	ANA	14600	True	33.8905967241525	37.9728570402102	21738	21739
17661	OOA	28991	True	56.6339347991741	41.7370794004122	13134	13135
9926	OOA	38474	True	60.6235725360642	39.6145340589814	7374	7375
11011	OOA	37149	True	61.2690651845983	40.6466456659404	8194	8195
34742	EHG	12261	True	28.1736818929949	37.7651055616612	23108	23109
14932	OOA	32410	True	59.9567017766893	36.9161234454948	11094	11095
16255	OOA	30741	True	57.7298658598402	42.5578010856552	12088	12089
6758	OOA	42572	True	53.0670606188914	34.0219944272638	5008	5009
31137	EHG	15919	True	27.5874488498724	39.4841743964099	20960	20961
37678	EHG	9426	True	31.0648495214589	58.5893383411243	24774	24775
12535	OOA	35193	True	57.5347314402328	39.6894063436575	9322	9323
15890	OOA	31215	True	62.5230135588724	37.6853692472761	11812	11813
15504	OOA	31616	True	61.9737739789763	40.1460886479512	11538	11539
4386	OOA	45551	True	46.3280996104236	27.6491714101493	3200	3201
32489	EHG	14537	True	45.8539328090527	61.7464760601449	21764	21765
1565	OOA	49100	True	36.6137212933321	31.0969462858382	1128	1129
1799	OOA	48796	True	36.7412636060977	31.6921400067247	1296	1297
45442	EUR	562	True	23.2414684765417	40.7013998029099	29968	29969
43317	EUR	3349	True	1.19903226768901	45.5329082820689	28370	28371
33632	EUR	13348	True	2.28163511838047	49.6762654838757	22476	22477
16663	OOA	30242	True	58.2567791927231	40.9464986158188	12396	12397
5696	OOA	43931	True	49.4153283482735	33.2576691110644	4204	4205
12063	OOA	35819	True	59.4818110517224	42.1734790734949	8962	8963
4134	OOA	45876	True	43.4372792799734	31.476915613541	3030	3031
45054	EUR	1382	True	20.1143047398625	47.0051087039149	29530	29531
30193	ANA	16876	True	49.3765139916847	58.1067392950731	20402	20403
35099	EHG	11923	True	37.5410082346448	58.3826268667627	23308	23309
5699	OOA	43924	True	50.3654015678277	32.4030853065246	4210	4211
44562	EUR	2006	True	22.5287844101771	53.7518603046007	29172	29173
14085	OOA	33471	True	61.670952098993	41.5911466830546	10456	10457
1639	OOA	48989	True	36.0339239010719	28.7371859404606	1182	1183
29993	ANA	17054	True	53.8818147444943	58.9591815412626	20290	20291
2900	OOA	47444	True	40.0317401061166	27.7711772349714	2102	2103
21720	EHG	25072	True	46.8111012889859	61.9136634854479	15496	15497
40035	EHG	7131	True	29.9165949776558	37.8344491115011	26198	26199
41879	YAM	5038	True	43.2729827309087	57.321146037787	27416	27417
22144	ANA	24626	True	23.7045529737645	46.6030068646949	15724	15725
31591	EHG	15422	True	12.8958570583953	47.4738546197526	21248	21249
36105	EHG	10907	True	42.7641164238032	60.932124316177	23888	23889
38499	EUR	8658	True	31.1568394000803	37.9326524978024	25266	25267
40720	EHG	6398	True	54.3770058072703	59.5703475185337	26634	26635
24668	EHG	22269	True	42.219084219811	56.8425062765224	17172	17173
23963	EHG	22878	True	57.4837942535792	54.4189622320789	16760	16761
15525	OOA	31609	True	63.2151027157643	38.2528022565212	11540	11541
10687	OOA	37585	True	58.8205045248615	39.0235303046399	7954	7955
21344	OOA	25379	True	57.4267233198326	39.168779478827	15312	15313
10900	OOA	37298	True	62.310492173403	39.9508050405018	8120	8121
22206	EUR	24592	True	34.5884794889353	37.8881811428356	15736	15737
19723	EHG	27006	True	56.8016188805759	41.9015578817525	14324	14325
15382	OOA	31789	True	60.998893718478	42.2006619453459	11434	11435
24995	EHG	21953	True	30.1586169296081	38.7720504221414	17376	17377
38862	ANA	8280	True	8.29750336042438	46.7546284172175	25492	25493
32999	EUR	14034	True	30.5907850523653	40.3153772309317	22086	22087
38127	ANA	8994	True	36.2813694686663	36.4864231910241	25034	25035
12416	OOA	35364	True	59.3301571467	40.9702124274126	9232	9233
37587	ANA	9523	True	21.5924412460177	44.6386506823756	24728	24729
29150	ANA	17819	True	-1.03648466014326	43.2650769844584	19834	19835
38270	EHG	8861	True	58.4394715256481	58.1002340413771	25114	25115
18621	OOA	28035	True	58.1806132357261	37.2601168616469	13732	13733
15441	OOA	31733	True	60.3569828136979	42.0568426789773	11480	11481
23617	EHG	23221	True	3.69629853672477	47.8990165299671	16574	16575
10364	OOA	37998	True	60.2761022681215	42.9489640500342	7706	7707
30966	ANA	16066	True	34.9266260224151	38.4327498050358	20882	20883
10902	OOA	37292	True	59.6292701249593	40.3789394580404	8124	8125
6236	OOA	43244	True	52.3971108458245	30.2373366053684	4616	4617
16408	OOA	30549	True	59.0403511922726	40.6183748191839	12206	12207
26673	ANA	20295	True	37.7454495795318	37.9236220736027	18358	18359
11495	OOA	36627	True	60.1830658744373	36.9569326659464	8546	8547
29348	EHG	17622	True	4.89088350436371	51.3450317181674	19946	19947
1755	OOA	48844	True	33.2011323953687	30.309827043953	1268	1269
16950	OOA	29894	True	63.4926060331645	40.1530963556216	12600	12601
5358	OOA	44352	True	51.478167179462	32.8920880468869	3938	3939
26259	ANA	20747	True	47.9838023084178	56.6283781158377	18144	18145
13985	OOA	33573	True	59.0459033982849	41.0969412470341	10390	10391
14200	OOA	33329	True	60.1689428547947	43.0507192594347	10554	10555
17020	OOA	29796	True	58.171253907989	39.4991720762071	12652	12653
22550	ANA	24241	True	7.40904217805529	52.4315487757565	15972	15973
33990	ANA	13004	True	42.964282763074	55.1265624112189	22674	22675
