ind_id	pop	time	sampled	lat	lon	node1	node2
42784	EUR	3867	True	53.605454360429	30.5757413717946	28034	28035
8161	OOA	40760	True	37.3355221812401	58.2851504133887	6078	6079
12398	OOA	35375	True	37.8928083391232	62.8855568099032	9226	9227
42047	ANA	4799	True	56.2063242700915	35.6497041110234	27532	27533
43565	EUR	3097	True	52.4295033738886	19.1184746436291	28524	28525
32738	EUR	14297	True	56.0974448892277	29.6509632238033	21904	21905
43503	YAM	3148	True	54.8271849112524	20.8741353181669	28492	28493
17147	OOA	29641	True	37.6727340995128	63.5282266466246	12768	12769
11950	OOA	35937	True	38.7230626139012	59.6498465939826	8892	8893
25801	EHG	21153	True	55.5369708799788	47.3529790095834	17864	17865
9213	OOA	39401	True	40.4563108324542	55.4243519526771	6866	6867
1367	OOA	49348	True	31.6366235888778	36.3479143846692	970	971
12019	OOA	35872	True	40.2936800926552	61.4039700948888	8918	8919
34824	EUR	12189	True	57.5468004911097	37.9594332794779	23152	23153
1640	OOA	48988	True	31.5389456296633	37.0170520184976	1184	1185
10621	OOA	37670	True	38.5397294757156	62.3847001219035	7904	7905
43290	EUR	3376	True	51.8515166988095	26.789229975108	28356	28357
24719	EUR	22225	True	39.7264436109945	28.4578337357603	17202	17203
40120	ANA	7037	True	35.8019885629872	38.9279291193004	26256	26257
20319	EHG	26407	True	40.1841913506379	58.9323482314784	14690	14691
16210	OOA	30790	True	40.8539872784467	57.2865702856459	12062	12063
44272	EUR	2317	True	46.1098407326439	20.9113261704701	28952	28953
37698	EHG	9411	True	58.0988765026161	32.11904798266	24784	24785
10482	OOA	37847	True	41.1291398674451	62.7051776133567	7790	7791
6930	OOA	42349	True	34.6311251082059	52.9400801450063	5130	5131
16816	OOA	30054	True	38.6144334889621	56.9744200363919	12498	12499
42241	YAM	4568	True	49.7445034257679	35.7339465218012	27654	27655
13669	OOA	33938	True	42.3983953918645	60.8453688842901	10156	10157
42450	ANA	4312	True	48.1388181828124	18.9733780233039	27794	27795
31033	EHG	15996	True	58.1755922832443	48.5840576058792	20918	20919
8887	OOA	39854	True	39.2189338804323	63.2140247477473	6608	6609
4578	OOA	45336	True	31.4267746486963	45.286889832629	3356	3357
26443	EHG	20540	True	38.1305261653191	34.8252660018671	18230	18231
4025	OOA	46013	True	28.1509154358638	44.4773179359194	2936	2937
3402	OOA	46816	True	32.4135822556052	40.7974845093749	2500	2501
5788	OOA	43813	True	31.7328896561395	51.5201179761904	4278	4279
7020	OOA	42256	True	35.6940191885162	53.1285127069569	5200	5201
35324	ANA	11674	True	39.8186013649101	33.7105589131166	23442	23443
17760	OOA	28884	True	39.8693692454586	64.5288330098853	13206	13207
31990	EHG	15051	True	37.0935610273014	31.7764999414903	21466	21467
37825	EHG	9283	True	57.3192390131375	28.3558878359928	24874	24875
41228	YAM	5799	True	55.2381350436215	37.4670919315262	26988	26989
21148	ANA	25578	True	39.4789314523057	39.0041408761055	15166	15167
31419	EUR	15625	True	37.8019840591557	30.9611571229206	21136	21137
41517	YAM	5468	True	57.5975768739416	35.8414074795135	27160	27161
9048	OOA	39629	True	40.9384941287049	59.780107498895	6742	6743
3608	OOA	46534	True	31.6671216170332	41.4352911257506	2650	2651
33452	ANA	13553	True	35.8984581334306	36.1373264105501	22372	22373
36763	EHG	10229	True	59.4062482058229	39.4062672356537	24282	24283
1478	OOA	49197	True	31.7472628883697	36.9519322168714	1074	1075
31027	EHG	16013	True	38.5596711926523	40.654809711974	20908	20909
20360	ANA	26364	True	38.964068134374	32.3472008369894	14704	14705
556	OOA	50324	True	29.4304509513911	31.2321855425901	364	365
45010	EUR	1438	True	52.1788007161541	8.76317259418373	29502	29503
39491	EUR	7658	True	37.8982926757366	27.5982562115173	25876	25877
20948	OOA	25750	True	41.247497380909	61.0452502026229	15070	15071
9397	OOA	39193	True	42.4418029626602	60.8209940696885	6992	6993
35596	EUR	11409	True	55.6596218743362	38.080969609217	23610	23611
27745	ANA	19234	True	48.3352945152871	0.668945963763872	19022	19023
4218	OOA	45756	True	29.4660985788241	44.5203052817378	3096	3097
34412	EUR	12574	True	57.1978936617769	39.324185213038	22920	22921
20597	ANA	26101	True	39.1190504756941	60.3947800792774	14876	14877
32045	ANA	14968	True	47.999858237502	19.9615428330434	21524	21525
32783	EUR	14253	True	47.9716303305564	23.5268834814022	21948	21949
39881	EHG	7275	True	44.2725527069547	22.7099028050012	26112	26113
26165	EHG	20836	True	56.4563949889188	48.6554853157202	18076	18077
17661	OOA	28991	True	41.7370794004122	56.6339347991741	13134	13135
2159	OOA	48321	True	32.0307089653561	37.6545515783156	1568	1569
7542	OOA	41551	True	33.7267752377396	53.1377140513217	5602	5603
23620	EHG	23228	True	39.0973630298464	29.8096174619775	16564	16565
15622	OOA	31487	True	41.8294591825002	59.2940602830769	11610	11611
43350	YAM	3316	True	53.5842527748122	21.9512790519975	28384	28385
16711	OOA	30190	True	39.8883920806777	63.7426739374289	12436	12437
43356	EUR	3296	True	49.7002452505462	24.784820895427	28398	28399
45375	EUR	772	True	43.97108699993	21.598471361526	29852	29853
45421	EUR	647	True	45.4209638593931	24.4122074309691	29926	29927
17890	OOA	28724	True	42.8991943212781	57.9543262703576	13316	13317
43194	EUR	3463	True	48.6053276985609	25.5557370855677	28292	28293
32832	ANA	14194	True	48.1993834424793	24.8995352132847	21978	21979
33307	EHG	13719	True	52.8760262768194	14.8863636974653	22294	22295
3777	OOA	46314	True	28.4101420850146	45.5841380082696	2768	2769
33840	EHG	13148	True	45.0622865262629	7.18802290457899	22596	22597
45210	EUR	1121	True	47.2502163403675	10.5251124442848	29674	29675
38669	EUR	8469	True	36.1473903457824	37.9264784152636	25368	25369
9026	OOA	39682	True	42.3468903969066	57.6153776992761	6718	6719
6149	OOA	43348	True	33.5239613128816	48.1939244715332	4550	4551
3823	OOA	46251	True	27.8561583110694	43.2148973784371	2796	2797
30417	EUR	16617	True	45.0358215233213	29.3770203646086	20552	20553
31504	EUR	15516	True	53.0459673870325	15.9561709287876	21196	21197
24993	EUR	21936	True	42.0905433590082	-4.40613192465563	17388	17389
20503	EHG	26206	True	56.4548064402287	36.9033176309325	14812	14813
30252	EHG	16820	True	40.8263666787524	32.1948022092947	20440	20441
510	OOA	50378	True	28.964158434617	36.2001224217704	334	335
18306	OOA	28281	True	41.4295236165435	57.6365967730721	13572	13573
35539	ANA	11475	True	40.1198916515281	37.534571244591	23562	23563
29427	EUR	17559	True	55.3305056481913	36.8093879812909	19992	19993
27806	EHG	19170	True	50.5172295273756	21.0309054370187	19056	19057
41417	ANA	5594	True	38.5371889848687	32.2982975635039	27092	27093
33509	ANA	13472	True	56.7645615518985	36.4093350605688	22420	22421
3560	OOA	46613	True	32.0961022597292	40.0456805564446	2608	2609
14955	OOA	32381	True	39.1387481666158	59.9520356344906	11112	11113
24605	ANA	22315	True	47.0502723845547	23.749799587042	17152	17153
26436	EHG	20531	True	58.6339152661211	53.1676587766249	18238	18239
6409	OOA	42999	True	33.9754151573268	48.805540273892	4750	4751
22332	EHG	24449	True	60.0049666305279	44.4670738146227	15828	15829
18689	OOA	28010	True	39.454748511922	62.443929902339	13754	13755
15594	OOA	31525	True	36.9603809462632	62.4203965928235	11588	11589
3053	OOA	47248	True	32.2378142156357	42.5602581446502	2230	2231
5582	OOA	44088	True	30.7409699584636	48.0475147973778	4118	4119
13337	OOA	34299	True	41.8675830669379	57.6835812414685	9916	9917
10674	OOA	37590	True	39.5717103118537	61.1614747768148	7950	7951
35560	EHG	11448	True	38.3382164606435	38.9490912407123	23582	23583
6958	OOA	42321	True	31.2006759405829	55.1215619693074	5146	5147
15855	OOA	31236	True	40.7989353027053	60.9873959636833	11784	11785
35501	ANA	11513	True	38.0222815780417	38.1263306403452	23542	23543
12443	OOA	35327	True	38.3245342931249	59.7766259954146	9256	9257
614	OOA	50245	True	30.6592303443916	29.7464217427556	402	403
9005	OOA	39696	True	39.6972532983159	60.6265655221784	6712	6713
37861	ANA	9250	True	47.6666244743717	3.39797248970252	24900	24901
42983	YAM	3668	True	51.0145599567052	12.6128995307963	28140	28141
42954	EUR	3686	True	53.039752654526	24.7008968320247	28130	28131
17915	OOA	28694	True	40.9685060024839	60.6996219090125	13338	13339
12783	OOA	34926	True	39.3050186958958	58.3956863241714	9486	9487
17020	OOA	29796	True	39.4991720762071	58.171253907989	12652	12653
13652	OOA	33958	True	39.2332838066839	61.1757059110358	10148	10149
2266	OOA	48194	True	30.1994106672542	37.3364326140659	1640	1641
6833	OOA	42466	True	33.3482238896629	52.3275165958723	5056	5057
14272	OOA	33245	True	38.6600325100636	61.8856509411336	10608	10609
43387	EUR	3286	True	51.1570752687268	9.58623817332186	28406	28407
16388	OOA	30575	True	40.8330405182383	64.296532651424	12196	12197
14599	OOA	32856	True	38.8998564397422	58.6469876416453	10858	10859
35567	EHG	11430	True	55.5550858296316	55.7055368223132	23592	23593
28637	ANA	18374	True	60.7434990338958	35.2970313313093	19530	19531
4947	OOA	44869	True	31.6672860958789	46.0408924823327	3630	3631
17910	OOA	28703	True	37.2584733173697	57.6622635222338	13328	13329
6968	OOA	42300	True	34.1280961161117	49.7441161920597	5166	5167
24599	EHG	22336	True	59.1601072871458	47.6877292459437	17136	17137
31129	EHG	15897	True	42.7096167721533	23.0816545065246	20982	20983
43833	YAM	2794	True	48.2095866204806	15.4372610305191	28698	28699
32689	EUR	14357	True	56.7056903966989	49.1057456649315	21880	21881
18213	OOA	28352	True	37.2867753730074	60.2287062548792	13530	13531
14066	OOA	33490	True	38.0777665807257	59.2164776485997	10446	10447
22492	EHG	24309	True	58.5084095824631	58.1130418103818	15926	15927
37071	ANA	9974	True	55.6748113597961	54.33591031685	24426	24427
41313	EUR	5712	True	49.2673216487665	4.80797535025713	27042	27043
7539	OOA	41563	True	39.4171468349488	57.0953091938942	5596	5597
45301	EUR	948	True	49.1392937608338	25.8972972427003	29762	29763
28448	EUR	18544	True	44.7117870006225	26.5107346110416	19422	19423
39056	ANA	8122	True	38.2761019470002	31.2134829655529	25582	25583
39916	EUR	7236	True	53.7005236094667	49.2496085737833	26130	26131
42390	EUR	4390	True	45.7654789672447	18.6167730603025	27752	27753
15915	OOA	31182	True	39.2473733392294	59.3069361560849	11838	11839
8835	OOA	39944	True	39.2073103187383	57.0413921195276	6574	6575
6695	OOA	42654	True	35.2498714452174	49.498305668912	4950	4951
9318	OOA	39289	True	39.419047351088	57.9124112413997	6930	6931
42817	YAM	3856	True	50.4705805354083	25.3074846005457	28040	28041
29356	ANA	17610	True	47.6095410891642	24.2485048578001	19954	19955
28121	EUR	18887	True	56.0990220956335	33.0538043500846	19238	19239
19875	EHG	26861	True	56.6951741721453	55.1609239617682	14406	14407
42219	YAM	4606	True	47.8726374800214	13.2406560986494	27634	27635
13064	OOA	34627	True	41.8258236395841	63.3222623462496	9698	9699
1634	OOA	49012	True	29.4834397066907	33.6811087946998	1172	1173
40714	EHG	6407	True	56.5257588024865	34.6601574999714	26626	26627
42690	EUR	4003	True	54.1252955676325	24.7026840630167	27962	27963
14765	OOA	32632	True	42.0173981855466	60.5397473844716	10974	10975
29928	ANA	17116	True	38.7379069016209	29.4295228602446	20236	20237
26699	EHG	20251	True	50.1617508342803	18.5597962012426	18384	18385
18234	OOA	28342	True	39.1497587689436	59.2483724798362	13534	13535
3687	OOA	46416	True	30.5634476661995	42.8890106540521	2708	2709
20059	EHG	26672	True	41.2266964409067	60.9285200746336	14542	14543
33009	ANA	14012	True	53.6978818387611	40.7751818796946	22100	22101
23841	EHG	22981	True	41.5609082487825	21.8711322935121	16704	16705
45105	EUR	1287	True	49.4295908798041	21.0148065287162	29578	29579
15983	OOA	31082	True	40.3345706014771	62.4180740471628	11894	11895
39460	ANA	7687	True	49.4233606219998	27.8073256325596	25868	25869
45002	EUR	1451	True	46.5441208744466	5.12944686142444	29486	29487
38420	ANA	8712	True	57.3859758227231	29.8785508039743	25214	25215
31799	EHG	15207	True	46.3066349437679	20.9742055031029	21366	21367
40366	EHG	6804	True	40.1420776239571	36.7734926175062	26400	26401
21558	EHG	25199	True	57.7227153439491	52.7047691731729	15428	15429
7498	OOA	41619	True	34.1711022489064	55.5078033900201	5564	5565
27092	EHG	19857	True	48.6147719617215	13.279498056327	18616	18617
39293	EUR	7857	True	44.9849920010421	20.3194495097652	25760	25761
31062	EUR	15963	True	45.1086519169499	20.8832349225508	20934	20935
16404	OOA	30561	True	39.0035105956917	60.1423171774228	12198	12199
32948	EUR	14080	True	53.9601305973644	20.4073990100502	22056	22057
19281	EHG	27456	True	55.830219060578	53.3368715968688	14064	14065
9044	OOA	39637	True	38.696610871875	61.1811309849785	6734	6735
41440	ANA	5562	True	45.0457597004421	5.66332198369767	27114	27115
41902	ANA	5019	True	49.4961974305701	20.8211675627391	27422	27423
5233	OOA	44494	True	32.7423576490274	51.0563139082162	3854	3855
39148	EUR	8025	True	56.3858279534795	56.8776406880613	25662	25663
22359	ANA	24433	True	60.0374123068403	42.5840605965465	15844	15845
42947	EUR	3712	True	47.2825688007352	5.05024857659508	28110	28111
7499	OOA	41617	True	35.1469163439606	56.5729694331681	5566	5567
1751	OOA	48854	True	29.1822975153263	38.6059060136573	1260	1261
43540	YAM	3122	True	51.874253397936	25.2288650413003	28508	28509
43939	EUR	2678	True	46.4626033733088	24.0917232816806	28764	28765
23297	EHG	23549	True	51.2313282329683	19.5127432793428	16404	16405
42904	EUR	3753	True	55.7243577883418	25.6838899538659	28086	28087
40332	YAM	6825	True	60.6683090204281	31.9389933666474	26380	26381
38966	EHG	8189	True	59.862226177942	58.2178121381502	25540	25541
3471	OOA	46709	True	29.815162404763	41.4497651647193	2544	2545
40644	EUR	6488	True	55.5712337861235	45.483937820187	26590	26591
12537	OOA	35187	True	41.7286328972585	58.9067020771181	9326	9327
7192	OOA	42010	True	33.4056395863909	53.4127477583585	5336	5337
19872	ANA	26868	True	39.2076472094672	39.6321327790997	14396	14397
6307	OOA	43138	True	33.4889221044687	49.8015891067897	4674	4675
10921	OOA	37277	True	41.0698406463846	59.3773661145778	8134	8135
3504	OOA	46679	True	27.9433468842535	42.3505697450779	2572	2573
13388	OOA	34253	True	40.9158102371823	60.6924315836996	9944	9945
24243	EUR	22639	True	38.3938590509022	29.0503960385467	16922	16923
10238	OOA	38132	True	40.4796735690085	57.7028001632235	7614	7615
28164	EHG	18852	True	61.1367871818932	39.3629225603072	19268	19269
22203	ANA	24593	True	35.9874085988515	38.5694634200547	15734	15735
31386	EUR	15648	True	38.9056132143464	40.4143853802862	21120	21121
902	OOA	49892	True	29.9058010513983	33.7040672868671	626	627
18116	OOA	28450	True	42.7379058932546	58.3657081923864	13470	13471
2211	OOA	48238	True	30.8271981900136	40.9532003045595	1610	1611
14248	OOA	33287	True	39.0935802129445	61.9388608792826	10584	10585
27137	EUR	19814	True	54.1475892905058	38.2358356239186	18640	18641
42742	EUR	3939	True	54.5522599718956	33.7485035291215	28000	28001
44300	EUR	2290	True	46.9631753875229	19.3065201437352	28966	28967
15797	OOA	31299	True	42.7599316478913	57.0801751338074	11750	11751
7858	OOA	41132	True	40.1808201490914	58.6988960983175	5842	5843
26532	ANA	20438	True	55.1325743027496	44.7481523047253	18294	18295
44353	EUR	2232	True	45.7316294637761	3.39829087170132	29010	29011
22894	EUR	23935	True	37.2295935801137	-3.01206779561896	16154	16155
28970	ANA	18011	True	38.0415465042751	29.7525621613549	19732	19733
15120	OOA	32096	True	40.8642115865747	56.8867043912109	11254	11255
6117	OOA	43399	True	30.4194129448117	48.8394743284545	4520	4521
36832	ANA	10177	True	48.9114558829311	23.7436562828049	24310	24311
879	OOA	49926	True	29.461786006543	30.7888060344485	612	613
20505	EHG	26205	True	58.5203141290252	47.553616315128	14814	14815
8328	OOA	40522	True	38.4952504696221	57.5518963903799	6184	6185
37029	EHG	9999	True	41.0923782893246	21.4294386735337	24410	24411
2532	OOA	47855	True	30.0070262850545	40.4284420584783	1838	1839
14035	OOA	33526	True	41.8588820856257	60.0299454023782	10420	10421
19950	EHG	26772	True	58.7930423551973	32.9400595873845	14464	14465
42046	ANA	4803	True	54.7527457083205	45.1648640719371	27530	27531
38159	ANA	8945	True	49.0167603271428	25.3476355246645	25060	25061
6122	OOA	43387	True	31.9119151531058	52.8224851697635	4530	4531
17237	OOA	29505	True	40.8205456376386	56.022388243663	12828	12829
44716	EUR	1853	True	50.4822636946185	24.4457857171946	29266	29267
39656	EHG	7513	True	61.4590102443531	50.8065077038433	25980	25981
44792	EUR	1763	True	47.1517517547616	28.2087982699942	29340	29341
16308	OOA	30669	True	37.9553487952806	63.0052883930909	12134	12135
13057	OOA	34634	True	39.2572442858185	60.9839063849179	9684	9685
9545	OOA	39001	True	37.3743516396984	62.9626838585148	7118	7119
7196	OOA	42001	True	35.5729410024466	51.777815521568	5344	5345
19948	ANA	26784	True	38.3389329869541	38.2101449141647	14452	14453
16412	OOA	30544	True	39.9530226075543	56.6963590275069	12214	12215
43863	YAM	2771	True	47.6935542547955	20.7809005487316	28720	28721
25683	ANA	21272	True	60.9166704514284	33.6027214092453	17786	17787
10009	OOA	38386	True	40.492792714207	58.9074186623469	7440	7441
22615	EUR	24178	True	47.7162340396576	13.9578668466324	16006	16007
42267	ANA	4541	True	47.6532811994778	19.1243234233227	27670	27671
38456	ANA	8681	True	38.5987428412494	35.4420214621576	25232	25233
42286	YAM	4509	True	52.5070042983966	37.5212743913743	27698	27699
19336	EHG	27413	True	41.3366444557063	35.031458616869	14088	14089
33578	EHG	13414	True	59.9400082439797	34.108865796616	22444	22445
13507	OOA	34122	True	39.2580386836222	61.0437297974955	10026	10027
33453	EUR	13547	True	39.7411851942387	29.1003071344062	22374	22375
30227	EUR	16844	True	38.0504115788893	39.121546871438	20426	20427
42453	YAM	4287	True	55.4762284792311	31.6993938443859	27812	27813
4263	OOA	45697	True	31.2398891012366	42.8779669319815	3126	3127
20681	OOA	26011	True	40.855044363583	60.2282598911006	14926	14927
4776	OOA	45076	True	32.2240751033763	45.1801023080065	3512	3513
7808	OOA	41189	True	36.8920244663837	54.7884771199743	5794	5795
32130	ANA	14898	True	39.5139040444754	30.055657730087	21562	21563
9908	OOA	38497	True	38.1128549124757	62.3119867335743	7366	7367
18908	OOA	27852	True	59.601579912272	29.8537729156525	13840	13841
20453	ANA	26255	True	39.7427061827731	29.4936775172444	14776	14777
22499	EHG	24305	True	58.3748311488417	48.8529097650658	15928	15929
20592	EHG	26113	True	54.9236298001832	34.3148374670825	14866	14867
84	OOA	50937	True	30.2417987361324	29.2746789725978	12	13
18236	OOA	28334	True	40.0544618586562	57.8770056919211	13538	13539
41103	EUR	5970	True	54.2252145328393	41.780232565325	26890	26891
6068	OOA	43460	True	29.2538614601944	53.7246008880155	4476	4477
38498	ANA	8658	True	39.7277808947791	29.2117780528196	25264	25265
25838	EUR	21134	True	47.9892053772228	12.273021363033	17884	17885
34293	EUR	12692	True	57.8447346218322	57.4046444968106	22856	22857
1565	OOA	49100	True	31.0969462858382	36.6137212933321	1128	1129
12058	OOA	35839	True	39.9310888990195	58.342926105727	8952	8953
5215	OOA	44516	True	30.7639914737493	45.8280622412721	3842	3843
34320	EUR	12670	True	40.0639567538534	39.9744973693995	22864	22865
26787	ANA	20166	True	44.9185514762032	4.0544720597662	18442	18443
42760	EUR	3911	True	50.7858932328349	19.7876915668544	28014	28015
1664	OOA	48965	True	30.5025690663158	35.2062974918066	1204	1205
3156	OOA	47147	True	31.0456631856041	38.3844422267715	2288	2289
14342	OOA	33164	True	37.7722030658983	60.3984569383438	10650	10651
40282	ANA	6882	True	38.7114538388479	39.1123631194603	26352	26353
15410	OOA	31762	True	41.4789564125037	60.7340740284351	11448	11449
28781	ANA	18212	True	47.2599863080999	4.10723203588124	19612	19613
37731	EUR	9369	True	56.047763527004	49.3836090913811	24818	24819
19362	ANA	27367	True	38.9723482430786	59.8707677889151	14122	14123
40390	YAM	6759	True	49.595771615651	32.6424240343197	26434	26435
27028	ANA	19944	True	39.2081502414144	30.2554333110565	18588	18589
4777	OOA	45074	True	27.406619826872	46.4119998248897	3514	3515
11237	OOA	36922	True	39.847770465713	56.0698093481344	8354	8355
32129	EUR	14888	True	42.920801930732	19.3423647251489	21572	21573
25682	EHG	21275	True	37.4934710602877	37.0670502494414	17780	17781
16256	OOA	30739	True	42.2377966483683	61.617101855413	12090	12091
44637	EUR	1931	True	41.5288085895639	23.7551829838804	29222	29223
30750	ANA	16272	True	38.0202280574901	30.2146102236047	20762	20763
20027	OOA	26704	True	38.844216559936	63.532082628515	14522	14523
41122	EUR	5963	True	35.3573571238595	37.6319674171437	26892	26893
2530	OOA	47863	True	31.8838065684989	37.7377311010333	1834	1835
4874	OOA	44942	True	32.0021659009147	47.8772842092898	3576	3577
19784	EHG	26952	True	38.5439185144009	36.1705387894555	14342	14343
34134	EUR	12857	True	37.8439629538835	31.2791148228541	22756	22757
12116	OOA	35746	True	39.9380595432307	58.4443094296355	8998	8999
24360	ANA	22531	True	56.9851443169939	43.7906727127245	16994	16995
19696	ANA	27030	True	60.4237639400631	38.0893971120982	14318	14319
12945	OOA	34762	True	36.9047028319788	59.5231588931409	9610	9611
20857	ANA	25835	True	57.2349867367882	40.6947828882033	15014	15015
45170	EUR	1182	True	46.2128342163623	10.4197343270622	29626	29627
4822	OOA	45011	True	33.0908647036868	47.3937570850007	3540	3541
42981	YAM	3672	True	52.6636124624063	5.84842138838118	28136	28137
19137	ANA	27605	True	40.7631836661206	58.4220849893458	13984	13985
39294	ANA	7884	True	36.0387990755195	36.2669084513797	25740	25741
21977	ANA	24808	True	47.6195133261314	24.6177259324012	15614	15615
35228	ANA	11784	True	38.3395566723547	30.5051906947228	23384	23385
13450	OOA	34182	True	42.1485692899668	58.7045208833549	9982	9983
12866	OOA	34838	True	40.1780814333925	57.9789806005097	9548	9549
13270	OOA	34383	True	40.1059022763079	55.4589476930048	9866	9867
9174	OOA	39467	True	41.8499460399477	56.8615219497753	6830	6831
41358	EUR	5646	True	52.2791013254469	9.70563284599875	27066	27067
11942	OOA	35958	True	40.2585307209281	56.3375719761857	8876	8877
18210	OOA	28354	True	39.4603583925588	62.8687239306053	13524	13525
39326	ANA	7844	True	56.7030208784296	33.6846352842921	25774	25775
12053	OOA	35844	True	39.6662710629103	59.9970280687507	8942	8943
9928	OOA	38469	True	42.0149156947065	60.7003267420075	7378	7379
12063	OOA	35819	True	42.1734790734949	59.4818110517224	8962	8963
21144	ANA	25579	True	39.8744498287745	32.4106674441034	15162	15163
11156	OOA	37002	True	38.1207343220138	58.7933653592836	8296	8297
26139	ANA	20857	True	56.9195665266487	51.1257216583623	18058	18059
2074	OOA	48409	True	31.6615382454694	37.7056822696596	1490	1491
32591	EHG	14450	True	36.795681610075	39.4671602477292	21826	21827
20697	OOA	25994	True	36.9167535081999	60.761223711425	14934	14935
12093	OOA	35775	True	36.9586296770446	59.2012160558845	8982	8983
27841	EHG	19145	True	60.9228437170131	43.2247583169473	19078	19079
38922	EUR	8227	True	53.4059558099192	10.5205852331373	25520	25521
26883	EHG	20080	True	58.5091373689058	42.1041608790044	18506	18507
18905	EHG	27852	True	57.6977704917241	48.1271564628667	13836	13837
2814	OOA	47531	True	29.6165558680286	41.7149638506792	2038	2039
32042	EUR	14987	True	44.5283594739701	16.6646319663103	21518	21519
19660	ANA	27069	True	59.9458343862762	43.6990456221483	14286	14287
20477	ANA	26220	True	61.1426333517881	34.1259029624351	14806	14807
39151	EHG	8012	True	48.4755979218058	-0.313141886527408	25674	25675
19285	OOA	27472	True	37.6382603423772	29.3498705456281	14054	14055
13838	OOA	33766	True	39.3731074878067	56.0937756837429	10274	10275
25366	EUR	21576	True	52.3624493823089	5.1223794554138	17622	17623
42576	EUR	4162	True	44.4680168446108	18.3710671340034	27898	27899
17717	OOA	28919	True	37.2780899220388	61.8981047788781	13174	13175
3284	OOA	46984	True	29.0049520909327	44.0601571404228	2412	2413
21838	ANA	24962	True	58.0443273160943	52.2001361333504	15544	15545
35011	EHG	12001	True	42.3298776341087	23.9850854907699	23278	23279
27318	EHG	19618	True	47.6464045965592	18.8730278233427	18764	18765
16575	OOA	30343	True	40.0937077662939	60.8868990588292	12332	12333
33719	ANA	13282	True	39.4813897269994	35.513591789614	22512	22513
43254	EUR	3411	True	46.5212370216655	8.63638844037523	28336	28337
29420	EUR	17563	True	54.6894321288411	51.3870324676535	19988	19989
8036	OOA	40909	True	36.1813972947105	57.7001713114432	5960	5961
39143	EHG	8022	True	47.8375217367038	9.3462699295239	25666	25667
10363	OOA	38000	True	40.6190218732308	61.2860567671242	7704	7705
21621	OOA	25137	True	40.878303977906	59.2302795027626	15462	15463
24842	EHG	22088	True	53.2898079782722	41.5684435691117	17290	17291
42387	ANA	4390	True	47.8121914754342	1.64007442888065	27750	27751
30914	EHG	16118	True	54.0538447626591	48.8098256773811	20870	20871
30994	ANA	16037	True	61.7696805233028	47.0509544810411	20894	20895
12451	OOA	35308	True	37.3966377810528	62.1440912718244	9272	9273
24697	ANA	22241	True	56.7622616370135	53.2849795426418	17194	17195
25841	EUR	21125	True	51.6773310718271	24.5307684036163	17888	17889
7849	OOA	41150	True	37.2189624522192	54.4948986927855	5824	5825
16772	OOA	30093	True	42.2164708928333	62.9981703617538	12466	12467
33433	ANA	13568	True	54.784405127974	38.9204798527445	22364	22365
6194	OOA	43295	True	30.9944740657641	51.7061618445837	4582	4583
31539	ANA	15475	True	44.5808305149957	22.2944556678499	21224	21225
28992	EUR	17977	True	45.1951364285902	17.6763830960745	19746	19747
33920	EUR	13074	True	41.0259161642257	37.0839276666244	22628	22629
4760	OOA	45092	True	29.4696542375928	45.8584430539363	3502	3503
43384	YAM	3289	True	49.5774827115251	14.1002284121715	28402	28403
25864	EHG	21112	True	38.1409754118653	38.7302866131956	17896	17897
11020	OOA	37136	True	40.6650406539415	59.4102360100745	8212	8213
2973	OOA	47362	True	29.6785077844653	41.5842395648018	2160	2161
6651	OOA	42700	True	33.3347933693993	50.4256427620348	4924	4925
11946	OOA	35943	True	41.8328964092251	58.2471663778345	8884	8885
11216	OOA	36927	True	37.4611077719003	58.9132714570949	8350	8351
6193	OOA	43296	True	32.1780149268107	48.8891762689589	4580	4581
15914	OOA	31190	True	40.8432472231931	56.8191714729376	11836	11837
12371	OOA	35408	True	38.6008720799069	58.3737781122799	9194	9195
44327	EUR	2261	True	43.4516609053944	21.0444906934616	28982	28983
23581	EHG	23274	True	36.5073861563494	40.3240019625088	16540	16541
41252	EUR	5784	True	46.5136947289439	24.7540348448744	27000	27001
10384	OOA	37967	True	37.2612418472066	59.7508242316573	7728	7729
41576	YAM	5407	True	57.052785415099	34.7827176288561	27212	27213
35303	ANA	11704	True	38.1505766540115	35.2511308411089	23426	23427
32892	EHG	14132	True	49.1834282080427	23.8224055083916	22024	22025
2787	OOA	47562	True	30.1565385230263	36.2120606624803	2022	2023
39594	ANA	7564	True	57.96239143747	31.1527443513284	25940	25941
7475	OOA	41651	True	33.558636663864	55.0014380737887	5546	5547
2840	OOA	47506	True	32.7934124180475	41.8165833370307	2056	2057
9429	OOA	39147	True	41.4713307969592	63.3475161637113	7026	7027
41167	ANA	5875	True	51.5342681350697	33.5268435686259	26944	26945
26104	EUR	20875	True	45.712868944195	13.2940033039108	18036	18037
30881	ANA	16148	True	38.6768635103388	35.5586041588105	20850	20851
34665	EHG	12344	True	39.8182639708879	38.2506382735253	23058	23059
12643	OOA	35088	True	38.7947261332047	61.2387205677095	9392	9393
33137	EHG	13912	True	37.5064281919136	38.7574690713216	22172	22173
35562	ANA	11444	True	37.9767035694312	32.1750205572851	23584	23585
45441	EUR	566	True	48.3264160342661	12.6348938562817	29966	29967
26445	ANA	20539	True	39.6194892641079	28.5575275065944	18232	18233
43230	YAM	3434	True	42.5414680085358	23.3973173471527	28320	28321
6002	OOA	43543	True	32.505825223989	52.1199928476129	4432	4433
24202	EUR	22666	True	54.3653403960169	43.1359823051232	16904	16905
6000	OOA	43549	True	30.6340413108501	52.5600337595578	4428	4429
17146	OOA	29644	True	39.7979516102892	60.4886804009572	12766	12767
28515	EUR	18489	True	55.7513584356845	36.6012088708512	19462	19463
5230	OOA	44514	True	27.7807968375251	47.4612169783369	3848	3849
7879	OOA	41099	True	38.3424496773879	54.989622842949	5858	5859
26753	EHG	20211	True	37.9440346884141	32.6944325622011	18410	18411
16728	OOA	30166	True	40.4925676698274	60.8341439129512	12446	12447
13389	OOA	34253	True	38.8430222855649	61.9731013799514	9946	9947
18514	OOA	28075	True	36.7300099118409	59.0285535300605	13706	13707
17686	OOA	28973	True	42.2971408067579	60.3841553969619	13144	13145
6285	OOA	43170	True	32.3068493467227	49.7282499073238	4656	4657
15338	OOA	31836	True	42.2111608895602	62.1644838007371	11408	11409
18696	OOA	27992	True	41.7851858594318	59.573754541568	13768	13769
20504	EHG	26194	True	40.4214331829931	58.7426170584084	14824	14825
22493	ANA	24322	True	40.3917190105296	35.5577759555172	15912	15913
14769	OOA	32622	True	41.404153713107	64.0948788004067	10982	10983
15366	OOA	31804	True	39.2349466715992	57.5200365612925	11428	11429
13832	OOA	33774	True	38.9683294245531	63.0728218484587	10262	10263
12203	OOA	35633	True	39.1971165434065	56.5811190723224	9064	9065
16799	OOA	30059	True	40.3263150028041	61.9835661274199	12492	12493
22451	EUR	24354	True	38.4404125939192	31.1680337800479	15894	15895
10924	OOA	37257	True	42.7586701566207	62.5494842256198	8140	8141
6729	OOA	42610	True	34.8546588054135	49.7908298669372	4986	4987
30125	EUR	16926	True	46.8427998728163	15.035585814869	20360	20361
34854	EUR	12154	True	58.0415409400303	49.2303236596422	23166	23167
32400	ANA	14627	True	40.1637081742151	35.0061692594946	21730	21731
13476	OOA	34152	True	38.0800077108351	63.0284106830631	9996	9997
9459	OOA	39119	True	40.1887532576587	60.1136250742213	7050	7051
8133	OOA	40813	True	39.5714978119557	59.3937609301873	6054	6055
36360	EHG	10652	True	45.5128676154385	14.7072078229029	24040	24041
2459	OOA	47950	True	28.2772071373235	38.6449514237374	1792	1793
17363	OOA	29347	True	39.5925469255092	63.4585290270401	12934	12935
39048	ANA	8120	True	56.125429836423	41.9103769608567	25586	25587
45068	EUR	1372	True	47.326311424585	8.92958551307365	29542	29543
43161	EUR	3505	True	44.2611222354905	18.745576568388	28262	28263
17364	OOA	29341	True	39.5020908102498	58.8440563153887	12936	12937
25730	ANA	21211	True	57.8438045128735	34.2802140061162	17820	17821
20727	OOA	25973	True	38.7616924570871	35.3817288402669	14942	14943
810	OOA	50003	True	29.7522443454417	32.6542692398227	540	541
19456	ANA	27276	True	37.6496803622626	28.2104331740477	14174	14175
15799	OOA	31299	True	41.2194256041961	60.5223071783337	11754	11755
32313	EHG	14697	True	55.5253154987877	42.4170947447592	21668	21669
16155	OOA	30845	True	39.0817162972318	59.1395634072501	12012	12013
17283	OOA	29437	True	37.9000863101754	56.6437490515101	12870	12871
19843	EHG	26901	True	37.3706023644811	38.8251619136704	14378	14379
12644	OOA	35083	True	37.5541244949592	59.4860878033905	9394	9395
31128	EUR	15898	True	43.5243138590634	16.9080645459211	20980	20981
24286	EUR	22587	True	47.6694497998946	3.57544779882376	16964	16965
21585	OOA	25168	True	38.4718110230204	59.9925839098058	15446	15447
36728	EUR	10260	True	47.8668253964188	15.9095263434008	24262	24263
5680	OOA	43965	True	31.6274171206276	48.9732452829113	4190	4191
23518	EUR	23309	True	48.624414145636	15.7701519661394	16518	16519
18620	OOA	28038	True	42.1061727168309	57.7131283548704	13730	13731
34817	EHG	12205	True	37.1776558808871	32.2603446530807	23142	23143
36416	ANA	10609	True	60.472893596129	37.1096632427349	24070	24071
28780	EUR	18218	True	45.9736373080727	6.34077903618231	19610	19611
4462	OOA	45469	True	28.8977237929689	43.9210528129717	3260	3261
30787	EUR	16233	True	44.1224418748331	26.3560346218818	20790	20791
22646	EUR	24173	True	38.4344326451952	37.2371080475658	16014	16015
45435	EUR	608	True	45.8165352775558	21.9083058537132	29954	29955
12370	OOA	35412	True	38.2762075985831	60.0325348957487	9192	9193
15041	OOA	32227	True	40.0307603841802	60.0721503741557	11186	11187
25903	EUR	21066	True	57.5739147778461	58.3748875359266	17912	17913
28833	EUR	18154	True	50.4686118477071	7.79795951883849	19652	19653
21523	ANA	25226	True	40.521159883505	59.8753022123124	15400	15401
3951	OOA	46075	True	27.2496862051241	43.4202792282665	2898	2899
31986	EHG	15054	True	39.9691286673278	39.5715762783332	21460	21461
557	OOA	50319	True	28.8217603471691	29.3417382079973	366	367
27445	ANA	19503	True	48.8190543544055	17.9732424450043	18844	18845
5144	OOA	44629	True	31.7626912882374	47.7660898588527	3786	3787
15264	OOA	31926	True	40.5133073405936	59.274239536787	11356	11357
4759	OOA	45096	True	32.055391704389	46.090680280486	3500	3501
5118	OOA	44665	True	32.639652278924	46.1425232019322	3764	3765
42087	EUR	4753	True	44.6230758123681	1.81781099591483	27556	27557
41283	ANA	5745	True	41.891710142345	23.4803601100072	27022	27023
41308	EUR	5715	True	50.4978884604691	11.8080837353307	27038	27039
13976	OOA	33594	True	37.3577277829812	61.9681362019542	10372	10373
2387	OOA	48051	True	30.2289084256278	39.1356831072548	1734	1735
27597	ANA	19367	True	38.088729277741	33.04000754034	18912	18913
38990	EUR	8180	True	38.0327000406154	33.2038025402339	25546	25547
16661	OOA	30245	True	41.712121451075	56.2378442029786	12392	12393
23770	ANA	23080	True	39.85060473397	34.4273565623147	16644	16645
5974	OOA	43579	True	33.8136267169656	49.9134489931291	4410	4411
5391	OOA	44307	True	31.8066945939006	50.1656911909317	3962	3963
2504	OOA	47902	True	27.5174582844627	36.374475569384	1818	1819
9692	OOA	38791	True	38.7825788450397	63.3595200200994	7226	7227
29617	EHG	17385	True	39.1034252305736	35.9468926427087	20070	20071
37155	EHG	9922	True	40.1332605627559	37.6611160950566	24460	24461
17739	OOA	28911	True	38.5786592033086	59.5184348775452	13186	13187
8079	OOA	40868	True	36.2465312227784	58.4332489910076	6002	6003
32167	EUR	14869	True	39.6266680318994	34.4866881035754	21584	21585
45174	EUR	1177	True	48.4533813058984	20.6722524320638	29634	29635
42932	EUR	3718	True	52.3414196750842	31.5099806361096	28106	28107
16254	OOA	30745	True	42.518083828732	60.1036439632091	12086	12087
8078	OOA	40872	True	35.6737662519848	55.3105683193669	6000	6001
5791	OOA	43807	True	29.9269557257894	51.2378383782838	4284	4285
1775	OOA	48821	True	31.7992700423539	36.9240810308507	1278	1279
6217	OOA	43260	True	30.9898489785675	55.4366610440272	4598	4599
25264	ANA	21678	True	39.8681110273799	30.7769077114084	17554	17555
25769	EHG	21180	True	48.495132627944	3.83534760279516	17846	17847
1873	OOA	48695	True	30.1455730709661	36.3977080462852	1360	1361
19748	OOA	26977	True	41.9042045618461	62.1921975379242	14332	14333
8832	OOA	39953	True	39.7511555580933	60.4091788144674	6568	6569
13570	OOA	34066	True	41.9413947724302	61.3827427649021	10072	10073
19664	EHG	27063	True	57.55340119239	49.1852988463321	14290	14291
34507	EUR	12500	True	47.3663972358023	2.90692326021469	22972	22973
847	OOA	49973	True	30.7250505920953	35.7992463606865	578	579
38691	EUR	8426	True	48.9216319389869	21.1174395025409	25404	25405
10410	OOA	37917	True	41.9724860416132	57.32400621183	7752	7753
28669	ANA	18346	True	53.705212476366	55.229601632786	19542	19543
8126	OOA	40824	True	38.5850481629365	54.3072594716743	6040	6041
23263	EHG	23603	True	37.7721269380475	33.6647053387486	16362	16363
11604	OOA	36471	True	41.2672015907782	58.5235181269203	8632	8633
22489	EUR	24302	True	50.6867858864473	25.016772639471	15930	15931
4471	OOA	45451	True	32.6783984285815	44.0311149349778	3278	3279
25022	EHG	21906	True	56.3236504406875	38.5175540744211	17406	17407
38272	ANA	8872	True	38.3648248583914	35.6923689808254	25108	25109
24168	EUR	22676	True	50.8141277163042	18.9986814511642	16890	16891
38394	ANA	8750	True	37.680338547377	28.6304594854688	25180	25181
45451	EUR	535	True	51.5209828629865	18.6826112978407	29986	29987
21891	ANA	24902	True	47.6526850602074	26.3207859862994	15572	15573
36320	EHG	10692	True	60.8524319369821	45.8279044485808	24006	24007
24934	EHG	21998	True	56.1058427812457	39.3534170125635	17356	17357
25368	EUR	21578	True	56.9964098763196	58.3583282706988	17618	17619
35472	EHG	11542	True	38.1445077645009	27.3353617988876	23516	23517
13698	OOA	33902	True	39.7878993465107	56.7472923618419	10186	10187
25167	EUR	21747	True	48.9936357724801	15.5860362526139	17506	17507
22716	ANA	24109	True	37.9177821018626	31.960318000661	16042	16043
31681	ANA	15340	True	54.1834794585663	44.0715134552406	21288	21289
16666	OOA	30238	True	41.3967233243205	58.7428751465311	12402	12403
33987	EHG	13013	True	38.9495468339423	31.2937899710193	22668	22669
42669	YAM	4038	True	47.7275377326661	6.54313912383471	27948	27949
31133	ANA	15895	True	47.3610419768415	23.1737091077761	20988	20989
1308	OOA	49408	True	29.9239460377425	33.3898606552031	922	923
15445	OOA	31717	True	40.957066197902	58.4680162724836	11488	11489
6353	OOA	43079	True	32.1784558344037	50.2006078015916	4714	4715
38589	ANA	8560	True	37.9427033795711	37.5795693388264	25324	25325
44914	EUR	1567	True	43.4870136963918	-1.69797350046527	29430	29431
13776	OOA	33822	True	40.5102738950131	63.7798142741634	10236	10237
35200	EHG	11812	True	38.3631881911043	28.976316622087	23368	23369
8333	OOA	40511	True	38.2459055336815	56.1488844650693	6194	6195
10622	OOA	37668	True	41.1617753995965	58.8603798579896	7906	7907
11693	OOA	36346	True	40.4052220487099	60.8226325322073	8712	8713
25486	ANA	21456	True	43.4740996821821	16.1588628606119	17682	17683
33605	EHG	13378	True	57.9760173974787	32.0552981495894	22462	22463
9862	OOA	38557	True	41.9767691903289	59.9023024487892	7334	7335
32337	EUR	14680	True	58.6404413666629	50.4829678205864	21684	21685
757	OOA	50063	True	30.6471272103514	30.7754270728005	504	505
14229	OOA	33302	True	41.9186933809548	56.6641216433511	10574	10575
42201	EUR	4623	True	52.5447084663534	6.91948506386533	27628	27629
42744	YAM	3933	True	52.9486455637253	32.0451468643879	28004	28005
19780	ANA	26938	True	37.874708850906	63.0590638681136	14358	14359
39596	EHG	7566	True	41.2398710321346	34.8319494397667	25936	25937
1417	OOA	49298	True	28.7492469043981	36.3182878462154	1016	1017
34414	ANA	12592	True	37.349615078195	33.1088803381016	22912	22913
43841	YAM	2805	True	47.6026565974888	23.4008835248552	28690	28691
929	OOA	49868	True	29.5454916862215	34.8088076152312	642	643
14519	OOA	32962	True	41.2786383471522	57.6901578233017	10786	10787
28032	EUR	18976	True	37.7765183424357	29.5009134439653	19182	19183
16594	OOA	30320	True	38.6426771015072	60.5245188575479	12344	12345
15266	OOA	31919	True	39.8791722696806	56.9657711014203	11360	11361
3246	OOA	47040	True	31.0281062279508	39.9219834964681	2382	2383
17482	OOA	29188	True	39.1230125752077	62.1203112111875	13018	13019
2632	OOA	47737	True	30.5095523127043	36.1171512270578	1922	1923
23517	EUR	23319	True	58.8291594735992	47.1125425808275	16510	16511
3181	OOA	47117	True	28.6934093679213	40.1497647092813	2308	2309
2849	OOA	47488	True	30.3799346417855	37.4530433931561	2074	2075
27919	EHG	19085	True	59.2189209969807	43.6498547388223	19116	19117
16664	OOA	30238	True	40.3006039066174	59.988530559458	12398	12399
26793	EHG	20159	True	46.7744414894445	19.5489428475791	18448	18449
43414	EUR	3249	True	52.5920855481778	27.1982220115312	28426	28427
24593	EUR	22342	True	38.7029898987751	33.8225382564305	17128	17129
9260	OOA	39351	True	38.9790623352892	63.2606969003118	6892	6893
30258	ANA	16818	True	36.234486950712	38.8778990181847	20442	20443
4715	OOA	45149	True	28.5712536330021	46.5540831089762	3460	3461
41744	YAM	5223	True	48.9447584933681	17.3562232868628	27308	27309
40119	EUR	7042	True	39.4271351182437	28.4879130881388	26254	26255
42555	ANA	4191	True	53.314152918187	16.9256852806476	27878	27879
28163	EUR	18862	True	41.3163822095526	34.7491561838337	19262	19263
36698	EUR	10310	True	38.2588977663363	27.3657043934015	24236	24237
26226	ANA	20762	True	45.5494371140175	17.5267237413531	18126	18127
2176	OOA	48292	True	31.099510288523	39.488775845257	1578	1579
26758	EUR	20206	True	58.0858709034167	36.9733912119661	18420	18421
20429	EHG	26293	True	60.2146380907798	49.6436739282909	14758	14759
29950	ANA	17094	True	39.5206029437338	35.6194281686387	20252	20253
27450	ANA	19513	True	37.9568069242113	37.4883240740428	18828	18829
33847	EHG	13136	True	44.1296578058263	18.4942319466596	22602	22603
12535	OOA	35193	True	39.6894063436575	57.5347314402328	9322	9323
24241	EHG	22624	True	46.7494810222036	23.5763127772687	16938	16939
29348	EHG	17622	True	51.3450317181674	4.89088350436371	19946	19947
17098	OOA	29710	True	40.4833348367593	56.2370498092334	12716	12717
38797	EHG	8353	True	38.7455031844817	27.6496426616537	25440	25441
5660	OOA	44001	True	30.0130075531456	47.6249813319774	4168	4169
33240	ANA	13794	True	38.0935893255947	31.8079074859842	22242	22243
7358	OOA	41814	True	35.879052304637	58.1745964614186	5444	5445
931	OOA	49868	True	30.8073496423629	29.6626331758102	646	647
5454	OOA	44243	True	32.8068118905714	49.5009181404179	4004	4005
11404	OOA	36728	True	42.2704758052198	60.618646923642	8470	8471
10485	OOA	37836	True	37.3725873685338	58.9737305425043	7796	7797
44487	EUR	2105	True	43.5672844706891	20.3047164869021	29118	29119
22027	EHG	24773	True	40.3663338655796	38.7198799810096	15634	15635
4411	OOA	45531	True	27.3170789721727	46.6994615691088	3220	3221
10788	OOA	37449	True	37.0289002183355	59.9955394319028	8030	8031
24990	ANA	21944	True	53.5093577843373	6.87364942154932	17382	17383
12753	OOA	34967	True	41.2413058519532	58.4714387924002	9466	9467
16192	OOA	30812	True	41.8148063393039	60.6989902670106	12044	12045
9910	OOA	38486	True	43.4080165045691	60.4794293095517	7370	7371
4920	OOA	44884	True	29.182890146518	46.7662104889313	3608	3609
41020	EHG	6065	True	57.0362063690165	31.3745116520653	26828	26829
32312	EHG	14697	True	47.7276657318291	9.30145785740841	21670	21671
9424	OOA	39156	True	40.4786491817915	61.1398273855063	7016	7017
42000	YAM	4872	True	52.2246128215833	19.7530766464126	27486	27487
15971	OOA	31106	True	42.3448203794961	56.7599371629119	11886	11887
36894	EHG	10115	True	53.8810697434398	52.5208537648999	24342	24343
7106	OOA	42117	True	35.0312218188918	52.601606112095	5280	5281
16604	OOA	30298	True	40.7721794641572	56.3466651765407	12364	12365
32921	EUR	14101	True	51.874422595288	17.7500071263278	22044	22045
18398	OOA	28188	True	41.8822205596696	60.863509149146	13646	13647
25640	EHG	21322	True	60.5387094102209	43.4078826553694	17746	17747
2945	OOA	47390	True	30.0847640749204	37.0390259452841	2138	2139
32623	EHG	14406	True	51.0661269732994	16.2926963368971	21854	21855
37295	ANA	9786	True	59.3066805552964	46.6913291136222	24550	24551
12292	OOA	35513	True	40.278728535495	60.8987753164768	9124	9125
26012	EHG	20967	True	48.298835498455	16.9273925136631	17990	17991
812	OOA	49998	True	29.3189300742952	35.8971269110075	544	545
7059	OOA	42198	True	33.7536917636554	54.994972398733	5234	5235
25450	ANA	21501	True	38.6545559850178	36.9360585183485	17658	17659
16822	OOA	30035	True	42.0094046227588	60.0189140307335	12510	12511
37455	EUR	9649	True	57.0368710966394	32.995493031091	24630	24631
10235	OOA	38143	True	38.4988968269542	58.8990656166834	7608	7609
15003	OOA	32279	True	39.3939958588496	61.0404819667293	11160	11161
36835	EUR	10177	True	48.4121515247256	18.117754008805	24312	24313
11432	OOA	36702	True	40.8610079979592	59.2308243308681	8494	8495
225	OOA	50751	True	28.5267824490908	30.5476467932425	128	129
31890	ANA	15117	True	46.3409139628655	23.69729559401	21426	21427
40527	YAM	6603	True	51.7582150933054	40.2136627225098	26522	26523
4644	OOA	45254	True	30.7628379456362	46.0611702950947	3398	3399
3713	OOA	46376	True	27.8456173082805	41.0333292626671	2730	2731
13873	OOA	33725	True	37.1234796376446	58.1768625858748	10308	10309
24126	ANA	22727	True	38.6727596573722	37.4010012209525	16854	16855
19985	ANA	26754	True	37.5194093678402	33.1172509131542	14480	14481
29023	EUR	17961	True	39.407321742185	34.8404714207673	19756	19757
35930	EHG	11050	True	58.346064244828	35.1196380366028	23774	23775
4548	OOA	45366	True	27.9058466823793	46.2433209351514	3336	3337
28185	EHG	18833	True	36.3634610978628	37.7967597524234	19278	19279
6426	OOA	42958	True	32.7554620937178	52.9157857186072	4756	4757
26194	EUR	20803	True	46.1892862701125	11.486792478668	18106	18107
23497	ANA	23340	True	41.5904860166231	19.5749427091807	16492	16493
27128	EUR	19825	True	37.1438354244306	30.8350475716694	18628	18629
123	OOA	50897	True	30.5916413030774	33.3000617006903	36	37
23618	EUR	23227	True	58.1276341814479	35.8431699219564	16568	16569
11736	OOA	36279	True	39.6359597497797	64.3181039884999	8744	8745
29313	EHG	17640	True	48.1542102534225	0.323681116947311	19928	19929
29547	EHG	17426	True	56.2268443758001	35.4984762898444	20048	20049
10739	OOA	37511	True	39.0097342886878	62.3184157948043	7988	7989
33785	ANA	13203	True	52.0867115602488	6.30234887656226	22570	22571
3867	OOA	46192	True	30.0923616183276	41.5106832697669	2826	2827
7317	OOA	41857	True	37.3395081206068	55.513750132538	5424	5425
16160	OOA	30835	True	42.4701371923765	59.6442086716036	12022	12023
33843	EUR	13163	True	37.3086028233446	28.7129141266223	22584	22585
36071	ANA	10921	True	48.7849715266375	6.46181254132849	23876	23877
3950	OOA	46078	True	28.1086229765712	41.0550828624232	2896	2897
6279	OOA	43185	True	32.0133883088328	48.066799776648	4644	4645
37488	EUR	9599	True	47.1101131553957	22.952621373748	24672	24673
43812	YAM	2842	True	50.7232475083881	19.414228216	28666	28667
20724	OOA	25970	True	55.9810381066868	49.8323584049135	14944	14945
17048	OOA	29767	True	40.4100730577642	60.137831031282	12676	12677
37860	EUR	9264	True	37.4792254158969	32.6787666042598	24890	24891
601	OOA	50248	True	30.6829436536879	35.5212979975985	400	401
40933	YAM	6166	True	48.8715595016738	19.4350475023209	26768	26769
38043	EHG	9066	True	58.0091615686299	43.2798491677226	24992	24993
15858	OOA	31233	True	39.2723757403544	59.0273400215855	11790	11791
28723	EHG	18269	True	51.8635866337971	15.8827625684716	19590	19591
20654	EHG	26044	True	58.8212481189772	45.0231851129908	14902	14903
10118	OOA	38267	True	39.8387473219431	61.8290726467159	7520	7521
28869	EHG	18118	True	46.2737218318217	23.270760584355	19676	19677
14541	OOA	32931	True	42.197300385132	58.091687674939	10804	10805
32858	EUR	14176	True	38.0577749888442	32.7947414346085	21986	21987
26791	EHG	20164	True	52.0962314218966	23.6740174226635	18446	18447
11433	OOA	36700	True	38.0373707035056	62.9053089784978	8496	8497
2660	OOA	47723	True	29.8761184645672	37.0414955527531	1930	1931
16550	OOA	30376	True	41.929790045762	58.5093698927776	12318	12319
2846	OOA	47489	True	30.0678762072653	39.4998442513729	2068	2069
11540	OOA	36569	True	41.0189855448563	57.9476441163655	8584	8585
2265	OOA	48195	True	29.8096906741168	37.1076366417861	1638	1639
20370	EHG	26363	True	37.2119228777993	30.2376259499519	14708	14709
45438	EUR	591	True	45.9088206787292	24.2938849949904	29960	29961
17592	OOA	29074	True	39.2130882767337	56.7116023392319	13092	13093
18843	OOA	27913	True	58.8884548521039	42.4091434519272	13806	13807
38671	EUR	8466	True	57.3222271341315	55.2026870252887	25372	25373
9110	OOA	39541	True	39.7442455691512	61.7277934343165	6776	6777
42758	YAM	3914	True	44.9050407413113	3.86788440615629	28010	28011
36173	EHG	10837	True	56.6460075413054	40.2709387663009	23926	23927
32284	ANA	14745	True	38.0436179398776	37.5614480062224	21646	21647
33303	EUR	13732	True	53.730308584421	47.0346233354257	22286	22287
14593	OOA	32864	True	37.5253955694613	61.8679915925219	10846	10847
43732	EUR	2933	True	51.7483406244725	19.4086821004612	28628	28629
40553	EHG	6592	True	45.2369823178467	22.648866490776	26526	26527
21680	EHG	25103	True	38.6956275131793	35.406279978665	15476	15477
22454	ANA	24350	True	40.905748809388	31.9188277621715	15900	15901
43141	YAM	3506	True	51.5006493748399	28.2909283788017	28260	28261
4495	OOA	45418	True	27.2392454851372	46.4261353683186	3292	3293
23348	EUR	23511	True	39.1194076833036	29.6752997140518	16422	16423
1246	OOA	49490	True	29.3284450437507	30.6226688989019	868	869
1965	OOA	48550	True	30.2951785697669	36.2047911628619	1424	1425
32626	EUR	14400	True	44.0336656251732	19.6555315982325	21858	21859
25399	ANA	21544	True	47.5131277645158	-0.720050421327758	17638	17639
31687	EUR	15327	True	48.2806196046203	24.2497935355566	21300	21301
35840	ANA	11128	True	58.3037260031897	47.7167101451705	23732	23733
6121	OOA	43387	True	31.1671173759361	54.1116143794717	4528	4529
10097	OOA	38285	True	41.3836396060591	61.3517491874606	7508	7509
32374	EHG	14662	True	39.6815530188566	31.5423593810606	21702	21703
10049	OOA	38336	True	38.992044015346	61.5586636641308	7484	7485
41996	YAM	4885	True	48.893595412461	28.9783301065986	27476	27477
32315	EHG	14709	True	38.5525167918675	30.3895301941145	21660	21661
20855	ANA	25829	True	41.1832221830229	58.6320351034255	15016	15017
17093	OOA	29724	True	42.6495614502861	61.7063486836659	12706	12707
4130	OOA	45887	True	32.6540070793554	42.4738113294493	3022	3023
19810	OOA	26906	True	37.2538818526448	61.0436602716067	14372	14373
32888	EHG	14134	True	61.0459482063567	38.5516616763154	22018	22019
23649	ANA	23212	True	40.0119653483001	29.8963589053829	16580	16581
28751	EHG	18265	True	39.900774538899	33.9874073874698	19592	19593
10512	OOA	37805	True	38.9208975768011	62.9467993229409	7820	7821
5044	OOA	44752	True	30.5585505118382	44.8898488745035	3706	3707
23295	EUR	23550	True	41.8877692651066	21.9695381779013	16402	16403
1386	OOA	49336	True	28.1372329606023	35.76839780505	984	985
31763	EHG	15265	True	39.5592741251093	29.7688851200498	21336	21337
45071	EUR	1351	True	47.4761251101504	23.5974050959309	29548	29549
2291	OOA	48156	True	31.7771491704758	36.9745180978422	1656	1657
31136	EHG	15919	True	37.3259714214122	35.6305283245333	20958	20959
24600	EHG	22339	True	41.6325597687921	34.0721839545807	17132	17133
24059	ANA	22794	True	39.6705240843539	33.787756906385	16814	16815
27227	EUR	19712	True	46.6601580823424	8.78532823514626	18712	18713
35965	EHG	11018	True	60.7723356043878	39.478041333652	23800	23801
2634	OOA	47732	True	32.1070329006987	36.0070103246631	1926	1927
14225	OOA	33317	True	37.1517021443416	60.2234807520437	10566	10567
3503	OOA	46689	True	32.5108543827902	43.3341840238129	2570	2571
24455	EHG	22441	True	49.9867806389166	16.6505200107318	17052	17053
27061	EHG	19899	True	57.0931123841306	53.07852135555	18600	18601
1730	OOA	48884	True	30.7931930225153	38.2598695319389	1242	1243
16281	OOA	30700	True	38.8736211553042	58.3120474474818	12114	12115
30028	EHG	17010	True	58.9937042099368	30.9473392276944	20310	20311
24809	EHG	22130	True	36.5483654658747	40.2117736730879	17262	17263
10516	OOA	37801	True	38.5653111442788	61.6694741662679	7828	7829
15482	OOA	31652	True	41.5974367780482	59.7503231137517	11522	11523
5334	OOA	44369	True	32.5535275774849	47.5868933070053	3928	3929
28307	ANA	18697	True	58.9955932146816	31.3301912181366	19340	19341
10673	OOA	37592	True	40.8759827226228	61.0523596448202	7948	7949
14273	OOA	33242	True	43.1196721449026	58.3245972943199	10610	10611
25267	ANA	21662	True	39.9038801515773	-3.00960735726831	17564	17565
10120	OOA	38261	True	41.6907615763381	58.2400965486569	7524	7525
32307	EUR	14708	True	54.3200511546944	43.4030034017217	21662	21663
5563	OOA	44098	True	32.1814457867461	47.4966355590317	4114	4115
23123	ANA	23750	True	39.0135420974688	38.4938188624319	16266	16267
37768	EHG	9330	True	58.7913725264386	30.3543638544334	24840	24841
16026	OOA	31029	True	40.1580338823294	62.5474459174738	11924	11925
17145	OOA	29648	True	41.1492688258521	60.6730961618658	12764	12765
31282	ANA	15752	True	49.6259757174991	8.96494400793112	21062	21063
33752	EUR	13251	True	37.7210726647724	39.8581021896157	22542	22543
4520	OOA	45388	True	27.908096869422	44.6810861037294	3306	3307
32311	EUR	14722	True	39.789569748552	37.3177208614853	21658	21659
11720	OOA	36310	True	42.5544470586461	59.0021361636631	8734	8735
40246	ANA	6916	True	48.0128279778006	22.0673022683991	26324	26325
41208	YAM	5843	True	46.8236230069025	23.9695475005925	26956	26957
40038	ANA	7123	True	40.6272552349164	35.1748515095561	26202	26203
28420	ANA	18590	True	38.815164543096	27.8554883706323	19390	19391
5364	OOA	44337	True	29.1129978906284	47.7397699094759	3950	3951
3673	OOA	46452	True	29.9322995704411	38.6607785898546	2696	2697
4572	OOA	45352	True	32.2107071188628	44.2145705091229	3344	3345
17365	OOA	29337	True	39.500347554766	57.4647497608015	12938	12939
5830	OOA	43757	True	29.6201422862974	52.3505279564522	4304	4305
27031	EHG	19931	True	38.1917168596371	34.1380915796521	18590	18591
29355	EHG	17631	True	59.8599262449233	45.0998215257335	19942	19943
31417	EUR	15609	True	52.6173647771166	23.8355168569244	21152	21153
6934	OOA	42341	True	36.1782945604599	54.8573023889449	5138	5139
14170	OOA	33373	True	40.9386312780352	60.7454339804337	10524	10525
19961	EHG	26774	True	39.1772044289832	34.8557213347288	14460	14461
41998	EUR	4873	True	46.9639659487552	21.9129707641411	27484	27485
23203	ANA	23654	True	59.6306532541356	49.4701348089115	16328	16329
5480	OOA	44207	True	33.3851841750022	48.6783655242794	4030	4031
2553	OOA	47840	True	30.950359701343	35.4662122597621	1852	1853
32277	EHG	14750	True	37.2201996370254	31.5121716756787	21638	21639
13625	OOA	33999	True	39.9769156195283	55.2724158938497	10118	10119
4581	OOA	45330	True	28.6088585675135	47.8309623700186	3362	3363
28892	EUR	18105	True	56.2543349553108	49.9480053555431	19682	19683
22928	EHG	23915	True	42.9327739642917	19.3299038939984	16168	16169
2850	OOA	47486	True	27.1295378955454	38.3804318469066	2076	2077
17770	OOA	28861	True	40.6609897936912	61.140059143674	13226	13227
35010	EUR	12004	True	49.0192546007271	13.2086879817017	23276	23277
2923	OOA	47423	True	28.4795339796981	40.5615825641667	2120	2121
34661	ANA	12330	True	45.8871413905391	17.414942885102	23068	23069
36515	EUR	10499	True	48.471797688162	9.15322446619864	24126	24127
3268	OOA	47015	True	32.3069901768979	42.3113198239105	2398	2399
44476	EUR	2122	True	45.8125252893807	18.7422554187584	29096	29097
42045	EUR	4812	True	44.7950990820162	21.7947943463263	27522	27523
15187	OOA	32008	True	37.5047566775669	61.462157808378	11298	11299
24096	ANA	22740	True	55.8107399249241	35.1358329463194	16844	16845
44297	EUR	2297	True	49.7228502767608	21.0351107436926	28960	28961
41524	EUR	5482	True	46.9737142372247	19.5118291268948	27152	27153
10240	OOA	38129	True	41.863934288187	63.2399815035085	7618	7619
11079	OOA	37092	True	39.2920038831471	59.1961651568321	8244	8245
10509	OOA	37809	True	37.8721004247688	60.4626220319113	7814	7815
44414	EUR	2158	True	49.6692567821895	19.0355156249929	29060	29061
22806	EHG	24008	True	56.3147808499144	51.6102829937124	16096	16097
3138	OOA	47155	True	30.098955670498	43.5342202655114	2282	2283
45004	EUR	1449	True	48.2951065140349	21.5741381182906	29490	29491
32335	EUR	14685	True	55.0112359807776	54.7395823548559	21682	21683
40497	EUR	6626	True	53.7799289354838	31.8575362851525	26510	26511
38454	EHG	8666	True	48.8393262942235	9.90151374449749	25252	25253
13190	OOA	34488	True	38.5066307943125	61.9456441846442	9794	9795
31852	EHG	15166	True	56.3065392720727	38.7907922571627	21394	21395
21861	EHG	24930	True	47.7004248853952	5.48428185487459	15562	15563
38864	EHG	8278	True	48.3731316916738	15.5193579690486	25496	25497
4797	OOA	45031	True	31.8832088204798	46.2449786810051	3530	3531
11776	OOA	36212	True	39.3369979991895	59.918581622629	8774	8775
2420	OOA	48007	True	29.7217558257891	39.194221488985	1766	1767
13835	OOA	33769	True	37.7561374652921	59.8284993772756	10268	10269
11898	OOA	36021	True	39.0446688024474	63.1743470614504	8844	8845
4522	OOA	45386	True	33.3562398849914	47.1532468466081	3310	3311
30536	EUR	16518	True	59.5426038513175	56.2119564597394	20614	20615
8429	OOA	40409	True	39.603628425466	57.2145719856115	6270	6271
3081	OOA	47236	True	29.445427840586	38.7749980613747	2240	2241
1101	OOA	49650	True	27.8804900873735	33.7198717967022	788	789
29390	EHG	17597	True	38.1171279079566	38.397929854913	19966	19967
16658	OOA	30249	True	41.9048767716217	58.4709747142494	12386	12387
20197	OOA	26532	True	41.2255557421068	56.9491147736148	14614	14615
16025	OOA	31035	True	39.6329281366042	62.5666765553205	11922	11923
45376	EUR	771	True	39.0347939040604	-2.54539501818286	29854	29855
22118	EHG	24656	True	41.8779569808972	27.4800613143378	15712	15713
16824	OOA	30033	True	40.673952082659	60.7617543494149	12514	12515
43355	EUR	3302	True	53.6810292238675	24.2372981651227	28396	28397
19749	OOA	26974	True	39.888751950728	58.029851522833	14334	14335
8204	OOA	40687	True	36.4906372229623	59.8450870316209	6108	6109
12889	OOA	34816	True	42.1953612313936	59.3701250853255	9568	9569
26501	ANA	20484	True	38.7375665597591	27.8738552131943	18266	18267
32489	EHG	14537	True	61.7464760601449	45.8539328090527	21764	21765
39975	EUR	7180	True	37.6992114493597	38.7839598290627	26166	26167
15236	OOA	31949	True	40.5348639649796	63.6320898398102	11334	11335
7545	OOA	41549	True	37.261691177706	56.3078206356851	5608	5609
13750	OOA	33856	True	36.6963609880974	61.1481475489889	10226	10227
16154	OOA	30850	True	42.7224979339758	59.3564117759157	12010	12011
7104	OOA	42128	True	34.3986196843035	58.6235681740933	5276	5277
28717	EUR	18282	True	57.9117212702919	34.7287529560048	19580	19581
21522	ANA	25231	True	57.2400581030546	54.5085922013865	15394	15395
14169	OOA	33374	True	37.4036755487057	62.0975015983559	10522	10523
40795	ANA	6308	True	49.4138545907164	19.0010054740866	26688	26689
13626	OOA	33997	True	37.567308662056	60.7412456652952	10120	10121
14300	OOA	33211	True	39.5499094609079	57.7096045476736	10624	10625
9216	OOA	39400	True	39.8108098643162	58.2362875940656	6872	6873
37676	EHG	9428	True	53.8164357259802	34.8958763515334	24772	24773
24882	EUR	22046	True	50.8611050701203	6.27988420902595	17322	17323
3707	OOA	46398	True	29.7370682161472	39.7349427362737	2718	2719
43382	EUR	3292	True	52.6476137381659	23.2216846995347	28400	28401
9787	OOA	38653	True	37.8942457031233	62.2438100780812	7282	7283
16571	OOA	30352	True	38.1808662463944	61.1706788424648	12324	12325
3712	OOA	46379	True	29.2300512566937	44.8057522096418	2728	2729
13510	OOA	34116	True	38.1791766440076	59.8103927223022	10032	10033
9618	OOA	38883	True	39.9732798710599	59.5760491858753	7166	7167
17633	OOA	29014	True	38.0427671455947	59.9259576253993	13118	13119
14492	OOA	32973	True	39.030837611404	59.297599808477	10778	10779
32071	ANA	14954	True	38.9708103501024	35.3107180080906	21534	21535
20589	ANA	26102	True	37.860725385163	60.798995957684	14872	14873
6759	OOA	42567	True	33.3775683144714	51.0215659212981	5010	5011
3780	OOA	46307	True	29.9648585174651	42.1951073915049	2774	2775
18206	OOA	28369	True	38.583742198595	60.7615887149824	13516	13517
45213	EUR	1111	True	48.111734678735	9.09269698519931	29680	29681
13063	OOA	34628	True	42.6495507462309	58.1982657402772	9696	9697
28482	ANA	18510	True	45.2307452935791	6.80338321030024	19448	19449
5072	OOA	44722	True	32.4923838408764	45.7475457204122	3730	3731
36594	EHG	10432	True	37.1124268866459	34.1901837027177	24162	24163
20539	ANA	26178	True	59.4993332181671	46.4053968087398	14840	14841
17182	OOA	29601	True	40.6419466400989	63.4318248005469	12780	12781
5503	OOA	44176	True	32.3963294351284	49.4171135628537	4048	4049
29842	EUR	17163	True	57.442602365508	40.3324160059173	20196	20197
18180	OOA	28385	True	38.1020173902855	63.8489868341205	13506	13507
9377	OOA	39226	True	39.5063812308334	57.9750536746861	6980	6981
19665	OOA	27058	True	37.3545823484321	60.8720035188695	14298	14299
40642	YAM	6483	True	53.0827375065588	45.6486708239938	26594	26595
16689	OOA	30214	True	40.9007328923811	61.8864364009685	12422	12423
45409	EUR	677	True	45.9760916188557	9.57370929467447	29908	29909
38041	EUR	9058	True	44.6301677617	3.15580286054468	24998	24999
11940	OOA	35961	True	42.5594658006239	62.0952978896213	8872	8873
5048	OOA	44737	True	32.9384695766704	47.4571626360757	3714	3715
24124	EHG	22721	True	54.3287338023906	50.8007869751452	16860	16861
32590	ANA	14452	True	39.4145305012454	34.0826550200014	21824	21825
23708	ANA	23141	True	37.4301152490674	39.7985294266768	16614	16615
1328	OOA	49394	True	30.5638651769894	37.6039024376244	934	935
31533	EUR	15502	True	38.9935514917485	30.3084802007884	21204	21205
36732	EHG	10260	True	58.4179889948536	53.4183808556011	24260	24261
14301	OOA	33210	True	43.2257790220222	58.5390904459041	10626	10627
28212	ANA	18783	True	56.3250948938996	33.035511318448	19296	19297
15055	OOA	32203	True	40.2103860171529	62.4028714369929	11202	11203
10965	OOA	37195	True	40.2075497005749	61.8359879405738	8170	8171
2108	OOA	48361	True	28.0719310110859	36.681966328076	1526	1527
32018	ANA	15011	True	59.1085428008218	41.2988206867277	21502	21503
17690	OOA	28961	True	40.8599786693553	59.5279368634159	13152	13153
36518	EHG	10503	True	60.6268732241989	41.7169307218904	24122	24123
41826	EUR	5103	True	55.9960537133025	32.9478503274316	27376	27377
15333	OOA	31847	True	39.0661871244121	57.1943203917035	11398	11399
15259	OOA	31936	True	39.6418678360935	62.8084688898898	11346	11347
11183	OOA	36972	True	38.0852247681693	60.3264655814706	8318	8319
42386	YAM	4400	True	47.1940554992364	12.5448011197309	27742	27743
17475	OOA	29206	True	41.6798670054106	56.6672264308159	13004	13005
398	OOA	50524	True	30.4938599286635	34.0674260314757	244	245
15570	OOA	31541	True	40.4608842388757	61.0805604499696	11578	11579
21387	EHG	25368	True	61.6881920548501	50.8963519766252	15330	15331
9812	OOA	38630	True	37.3330164496185	61.0099473457133	7294	7295
20019	OOA	26707	True	41.0319625261146	58.4573289901953	14514	14515
15341	OOA	31828	True	40.1574256577991	59.104244053058	11414	11415
3401	OOA	46816	True	31.9436419165717	43.4650170977982	2498	2499
2689	OOA	47685	True	28.4974530275121	41.3408261359012	1956	1957
24631	EUR	22290	True	44.192750531447	3.26588045409997	17160	17161
9667	OOA	38826	True	41.526692587458	61.686927207425	7202	7203
37460	EHG	9628	True	41.9786536818092	0.10996956724538	24644	24645
5583	OOA	44087	True	30.7821534732475	47.1490664132185	4120	4121
206	OOA	50761	True	30.4295625174554	32.267227918361	116	117
23272	EHG	23585	True	56.5574909711407	55.0317147295461	16376	16377
14482	OOA	32989	True	42.1022111092121	63.2648915014661	10758	10759
207	OOA	50760	True	28.6732327001707	30.0672210627814	118	119
13089	OOA	34608	True	41.1291299401891	62.5283503166919	9714	9715
6885	OOA	42409	True	32.0502856778258	54.4588422149129	5090	5091
40958	YAM	6140	True	43.963852002117	4.51986010200089	26788	26789
35933	ANA	11048	True	61.8063773070573	44.5332814168748	23776	23777
37462	ANA	9653	True	36.1167324070677	38.900306965244	24624	24625
8104	OOA	40836	True	35.8568279842557	57.2376778326199	6028	6029
34449	ANA	12556	True	38.2407135046023	34.2726474562362	22924	22925
13903	OOA	33665	True	41.8997627948538	57.5385912937592	10324	10325
23766	EHG	23085	True	38.3760850643279	31.0452265160262	16638	16639
30749	ANA	16278	True	40.7356326313607	29.3295963848958	20760	20761
35263	EUR	11735	True	47.1973300625315	19.6657023178323	23418	23419
14167	OOA	33376	True	41.1733359052756	59.0806298327452	10518	10519
41042	YAM	6044	True	58.1565918037426	55.4698282307345	26850	26851
29778	EUR	17242	True	38.7038797225834	30.3993037248915	20164	20165
16900	OOA	29948	True	42.3557388218522	59.0106487684159	12562	12563
6652	OOA	42696	True	33.3459181024462	52.6070007908321	4926	4927
43789	YAM	2856	True	50.4703016185216	15.9972365866472	28658	28659
17281	OOA	29442	True	37.7697992549226	61.9493085977716	12866	12867
7084	OOA	42152	True	33.8838786264146	56.0624160456094	5262	5263
11377	OOA	36765	True	37.534626549054	62.4543859701455	8446	8447
42955	YAM	3701	True	53.581863956666	10.5381467807338	28120	28121
17357	OOA	29361	True	39.9173229738574	62.4104224709292	12922	12923
26009	EHG	20980	True	57.9753650052656	36.0702385099645	17978	17979
31987	EHG	15052	True	40.0883709184305	35.1865034448227	21462	21463
23844	EHG	22999	True	35.6794934301501	38.2823619063533	16694	16695
40474	ANA	6656	True	52.5549817901685	38.8102154156313	26494	26495
8939	OOA	39783	True	39.1808497551777	59.7652983907721	6660	6661
11468	OOA	36674	True	39.629180000573	56.2307681645145	8510	8511
42223	EUR	4593	True	53.3505022604425	36.4372207373313	27644	27645
25403	EUR	21546	True	57.1904272955622	33.2666291494735	17636	17637
16976	OOA	29851	True	38.1867544671528	56.6333385647268	12620	12621
22694	EUR	24123	True	37.2834854446089	39.0856074857051	16034	16035
1163	OOA	49557	True	28.0302221383183	35.3509405306699	830	831
45085	EUR	1340	True	49.4515427603467	21.6612455141949	29558	29559
39936	EHG	7223	True	38.0537702823739	29.231358642355	26136	26137
32219	EHG	14801	True	59.3291196361047	54.0643604749697	21618	21619
8040	OOA	40905	True	34.7134571654798	57.3863595236949	5968	5969
17403	OOA	29279	True	38.8987064244562	57.8342142156189	12958	12959
41783	YAM	5159	True	57.8025261607798	40.4424563389785	27340	27341
39516	EUR	7640	True	56.5003000372643	47.0221828892677	25890	25891
31503	EUR	15533	True	37.9904307615999	33.937472889505	21194	21195
16189	OOA	30817	True	37.8884174950526	57.2668655119111	12038	12039
34233	EUR	12763	True	37.5392104911016	38.032672072631	22822	22823
30255	EHG	16800	True	49.627322038031	18.0803362400279	20460	20461
33866	EUR	13114	True	50.4523378319811	23.8349401981196	22606	22607
19539	ANA	27179	True	37.5761153518208	63.1609005925793	14232	14233
12671	OOA	35059	True	40.5062388641277	60.3179309763769	9416	9417
39411	ANA	7749	True	48.217221763526	18.5671534585249	25838	25839
13087	OOA	34613	True	40.0496018640909	57.1556664236009	9710	9711
10643	OOA	37643	True	42.1792267854406	56.1769045929043	7920	7921
22809	ANA	24011	True	37.0000413994579	33.6051930211286	16092	16093
36361	ANA	10657	True	55.6555183385129	57.9170825347681	24032	24033
41145	YAM	5923	True	44.4083894749989	20.5394031670686	26918	26919
36699	ANA	10294	True	50.5780997294424	4.90301761307018	24246	24247
4846	OOA	44984	True	30.194267068512	46.4881626169771	3554	3555
17094	OOA	29716	True	39.7660708145085	58.3465891949218	12708	12709
25175	EHG	21755	True	61.5144856529782	51.2865561628088	17502	17503
39438	EHG	7714	True	50.102552318338	20.7698793017624	25856	25857
36105	EHG	10907	True	60.932124316177	42.7641164238032	23888	23889
13364	OOA	34274	True	39.7557306847815	61.6563299266632	9930	9931
26880	ANA	20070	True	46.9316844846967	1.22283960785271	18510	18511
14832	OOA	32532	True	37.0847517321764	61.3992256049487	11026	11027
41233	ANA	5788	True	55.4540465237813	27.4937177233916	26994	26995
20055	OOA	26682	True	54.9037414213589	45.0878001365271	14532	14533
6147	OOA	43352	True	33.5420982090327	49.853083857359	4546	4547
19930	EHG	26804	True	42.0992245069716	58.6965425167801	14444	14445
1303	OOA	49424	True	28.7784719045715	36.9263500742976	912	913
40421	YAM	6730	True	45.0957485715603	20.9296532534105	26452	26453
555	OOA	50326	True	28.5217025300397	31.3995370638711	362	363
9193	OOA	39436	True	37.4831545060641	59.5091982054628	6852	6853
4971	OOA	44815	True	31.6642800788468	46.0345500460285	3658	3659
11899	OOA	36017	True	39.0503157207236	56.9003046119426	8846	8847
42271	ANA	4531	True	57.4499557379712	35.5392483357796	27680	27681
9857	OOA	38568	True	42.3351580834949	60.8997563983733	7324	7325
37326	EHG	9763	True	38.3546758092058	28.4285640956674	24566	24567
17366	OOA	29336	True	42.5603627935218	57.849148886923	12940	12941
25230	ANA	21698	True	58.8757466845032	52.3054147388246	17542	17543
21426	OOA	25339	True	38.3940343266837	35.2129148074659	15344	15345
22112	EUR	24661	True	46.6794525407496	9.37272416123107	15704	15705
10367	OOA	37992	True	37.6183689825255	60.398795905348	7712	7713
4463	OOA	45468	True	29.980627536301	46.6530395433573	3262	3263
22616	EUR	24175	True	49.3009603020391	20.0204945391561	16008	16009
30821	EHG	16200	True	45.8534207592349	27.7678171484666	20818	20819
19304	OOA	27428	True	41.4443610492389	57.0716807419964	14080	14081
35592	ANA	11411	True	58.1277343931786	49.2253851139007	23608	23609
20056	OOA	26681	True	57.0848491249935	30.6564661125161	14534	14535
42714	EUR	3973	True	53.3871838634981	25.102123293392	27976	27977
23524	EHG	23308	True	52.778702452488	10.2171373726086	16522	16523
1691	OOA	48929	True	30.2381791712779	32.7434539554463	1226	1227
15022	OOA	32250	True	38.9515577547727	62.4237433818415	11174	11175
34482	EUR	12512	True	48.1788942101624	15.4041680529659	22958	22959
41918	ANA	4977	True	53.3084862231251	39.1821934550798	27440	27441
25102	ANA	21815	True	56.47939043015	39.8550597449342	17452	17453
33684	EUR	13294	True	46.2366251413938	9.66347715790631	22504	22505
36966	ANA	10046	True	44.7893752258349	24.259087656426	24382	24383
29080	ANA	17904	True	40.2408405876029	30.4990171135481	19790	19791
28115	ANA	18890	True	57.7636595115783	34.8332272140819	19232	19233
19723	EHG	27006	True	41.9015578817525	56.8016188805759	14324	14325
29923	ANA	17105	True	50.5122219670795	21.9851572220987	20246	20247
19372	ANA	27377	True	39.6201459965869	30.9011637990921	14112	14113
7197	OOA	41997	True	34.0842242550324	51.6718074463212	5346	5347
24242	EHG	22632	True	57.9936462771047	51.1127010762339	16932	16933
3924	OOA	46117	True	29.8853413176141	45.8020756662362	2870	2871
18085	OOA	28485	True	41.4459394418539	60.003106685049	13448	13449
39547	EHG	7613	True	39.7386256807548	38.1419596030704	25900	25901
13239	OOA	34419	True	37.104416222493	62.1372296796364	9834	9835
41523	EUR	5479	True	49.4301157030907	23.4929116047862	27156	27157
15689	OOA	31418	True	41.7523149665601	58.4138932662433	11666	11667
43229	EUR	3417	True	49.5288157834728	25.2306748204435	28330	28331
824	OOA	49980	True	28.7439940654516	33.9582496587757	568	569
34371	ANA	12607	True	55.7912100665831	51.0426189822741	22900	22901
20659	ANA	26040	True	56.8989095962453	44.9098203609958	14906	14907
5861	OOA	43722	True	33.2677560568931	49.2873910566961	4328	4329
15771	OOA	31325	True	40.0967399840994	59.3049000291879	11734	11735
12144	OOA	35705	True	41.39359804092	63.2071605465268	9020	9021
20372	EHG	26345	True	56.2517009263231	51.6258470139461	14722	14723
2342	OOA	48097	True	26.5062192443276	38.6937400161132	1696	1697
39687	ANA	7474	True	43.4804605160483	27.0710801024113	26006	26007
4175	OOA	45817	True	26.8596151584228	46.5954393441919	3064	3065
45052	EUR	1388	True	47.1455701790776	21.4119013617217	29526	29527
31220	EUR	15833	True	41.4502036330186	33.0026949397106	21026	21027
32370	EUR	14650	True	57.0228119044535	43.1998064985312	21708	21709
37355	ANA	9743	True	40.7615058176402	32.832613018423	24576	24577
26280	ANA	20721	True	38.6906925690582	33.7595735290507	18156	18157
512	OOA	50367	True	30.0639392541449	29.7424515522716	338	339
31028	EUR	15992	True	50.8300427456624	7.65242135607858	20926	20927
35497	EUR	11497	True	43.5444757661429	26.2906066511456	23554	23555
8103	OOA	40836	True	38.2773182241327	58.0659533933643	6026	6027
37214	EUR	9841	True	54.3725498299168	46.8443091755263	24502	24503
82	OOA	50941	True	31.2196883823516	34.3505503496327	8	9
34204	EHG	12788	True	58.0173649239939	31.1553801179807	22810	22811
13275	OOA	34375	True	42.2473941880525	60.1409967230001	9876	9877
8624	OOA	40170	True	37.3561108238206	59.4523920210364	6414	6415
13986	OOA	33572	True	41.2777412825399	58.5342567306448	10392	10393
41829	EUR	5117	True	47.5135547705552	19.3048753305267	27366	27367
34660	EHG	12350	True	39.6080174060643	37.9887255938278	23054	23055
13977	OOA	33590	True	40.4927592044979	63.6404435551483	10374	10375
36288	EUR	10721	True	38.7439811441799	35.1596363515466	23990	23991
29354	EHG	17611	True	49.5981084834829	13.5562568280747	19952	19953
40210	EHG	6949	True	40.8576472920153	33.0774115697646	26304	26305
17766	OOA	28871	True	38.537185296817	60.5115555335946	13218	13219
1687	OOA	48943	True	31.7334320945488	37.0383052401091	1218	1219
13235	OOA	34430	True	37.6341050396161	63.4614580507288	9826	9827
6005	OOA	43527	True	32.9971571625759	49.8621451311993	4438	4439
36899	EHG	10108	True	45.7839163408973	1.5966681352435	24346	24347
28450	EUR	18563	True	40.2473204561806	33.4104784219077	19408	19409
8674	OOA	40130	True	39.2061950310064	56.5130652173524	6446	6447
36795	EHG	10212	True	53.8793459495037	37.869088964092	24294	24295
3473	OOA	46707	True	29.5901029586681	44.2598149510227	2548	2549
18556	OOA	28059	True	40.3384179181205	57.2427855708733	13714	13715
40341	YAM	6815	True	54.9734917565726	34.7653941524296	26394	26395
560	OOA	50309	True	30.4653969291557	32.0121060792082	372	373
8150	OOA	40767	True	36.6880203846393	56.2434411135656	6074	6075
37253	EHG	9817	True	61.2657116427066	35.318264556835	24528	24529
8394	OOA	40451	True	38.7940412661732	58.1004556254794	6240	6241
683	OOA	50154	True	31.3937132873108	30.7856548767966	442	443
23179	EUR	23694	True	40.8900429353618	35.3101647367731	16298	16299
26641	EUR	20330	True	41.0837457556508	31.7275351026621	18336	18337
44485	EUR	2109	True	46.2674597529979	12.526536440843	29114	29115
22812	ANA	23995	True	52.2043569416414	21.5285532250598	16104	16105
14744	OOA	32636	True	41.62587489119	63.4564270078712	10972	10973
36619	EHG	10397	True	37.0115641318485	38.3590478912773	24178	24179
1456	OOA	49234	True	28.2427506126418	35.7073992921391	1050	1051
339	OOA	50597	True	32.3614634518155	35.6963195988602	196	197
3674	OOA	46450	True	30.6542097909327	40.5863647192968	2698	2699
15888	OOA	31215	True	39.6453966011067	63.5405049639875	11808	11809
30628	ANA	16406	True	42.5722911864245	19.9999146702859	20696	20697
34939	EHG	12061	True	45.5660174192103	24.5371881133177	23210	23211
21892	EUR	24909	True	41.0489463660978	33.2789700409899	15568	15569
37952	EUR	9167	True	56.3645133443191	50.3018462666539	24940	24941
1966	OOA	48549	True	32.4063163490027	38.3177228207161	1426	1427
23525	EUR	23329	True	39.2081994031326	38.7286916346006	16498	16499
2338	OOA	48106	True	31.1489989337178	39.2810751358796	1688	1689
44769	EUR	1768	True	48.3038201992341	19.1366846530107	29332	29333
17207	OOA	29555	True	40.3119912284374	57.7231763004396	12806	12807
39221	EUR	7940	True	39.2193398215554	34.4296888672509	25708	25709
36136	EUR	10863	True	43.853888128852	19.4616460372775	23916	23917
32555	EUR	14482	True	40.6038552863617	31.0698908440578	21804	21805
26228	ANA	20779	True	40.6155647501478	34.1629281184942	18116	18117
21973	ANA	24832	True	38.326034232015	36.8056233437101	15602	15603
8699	OOA	40088	True	40.6526010853535	57.3840244711092	6470	6471
16789	OOA	30085	True	38.6547028635066	62.9250837664835	12472	12473
26533	EHG	20434	True	55.0714090750925	44.6681899749903	18296	18297
2183	OOA	48270	True	27.060506161638	36.6072875780568	1592	1593
2904	OOA	47437	True	29.31511231597	38.3934120070325	2110	2111
30911	EHG	16126	True	38.9197874518345	29.1815649488038	20864	20865
35014	EUR	12025	True	37.727879589595	31.3616473296335	23242	23243
7965	OOA	40980	True	37.9301503809517	54.8227926963746	5920	5921
17737	OOA	28914	True	37.6906565651635	61.1548410181021	13182	13183
44631	EUR	1941	True	42.6813117344114	24.7149514246735	29210	29211
11571	OOA	36527	True	42.5253993632515	60.6484192834436	8608	8609
24131	EHG	22713	True	60.2935760448625	46.1079468786685	16866	16867
37922	ANA	9194	True	39.5697685749431	32.8679660958375	24928	24929
10812	OOA	37409	True	37.6449655842233	63.2924921219095	8054	8055
37892	EUR	9218	True	59.3515760249836	40.5598082668812	24918	24919
16876	OOA	29970	True	40.7423446055978	57.8971624785825	12552	12553
2366	OOA	48072	True	27.6334282535625	38.5520145205322	1714	1715
36829	EUR	10188	True	39.4817932701782	30.7540598531537	24300	24301
19576	ANA	27146	True	42.4012977809682	61.9545606978955	14246	14247
14629	OOA	32787	True	40.5698832606544	57.1403595260171	10888	10889
15001	OOA	32299	True	39.0929251858889	57.769916181776	11156	11157
481	OOA	50424	True	28.5012857706672	30.0262702213743	294	295
11187	OOA	36959	True	39.6836402070796	58.2068575606688	8326	8327
35125	EUR	11875	True	42.5593394739359	22.0573371577571	23330	23331
13545	OOA	34078	True	37.7007679585915	58.5061929272667	10062	10063
21307	OOA	25427	True	36.5729701375453	29.9152225744024	15266	15267
40450	ANA	6707	True	36.0205565524609	36.7295763637385	26460	26461
41470	ANA	5531	True	40.5454081356031	37.1542945728673	27122	27123
37916	ANA	9188	True	45.4602733760151	6.66015295749808	24932	24933
16850	OOA	30003	True	42.0745217919429	57.1700775504198	12534	12535
5807	OOA	43783	True	32.9593122275759	48.4321732531525	4294	4295
43987	EUR	2620	True	51.0899611785171	21.0405636569491	28786	28787
38765	EUR	8392	True	36.107441452363	38.8837291094634	25422	25423
662	OOA	50169	True	27.2482540535701	31.4255014545364	438	439
26504	EHG	20476	True	37.5107808163722	31.0910037782341	18268	18269
42547	ANA	4193	True	45.6732001517975	24.4923621845758	27872	27873
170	OOA	50827	True	28.9571640960284	33.7899290665203	80	81
8335	OOA	40506	True	35.1410545835864	58.5785073388961	6198	6199
7338	OOA	41841	True	33.9593501989101	57.7973971100022	5432	5433
7080	OOA	42169	True	35.0343845356287	53.8913468801026	5254	5255
43446	EUR	3230	True	45.3589646855665	25.9054927209075	28440	28441
16213	OOA	30782	True	38.2568755722167	62.4257972948946	12068	12069
5532	OOA	44149	True	32.0652887834136	51.9520905503001	4076	4077
30372	EUR	16676	True	45.1072319315173	27.3174709058164	20520	20521
18117	OOA	28448	True	38.1930558182192	64.0799434969732	13472	13473
20510	EHG	26200	True	61.0708590216556	35.7954262629384	14818	14819
4575	OOA	45339	True	30.7102838103088	48.6810376510369	3350	3351
7895	OOA	41083	True	35.9201305577435	60.115203299472	5866	5867
20502	OOA	26212	True	40.1295789065805	34.2300775456642	14808	14809
11612	OOA	36450	True	39.0497296380714	59.2353640441046	8648	8649
11795	OOA	36199	True	40.9056618460683	55.2829584966413	8780	8781
36798	EHG	10195	True	49.4739776098585	5.04259976996694	24298	24299
45072	EUR	1348	True	47.5675365321174	12.9999175925651	29550	29551
6732	OOA	42598	True	34.113456442868	53.4577631920256	4992	4993
36567	EUR	10438	True	61.8178483016446	36.1164318722046	24158	24159
7259	OOA	41934	True	35.0489457941201	51.2123813616227	5382	5383
3671	OOA	46458	True	30.1776189159013	45.8474943373812	2692	2693
21685	EHG	25080	True	41.0260614041852	58.9405949701546	15492	15493
12621	OOA	35105	True	38.2248602808964	56.9483077040243	9380	9381
27323	ANA	19615	True	47.3285934197774	8.55894293332308	18768	18769
27448	ANA	19506	True	56.1854935243084	40.4579793490881	18836	18837
27254	EHG	19690	True	49.2454394192187	22.2267896488306	18728	18729
32946	EUR	14082	True	45.8658245912951	22.8988279321058	22054	22055
5122	OOA	44658	True	29.1977661819935	47.9354317686612	3772	3773
26751	EHG	20209	True	56.0095446942179	51.6178490357584	18414	18415
25770	EUR	21179	True	48.1653612870039	-0.89922859532587	17848	17849
23528	EHG	23306	True	46.2597640148615	17.7727720793519	16524	16525
29699	ANA	17276	True	52.7772160194142	12.475087199989	20134	20135
28864	ANA	18137	True	40.5866472774199	37.994168154985	19660	19661
9988	OOA	38414	True	36.9045562485574	59.1808304379176	7426	7427
31981	EUR	15046	True	58.1761898570745	34.1043784907203	21468	21469
17612	OOA	29060	True	39.6497563666324	58.4891940565177	13102	13103
14362	OOA	33137	True	37.8165792546722	57.7731962145327	10664	10665
45054	EUR	1382	True	47.0051087039149	20.1143047398625	29530	29531
21767	EHG	25018	True	40.8347379692162	58.9902669627915	15524	15525
12022	OOA	35867	True	39.8005690708029	57.6085694621046	8924	8925
12272	OOA	35530	True	40.793486383194	61.4930289799497	9112	9113
30027	EHG	17021	True	60.0394631360269	40.9237915188683	20308	20309
43625	YAM	3032	True	52.7991941683089	22.3834684214353	28564	28565
12348	OOA	35441	True	42.0180832723395	58.9242815869946	9172	9173
1929	OOA	48596	True	32.6247156398551	37.0611710936706	1406	1407
11939	OOA	35963	True	38.498111040807	63.087707184378	8870	8871
14727	OOA	32673	True	38.5717473370926	56.8957335369509	10954	10955
23965	EHG	22878	True	60.5517953126814	46.2489473498495	16762	16763
3800	OOA	46266	True	28.2424631002564	41.2196333373701	2790	2791
10897	OOA	37303	True	38.9522420180667	56.3490379123036	8114	8115
11975	OOA	35932	True	42.1814564883432	61.8667845133972	8896	8897
33988	EHG	12997	True	50.9025672767031	16.0626290711757	22678	22679
20225	EHG	26494	True	54.4207852588012	38.6333203901343	14632	14633
5416	OOA	44278	True	30.7903867546635	48.0833077725565	3986	3987
36004	EHG	10997	True	37.3685924125235	30.6894942759525	23820	23821
7383	OOA	41781	True	37.2005455744135	55.7816330774376	5468	5469
27345	ANA	19604	True	40.0274572051385	33.9355507580535	18772	18773
43630	YAM	3030	True	51.5199878839635	23.8519628047214	28568	28569
20507	ANA	26201	True	57.1546620881454	52.3691640246555	14816	14817
7064	OOA	42179	True	34.0608233273893	51.7639757904307	5244	5245
42266	YAM	4541	True	53.2524696165944	33.7914171683136	27676	27677
7405	OOA	41750	True	35.6413536435301	56.0322638122453	5486	5487
33882	EHG	13105	True	38.5039209755072	28.5298062846189	22610	22611
42743	YAM	3938	True	54.5770443497743	33.713319896212	28002	28003
5437	OOA	44261	True	30.8334357621735	52.6142398574082	3996	3997
45222	EUR	1084	True	51.736295690497	25.4752692332846	29688	29689
1926	OOA	48620	True	30.8332909427576	37.2680767959081	1400	1401
30877	EHG	16158	True	39.978596443699	38.825807772813	20846	20847
45008	EUR	1439	True	45.1196051620981	23.0071905369892	29498	29499
45194	EUR	1135	True	52.0646671226942	23.6822676753375	29656	29657
5166	OOA	44593	True	32.1818809294867	48.1844305816172	3806	3807
3470	OOA	46718	True	28.8393673687414	42.1441509481027	2542	2543
37251	EUR	9819	True	57.2789748867698	28.7976902035398	24524	24525
10428	OOA	37906	True	40.8627655997003	58.6549410307832	7758	7759
25233	ANA	21694	True	44.7886106961399	3.42404648886414	17550	17551
28891	EHG	18101	True	46.1264468034652	-0.327969573053772	19684	19685
26005	EHG	20983	True	58.861877264413	35.8778328770405	17974	17975
7695	OOA	41339	True	35.4305899195878	55.0023059931436	5716	5717
10373	OOA	37977	True	37.9600726675478	58.4547185638735	7724	7725
414	OOA	50497	True	27.898295731517	32.2389818569882	256	257
11513	OOA	36620	True	39.6484676649016	60.047891764757	8552	8553
26670	EHG	20285	True	54.248840388837	38.7948493397139	18364	18365
25905	EHG	21071	True	37.3447537153098	38.1768998415162	17910	17911
8560	OOA	40259	True	39.4394684825426	59.4090493324524	6366	6367
13219	OOA	34436	True	40.2972354498568	56.9797148634956	9820	9821
43508	EUR	3157	True	50.758971397547	13.7752920559508	28486	28487
5719	OOA	43914	True	31.9503818505106	50.8618111448785	4222	4223
20827	ANA	25857	True	40.1881492226444	58.7719653396085	15002	15003
8039	OOA	40905	True	38.6222454703537	56.9106321268507	5966	5967
38239	EHG	8876	True	48.5423867634797	24.795675102068	25106	25107
28092	EHG	18921	True	36.64147704605	38.440869935893	19208	19209
27525	EHG	19417	True	46.2562571899274	15.3766789234186	18882	18883
33957	EUR	13042	True	40.8790687409203	32.551665053303	22654	22655
5727	OOA	43894	True	32.0210180298912	49.9639393502221	4238	4239
40902	YAM	6190	True	52.7723332689325	34.705686004515	26752	26753
13112	OOA	34580	True	38.1025355490867	63.6313690124094	9730	9731
10486	OOA	37834	True	37.8388184899021	58.9819154789601	7798	7799
15623	OOA	31485	True	41.4139081123641	62.2145781416069	11612	11613
24995	EHG	21953	True	38.7720504221414	30.1586169296081	17376	17377
45207	EUR	1125	True	51.9039146485789	15.1119119701902	29668	29669
14707	OOA	32698	True	37.546139581335	63.0324342589438	10938	10939
127	OOA	50886	True	30.6116344145386	31.8114429721999	44	45
37828	EUR	9288	True	38.8489713758556	27.6452755755861	24872	24873
8558	OOA	40267	True	39.1439442637111	56.7716399725207	6362	6363
29804	EHG	17209	True	38.5812789607705	33.0174844504405	20176	20177
32196	ANA	14827	True	54.0019250616403	44.9547241938535	21606	21607
10811	OOA	37413	True	37.813445112164	61.433671858581	8052	8053
12187	OOA	35649	True	40.2546056409911	61.1470203393363	9054	9055
21972	ANA	24833	True	39.8829936029948	36.2199269671652	15600	15601
13311	OOA	34337	True	41.2321179994376	56.8270916787538	9884	9885
42884	EUR	3788	True	54.127079774686	24.6487050401924	28076	28077
43197	YAM	3461	True	51.6027801838818	16.1557659370081	28296	28297
44176	EUR	2423	True	49.9669406585958	22.5212265048728	28886	28887
11951	OOA	35935	True	43.1227609345807	60.7265885527197	8894	8895
44800	EUR	1743	True	42.7127682634756	22.615858010325	29356	29357
2077	OOA	48402	True	30.6530620730739	34.6588350009391	1496	1497
128	OOA	50880	True	30.4668298147252	29.5428508867067	46	47
5363	OOA	44339	True	31.9580869320177	49.4770866273395	3948	3949
9886	OOA	38523	True	37.1972046056811	62.0240565693831	7354	7355
31952	EUR	15078	True	59.5726290631109	43.9500269009791	21444	21445
16972	OOA	29863	True	39.4489939866366	61.2523509930031	12612	12613
24283	ANA	22602	True	37.228463520112	36.1021642643964	16950	16951
14681	OOA	32742	True	40.4688664101466	58.727140525748	10916	10917
5462	OOA	44224	True	30.264494802619	52.6499957145772	4020	4021
15528	OOA	31606	True	40.1770933756115	62.7511863098194	11546	11547
9714	OOA	38770	True	40.692829502533	63.8980442252859	7236	7237
31711	ANA	15313	True	38.5658576528322	40.826686557346	21308	21309
30818	EHG	16207	True	47.4006052665605	23.8887100180359	20816	20817
36901	ANA	10107	True	46.367607734186	7.75187684714359	24348	24349
23084	EUR	23771	True	56.7111684374824	53.5244892534217	16252	16253
11576	OOA	36509	True	41.3332605302341	59.0594414385097	8618	8619
41282	EUR	5729	True	54.2552333536023	36.4412089663125	27034	27035
29620	EHG	17370	True	51.3831200594489	18.8174867758209	20084	20085
16410	OOA	30544	True	39.3627757730396	62.0897336642195	12210	12211
29740	ANA	17273	True	41.1287267632951	35.5889805175688	20136	20137
31591	EHG	15422	True	47.4738546197526	12.8958570583953	21248	21249
3319	OOA	46925	True	32.4107061607008	38.7403906263061	2434	2435
25899	EUR	21057	True	50.8701628170468	16.5024049808145	17918	17919
42029	YAM	4827	True	55.5651798123675	36.9190893583756	27518	27519
44835	EUR	1679	True	50.9927645895674	23.146539533713	29390	29391
35300	ANA	11715	True	36.5453683765648	36.9073981559202	23422	23423
7957	OOA	41004	True	38.6617937878971	55.1846608797319	5904	5905
38991	ANA	8174	True	59.2705148759607	58.1429932740103	25552	25553
42502	YAM	4239	True	53.4694992977435	11.1649357082912	27844	27845
28749	EHG	18260	True	56.5873214092718	48.22271082944	19594	19595
28809	EHG	18186	True	58.4651191763965	52.583575057521	19628	19629
35997	EUR	10986	True	57.0473578534791	45.8259336194753	23828	23829
16843	OOA	30025	True	40.8336286525513	60.1349138940556	12520	12521
484	OOA	50419	True	28.3316058059505	30.980839623204	300	301
41053	EUR	6047	True	37.9439402448545	30.9673350622805	26848	26849
23706	EHG	23146	True	39.7579144517532	33.4685505187492	16612	16613
24089	EUR	22744	True	57.2899021814597	45.7451706071084	16834	16835
28187	EUR	18830	True	59.0395214507742	43.5353863030463	19280	19281
12589	OOA	35133	True	39.7956411031728	60.8276725754279	9348	9349
36201	EHG	10818	True	38.5736363758706	33.7178918260561	23936	23937
12701	OOA	35010	True	41.4275291577571	56.7532834803045	9446	9447
19171	EHG	27589	True	55.8324610370731	52.3791460593421	13996	13997
22453	EHG	24353	True	37.9005559501422	37.4449155903754	15898	15899
12188	OOA	35648	True	41.5955331056414	60.2323595385663	9056	9057
4666	OOA	45233	True	31.086937843458	46.0536347497005	3416	3417
44554	EUR	2027	True	41.574328656537	23.6844041770032	29156	29157
34202	EHG	12792	True	58.1671838949776	29.4321678326805	22806	22807
28249	EUR	18764	True	56.159177070352	32.7649030066147	19308	19309
23767	ANA	23083	True	39.1055294318085	31.716643525507	16640	16641
2363	OOA	48079	True	28.4723959104969	40.2293506274353	1708	1709
34317	EUR	12680	True	36.0731608118679	38.7254320209636	22862	22863
19135	OOA	27606	True	59.0925290137479	38.7181880478641	13982	13983
29024	EUR	17952	True	42.6170408885209	21.7530173196857	19762	19763
26174	EUR	20815	True	39.744801659273	20.1978160501009	18092	18093
37186	EHG	9883	True	53.9963663055134	55.2949187842303	24492	24493
20253	EHG	26471	True	39.8841100646229	61.7434576079314	14648	14649
23118	EHG	23734	True	55.4140359315227	35.6405995949199	16274	16275
41717	ANA	5250	True	53.4773060107282	45.019839420218	27300	27301
41443	YAM	5564	True	37.3886139172632	36.7630376831532	27112	27113
45133	EUR	1243	True	46.3135284255275	26.9928696309051	29600	29601
17401	OOA	29299	True	39.974243966898	62.802717095408	12954	12955
416	OOA	50490	True	30.5803451432231	34.8988396623248	260	261
15145	OOA	32072	True	41.7455451929192	55.6256164257603	11262	11263
4284	OOA	45682	True	32.677828351082	44.0947854286361	3138	3139
44359	EUR	2215	True	50.134759592963	4.57441028411522	29022	29023
13062	OOA	34628	True	39.7189649431949	56.4695133765317	9694	9695
8279	OOA	40574	True	38.6642174685434	54.2417114367125	6154	6155
35376	EUR	11610	True	55.9524847809484	37.3157331439322	23474	23475
39292	EUR	7858	True	45.5361206019841	10.7677844147459	25758	25759
6171	OOA	43326	True	29.1195588078296	52.4012690704918	4566	4567
32860	EUR	14156	True	47.6541625833349	23.9408972014245	22000	22001
17427	OOA	29257	True	41.9600134223798	60.501657790189	12972	12973
4442	OOA	45493	True	30.0023654354624	42.3177685565776	3246	3247
42764	EUR	3901	True	50.0477702691074	18.6188670964109	28020	28021
40211	YAM	6944	True	61.8398806147175	47.8862156455265	26308	26309
22486	ANA	24313	True	57.4768988787747	41.4024252492658	15918	15919
14701	OOA	32714	True	40.7737875513231	57.6388944887385	10926	10927
37730	EHG	9370	True	59.9076213951142	37.0578384780535	24816	24817
44177	EUR	2423	True	43.4451747693471	20.0354400582418	28888	28889
26945	EHG	20019	True	49.306586734097	3.87883557505204	18552	18553
10407	OOA	37936	True	39.3474988795406	62.4830633645341	7746	7747
39434	EUR	7724	True	59.5618126387518	41.6327088090063	25850	25851
10172	OOA	38196	True	42.2059915317961	58.099821297024	7566	7567
26171	EHG	20837	True	39.4914797441092	33.4621716003017	18074	18075
3582	OOA	46583	True	31.9257195518772	41.655284916294	2628	2629
7540	OOA	41554	True	33.614645811585	54.3493746065786	5598	5599
2944	OOA	47391	True	28.0235125682626	42.0354568331213	2136	2137
740	OOA	50088	True	28.3765750637495	34.0547844550215	492	493
32784	EHG	14249	True	49.3177180428162	13.6197839379754	21950	21951
38100	ANA	9003	True	47.8778730615023	17.4669863442191	25026	25027
37982	EHG	9142	True	36.7171953160029	32.6638842023295	24950	24951
9861	OOA	38558	True	41.559059324043	60.8575354571132	7332	7333
2369	OOA	48068	True	28.8943482118304	40.1512425394772	1720	1721
13330	OOA	34313	True	38.1948079528077	58.3426156588347	9902	9903
10922	OOA	37268	True	39.4304495411838	60.6782337888051	8136	8137
16212	OOA	30782	True	39.287974106335	64.317222076522	12066	12067
22123	EHG	24682	True	37.9711113229943	32.4196898216134	15690	15691
2733	OOA	47613	True	30.6520423510648	38.4583889535029	1994	1995
9086	OOA	39580	True	40.094181123295	62.7728414102351	6754	6755
42718	YAM	3965	True	49.9246591847723	27.181311360916	27982	27983
45212	EUR	1113	True	45.0712086480875	14.7522265813415	29678	29679
23820	EUR	23024	True	40.6201797577091	33.1879691879895	16678	16679
6094	OOA	43414	True	30.7554224397501	55.5173741561721	4504	4505
36480	EHG	10537	True	58.0030148234966	44.6989298056905	24106	24107
43420	YAM	3238	True	54.7231673367985	22.1146928535424	28434	28435
40472	ANA	6659	True	50.2743927309073	35.6010467822661	26492	26493
42244	YAM	4564	True	53.3623567343815	30.7986320657038	27658	27659
27452	EUR	19504	True	55.9576235895738	43.6610325409815	18838	18839
38240	ANA	8896	True	37.1695770665751	35.8595302891731	25094	25095
14525	OOA	32938	True	37.8258206393792	63.2556587715076	10798	10799
20314	ANA	26425	True	38.4805370416248	39.4004476119718	14672	14673
37428	ANA	9668	True	36.7979408021532	30.3630603268875	24612	24613
39943	EHG	7195	True	51.8682472942717	11.340270986062	26154	26155
9264	OOA	39328	True	40.5671488443117	59.7723029334495	6900	6901
24204	EUR	22674	True	38.1094846530522	33.1046526007912	16892	16893
43016	EUR	3641	True	52.120494610282	21.5172158540015	28162	28163
34235	ANA	12749	True	45.3515036898168	26.0053971508062	22834	22835
33380	ANA	13627	True	55.4360396398311	47.1480525846977	22344	22345
6469	OOA	42922	True	32.1444819246183	51.944187058372	4772	4773
25974	EHG	21022	True	38.7383254118259	31.343547496968	17938	17939
1690	OOA	48937	True	29.2180377210672	38.9286349421461	1224	1225
27713	ANA	19259	True	60.8027531553517	51.6298502247224	18998	18999
14420	OOA	33056	True	40.0284882042109	57.6779642146306	10720	10721
13958	OOA	33596	True	39.8877263615298	63.2368051174839	10368	10369
43226	EUR	3430	True	49.4048771003762	30.3830822629575	28326	28327
25235	EHG	21702	True	38.7056894351191	30.4855890423852	17534	17535
18337	OOA	28232	True	41.105041525526	61.5315383045867	13610	13611
38198	EHG	8911	True	47.0434974303069	19.5498714065318	25090	25091
2240	OOA	48221	True	29.3103256455832	38.8152264154067	1618	1619
33690	ANA	13290	True	46.257133192543	23.8967871219155	22508	22509
37795	EHG	9319	True	59.0037309254199	48.7882456879233	24856	24857
16472	OOA	30459	True	38.1530416451871	63.0565042114402	12264	12265
38580	ANA	8558	True	46.1143825135773	21.9215745297898	25328	25329
18212	OOA	28352	True	39.9602616899365	62.1770411690295	13528	13529
17129	OOA	29674	True	39.4769709822744	59.6968655152803	12744	12745
31652	ANA	15380	True	40.1737181649316	37.6993925427234	21270	21271
45121	EUR	1267	True	51.0025341418908	10.953148408517	29586	29587
27159	ANA	19778	True	46.4654786145867	3.21190416781666	18664	18665
2140	OOA	48329	True	28.9331369699381	36.8279781779783	1556	1557
1418	OOA	49297	True	30.8688700136358	35.7176946200374	1018	1019
34818	ANA	12198	True	59.5477519026069	39.0693959687256	23146	23147
13842	OOA	33758	True	40.6736121234367	57.4131154147427	10282	10283
42333	YAM	4445	True	42.0602236104057	21.5197886814382	27724	27725
39084	EUR	8084	True	36.9726568479795	28.4848436030268	25612	25613
37762	EUR	9328	True	49.2359181954342	16.1492605692191	24846	24847
10035	OOA	38361	True	40.6120807208489	61.526499561399	7456	7457
21518	EHG	25245	True	36.8036402593971	35.1815118771511	15386	15387
32375	EHG	14639	True	46.2212378188028	21.7069164771396	21718	21719
13866	OOA	33742	True	40.3222535278818	62.7827656781857	10294	10295
20699	OOA	25986	True	37.5312207453334	60.6849981908023	14936	14937
41314	EUR	5698	True	50.4358634171415	32.0629010312141	27050	27051
12911	OOA	34788	True	39.5910053292384	58.0183827250401	9582	9583
6234	OOA	43248	True	30.2561672941299	50.1079180384241	4612	4613
20361	OOA	26364	True	40.1762906009639	33.3309582167708	14706	14707
23036	EHG	23817	True	38.9843974417867	-4.448981587238	16234	16235
4055	OOA	45969	True	26.8154997379532	45.5094924860231	2968	2969
40371	ANA	6780	True	57.984553214251	39.1628911946546	26416	26417
13537	OOA	34091	True	37.2300762867463	61.9170388286651	10046	10047
31312	ANA	15739	True	40.1361133528549	36.4256184999634	21070	21071
36964	ANA	10070	True	38.1033617930174	36.7995044018255	24368	24369
26230	EUR	20757	True	50.315657757349	10.8033837119745	18130	18131
32073	EUR	14936	True	49.0178518582199	28.9027417433661	21550	21551
40799	YAM	6295	True	50.4402047252413	27.8122527860695	26696	26697
40882	EHG	6219	True	60.156290663881	44.6211153805653	26734	26735
14902	OOA	32442	True	40.3156602167375	59.3261729639183	11076	11077
3829	OOA	46230	True	29.3326451016874	43.4328250646935	2808	2809
2949	OOA	47383	True	30.8765282731357	36.852657041556	2146	2147
8261	OOA	40612	True	37.4853315166887	56.1487061259151	6140	6141
22936	EUR	23924	True	37.1668379195596	38.6892360782767	16160	16161
28359	EHG	18648	True	39.7486860549229	36.7318859958481	19366	19367
43843	EUR	2798	True	44.4642927367197	20.0081182311982	28694	28695
4261	OOA	45698	True	29.3247822415348	46.6298190227641	3122	3123
17718	OOA	28917	True	41.2676107985385	61.4908655562683	13176	13177
43836	EUR	2789	True	48.7882347314309	16.3992671426876	28702	28703
23007	EUR	23849	True	51.0681602992465	10.1183220077149	16222	16223
6092	OOA	43421	True	30.2232509931406	52.618369457747	4500	4501
18617	OOA	28041	True	42.2532104149855	59.2061566981672	13724	13725
33682	ANA	13314	True	38.8266678983455	39.397445580556	22490	22491
35320	ANA	11687	True	39.8284472052204	32.7414590051537	23438	23439
42184	ANA	4672	True	43.0396647961937	18.2607712378762	27596	27597
34744	EUR	12257	True	54.2052051208677	46.1225609993154	23110	23111
16930	OOA	29913	True	41.1400637805935	59.5175703675799	12588	12589
42598	YAM	4116	True	52.2924345258481	37.5174763092349	27918	27919
44121	EUR	2464	True	53.2052033201914	16.8906543926279	28864	28865
24285	EHG	22588	True	54.2157593011854	49.915991719907	16956	16957
28941	EUR	18027	True	49.1696012211861	3.59381872665867	19724	19725
35542	ANA	11465	True	46.8026009664468	9.31728552885974	23578	23579
2537	OOA	47847	True	27.2965339316751	38.2251913385464	1848	1849
40937	EUR	6148	True	54.7716858450406	27.7058425549502	26778	26779
8838	OOA	39930	True	38.7490841304962	57.9423521977223	6580	6581
38068	EUR	9031	True	48.4693675860482	12.1069691204493	25008	25009
35498	EUR	11514	True	36.7506782610406	30.5203268917747	23540	23541
4057	OOA	45958	True	28.6723192216306	42.3910154314137	2972	2973
4967	OOA	44829	True	30.9862791878318	45.2419001213898	3650	3651
10507	OOA	37816	True	40.0674629753703	64.0019468154059	7810	7811
3405	OOA	46801	True	31.48616267721	43.4968773047329	2506	2507
20511	OOA	26200	True	60.0886627400448	50.8834785974971	14820	14821
29995	EUR	17038	True	47.7448389970043	14.3446018906195	20298	20299
26437	ANA	20529	True	57.1448846660861	45.8724242260313	18240	18241
22884	ANA	23958	True	56.4423208850708	49.7635720715987	16136	16137
36001	ANA	11000	True	38.1692818585218	29.6778798923553	23816	23817
42048	EUR	4798	True	54.9727254244871	42.8311957397087	27534	27535
16714	OOA	30175	True	38.9420999539146	62.8044918380455	12442	12443
396	OOA	50528	True	28.168063357366	29.7545745158175	240	241
40901	ANA	6192	True	51.8717049176925	30.5450830023627	26750	26751
27882	EHG	19129	True	38.3262201204768	36.0195497460217	19088	19089
33101	EUR	13926	True	56.6181801679357	28.3399655935198	22160	22161
4996	OOA	44793	True	31.0324942514388	49.990871602358	3672	3673
10830	OOA	37396	True	41.594493636332	63.3794366140497	8058	8059
3079	OOA	47244	True	33.0087164392871	38.7954133742702	2236	2237
31646	EUR	15360	True	53.3261124650739	23.0995147951504	21280	21281
14394	OOA	33091	True	39.1246928584518	62.870853667753	10698	10699
41214	YAM	5825	True	50.0232486144787	15.2131672520337	26966	26967
39074	EUR	8082	True	50.5636477313878	13.3192376531618	25616	25617
37700	EUR	9404	True	59.609401995274	48.8904269910975	24788	24789
31538	EUR	15495	True	35.8546685219402	39.2175383987633	21210	21211
15859	OOA	31231	True	41.8943634381408	61.2528474870224	11792	11793
19900	ANA	26820	True	41.9657120877965	60.3931783974205	14434	14435
25758	ANA	21194	True	41.5424652299799	21.1491621836816	17834	17835
37529	ANA	9593	True	38.7051320136078	30.7299607336269	24678	24679
6283	OOA	43174	True	29.8758210853553	53.2820390075053	4652	4653
31592	ANA	15424	True	62.8812991262357	40.3847893024434	21246	21247
40030	EUR	7113	True	51.7020105009715	6.65809570512664	26214	26215
26135	ANA	20859	True	59.1972395757811	32.951600580723	18056	18057
9262	OOA	39344	True	37.8160283278491	60.5081633794321	6896	6897
19991	ANA	26751	True	38.210563735487	39.2401900148165	14484	14485
5390	OOA	44308	True	28.3525053237638	47.8349777691291	3960	3961
17266	OOA	29457	True	39.3395024009256	58.0714640047758	12862	12863
36702	EHG	10290	True	49.3443652967524	23.260061691833	24248	24249
14808	OOA	32547	True	37.4812836365971	60.2856199893299	11012	11013
44726	EUR	1839	True	47.4840536299083	24.7323827775943	29286	29287
37158	EHG	9901	True	51.1460969548241	9.06849563284072	24480	24481
38271	EHG	8861	True	54.7534622096301	32.9253556594102	25116	25117
8963	OOA	39747	True	38.0293684446082	61.1433545772191	6676	6677
