ind	co1	co2
42784	28.937044865167234	28.937044865167234
8161	5.640999140037641	5.640999140037641
12398	12.408912958767258	12.408912958767258
42047	6.526191935656531	6.526191935656531
43565	13.637438913233318	13.637438913233318
32738	34.13099222503971	34.13099222503971
43503	7.2942780014325095	7.2942780014325095
17147	14.454729746458598	14.454729746458598
11950	22.11630479985714	22.11630479985714
25801	8.437445814526797	8.437445814526797
9213	10.60045495747124	10.60045495747124
1367	18.23758956688572	18.23758956688572
12019	7.280769848778517	7.280769848778517
34824	10.194931990183601	10.194931990183601
1640	20.273771573445266	20.273771573445266
10621	6.925994378802027	6.925994378802027
43290	9.34733949991724	9.34733949991724
24719	22.33289319945902	22.33289319945902
40120	10.201341562355202	10.201341562355202
20319	16.488901186887162	16.488901186887162
16210	7.683455403921357	7.683455403921357
44272	12.67174700480096	12.67174700480096
37698	16.912720267866572	16.912720267866572
10482	3.799567106753332	3.799567106753332
6930	11.962793952555424	11.962793952555424
16816	8.513836857921296	8.513836857921296
42241	4.675849169887424	4.675849169887424
13669	5.131815791187397	5.131815791187397
42450	9.71473750242966	9.71473750242966
31033	1.2795715051789225	1.2795715051789225
8887	18.312142165679298	18.312142165679298
4578	7.588385127676745	7.588385127676745
26443	0.1851608288039266	0.1851608288039266
4025	11.141931039551807	11.141931039551807
3402	13.161401263477968	13.161401263477968
5788	1.6857649390311842	1.6857649390311842
7020	3.637579541836381	3.637579541836381
35324	18.173775251179965	18.173775251179965
17760	13.259925843791153	13.259925843791153
31990	2.527849852399886	2.527849852399886
37825	23.10631514723251	23.10631514723251
41228	4.815437314230858	4.815437314230858
21148	2.003611104263679	2.003611104263679
31419	16.14806898511729	16.14806898511729
41517	6.462160684330111	6.462160684330111
9048	20.901120754816347	20.901120754816347
3608	0.1267482331109706	0.1267482331109706
33452	0.09753419816194864	0.09753419816194864
36763	10.130902145495575	10.130902145495575
1478	19.370919181887032	19.370919181887032
31027	2.7819589079353797	2.7819589079353797
20360	11.488165016242814	11.488165016242814
556	1.8210880539459189	1.8210880539459189
45010	4.890217448178706	4.890217448178706
39491	21.654165038518933	21.654165038518933
20948	13.957864342574032	13.957864342574032
9397	24.43309683885537	24.43309683885537
35596	32.9962711470064	32.9962711470064
27745	15.011553126557729	15.011553126557729
4218	13.481069967984006	13.481069967984006
34412	9.980826050683653	9.980826050683653
20597	4.155583612406819	4.155583612406819
32045	7.024933258581631	7.024933258581631
32783	3.3619422210873204	3.3619422210873204
39881	13.37059709623508	13.37059709623508
26165	17.153029393673982	17.153029393673982
17661	1.083284835798648	1.083284835798648
2159	9.75267950059634	9.75267950059634
7542	22.373948067557954	22.373948067557954
23620	3.6335633738567563	3.6335633738567563
15622	22.03316732345229	22.03316732345229
43350	4.117816541411062	4.117816541411062
16711	20.572421530726423	20.572421530726423
43356	14.634098847946529	14.634098847946529
45375	10.227261567672224	10.227261567672224
45421	14.371503892520076	14.371503892520076
17890	7.032876411951985	7.032876411951985
43194	5.980680889716177	5.980680889716177
32832	5.269660968426978	5.269660968426978
33307	0.2820404426462959	0.2820404426462959
3777	14.188363043087337	14.188363043087337
33840	3.5093222157813537	3.5093222157813537
45210	15.056364604897238	15.056364604897238
38669	6.310178875183168	6.310178875183168
9026	5.497201713537551	5.497201713537551
6149	33.94307419399231	33.94307419399231
3823	18.770784484893472	18.770784484893472
30417	6.714558248131997	6.714558248131997
31504	5.2224223035831265	5.2224223035831265
24993	21.526858162684704	21.526858162684704
20503	1.781247995009061	1.781247995009061
30252	20.24564612166752	20.24564612166752
510	11.546053478962166	11.546053478962166
18306	14.730322830820885	14.730322830820885
35539	12.432453797863944	12.432453797863944
29427	16.17380755760675	16.17380755760675
27806	10.46459442670022	10.46459442670022
41417	14.640530584531692	14.640530584531692
33509	18.747786650680244	18.747786650680244
3560	0.08717136234885103	0.08717136234885103
14955	27.539254586306612	27.539254586306612
24605	6.616141953068327	6.616141953068327
26436	13.337788137007575	13.337788137007575
6409	12.745933703232607	12.745933703232607
22332	15.105852858692101	15.105852858692101
18689	12.218678619597735	12.218678619597735
15594	2.6551172388713336	2.6551172388713336
3053	11.828453835554257	11.828453835554257
5582	10.053657808514568	10.053657808514568
13337	15.014577789353549	15.014577789353549
10674	12.157960956648086	12.157960956648086
35560	7.968020278256334	7.968020278256334
6958	5.548804716296688	5.548804716296688
15855	7.752128114082137	7.752128114082137
35501	5.214629797968987	5.214629797968987
12443	5.948110747673796	5.948110747673796
614	15.688392374050608	15.688392374050608
9005	18.42574102607733	18.42574102607733
37861	11.41309542019328	11.41309542019328
42983	23.26780125894287	23.26780125894287
42954	10.209616573449138	10.209616573449138
17915	6.648843457011235	6.648843457011235
12783	9.378622828632743	9.378622828632743
17020	6.582659489890251	6.582659489890251
13652	18.696985639701722	18.696985639701722
2266	8.162999698008173	8.162999698008173
6833	13.386514680514097	13.386514680514097
14272	26.197638576619067	26.197638576619067
43387	4.504275626208969	4.504275626208969
16388	8.25697849886274	8.25697849886274
14599	2.8953916917959486	2.8953916917959486
35567	2.2968093462211483	2.2968093462211483
28637	2.003685143768294	2.003685143768294
4947	5.828318043890788	5.828318043890788
17910	6.901927363467656	6.901927363467656
6968	1.917928533515302	1.917928533515302
24599	6.070883449092851	6.070883449092851
31129	1.430198840561458	1.430198840561458
43833	18.37526806800642	18.37526806800642
32689	4.237819974384675	4.237819974384675
18213	7.633731975886175	7.633731975886175
14066	14.609381039766747	14.609381039766747
22492	6.901814872024712	6.901814872024712
37071	9.040741265104792	9.040741265104792
41313	11.7021038520097	11.7021038520097
7539	2.5109700843955323	2.5109700843955323
45301	24.14497504054625	24.14497504054625
28448	8.90608430246815	8.90608430246815
39056	15.239410397074282	15.239410397074282
39916	8.930998899300366	8.930998899300366
42390	23.819276605666854	23.819276605666854
15915	3.12934639632603	3.12934639632603
8835	9.038822117466774	9.038822117466774
6695	11.57375553019266	11.57375553019266
9318	12.862612475624905	12.862612475624905
42817	8.172792644991052	8.172792644991052
29356	7.960876819437608	7.960876819437608
28121	9.800153233287933	9.800153233287933
19875	15.353827974995104	15.353827974995104
42219	5.3640254439181	5.3640254439181
13064	9.985433012197753	9.985433012197753
1634	0.22009537651269007	0.22009537651269007
40714	25.507430630545336	25.507430630545336
42690	0.5005357407950042	0.5005357407950042
14765	6.667405687724559	6.667405687724559
29928	20.469023362934664	20.469023362934664
26699	13.455607300678526	13.455607300678526
18234	4.542967171236673	4.542967171236673
3687	4.60646036883629	4.60646036883629
20059	6.259769410072739	6.259769410072739
33009	9.08604427816206	9.08604427816206
23841	6.218133327620782	6.218133327620782
45105	5.279498787546543	5.279498787546543
15983	17.31797049700817	17.31797049700817
39460	8.657441545575587	8.657441545575587
45002	19.019859396690617	19.019859396690617
38420	0.1181022554767619	0.1181022554767619
31799	24.284189581720124	24.284189581720124
40366	5.41170461449164	5.41170461449164
21558	15.060905261687548	15.060905261687548
7498	26.25401257191259	26.25401257191259
27092	1.170795727642488	1.170795727642488
39293	5.924184654500722	5.924184654500722
31062	0.4798599617463388	0.4798599617463388
16404	14.518151128772486	14.518151128772486
32948	3.268111623171515	3.268111623171515
19281	3.7588351145531096	3.7588351145531096
9044	3.46646746418678	3.46646746418678
41440	6.015356651401143	6.015356651401143
41902	13.274911772050439	13.274911772050439
5233	15.532674623888107	15.532674623888107
39148	27.120170065598792	27.120170065598792
22359	18.470932070354774	18.470932070354774
42947	6.895155162352566	6.895155162352566
7499	7.396473943235335	7.396473943235335
1751	5.366457418314704	5.366457418314704
43540	12.387411605516123	12.387411605516123
43939	8.747170014735174	8.747170014735174
23297	12.572706053643193	12.572706053643193
42904	25.176840333677877	25.176840333677877
40332	12.311886727725156	12.311886727725156
38966	2.7035294381256043	2.7035294381256043
3471	26.441119825427318	26.441119825427318
40644	8.971458555974637	8.971458555974637
12537	6.594665817916952	6.594665817916952
7192	8.876642875295214	8.876642875295214
19872	17.146710215318013	17.146710215318013
6307	8.130316012394113	8.130316012394113
10921	7.197782481604817	7.197782481604817
3504	7.513442554847664	7.513442554847664
13388	23.991896890076617	23.991896890076617
24243	5.787203674063635	5.787203674063635
10238	19.8122318667437	19.8122318667437
28164	4.0986160182288565	4.0986160182288565
22203	0.09372599544351701	0.09372599544351701
31386	15.795792083144388	15.795792083144388
902	16.745508253193563	16.745508253193563
18116	1.6548129407894918	1.6548129407894918
2211	5.0075100453718555	5.0075100453718555
14248	2.0534424175469517	2.0534424175469517
27137	17.85138034862574	17.85138034862574
42742	10.926349261382446	10.926349261382446
44300	13.38177055279057	13.38177055279057
15797	7.728478871928246	7.728478871928246
7858	12.988968423536987	12.988968423536987
26532	3.538645288869525	3.538645288869525
44353	0.1475012452196074	0.1475012452196074
22894	11.877758399414379	11.877758399414379
28970	2.653154053293183	2.653154053293183
15120	1.590086685489323	1.590086685489323
6117	4.264148008816463	4.264148008816463
36832	8.234052813348713	8.234052813348713
879	19.613371648495274	19.613371648495274
20505	4.658012727950393	4.658012727950393
8328	9.39464664288754	9.39464664288754
37029	2.475660356227265	2.475660356227265
2532	1.9138161857992975	1.9138161857992975
14035	2.145394052274146	2.145394052274146
19950	6.400253650197161	6.400253650197161
42046	13.927290189106717	13.927290189106717
38159	4.705810969432573	4.705810969432573
6122	10.564324144906594	10.564324144906594
17237	9.373183940725253	9.373183940725253
44716	2.263148588112511	2.263148588112511
39656	2.554036829680154	2.554036829680154
44792	0.17686454286571252	0.17686454286571252
16308	24.72037688658874	24.72037688658874
13057	5.5728556994256015	5.5728556994256015
9545	15.469874195388124	15.469874195388124
7196	11.208334141462451	11.208334141462451
19948	9.29510466194969	9.29510466194969
16412	19.137940168374	19.137940168374
43863	4.415220183027114	4.415220183027114
25683	18.38817668463835	18.38817668463835
10009	0.3682160659326774	0.3682160659326774
22615	8.680675942003369	8.680675942003369
42267	28.127640754143506	28.127640754143506
38456	17.082250685174415	17.082250685174415
42286	3.257043610856747	3.257043610856747
19336	3.795371429215178	3.795371429215178
33578	0.24840325620717163	0.24840325620717163
13507	5.242445214605299	5.242445214605299
33453	17.051711062165403	17.051711062165403
30227	14.230091134024942	14.230091134024942
42453	8.404281666457761	8.404281666457761
4263	11.676479371503598	11.676479371503598
20681	5.769331548938233	5.769331548938233
4776	16.410282289610976	16.410282289610976
7808	18.852178646127662	18.852178646127662
32130	18.619652658986247	18.619652658986247
9908	4.965248112299623	4.965248112299623
18908	4.984827796431863	4.984827796431863
20453	19.488609512924448	19.488609512924448
22499	5.492730790272856	5.492730790272856
20592	7.787309179900978	7.787309179900978
84	0.027708630426492853	0.027708630426492853
18236	6.7855719739772	6.7855719739772
41103	24.346340525681004	24.346340525681004
6068	11.335245143606834	11.335245143606834
38498	8.636898167502206	8.636898167502206
25838	4.475567550101405	4.475567550101405
34293	8.95483809457792	8.95483809457792
1565	13.366578842123158	13.366578842123158
12058	10.95926287123741	10.95926287123741
5215	5.265719606122505	5.265719606122505
34320	12.26554900936086	12.26554900936086
26787	5.4349880160438	5.4349880160438
42760	12.694026670954766	12.694026670954766
1664	9.370646366684161	9.370646366684161
3156	3.4116430437656176	3.4116430437656176
14342	11.458778862163223	11.458778862163223
40282	5.872724730132669	5.872724730132669
15410	19.35148700484412	19.35148700484412
28781	0.2090865324886355	0.2090865324886355
37731	17.69491779558918	17.69491779558918
19362	7.8179057669257235	7.8179057669257235
40390	9.692764236352632	9.692764236352632
27028	6.184643601251001	6.184643601251001
4777	1.9216341167635438	1.9216341167635438
11237	10.282815144596983	10.282815144596983
32129	7.168549499067048	7.168549499067048
25682	1.4548396786007487	1.4548396786007487
16256	18.67312270069727	18.67312270069727
44637	22.001220615166243	22.001220615166243
30750	12.841260926108678	12.841260926108678
20027	2.145890030346092	2.145890030346092
41122	1.4055859160525652	1.4055859160525652
2530	8.245956085368936	8.245956085368936
4874	12.553343406115829	12.553343406115829
19784	8.620819380198522	8.620819380198522
34134	5.5344088713631505	5.5344088713631505
12116	15.667731953001034	15.667731953001034
24360	0.19640497623701147	0.19640497623701147
19696	0.7810067850946742	0.7810067850946742
12945	17.436401421498157	17.436401421498157
20857	1.353462912682203	1.353462912682203
45170	1.0182838671434515	1.0182838671434515
4822	12.144224200789369	12.144224200789369
42981	0.29574184151009764	0.29574184151009764
19137	0.434402956363531	0.434402956363531
39294	16.876059380026707	16.876059380026707
21977	8.34013462530757	8.34013462530757
35228	9.278367912550245	9.278367912550245
13450	11.370672358129042	11.370672358129042
12866	17.802094098043643	17.802094098043643
13270	14.646344484022743	14.646344484022743
9174	20.055413430424373	20.055413430424373
41358	11.680133378627707	11.680133378627707
11942	8.035711448559411	8.035711448559411
18210	11.929718533108412	11.929718533108412
39326	10.897930592970486	10.897930592970486
12053	20.493283254868004	20.493283254868004
9928	23.4939438763946	23.4939438763946
12063	4.35763608998592	4.35763608998592
21144	3.58927468901403	3.58927468901403
11156	29.33813990831526	29.33813990831526
26139	1.9278819285729232	1.9278819285729232
2074	16.399486002083396	16.399486002083396
32591	11.889652253984764	11.889652253984764
20697	15.763540127911892	15.763540127911892
12093	18.445629184210866	18.445629184210866
27841	18.374851695481087	18.374851695481087
38922	8.716312772721349	8.716312772721349
26883	5.964808441139255	5.964808441139255
18905	10.022977656560506	10.022977656560506
2814	2.6655521935438014	2.6655521935438014
32042	16.062541603882746	16.062541603882746
19660	14.968646410280652	14.968646410280652
20477	16.28672913336409	16.28672913336409
39151	6.294143023951381	6.294143023951381
19285	11.179323724280033	11.179323724280033
13838	9.968015507144635	9.968015507144635
25366	15.171874574980071	15.171874574980071
42576	12.14338333501075	12.14338333501075
17717	13.81722724783141	13.81722724783141
3284	7.662885557610208	7.662885557610208
21838	10.083620635472364	10.083620635472364
35011	3.4989990007089906	3.4989990007089906
27318	2.0569512101064538	2.0569512101064538
16575	3.6154292861301554	3.6154292861301554
33719	9.781619566773573	9.781619566773573
43254	10.851263446783856	10.851263446783856
29420	4.683030292015305	4.683030292015305
8036	1.221380493730269	1.221380493730269
39143	4.8438799680170925	4.8438799680170925
10363	2.902658228487005	2.902658228487005
21621	3.1331606882750638	3.1331606882750638
24842	23.037107068990238	23.037107068990238
42387	18.782233534616086	18.782233534616086
30914	14.396769371469713	14.396769371469713
30994	19.21606465288562	19.21606465288562
12451	1.59356417651026	1.59356417651026
24697	23.14910870561898	23.14910870561898
25841	16.02884440452268	16.02884440452268
7849	7.037316554099656	7.037316554099656
16772	10.579263010675438	10.579263010675438
33433	15.566141261266358	15.566141261266358
6194	15.631028711733652	15.631028711733652
31539	8.987935705806807	8.987935705806807
28992	4.728242028008955	4.728242028008955
33920	9.842106224348235	9.842106224348235
4760	4.301446052257695	4.301446052257695
43384	1.0503358824018	1.0503358824018
25864	13.379969070279447	13.379969070279447
11020	5.056539099085536	5.056539099085536
2973	3.4684342387304006	3.4684342387304006
6651	2.6090635915163713	2.6090635915163713
11946	2.7515035225406215	2.7515035225406215
11216	5.154080198176542	5.154080198176542
6193	8.476932584816986	8.476932584816986
15914	10.370336754131403	10.370336754131403
12371	4.5080993297843435	4.5080993297843435
44327	10.799649877918426	10.799649877918426
23581	29.267696721135245	29.267696721135245
41252	8.42631813522694	8.42631813522694
10384	20.244292260408372	20.244292260408372
41576	11.752048765148283	11.752048765148283
35303	9.76533634663003	9.76533634663003
32892	3.0587017426808707	3.0587017426808707
2787	1.855034599349267	1.855034599349267
39594	12.366641402248469	12.366641402248469
7475	4.3753619685959695	4.3753619685959695
2840	0.9296848903681818	0.9296848903681818
9429	18.669855685371818	18.669855685371818
41167	8.438569778445903	8.438569778445903
26104	4.476957355150979	4.476957355150979
30881	5.976520651538464	5.976520651538464
34665	4.030196667290318	4.030196667290318
12643	18.25128242783199	18.25128242783199
33137	30.57917458279388	30.57917458279388
35562	12.84483417700256	12.84483417700256
45441	4.203892566537673	4.203892566537673
26445	18.823680726115168	18.823680726115168
43230	4.122141675105606	4.122141675105606
6002	11.263893117153309	11.263893117153309
24202	5.350936381050863	5.350936381050863
6000	5.61817605222239	5.61817605222239
17146	8.958380959167222	8.958380959167222
28515	7.1599877760731	7.1599877760731
5230	2.860078417501785	2.860078417501785
7879	1.9960253816948144	1.9960253816948144
26753	3.6405539771803053	3.6405539771803053
16728	10.82923439303299	10.82923439303299
13389	13.05770933265617	13.05770933265617
18514	11.200562424511109	11.200562424511109
17686	3.149254588424797	3.149254588424797
6285	10.649567921953285	10.649567921953285
15338	1.5272421568587973	1.5272421568587973
18696	11.642205415389332	11.642205415389332
20504	0.6107930958421299	0.6107930958421299
22493	9.784410265302125	9.784410265302125
14769	3.7123136353801423	3.7123136353801423
15366	21.298506495211843	21.298506495211843
13832	10.252775062565364	10.252775062565364
12203	23.28568922055051	23.28568922055051
16799	5.94389088827783	5.94389088827783
22451	2.813816212698894	2.813816212698894
10924	21.622784636196105	21.622784636196105
6729	8.31710746601534	8.31710746601534
30125	0.38497760028671646	0.38497760028671646
34854	23.450850986826044	23.450850986826044
32400	5.022938246095987	5.022938246095987
13476	2.8931618320434036	2.8931618320434036
9459	6.267409869488175	6.267409869488175
8133	9.102802412129922	9.102802412129922
36360	6.881284136180169	6.881284136180169
2459	3.1493772531025854	3.1493772531025854
17363	5.592100886520845	5.592100886520845
39048	5.144179762578061	5.144179762578061
45068	10.41184710692593	10.41184710692593
43161	15.13085590985778	15.13085590985778
17364	12.171179978623801	12.171179978623801
25730	12.625215625294352	12.625215625294352
20727	14.178899382162829	14.178899382162829
810	8.878464329123535	8.878464329123535
19456	21.959553185248883	21.959553185248883
15799	4.555911175851113	4.555911175851113
32313	0.433103319288092	0.433103319288092
16155	1.8571566979830338	1.8571566979830338
17283	24.324593239670907	24.324593239670907
19843	4.273710682096873	4.273710682096873
12644	1.477533075714069	1.477533075714069
31128	13.266905132048274	13.266905132048274
24286	18.496991072926846	18.496991072926846
21585	6.15765454084894	6.15765454084894
36728	0.8765987308264815	0.8765987308264815
5680	4.209379300856052	4.209379300856052
23518	19.312535816481752	19.312535816481752
18620	25.871159093953136	25.871159093953136
34817	16.118837693292456	16.118837693292456
36416	2.8218104318503348	2.8218104318503348
28780	2.555413796615462	2.555413796615462
4462	6.239588801312667	6.239588801312667
30787	5.184343298027998	5.184343298027998
22646	21.327398039182373	21.327398039182373
45435	6.277580989316403	6.277580989316403
12370	9.056653337903336	9.056653337903336
15041	2.7696338038047794	2.7696338038047794
25903	11.141211709300505	11.141211709300505
28833	1.9562001060046734	1.9562001060046734
21523	1.722327341452376	1.722327341452376
3951	11.309386774409958	11.309386774409958
31986	19.21543019930806	19.21543019930806
557	21.10405533736284	21.10405533736284
27445	3.310218042016827	3.310218042016827
5144	7.597703484043523	7.597703484043523
15264	9.945911867255862	9.945911867255862
4759	7.891224697387194	7.891224697387194
5118	20.88699935720588	20.88699935720588
42087	12.330914653954375	12.330914653954375
41283	15.427292403381706	15.427292403381706
41308	21.687960533615122	21.687960533615122
13976	8.774362125715514	8.774362125715514
2387	15.822522535749757	15.822522535749757
27597	14.61028124082795	14.61028124082795
38990	21.573361867736914	21.573361867736914
16661	15.39326098803791	15.39326098803791
23770	16.245103765525037	16.245103765525037
5974	5.392791977829141	5.392791977829141
5391	2.002392404297864	2.002392404297864
2504	12.2783571822961	12.2783571822961
9692	11.61117746741731	11.61117746741731
29617	15.287919378159351	15.287919378159351
37155	9.670754992210526	9.670754992210526
17739	10.332347221144444	10.332347221144444
8079	18.506758243806292	18.506758243806292
32167	15.468474862725476	15.468474862725476
45174	8.759662754774288	8.759662754774288
42932	15.78809657289189	15.78809657289189
16254	9.677137576975507	9.677137576975507
8078	4.674020571381066	4.674020571381066
5791	25.711927201894	25.711927201894
1775	7.413275828305297	7.413275828305297
6217	17.177985664147155	17.177985664147155
25264	12.69164932981985	12.69164932981985
25769	7.484602276799597	7.484602276799597
1873	7.890762041690016	7.890762041690016
19748	0.9783216294520258	0.9783216294520258
8832	12.818688692953781	12.818688692953781
13570	14.600832443580261	14.600832443580261
19664	2.5256637922374794	2.5256637922374794
34507	34.04486816494047	34.04486816494047
847	0.7848868821834714	0.7848868821834714
38691	3.77470073532124	3.77470073532124
10410	0.562943691491081	0.562943691491081
28669	1.4445664685788389	1.4445664685788389
8126	20.011020624257874	20.011020624257874
23263	3.30085598241076	3.30085598241076
11604	5.107716432046651	5.107716432046651
22489	5.036766266697125	5.036766266697125
4471	8.837150925638367	8.837150925638367
25022	5.617679078839528	5.617679078839528
38272	19.726771619136656	19.726771619136656
24168	4.076988134713529	4.076988134713529
38394	1.4529572902905326	1.4529572902905326
45451	5.500864181116628	5.500864181116628
21891	22.750144223076607	22.750144223076607
36320	13.784810134792139	13.784810134792139
24934	13.370939468002149	13.370939468002149
25368	3.468180853606645	3.468180853606645
35472	2.2635363865551423	2.2635363865551423
13698	15.521558049215207	15.521558049215207
25167	22.533550268914958	22.533550268914958
22716	10.808698853154215	10.808698853154215
31681	2.2884566899895957	2.2884566899895957
16666	7.738154850392808	7.738154850392808
33987	14.921424170766826	14.921424170766826
42669	0.04802028966205896	0.04802028966205896
31133	12.616618276681027	12.616618276681027
1308	7.656364618678375	7.656364618678375
15445	4.5353161384575955	4.5353161384575955
6353	9.581277029523077	9.581277029523077
38589	12.760273294042214	12.760273294042214
44914	2.016556466805803	2.016556466805803
13776	28.72749746760426	28.72749746760426
35200	20.14733649104405	20.14733649104405
8333	12.554836040994882	12.554836040994882
10622	0.6655057419037727	0.6655057419037727
11693	7.891671653308192	7.891671653308192
25486	5.538569087593718	5.538569087593718
33605	7.808388809040857	7.808388809040857
9862	4.779263509907099	4.779263509907099
32337	16.503957348958885	16.503957348958885
757	13.172491730491073	13.172491730491073
14229	6.766158197053773	6.766158197053773
42201	10.097650529153785	10.097650529153785
42744	22.774457134025184	22.774457134025184
19780	23.135219538502042	23.135219538502042
39596	22.03823532640959	22.03823532640959
1417	16.717940576222095	16.717940576222095
34414	2.852999901289877	2.852999901289877
43841	11.95999354157627	11.95999354157627
929	28.109365544330338	28.109365544330338
14519	23.281176385778178	23.281176385778178
28032	4.1377248558657165	4.1377248558657165
16594	5.263089581269329	5.263089581269329
15266	3.046792632026155	3.046792632026155
3246	0.9259050525319399	0.9259050525319399
17482	5.261967925050517	5.261967925050517
2632	2.676119164959907	2.676119164959907
23517	7.538612094280716	7.538612094280716
3181	18.00715910232244	18.00715910232244
2849	13.41204144613799	13.41204144613799
27919	11.041221355846975	11.041221355846975
16664	24.917325828505906	24.917325828505906
26793	15.896028180288697	15.896028180288697
43414	9.560774439119239	9.560774439119239
24593	21.32798991903272	21.32798991903272
9260	8.325649415277123	8.325649415277123
30258	8.316426014858749	8.316426014858749
4715	2.993898418866307	2.993898418866307
41744	7.153246178870537	7.153246178870537
40119	5.651760801486925	5.651760801486925
42555	1.7953308704157331	1.7953308704157331
28163	16.613503155406896	16.613503155406896
36698	6.117698886061854	6.117698886061854
26226	17.100800794838094	17.100800794838094
2176	3.9922928857744897	3.9922928857744897
26758	3.9339677112165132	3.9339677112165132
20429	21.21758452141913	21.21758452141913
29950	6.07378575292809	6.07378575292809
27450	4.892210797256465	4.892210797256465
33847	2.0427512509755372	2.0427512509755372
12535	2.4062518061444287	2.4062518061444287
24241	11.55636659378373	11.55636659378373
29348	24.248505780257382	24.248505780257382
17098	10.185158438040391	10.185158438040391
38797	4.810189119822033	4.810189119822033
5660	1.8945764384870856	1.8945764384870856
33240	13.954597491248027	13.954597491248027
7358	10.656227654617897	10.656227654617897
931	29.861249368243342	29.861249368243342
5454	1.8392152814760805	1.8392152814760805
11404	10.56243304076148	10.56243304076148
10485	20.418883325296434	20.418883325296434
44487	12.294549438175448	12.294549438175448
22027	5.34885763070443	5.34885763070443
4411	0.5566245723524919	0.5566245723524919
10788	14.217279013827	14.217279013827
24990	13.82287759327732	13.82287759327732
12753	6.140054177781981	6.140054177781981
16192	5.268841321482816	5.268841321482816
9910	5.19553241556266	5.19553241556266
4920	23.075527077949097	23.075527077949097
41020	24.861597380876127	24.861597380876127
32312	23.088755122077718	23.088755122077718
9424	9.217810469373047	9.217810469373047
42000	0.9739531556984584	0.9739531556984584
15971	16.25800136641091	16.25800136641091
36894	22.609890738934766	22.609890738934766
7106	4.947887528648198	4.947887528648198
16604	4.145081246483647	4.145081246483647
32921	21.561683062298407	21.561683062298407
18398	0.40646732302004374	0.40646732302004374
25640	6.996268063409404	6.996268063409404
2945	1.238634393805814	1.238634393805814
32623	8.684385237601493	8.684385237601493
37295	9.872411718655771	9.872411718655771
12292	5.0363821091826635	5.0363821091826635
26012	12.075216884795053	12.075216884795053
812	12.921327743294755	12.921327743294755
7059	7.2718610942662565	7.2718610942662565
25450	3.949597558605517	3.949597558605517
16822	1.9765479031027082	1.9765479031027082
37455	17.81745842329468	17.81745842329468
10235	1.713292947321004	1.713292947321004
15003	0.06511770583964882	0.06511770583964882
36835	24.90569457327636	24.90569457327636
11432	3.9593461871180713	3.9593461871180713
225	3.3522315199230412	3.3522315199230412
31890	13.727120951512909	13.727120951512909
40527	3.5648219022671155	3.5648219022671155
4644	15.745153784326886	15.745153784326886
3713	14.745633386065576	14.745633386065576
13873	13.160484647530666	13.160484647530666
24126	1.891581171673773	1.891581171673773
19985	11.833299699834054	11.833299699834054
29023	3.8461114747324263	3.8461114747324263
35930	5.783017542939981	5.783017542939981
4548	9.943890208422761	9.943890208422761
28185	4.018860702007375	4.018860702007375
6426	24.49979740724451	24.49979740724451
26194	1.7958377339131184	1.7958377339131184
23497	1.1168791613406563	1.1168791613406563
27128	33.94888936201894	33.94888936201894
123	13.036795224539828	13.036795224539828
23618	5.255382586507725	5.255382586507725
11736	26.761826283892415	26.761826283892415
29313	15.54269136026666	15.54269136026666
29547	2.016620637790365	2.016620637790365
10739	7.568599375069037	7.568599375069037
33785	3.9055331158274513	3.9055331158274513
3867	9.853423910179343	9.853423910179343
7317	3.9081339084615	3.9081339084615
16160	13.830631493682912	13.830631493682912
33843	1.5768459573787785	1.5768459573787785
36071	11.582426700241836	11.582426700241836
3950	3.5403547445826895	3.5403547445826895
6279	4.367454653006635	4.367454653006635
37488	1.095965744795555	1.095965744795555
43812	2.2787225722117963	2.2787225722117963
20724	23.37188370845801	23.37188370845801
17048	9.999475118017257	9.999475118017257
37860	10.821681812774104	10.821681812774104
601	14.080467170547452	14.080467170547452
40933	14.782080857031215	14.782080857031215
38043	14.87188659454639	14.87188659454639
15858	11.456290133372871	11.456290133372871
28723	8.818073580772815	8.818073580772815
20654	10.600299777800348	10.600299777800348
10118	9.699426939718649	9.699426939718649
28869	3.8635681801595068	3.8635681801595068
14541	13.56565897218988	13.56565897218988
32858	6.437817088613247	6.437817088613247
26791	6.804734556558078	6.804734556558078
11433	8.483164926048081	8.483164926048081
2660	7.966774639466919	7.966774639466919
16550	8.992096000618467	8.992096000618467
2846	14.987509097294959	14.987509097294959
11540	1.1702485012739956	1.1702485012739956
2265	8.933055080555322	8.933055080555322
20370	12.563480869201213	12.563480869201213
45438	3.766874196829594	3.766874196829594
17592	13.997608685499689	13.997608685499689
18843	10.32894722995337	10.32894722995337
38671	11.417379615224844	11.417379615224844
9110	15.395388650652732	15.395388650652732
42758	13.315538445643403	13.315538445643403
36173	5.230367178565238	5.230367178565238
32284	21.903947616092196	21.903947616092196
33303	10.433819986018129	10.433819986018129
14593	16.70126153601853	16.70126153601853
43732	19.43642486610341	19.43642486610341
40553	5.830479834457207	5.830479834457207
21680	14.941986958331892	14.941986958331892
22454	7.298083745918765	7.298083745918765
43141	6.54987395280098	6.54987395280098
4495	23.638877145592993	23.638877145592993
23348	2.7236105207645736	2.7236105207645736
1246	12.037401812125896	12.037401812125896
1965	11.05306059645051	11.05306059645051
32626	4.000829336486383	4.000829336486383
25399	19.718894366538294	19.718894366538294
31687	21.695598575686766	21.695598575686766
35840	0.22471876392988666	0.22471876392988666
6121	16.05805086926817	16.05805086926817
10097	15.205884657140187	15.205884657140187
32374	18.872293624001443	18.872293624001443
10049	1.9458736487864274	1.9458736487864274
41996	8.345660613668953	8.345660613668953
32315	6.799090519609152	6.799090519609152
20855	14.89641051625003	14.89641051625003
17093	9.164999301256842	9.164999301256842
4130	17.150756032527756	17.150756032527756
19810	6.358621498817218	6.358621498817218
32888	7.41642546824156	7.41642546824156
23649	15.065509670531984	15.065509670531984
28751	7.148125560355272	7.148125560355272
10512	10.777446203425752	10.777446203425752
5044	8.110219897472193	8.110219897472193
23295	9.846775660147944	9.846775660147944
1386	19.750978960262586	19.750978960262586
31763	0.4124616448518603	0.4124616448518603
45071	3.7092864372202587	3.7092864372202587
2291	5.994169270401674	5.994169270401674
31136	4.744409309042109	4.744409309042109
24600	11.531198729358941	11.531198729358941
24059	5.036772968723527	5.036772968723527
27227	14.722666364140292	14.722666364140292
35965	11.531543810963484	11.531543810963484
2634	19.200037560098075	19.200037560098075
14225	6.909438768488101	6.909438768488101
3503	9.713334663210164	9.713334663210164
24455	9.519958577378496	9.519958577378496
27061	6.4458109176982745	6.4458109176982745
1730	12.541815215589851	12.541815215589851
16281	14.828571226816804	14.828571226816804
30028	11.818473748593387	11.818473748593387
24809	13.898708711250755	13.898708711250755
10516	0.15445664678816584	0.15445664678816584
15482	13.293737837817943	13.293737837817943
5334	28.52090192242684	28.52090192242684
28307	4.927793640364638	4.927793640364638
10673	22.899861893317535	22.899861893317535
14273	4.511475919773138	4.511475919773138
25267	15.267862858546833	15.267862858546833
10120	22.522729550672167	22.522729550672167
32307	6.154490998339118	6.154490998339118
5563	16.138960739167857	16.138960739167857
23123	23.602557547056524	23.602557547056524
37768	7.06259339367939	7.06259339367939
16026	16.471331858352478	16.471331858352478
17145	12.15456034104638	12.15456034104638
31282	6.852852563702728	6.852852563702728
33752	1.5890942414136027	1.5890942414136027
4520	3.936827821028687	3.936827821028687
32311	6.822384402030442	6.822384402030442
11720	3.4953635849456353	3.4953635849456353
40246	4.157186869428829	4.157186869428829
41208	0.5895439893791519	0.5895439893791519
40038	12.982440833745587	12.982440833745587
28420	2.4191512551850094	2.4191512551850094
5364	10.148991840662465	10.148991840662465
3673	9.916551805342344	9.916551805342344
4572	19.218940165212203	19.218940165212203
17365	9.208387820984536	9.208387820984536
5830	12.929806736574113	12.929806736574113
27031	8.935716210474638	8.935716210474638
29355	5.08925291887879	5.08925291887879
31417	1.4112753204704638	1.4112753204704638
6934	10.173088708366514	10.173088708366514
14170	11.958318785783764	11.958318785783764
19961	11.494174637274543	11.494174637274543
41998	0.43458113981858215	0.43458113981858215
23203	3.4717230992180657	3.4717230992180657
5480	4.684717400226698	4.684717400226698
2553	5.978865258947305	5.978865258947305
32277	3.4740238206551046	3.4740238206551046
13625	6.013546054265075	6.013546054265075
4581	20.212829318722388	20.212829318722388
28892	4.984033476175372	4.984033476175372
22928	18.37181014356905	18.37181014356905
2850	32.97681104504451	32.97681104504451
17770	2.7511166289659745	2.7511166289659745
35010	10.28565711216953	10.28565711216953
2923	4.3023793051428925	4.3023793051428925
34661	23.186394144963472	23.186394144963472
36515	4.588418640009694	4.588418640009694
3268	16.56896450860664	16.56896450860664
44476	19.555943176401193	19.555943176401193
42045	0.9221242265113059	0.9221242265113059
15187	10.706890130283973	10.706890130283973
24096	10.762103864115474	10.762103864115474
44297	1.1509858453514092	1.1509858453514092
41524	1.276106153292258	1.276106153292258
10240	17.752975993297646	17.752975993297646
11079	7.820414172122289	7.820414172122289
10509	1.2551049662289016	1.2551049662289016
44414	19.685061404074	19.685061404074
22806	8.593213983995403	8.593213983995403
3138	15.43156851063915	15.43156851063915
45004	6.493490840299507	6.493490840299507
32335	2.598230748112811	2.598230748112811
40497	23.329443145108225	23.329443145108225
38454	2.3338927665159432	2.3338927665159432
13190	11.309269072050382	11.309269072050382
31852	5.600281771767397	5.600281771767397
21861	11.000841768400857	11.000841768400857
38864	11.878980777637853	11.878980777637853
4797	9.382200309023302	9.382200309023302
11776	4.032248741438924	4.032248741438924
2420	5.708000928017602	5.708000928017602
13835	4.781102327769318	4.781102327769318
11898	9.571341768533003	9.571341768533003
4522	5.311657437184375	5.311657437184375
30536	8.891228199214456	8.891228199214456
8429	16.710644629180813	16.710644629180813
3081	6.91851849335814	6.91851849335814
1101	6.868266091851046	6.868266091851046
29390	7.452595557516777	7.452595557516777
16658	9.063494950950824	9.063494950950824
20197	4.5231230287878645	4.5231230287878645
16025	8.471237526283325	8.471237526283325
45376	4.612232434918628	4.612232434918628
22118	9.64630017717926	9.64630017717926
16824	3.7759372336115202	3.7759372336115202
43355	3.4545828578967184	3.4545828578967184
19749	13.031096464971311	13.031096464971311
8204	3.6902344853214464	3.6902344853214464
12889	13.783893605185984	13.783893605185984
26501	22.82353598274393	22.82353598274393
32489	3.396140874321132	3.396140874321132
39975	8.619843797247292	8.619843797247292
15236	6.903166017850371	6.903166017850371
7545	18.76154969673845	18.76154969673845
13750	2.9888946506450473	2.9888946506450473
16154	5.315058179015336	5.315058179015336
7104	45.831584819684394	45.831584819684394
28717	9.285727255036832	9.285727255036832
21522	2.1884407942202557	2.1884407942202557
14169	9.410423274201882	9.410423274201882
40795	1.2774569739549135	1.2774569739549135
13626	1.384837620536791	1.384837620536791
14300	5.170364894301902	5.170364894301902
9216	17.32558575523999	17.32558575523999
37676	1.9129910919656314	1.9129910919656314
24882	0.39562538932839253	0.39562538932839253
3707	8.105081861742374	8.105081861742374
43382	9.983026187317343	9.983026187317343
9787	4.044654739274186	4.044654739274186
16571	12.269631552555715	12.269631552555715
3712	3.250859512051572	3.250859512051572
13510	28.22237296284397	28.22237296284397
9618	10.179728785124402	10.179728785124402
17633	3.7530267169747953	3.7530267169747953
14492	3.699686570244214	3.699686570244214
32071	12.788819006106529	12.788819006106529
20589	1.5254111232257772	1.5254111232257772
6759	17.140771264849256	17.140771264849256
3780	5.426188011565402	5.426188011565402
18206	7.839489106997793	7.839489106997793
45213	7.49446151966478	7.49446151966478
13063	2.6712278053426335	2.6712278053426335
28482	9.898489706148336	9.898489706148336
5072	32.170213434478256	32.170213434478256
36594	15.896133984993757	15.896133984993757
20539	5.923141167926884	5.923141167926884
17182	0.02776249063193781	0.02776249063193781
5503	0.3336836421998939	0.3336836421998939
29842	19.867526424741907	19.867526424741907
18180	1.2672522139406848	1.2672522139406848
9377	7.927906202481273	7.927906202481273
19665	23.020701295963363	23.020701295963363
40642	1.549269297178582	1.549269297178582
16689	27.662037300443494	27.662037300443494
45409	3.7455477556559456	3.7455477556559456
38041	8.993329484153644	8.993329484153644
11940	6.724020565989312	6.724020565989312
5048	11.886381141836237	11.886381141836237
24124	7.184531042898549	7.184531042898549
32590	2.346134520635368	2.346134520635368
23708	2.0208368870615083	2.0208368870615083
1328	26.50909131206503	26.50909131206503
31533	5.063705129466835	5.063705129466835
36732	3.0481429825168944	3.0481429825168944
14301	4.124106419333067	4.124106419333067
28212	2.7097843142802334	2.7097843142802334
15055	1.2978648087502913	1.2978648087502913
10965	41.64260845051297	41.64260845051297
2108	19.30680411342567	19.30680411342567
32018	16.223365481909656	16.223365481909656
17690	3.325360781348416	3.325360781348416
36518	1.1354198460475535	1.1354198460475535
41826	8.978715242174252	8.978715242174252
15333	12.51757409211283	12.51757409211283
15259	7.231908556302725	7.231908556302725
11183	5.095072891058615	5.095072891058615
42386	0.48899659695427733	0.48899659695427733
17475	9.390963118207022	9.390963118207022
398	13.24316814155347	13.24316814155347
15570	28.931430501703982	28.931430501703982
21387	7.279425388488718	7.279425388488718
9812	6.610713586298763	6.610713586298763
20019	1.3616880870593158	1.3616880870593158
15341	13.880356635593486	13.880356635593486
3401	1.3460330097837794	1.3460330097837794
2689	20.27145833261806	20.27145833261806
24631	17.93911411168594	17.93911411168594
9667	8.155432128691537	8.155432128691537
37460	5.8275344272293745	5.8275344272293745
5583	1.736124029906978	1.736124029906978
206	13.186978366593566	13.186978366593566
23272	10.489699598968585	10.489699598968585
14482	14.689813058571302	14.689813058571302
207	7.941741792342468	7.941741792342468
13089	10.837643757561878	10.837643757561878
6885	22.513098953993	22.513098953993
40958	16.31943140848408	16.31943140848408
35933	5.740517945337079	5.740517945337079
37462	1.1772816212933201	1.1772816212933201
8104	6.823529436567915	6.823529436567915
34449	1.974058598734266	1.974058598734266
13903	9.213014863214697	9.213014863214697
23766	14.726850071288634	14.726850071288634
30749	5.411947877390161	5.411947877390161
35263	2.935732698300604	2.935732698300604
14167	8.622240348352578	8.622240348352578
41042	12.352930267815495	12.352930267815495
29778	18.538126348050874	18.538126348050874
16900	5.203685807606158	5.203685807606158
6652	17.37602406291129	17.37602406291129
43789	8.573112049985324	8.573112049985324
17281	7.703723945468213	7.703723945468213
7084	8.148784142557556	8.148784142557556
11377	7.876505767537728	7.876505767537728
42955	14.815164210524589	14.815164210524589
17357	2.168680665737776	2.168680665737776
26009	16.942041108222156	16.942041108222156
31987	8.865659222031656	8.865659222031656
23844	16.071547543804268	16.071547543804268
40474	3.340620098510385	3.340620098510385
8939	10.465244371989144	10.465244371989144
11468	5.128939990988252	5.128939990988252
42223	16.711343373046073	16.711343373046073
25403	8.587294646200114	8.587294646200114
16976	2.6756368877147967	2.6756368877147967
22694	23.11358084673342	23.11358084673342
1163	0.3917872722633522	0.3917872722633522
45085	15.02132628653201	15.02132628653201
39936	4.3238031840051585	4.3238031840051585
32219	7.452101812762777	7.452101812762777
8040	13.496183379981442	13.496183379981442
17403	0.5636481303045509	0.5636481303045509
41783	10.088407950190454	10.088407950190454
39516	1.860597340366139	1.860597340366139
31503	9.553115453893337	9.553115453893337
16189	7.198071784674553	7.198071784674553
34233	4.292860618236719	4.292860618236719
30255	13.55329051391382	13.55329051391382
33866	0.17928001307085673	0.17928001307085673
19539	12.550358734612121	12.550358734612121
12671	1.9650092614626118	1.9650092614626118
39411	34.02402610410612	34.02402610410612
13087	1.6104131264845343	1.6104131264845343
10643	14.902619245247546	14.902619245247546
22809	23.128043963689343	23.128043963689343
36361	14.126983867704867	14.126983867704867
41145	15.80560967913922	15.80560967913922
36699	13.891554354658014	13.891554354658014
4846	15.444773141013124	15.444773141013124
17094	3.2493943432638766	3.2493943432638766
25175	0.33112395031356723	0.33112395031356723
39438	5.511783103151751	5.511783103151751
36105	25.39168666669464	25.39168666669464
13364	7.818513024798983	7.818513024798983
26880	2.854303852426541	2.854303852426541
14832	12.840802557496033	12.840802557496033
41233	5.748098436178745	5.748098436178745
20055	8.733960100814326	8.733960100814326
6147	0.38287605391751534	0.38287605391751534
19930	6.347812077836068	6.347812077836068
1303	14.271484591079597	14.271484591079597
40421	14.98423175563341	14.98423175563341
555	4.940981720376835	4.940981720376835
9193	4.192387682896367	4.192387682896367
4971	3.71489346481659	3.71489346481659
11899	7.914903621685709	7.914903621685709
42271	8.492978699501524	8.492978699501524
9857	4.114648296405327	4.114648296405327
37326	14.2780001111126	14.2780001111126
17366	12.095663669923141	12.095663669923141
25230	4.399300771394115	4.399300771394115
21426	13.647341259621102	13.647341259621102
22112	4.45213328608741	4.45213328608741
10367	1.5705704065877368	1.5705704065877368
4463	1.7314167417391224	1.7314167417391224
22616	16.305329274615872	16.305329274615872
30821	10.131639978307	10.131639978307
19304	0.014667958236091572	0.014667958236091572
35592	1.3475666274631113	1.3475666274631113
20056	1.1979336196531625	1.1979336196531625
42714	11.734580651699316	11.734580651699316
23524	23.66874358962386	23.66874358962386
1691	15.470455726282582	15.470455726282582
15022	5.295018966019432	5.295018966019432
34482	11.19385460357091	11.19385460357091
41918	27.641721164359065	27.641721164359065
25102	5.706529463848917	5.706529463848917
33684	3.6813342165306917	3.6813342165306917
36966	7.314830014454472	7.314830014454472
29080	9.132625858256578	9.132625858256578
28115	13.106841642989757	13.106841642989757
19723	8.195650426381052	8.195650426381052
29923	17.24793978772723	17.24793978772723
19372	22.42024159124	22.42024159124
7197	2.8549169357910467	2.8549169357910467
24242	1.2558432212730368	1.2558432212730368
3924	24.684963391047894	24.684963391047894
18085	3.3532096918701244	3.3532096918701244
39547	2.0031095383099844	2.0031095383099844
13239	4.073673517211713	4.073673517211713
41523	5.931422913635349	5.931422913635349
15689	12.463116633552831	12.463116633552831
43229	15.924289671898112	15.924289671898112
824	11.834160738186624	11.834160738186624
34371	0.9194767818561438	0.9194767818561438
20659	10.935773251460693	10.935773251460693
5861	1.6665230258854598	1.6665230258854598
15771	23.26386825829079	23.26386825829079
12144	0.20080193961017923	0.20080193961017923
20372	8.425428913065163	8.425428913065163
2342	9.377234327114804	9.377234327114804
39687	16.115736085345684	16.115736085345684
4175	9.426741635271474	9.426741635271474
45052	5.264755181593464	5.264755181593464
31220	2.44182641900653	2.44182641900653
32370	5.279872754236175	5.279872754236175
37355	19.203740836478975	19.203740836478975
26280	14.093099214840933	14.093099214840933
512	7.533552393375419	7.533552393375419
31028	3.6481005234666126	3.6481005234666126
35497	21.73177343420496	21.73177343420496
8103	7.816117131852987	7.816117131852987
37214	5.204344973079026	5.204344973079026
82	4.435336689629393	4.435336689629393
34204	15.176100754247802	15.176100754247802
13275	10.490469629426386	10.490469629426386
8624	8.158963913674485	8.158963913674485
13986	7.2573546232028345	7.2573546232028345
41829	27.952538430242445	27.952538430242445
34660	14.496483246026301	14.496483246026301
13977	29.28757432628379	29.28757432628379
36288	10.841018105795825	10.841018105795825
29354	4.503874940123117	4.503874940123117
40210	9.513722788019658	9.513722788019658
17766	4.59050638718356	4.59050638718356
1687	14.316749516870255	14.316749516870255
13235	10.490026164756813	10.490026164756813
6005	25.265262522539736	25.265262522539736
36899	7.3009734662780295	7.3009734662780295
28450	1.3255690635021908	1.3255690635021908
8674	12.274367548303104	12.274367548303104
36795	0.8313930425277585	0.8313930425277585
3473	20.990188693536638	20.990188693536638
18556	21.31713030010482	21.31713030010482
40341	15.193411311661581	15.193411311661581
560	3.1922238030362537	3.1922238030362537
8150	4.3500067736317645	4.3500067736317645
37253	8.533435176026167	8.533435176026167
8394	5.252781656124455	5.252781656124455
683	10.004689566519128	10.004689566519128
23179	5.700039859086535	5.700039859086535
26641	0.9657526993247121	0.9657526993247121
44485	23.88253396154576	23.88253396154576
22812	4.483176266919229	4.483176266919229
14744	1.452703815619984	1.452703815619984
36619	11.16067954053523	11.16067954053523
1456	2.224429193472375	2.224429193472375
339	3.6880741205984053	3.6880741205984053
3674	1.2524148406202826	1.2524148406202826
15888	10.370978609834197	10.370978609834197
30628	6.00246894706257	6.00246894706257
34939	2.538990955951475	2.538990955951475
21892	23.2342036413355	23.2342036413355
37952	1.7439032446521203	1.7439032446521203
1966	8.299442358723041	8.299442358723041
23525	25.877690317722426	25.877690317722426
2338	7.8342516971214105	7.8342516971214105
44769	3.1758186405063467	3.1758186405063467
17207	10.53240048675056	10.53240048675056
39221	8.35187518446972	8.35187518446972
36136	6.615224329704485	6.615224329704485
32555	4.385276245804519	4.385276245804519
26228	0.39741803505637296	0.39741803505637296
21973	11.827338182721215	11.827338182721215
8699	12.619327247326204	12.619327247326204
16789	0.06310453714397113	0.06310453714397113
26533	2.5783929625554327	2.5783929625554327
2183	19.62868497013282	19.62868497013282
2904	4.82126146567441	4.82126146567441
30911	4.709024749722523	4.709024749722523
35014	8.784588596334135	8.784588596334135
7965	6.802601670959893	6.802601670959893
17737	4.410132747049446	4.410132747049446
44631	9.215209708964771	9.215209708964771
11571	8.605157098953482	8.605157098953482
24131	33.02257846849017	33.02257846849017
37922	5.216588159494356	5.216588159494356
10812	3.005257771569413	3.005257771569413
37892	3.49962516665531	3.49962516665531
16876	6.012216236744857	6.012216236744857
2366	8.89810689893552	8.89810689893552
36829	5.122408699233282	5.122408699233282
19576	12.870237759914751	12.870237759914751
14629	8.728844961065505	8.728844961065505
15001	9.059975615108177	9.059975615108177
481	2.617749811112974	2.617749811112974
11187	12.83131737293274	12.83131737293274
35125	4.002570715297632	4.002570715297632
13545	3.583191043120301	3.583191043120301
21307	3.88017876606762	3.88017876606762
40450	7.812913745016303	7.812913745016303
41470	7.621590334322447	7.621590334322447
37916	17.81651833475657	17.81651833475657
16850	10.25758104260505	10.25758104260505
5807	2.5889021678198376	2.5889021678198376
43987	5.426637916366636	5.426637916366636
38765	0.9575444401503024	0.9575444401503024
662	4.312796522969337	4.312796522969337
26504	8.206443154946038	8.206443154946038
42547	1.8699924974476057	1.8699924974476057
170	6.219265663957313	6.219265663957313
8335	24.883403108000167	24.883403108000167
7338	22.849054436326963	22.849054436326963
7080	21.094907015278373	21.094907015278373
43446	5.636249416005879	5.636249416005879
16213	5.003419620768148	5.003419620768148
5532	3.468723078991604	3.468723078991604
30372	14.011248406005578	14.011248406005578
18117	4.080320071073956	4.080320071073956
20510	9.8397706002125	9.8397706002125
4575	13.685303519872196	13.685303519872196
7895	3.8281908981183026	3.8281908981183026
20502	6.509328958274402	6.509328958274402
11612	11.296987988661021	11.296987988661021
11795	10.426770899079653	10.426770899079653
36798	21.628195888634817	21.628195888634817
45072	12.569891184082572	12.569891184082572
6732	12.137917340017076	12.137917340017076
36567	7.998252567926375	7.998252567926375
7259	17.040608625480164	17.040608625480164
3671	19.777843847766228	19.777843847766228
21685	6.278084807580679	6.278084807580679
12621	17.915622714650347	17.915622714650347
27323	6.0038167618121125	6.0038167618121125
27448	1.5016872757525328	1.5016872757525328
27254	5.412593993613527	5.412593993613527
32946	2.7204011499541414	2.7204011499541414
5122	15.679505265283208	15.679505265283208
26751	14.631635341322486	14.631635341322486
25770	2.5997533202942376	2.5997533202942376
23528	8.719016452590127	8.719016452590127
29699	9.67117126028053	9.67117126028053
28864	22.453204834616805	22.453204834616805
9988	6.119589546297009	6.119589546297009
31981	6.865469293801908	6.865469293801908
17612	7.628026528420709	7.628026528420709
14362	6.083905579651279	6.083905579651279
45054	14.350607814301409	14.350607814301409
21767	20.359459023233498	20.359459023233498
12022	27.36613597331396	27.36613597331396
12272	3.855198831403297	3.855198831403297
30027	1.1142893717752846	1.1142893717752846
43625	17.489100770396924	17.489100770396924
12348	20.513114364506606	20.513114364506606
1929	7.808275875864853	7.808275875864853
11939	4.55660768652837	4.55660768652837
14727	7.981606774915074	7.981606774915074
23965	14.999433795785022	14.999433795785022
3800	1.9367518227304084	1.9367518227304084
10897	17.20460653162703	17.20460653162703
11975	2.3685419666575274	2.3685419666575274
33988	9.715686838769411	9.715686838769411
20225	8.057733921743754	8.057733921743754
5416	6.8070255093290575	6.8070255093290575
36004	22.562959852616487	22.562959852616487
7383	2.3511135313209146	2.3511135313209146
27345	3.698871835432125	3.698871835432125
43630	25.083902456380862	25.083902456380862
20507	6.848035610731957	6.848035610731957
7064	16.426998770953254	16.426998770953254
42266	18.699154204409606	18.699154204409606
7405	6.49033913573243	6.49033913573243
33882	12.801955645079381	12.801955645079381
42743	0.5231205228186333	0.5231205228186333
5437	3.390875145115402	3.390875145115402
45222	17.737228298215726	17.737228298215726
1926	4.721028599017793	4.721028599017793
30877	12.165259599688408	12.165259599688408
45008	10.877269986859101	10.877269986859101
45194	5.564791221099362	5.564791221099362
5166	16.553722544433306	16.553722544433306
3470	25.616009076794384	25.616009076794384
37251	8.873726653103112	8.873726653103112
10428	19.650998364592425	19.650998364592425
25233	2.2493555322838237	2.2493555322838237
28891	38.0718972939509	38.0718972939509
26005	1.5294279559043606	1.5294279559043606
7695	3.5455869119283476	3.5455869119283476
10373	8.471032212800907	8.471032212800907
414	19.758166142540226	19.758166142540226
11513	2.2793358203235585	2.2793358203235585
26670	4.176084453150875	4.176084453150875
25905	1.579722611974685	1.579722611974685
8560	19.12642567669561	19.12642567669561
13219	5.91200241196289	5.91200241196289
43508	22.16669207078908	22.16669207078908
5719	14.990356780715558	14.990356780715558
20827	15.258734127959537	15.258734127959537
8039	2.217927476366746	2.217927476366746
38239	9.143860083751736	9.143860083751736
28092	19.738285268555455	19.738285268555455
27525	0.7588997864855598	0.7588997864855598
33957	5.620036603571014	5.620036603571014
5727	7.819022904168387	7.819022904168387
40902	2.9451964777359727	2.9451964777359727
13112	7.122162583147305	7.122162583147305
10486	13.677534081753247	13.677534081753247
15623	6.475381488662261	6.475381488662261
24995	4.961646279026582	4.961646279026582
45207	2.439835505387684	2.439835505387684
14707	2.2308933994428353	2.2308933994428353
127	15.190546366421241	15.190546366421241
37828	18.07220502122436	18.07220502122436
8558	6.383228913811621	6.383228913811621
29804	2.7240608763889083	2.7240608763889083
32196	7.868875436405972	7.868875436405972
10811	14.255657715567505	14.255657715567505
12187	7.538529115130106	7.538529115130106
21972	11.46530886317579	11.46530886317579
13311	0.8594454949064874	0.8594454949064874
42884	9.220513906033021	9.220513906033021
43197	6.330696732360138	6.330696732360138
44176	21.663327333248404	21.663327333248404
11951	12.796184027619745	12.796184027619745
44800	9.347842315478381	9.347842315478381
2077	6.47519261662337	6.47519261662337
128	5.244373137565303	5.244373137565303
5363	14.29557781946639	14.29557781946639
9886	9.164969650074884	9.164969650074884
31952	1.260708323034053	1.260708323034053
16972	0.6079479244990331	0.6079479244990331
24283	14.605619246342588	14.605619246342588
14681	0.16420344467797499	0.16420344467797499
5462	3.4310200375564466	3.4310200375564466
15528	9.212694766076364	9.212694766076364
9714	7.120790698043553	7.120790698043553
31711	15.841672579262605	15.841672579262605
30818	4.102701207870238	4.102701207870238
36901	19.187035477123374	19.187035477123374
23084	1.0970033881452812	1.0970033881452812
11576	9.532083466170908	9.532083466170908
41282	4.334447975307758	4.334447975307758
29620	22.7945311178866	22.7945311178866
16410	8.653323712560969	8.653323712560969
29740	14.427318528734162	14.427318528734162
31591	8.001402580617295	8.001402580617295
3319	10.199868966894101	10.199868966894101
25899	13.192010549231405	13.192010549231405
42029	5.1461734496720295	5.1461734496720295
44835	1.4638806395508803	1.4638806395508803
35300	11.996000417233184	11.996000417233184
7957	18.165378511176772	18.165378511176772
38991	6.3316101604329695	6.3316101604329695
42502	8.82933225188517	8.82933225188517
28749	5.979355751440627	5.979355751440627
28809	7.715617836603634	7.715617836603634
35997	6.840286293011955	6.840286293011955
16843	19.814132549892978	19.814132549892978
484	13.11820570264066	13.11820570264066
41053	13.769079019924765	13.769079019924765
23706	23.07982738094395	23.07982738094395
24089	14.5771705964882	14.5771705964882
28187	8.359533245953454	8.359533245953454
12589	5.125362368110733	5.125362368110733
36201	10.98549564839956	10.98549564839956
12701	24.895856015155942	24.895856015155942
19171	3.898178130574823	3.898178130574823
22453	15.174840264887814	15.174840264887814
12188	9.678133830821544	9.678133830821544
4666	0.9533686425591217	0.9533686425591217
44554	22.62925120561883	22.62925120561883
34202	6.868452564172238	6.868452564172238
28249	14.618245373276403	14.618245373276403
23767	4.867464441420224	4.867464441420224
2363	8.067995726392084	8.067995726392084
34317	5.406521641243371	5.406521641243371
19135	8.782806077383665	8.782806077383665
29024	0.4175928054702567	0.4175928054702567
26174	22.53235475493635	22.53235475493635
37186	8.170353504879264	8.170353504879264
20253	0.5241632095271633	0.5241632095271633
23118	4.254399955669425	4.254399955669425
41717	17.17112500698307	17.17112500698307
41443	20.736215825445193	20.736215825445193
45133	6.813499834765718	6.813499834765718
17401	14.575897416044372	14.575897416044372
416	10.166904713656557	10.166904713656557
15145	13.521767290370757	13.521767290370757
4284	7.376164133984531	7.376164133984531
44359	3.3059981962143636	3.3059981962143636
13062	0.8559620146360629	0.8559620146360629
8279	5.869497773574869	5.869497773574869
35376	15.439401736501859	15.439401736501859
39292	5.945175892342545	5.945175892342545
6171	4.283827239766575	4.283827239766575
32860	0.8521040962387749	0.8521040962387749
17427	14.213282229585824	14.213282229585824
4442	2.9229004967542442	2.9229004967542442
42764	21.828644243665952	21.828644243665952
40211	1.0358360215840419	1.0358360215840419
22486	14.949784669014011	14.949784669014011
14701	9.449072754495756	9.449072754495756
37730	4.6879201246088815	4.6879201246088815
44177	17.02878609413886	17.02878609413886
26945	16.69123523230248	16.69123523230248
10407	2.094751610844443	2.094751610844443
39434	9.157754707778373	9.157754707778373
10172	8.242312564608824	8.242312564608824
26171	4.57222354431319	4.57222354431319
3582	9.843567231373015	9.843567231373015
7540	5.21379708450679	5.21379708450679
2944	11.233728577606662	11.233728577606662
740	6.145735268479118	6.145735268479118
32784	3.822870469187477	3.822870469187477
38100	12.887299507897465	12.887299507897465
37982	15.281291005731106	15.281291005731106
9861	31.517545305293094	31.517545305293094
2369	8.576642491933018	8.576642491933018
13330	20.080474343208724	20.080474343208724
10922	2.4977668435850915	2.4977668435850915
16212	6.680121806937621	6.680121806937621
22123	4.141831237515655	4.141831237515655
2733	13.360246867708698	13.360246867708698
9086	16.506198577208515	16.506198577208515
42718	6.534227125448394	6.534227125448394
45212	16.088231738877763	16.088231738877763
23820	10.945826691881319	10.945826691881319
6094	8.98996072102485	8.98996072102485
36480	13.085316890201643	13.085316890201643
43420	2.8928133378751886	2.8928133378751886
40472	1.3566672721610247	1.3566672721610247
42244	17.78179725227529	17.78179725227529
27452	16.479227964567986	16.479227964567986
38240	10.834435749094013	10.834435749094013
14525	15.861499472983676	15.861499472983676
20314	20.01189452852295	20.01189452852295
37428	2.7335693280401023	2.7335693280401023
39943	0.05624989456702867	0.05624989456702867
9264	0.41136477387800063	0.41136477387800063
24204	9.54068824446864	9.54068824446864
43016	16.528456892025474	16.528456892025474
34235	2.0725117186375597	2.0725117186375597
33380	3.9574369050570013	3.9574369050570013
6469	27.67876776381721	27.67876776381721
25974	19.37643730552655	19.37643730552655
1690	20.685954539837432	20.685954539837432
27713	8.75627916755893	8.75627916755893
14420	1.6217346948835782	1.6217346948835782
13958	8.679152523364156	8.679152523364156
43226	11.897057605351142	11.897057605351142
25235	1.9514616687767772	1.9514616687767772
18337	1.9929076861453652	1.9929076861453652
38198	10.772314549183362	10.772314549183362
2240	5.175571793501433	5.175571793501433
33690	4.203405817900835	4.203405817900835
37795	7.8483111128792675	7.8483111128792675
16472	19.40008275554117	19.40008275554117
38580	10.838937659388135	10.838937659388135
18212	19.728534972198855	19.728534972198855
17129	13.74339622019757	13.74339622019757
31652	2.922655468338692	2.922655468338692
45121	8.462305347662989	8.462305347662989
27159	6.0180652049914665	6.0180652049914665
2140	12.709041511484234	12.709041511484234
1418	17.576842163460643	17.576842163460643
34818	9.105355862054711	9.105355862054711
13842	14.412729920436155	14.412729920436155
42333	7.974037307839834	7.974037307839834
39084	23.599235475540993	23.599235475540993
37762	5.892766768071459	5.892766768071459
10035	24.59086763276202	24.59086763276202
21518	10.870662249457517	10.870662249457517
32375	1.5670069438531313	1.5670069438531313
13866	4.4891633189586475	4.4891633189586475
20699	5.524413127376508	5.524413127376508
41314	10.328403720247007	10.328403720247007
12911	16.074235597739893	16.074235597739893
6234	6.713674501723483	6.713674501723483
20361	16.550937525260682	16.550937525260682
23036	1.0332580196005385	1.0332580196005385
4055	18.137753521469293	18.137753521469293
40371	9.191414629072293	9.191414629072293
13537	0.97225049528992	0.97225049528992
31312	1.6796411927377135	1.6796411927377135
36964	6.191626146079354	6.191626146079354
26230	32.33075011697488	32.33075011697488
32073	4.659233972446849	4.659233972446849
40799	3.7756196835233244	3.7756196835233244
40882	11.076559993082999	11.076559993082999
14902	6.262446830728974	6.262446830728974
3829	4.106112545732713	4.106112545732713
2949	12.286212760732074	12.286212760732074
8261	4.238708459565796	4.238708459565796
22936	24.219477860218937	24.219477860218937
28359	25.127905665558355	25.127905665558355
43843	15.67584748022312	15.67584748022312
4261	12.421332662482408	12.421332662482408
17718	13.06171371039741	13.06171371039741
43836	8.62045314350123	8.62045314350123
23007	3.8419223647553062	3.8419223647553062
6092	13.027551446554796	13.027551446554796
18617	13.503354093057515	13.503354093057515
33682	9.94296313097632	9.94296313097632
35320	6.341565278607594	6.341565278607594
42184	16.020169757954882	16.020169757954882
34744	2.4556778722876844	2.4556778722876844
16930	6.924830961923848	6.924830961923848
42598	4.252798609589173	4.252798609589173
44121	8.583288497382265	8.583288497382265
24285	22.81867867866203	22.81867867866203
28941	5.344886409887939	5.344886409887939
35542	8.053800136934404	8.053800136934404
2537	19.55936148644922	19.55936148644922
40937	11.914502355458591	11.914502355458591
8838	17.75487418767244	17.75487418767244
38068	17.91615343074263	17.91615343074263
35498	29.971817884325755	29.971817884325755
4057	8.855585584762753	8.855585584762753
4967	2.792590049423645	2.792590049423645
10507	6.277946289319727	6.277946289319727
3405	25.634765483681324	25.634765483681324
20511	6.637726034634095	6.637726034634095
29995	4.003258523149898	4.003258523149898
26437	4.619178707484274	4.619178707484274
22884	0.021860019865338032	0.021860019865338032
36001	0.22477406084071472	0.22477406084071472
42048	8.810914225010475	8.810914225010475
16714	8.246247442935122	8.246247442935122
396	18.016797267572446	18.016797267572446
40901	12.808558050500112	12.808558050500112
27882	9.47643720811067	9.47643720811067
33101	8.506996560085009	8.506996560085009
4996	1.3531989268690792	1.3531989268690792
10830	2.741646492877245	2.741646492877245
3079	13.946961210026522	13.946961210026522
31646	10.435360694665945	10.435360694665945
14394	5.574507794343369	5.574507794343369
41214	9.203852541797307	9.203852541797307
39074	0.49725393794397643	0.49725393794397643
37700	21.4414376514687	21.4414376514687
31538	12.216943055458774	12.216943055458774
15859	7.263917814443854	7.263917814443854
19900	6.925941605732424	6.925941605732424
25758	2.597489057700556	2.597489057700556
37529	19.512327694106244	19.512327694106244
6283	9.319460187298251	9.319460187298251
31592	17.558269371169885	17.558269371169885
40030	22.946982163011327	22.946982163011327
26135	29.75624228771145	29.75624228771145
9262	16.681420416776046	16.681420416776046
19991	4.391450823884893	4.391450823884893
5390	9.955460036521066	9.955460036521066
17266	18.763517830583403	18.763517830583403
36702	1.5056699977345094	1.5056699977345094
14808	4.054939711884323	4.054939711884323
44726	8.615569464222679	8.615569464222679
37158	12.311195648934032	12.311195648934032
38271	12.20507469508539	12.20507469508539
8963	27.40801541295195	27.40801541295195
