ind	co1	co2
42784	4.391616757283555	4.391616757283555
8161	0.022487999000095297	0.022487999000095297
12398	0.01	0.01
42047	0.01	0.01
43565	1.141122367019562	1.141122367019562
32738	0.01	0.01
43503	0.010011954225708301	0.010011954225708301
17147	0.010000000000000085	0.010000000000000085
11950	0.01000000000067879	0.01000000000067879
25801	0.01	0.01
9213	0.01	0.01
1367	0.010000000000000049	0.010000000000000049
12019	0.01	0.01
34824	0.01	0.01
1640	0.01	0.01
10621	0.010006427805890937	0.010006427805890937
43290	0.010000000000684704	0.010000000000684704
24719	0.01	0.01
40120	0.01	0.01
20319	0.01	0.01
16210	0.010000168571916287	0.010000168571916287
44272	0.01002306984282127	0.01002306984282127
37698	0.01000082340394001	0.01000082340394001
10482	0.01	0.01
6930	0.01	0.01
16816	0.01	0.01
42241	0.01	0.01
13669	0.192976059116451	0.192976059116451
42450	0.01	0.01
31033	0.010000000003001684	0.010000000003001684
8887	0.01	0.01
4578	0.010000012989061882	0.010000012989061882
26443	0.01	0.01
4025	0.01	0.01
3402	0.01	0.01
5788	0.01	0.01
7020	0.01	0.01
35324	0.01	0.01
17760	0.010000173418598908	0.010000173418598908
31990	0.01	0.01
37825	0.010000000000000222	0.010000000000000222
41228	0.508020617651488	0.508020617651488
21148	0.010000003069596905	0.010000003069596905
31419	0.01	0.01
41517	0.010389627899579111	0.010389627899579111
9048	0.01	0.01
3608	0.01	0.01
33452	0.01	0.01
36763	0.18977575389019907	0.18977575389019907
1478	0.01	0.01
31027	0.01	0.01
20360	0.01	0.01
556	0.01000000000000056	0.01000000000000056
45010	0.01	0.01
39491	0.01	0.01
20948	0.01	0.01
9397	0.01	0.01
35596	0.01	0.01
27745	0.01	0.01
4218	0.01000000000025338	0.01000000000025338
34412	0.010000000000001284	0.010000000000001284
20597	0.01	0.01
32045	0.01	0.01
32783	0.010000000000000994	0.010000000000000994
39881	0.010000000000000035	0.010000000000000035
26165	0.010075112142487332	0.010075112142487332
17661	0.01	0.01
2159	0.9411963936525487	0.9411963936525487
7542	0.01	0.01
23620	0.012999193083215767	0.012999193083215767
15622	0.01	0.01
43350	0.01	0.01
16711	0.010000000000000018	0.010000000000000018
43356	0.01	0.01
45375	0.01	0.01
45421	0.010000980935956591	0.010000980935956591
17890	0.010000000000112906	0.010000000000112906
43194	0.01	0.01
32832	0.01	0.01
33307	0.01	0.01
3777	0.01	0.01
33840	0.01	0.01
45210	0.01	0.01
38669	0.01	0.01
9026	0.01	0.01
6149	0.01	0.01
3823	0.01	0.01
30417	0.01	0.01
31504	0.010000000000005425	0.010000000000005425
24993	0.010000000000197339	0.010000000000197339
20503	0.01	0.01
30252	0.010000011269266123	0.010000011269266123
510	0.01	0.01
18306	0.01	0.01
35539	0.01	0.01
29427	0.01000000000144931	0.01000000000144931
27806	0.01	0.01
41417	0.01	0.01
33509	0.010000010009231886	0.010000010009231886
3560	0.01	0.01
14955	0.010000000029546888	0.010000000029546888
24605	0.01000000000000027	0.01000000000000027
26436	0.01	0.01
6409	0.01	0.01
22332	0.01	0.01
18689	0.01	0.01
15594	0.01	0.01
3053	0.01	0.01
5582	0.010000000000000004	0.010000000000000004
13337	0.01	0.01
10674	0.010000000000000285	0.010000000000000285
35560	0.01	0.01
6958	0.01	0.01
15855	0.017395066917508716	0.017395066917508716
35501	0.01	0.01
12443	0.01	0.01
614	0.01	0.01
9005	0.01	0.01
37861	0.01	0.01
42983	0.01	0.01
42954	0.01	0.01
17915	1.1554436208483538	1.1554436208483538
12783	0.01000000001047144	0.01000000001047144
17020	0.010013501558638673	0.010013501558638673
13652	0.01	0.01
2266	0.01	0.01
6833	0.01	0.01
14272	0.01	0.01
43387	0.01	0.01
16388	0.01	0.01
14599	0.010001297875649911	0.010001297875649911
35567	0.010000000054668012	0.010000000054668012
28637	0.01	0.01
4947	0.01	0.01
17910	0.7587977918045702	0.7587977918045702
6968	0.01	0.01
24599	0.010002280427702319	0.010002280427702319
31129	0.03255057305018598	0.03255057305018598
43833	0.01	0.01
32689	0.01	0.01
18213	0.017738089886798987	0.017738089886798987
14066	0.01	0.01
22492	0.01	0.01
37071	0.01	0.01
41313	0.01	0.01
7539	0.01	0.01
45301	0.01	0.01
28448	0.010000000000068107	0.010000000000068107
39056	0.010002617028514118	0.010002617028514118
39916	0.01	0.01
42390	0.010000000000000002	0.010000000000000002
15915	0.01	0.01
8835	0.01	0.01
6695	0.01	0.01
9318	0.01	0.01
42817	0.01	0.01
29356	0.01	0.01
28121	0.01000000000004988	0.01000000000004988
19875	0.017634667131901698	0.017634667131901698
42219	0.01	0.01
13064	0.01	0.01
1634	0.01	0.01
40714	0.01	0.01
42690	0.01	0.01
14765	0.01	0.01
29928	0.01	0.01
26699	0.013938294653076728	0.013938294653076728
18234	0.01	0.01
3687	0.01	0.01
20059	0.01038884704792036	0.01038884704792036
33009	0.13136838758778477	0.13136838758778477
23841	0.01	0.01
45105	0.010026006788120326	0.010026006788120326
15983	0.01	0.01
39460	0.01	0.01
45002	0.01	0.01
38420	0.35925830465690717	0.35925830465690717
31799	0.01	0.01
40366	0.010000029712545525	0.010000029712545525
21558	0.01	0.01
7498	0.01	0.01
27092	0.01	0.01
39293	0.01	0.01
31062	0.060309660267831564	0.060309660267831564
16404	0.01	0.01
32948	0.01	0.01
19281	0.01	0.01
9044	0.01	0.01
41440	48.89841145365563	48.89841145365563
41902	0.01	0.01
5233	0.010000020773133354	0.010000020773133354
39148	0.010000000000000009	0.010000000000000009
22359	0.010000000000000174	0.010000000000000174
42947	0.010000081222118679	0.010000081222118679
7499	0.010048049920604365	0.010048049920604365
1751	0.01	0.01
43540	0.01	0.01
43939	0.015264293418949599	0.015264293418949599
23297	0.01	0.01
42904	0.01	0.01
40332	16.121040576975357	16.121040576975357
38966	0.010000000456127875	0.010000000456127875
3471	0.01	0.01
40644	0.01	0.01
12537	0.01	0.01
7192	0.01	0.01
19872	0.01	0.01
6307	0.01	0.01
10921	0.01	0.01
3504	0.01	0.01
13388	0.01	0.01
24243	0.01000000000106977	0.01000000000106977
10238	0.010000001381671945	0.010000001381671945
28164	0.01	0.01
22203	0.01	0.01
31386	0.01	0.01
902	0.010000005262619419	0.010000005262619419
18116	0.01	0.01
2211	0.01	0.01
14248	0.01	0.01
27137	0.01	0.01
42742	0.0100490428775578	0.0100490428775578
44300	0.010000000013513845	0.010000000013513845
15797	0.01	0.01
7858	0.01	0.01
26532	0.01000000000000013	0.01000000000000013
44353	0.010000118407084455	0.010000118407084455
22894	0.1890459777941865	0.1890459777941865
28970	0.010000415582647665	0.010000415582647665
15120	0.01	0.01
6117	0.01	0.01
36832	0.01	0.01
879	0.01	0.01
20505	0.01	0.01
8328	0.01	0.01
37029	0.010000785178584137	0.010000785178584137
2532	0.01	0.01
14035	0.01	0.01
19950	0.010000000096829104	0.010000000096829104
42046	0.01000004346099092	0.01000004346099092
38159	0.01	0.01
6122	0.010007916260433094	0.010007916260433094
17237	0.01	0.01
44716	0.01	0.01
39656	0.01	0.01
44792	0.01	0.01
16308	0.01	0.01
13057	0.01	0.01
9545	0.01	0.01
7196	0.010000000000000026	0.010000000000000026
19948	0.05792420806804697	0.05792420806804697
16412	0.011265509327503968	0.011265509327503968
43863	0.01000000000000258	0.01000000000000258
25683	0.01	0.01
10009	0.01	0.01
22615	0.01	0.01
42267	0.01	0.01
38456	0.01	0.01
42286	0.01	0.01
19336	0.01	0.01
33578	0.01	0.01
13507	0.01	0.01
33453	0.01	0.01
30227	0.01	0.01
42453	0.010000000337491257	0.010000000337491257
4263	0.01	0.01
20681	0.14801876906029532	0.14801876906029532
4776	0.01	0.01
7808	0.01	0.01
32130	0.01	0.01
9908	0.01	0.01
18908	0.01	0.01
20453	0.01	0.01
22499	0.01	0.01
20592	0.010068099815467017	0.010068099815467017
84	0.010000000000083728	0.010000000000083728
18236	0.01	0.01
41103	0.01	0.01
6068	0.010000000130252533	0.010000000130252533
38498	0.01	0.01
25838	0.01	0.01
34293	0.01	0.01
1565	0.01	0.01
12058	0.01	0.01
5215	0.01	0.01
34320	0.01	0.01
26787	0.01	0.01
42760	0.010000000061501675	0.010000000061501675
1664	0.010017017841542384	0.010017017841542384
3156	0.01	0.01
14342	0.01	0.01
40282	0.010002052310176254	0.010002052310176254
15410	0.010000000620476636	0.010000000620476636
28781	4.904457836717894	4.904457836717894
37731	0.01	0.01
19362	0.01	0.01
40390	0.01	0.01
27028	0.01	0.01
4777	0.010000000000198097	0.010000000000198097
11237	0.01	0.01
32129	0.01	0.01
25682	0.01	0.01
16256	0.01	0.01
44637	0.01	0.01
30750	0.01	0.01
20027	0.01	0.01
41122	2.0233405787656222	2.0233405787656222
2530	0.01	0.01
4874	0.01	0.01
19784	0.01000012688712039	0.01000012688712039
34134	0.01	0.01
12116	0.01	0.01
24360	0.01	0.01
19696	0.01	0.01
12945	0.01	0.01
20857	0.01	0.01
45170	0.010000000000124909	0.010000000000124909
4822	0.01	0.01
42981	0.01	0.01
19137	0.01	0.01
39294	0.010000000000000215	0.010000000000000215
21977	0.01	0.01
35228	0.01	0.01
13450	0.010000000000000057	0.010000000000000057
12866	0.01	0.01
13270	0.01	0.01
9174	0.4454190495366941	0.4454190495366941
41358	0.01	0.01
11942	0.01	0.01
18210	0.01	0.01
39326	0.01	0.01
12053	0.010000000905809856	0.010000000905809856
9928	0.010018728280170669	0.010018728280170669
12063	0.010000000006863331	0.010000000006863331
21144	3.784120850196839	3.784120850196839
11156	0.010268441719400487	0.010268441719400487
26139	0.01	0.01
2074	0.010000012073530563	0.010000012073530563
32591	0.010000000000000007	0.010000000000000007
20697	0.01	0.01
12093	0.01	0.01
27841	0.01	0.01
38922	0.07568261110282971	0.07568261110282971
26883	0.01	0.01
18905	0.01000000000000018	0.01000000000000018
2814	0.01	0.01
32042	0.01	0.01
19660	0.01	0.01
20477	0.010000001530348973	0.010000001530348973
39151	0.01	0.01
19285	0.01	0.01
13838	0.01	0.01
25366	0.01	0.01
42576	0.01	0.01
17717	0.01	0.01
3284	0.01	0.01
21838	0.026465884772030372	0.026465884772030372
35011	0.010000000003642413	0.010000000003642413
27318	0.01	0.01
16575	0.010000000001794703	0.010000000001794703
33719	0.010000000000000049	0.010000000000000049
43254	0.01	0.01
29420	0.01	0.01
8036	0.010002230224262934	0.010002230224262934
39143	0.3490755823896707	0.3490755823896707
10363	0.01	0.01
21621	0.01	0.01
24842	0.010000000000000033	0.010000000000000033
42387	0.01	0.01
30914	0.01	0.01
30994	0.01	0.01
12451	0.01004246586315187	0.01004246586315187
24697	0.01	0.01
25841	4.920969244245505	4.920969244245505
7849	0.01	0.01
16772	0.01	0.01
33433	0.01	0.01
6194	0.01	0.01
31539	0.010000000000779642	0.010000000000779642
28992	0.010000043707652099	0.010000043707652099
33920	0.01	0.01
4760	0.010000000004701757	0.010000000004701757
43384	0.010042735959898632	0.010042735959898632
25864	0.01	0.01
11020	0.01	0.01
2973	0.010000475135395571	0.010000475135395571
6651	0.010000000000000921	0.010000000000000921
11946	0.01	0.01
11216	0.010000000000000944	0.010000000000000944
6193	0.01	0.01
15914	0.01	0.01
12371	0.01	0.01
44327	0.01	0.01
23581	0.01	0.01
41252	0.01	0.01
10384	0.01	0.01
41576	0.01	0.01
35303	0.01	0.01
32892	0.01	0.01
2787	0.01	0.01
39594	0.16472536788715963	0.16472536788715963
7475	19.213667434478726	19.213667434478726
2840	0.010000000000009729	0.010000000000009729
9429	0.01	0.01
41167	0.010011111849675442	0.010011111849675442
26104	0.01	0.01
30881	0.01	0.01
34665	0.01	0.01
12643	0.01	0.01
33137	0.01	0.01
35562	0.010000000000000144	0.010000000000000144
45441	0.01	0.01
26445	0.01	0.01
43230	0.01	0.01
6002	0.01	0.01
24202	0.01	0.01
6000	0.010000000000010447	0.010000000000010447
17146	0.01	0.01
28515	0.01	0.01
5230	0.01	0.01
7879	0.01	0.01
26753	0.012641295364959605	0.012641295364959605
16728	0.01	0.01
13389	0.01	0.01
18514	0.01	0.01
17686	0.01	0.01
6285	0.01	0.01
15338	0.01000000000340793	0.01000000000340793
18696	0.010000000499774089	0.010000000499774089
20504	0.01	0.01
22493	0.010088024987267928	0.010088024987267928
14769	0.01000000135570189	0.01000000135570189
15366	0.010000354512007554	0.010000354512007554
13832	0.01	0.01
12203	0.010000000001896547	0.010000000001896547
16799	0.01	0.01
22451	0.01	0.01
10924	0.010000000000001539	0.010000000000001539
6729	0.01	0.01
30125	0.010000046558005179	0.010000046558005179
34854	0.010000000004445129	0.010000000004445129
32400	0.010213646598712446	0.010213646598712446
13476	0.01	0.01
9459	0.01	0.01
8133	0.010000000000005683	0.010000000000005683
36360	0.01	0.01
2459	0.01	0.01
17363	0.01	0.01
39048	0.01000001636830274	0.01000001636830274
45068	0.01	0.01
43161	0.01	0.01
17364	0.010000000000009387	0.010000000000009387
25730	0.01	0.01
20727	0.010000024521217059	0.010000024521217059
810	0.01	0.01
19456	0.01	0.01
15799	0.010001874021117128	0.010001874021117128
32313	0.01	0.01
16155	0.01	0.01
17283	0.01	0.01
19843	0.01	0.01
12644	0.01	0.01
31128	0.01	0.01
24286	0.01	0.01
21585	0.01	0.01
36728	0.01	0.01
5680	0.01	0.01
23518	0.01	0.01
18620	0.01	0.01
34817	0.1438994678381024	0.1438994678381024
36416	0.01	0.01
28780	0.01	0.01
4462	0.010000000000251433	0.010000000000251433
30787	0.01	0.01
22646	0.010000000022254214	0.010000000022254214
45435	0.01	0.01
12370	0.01	0.01
15041	2.0340958441956634	2.0340958441956634
25903	0.01	0.01
28833	0.01	0.01
21523	0.01	0.01
3951	0.01	0.01
31986	0.01	0.01
557	0.01	0.01
27445	0.010000000631591201	0.010000000631591201
5144	0.01	0.01
15264	0.01	0.01
4759	0.01030409204887757	0.01030409204887757
5118	0.010005443250859761	0.010005443250859761
42087	0.01	0.01
41283	0.01	0.01
41308	0.01	0.01
13976	0.01	0.01
2387	0.01	0.01
27597	0.01	0.01
38990	0.01	0.01
16661	0.01	0.01
23770	0.01	0.01
5974	0.01	0.01
5391	0.010000000000000337	0.010000000000000337
2504	0.010000000014200776	0.010000000014200776
9692	0.01	0.01
29617	0.01000000006471856	0.01000000006471856
37155	0.01	0.01
17739	0.01	0.01
8079	0.01	0.01
32167	0.01	0.01
45174	0.01	0.01
42932	0.010000000000000004	0.010000000000000004
16254	0.010000000000000578	0.010000000000000578
8078	0.010000000000000443	0.010000000000000443
5791	0.010000004649867942	0.010000004649867942
1775	0.01	0.01
6217	0.01	0.01
25264	0.01	0.01
25769	0.01000653427635761	0.01000653427635761
1873	0.01	0.01
19748	0.01	0.01
8832	0.01	0.01
13570	0.01	0.01
19664	0.01	0.01
34507	0.01	0.01
847	2.7821523910899857	2.7821523910899857
38691	0.01	0.01
10410	0.01	0.01
28669	0.01	0.01
8126	0.01	0.01
23263	0.010000000000000387	0.010000000000000387
11604	0.010000000133886107	0.010000000133886107
22489	0.010000000001993877	0.010000000001993877
4471	0.01	0.01
25022	0.01000018253510918	0.01000018253510918
38272	0.010149970974760088	0.010149970974760088
24168	0.01	0.01
38394	0.010026708201385936	0.010026708201385936
45451	0.01	0.01
21891	0.01	0.01
36320	0.01002467788942331	0.01002467788942331
24934	0.01	0.01
25368	0.01141826883459729	0.01141826883459729
35472	0.01	0.01
13698	6.858730180106669	6.858730180106669
25167	0.010000000009116614	0.010000000009116614
22716	0.010000000007424077	0.010000000007424077
31681	0.01	0.01
16666	0.010379403961588972	0.010379403961588972
33987	0.010000016794792236	0.010000016794792236
42669	0.01	0.01
31133	0.2863441785133582	0.2863441785133582
1308	0.01	0.01
15445	0.01	0.01
6353	0.01	0.01
38589	0.01	0.01
44914	56.96041232234904	56.96041232234904
13776	0.010000000091673372	0.010000000091673372
35200	0.010000000000000005	0.010000000000000005
8333	0.010821070702594339	0.010821070702594339
10622	0.010000000000000009	0.010000000000000009
11693	0.010000000004389418	0.010000000004389418
25486	0.01	0.01
33605	0.01	0.01
9862	0.01	0.01
32337	0.01	0.01
757	69.14189732643497	69.14189732643497
14229	0.010027950851663286	0.010027950851663286
42201	0.010000000009594378	0.010000000009594378
42744	0.01	0.01
19780	0.01	0.01
39596	0.010006536701491042	0.010006536701491042
1417	0.01	0.01
34414	0.01	0.01
43841	0.01	0.01
929	0.010016554146570692	0.010016554146570692
14519	0.011988779982287876	0.011988779982287876
28032	0.010000000055033273	0.010000000055033273
16594	0.01	0.01
15266	0.01	0.01
3246	0.01	0.01
17482	0.01	0.01
2632	0.010000000150745128	0.010000000150745128
23517	0.01	0.01
3181	0.011807617326799198	0.011807617326799198
2849	0.01	0.01
27919	0.01	0.01
16664	0.01	0.01
26793	0.01	0.01
43414	0.01	0.01
24593	0.01	0.01
9260	0.013508793509544675	0.013508793509544675
30258	5.085248291381012	5.085248291381012
4715	0.17155770475513557	0.17155770475513557
41744	0.01	0.01
40119	1.7050862469994206	1.7050862469994206
42555	0.01	0.01
28163	0.01	0.01
36698	0.01	0.01
26226	0.01	0.01
2176	0.01	0.01
26758	0.012431376145262189	0.012431376145262189
20429	0.01	0.01
29950	0.01	0.01
27450	0.010000014196438537	0.010000014196438537
33847	0.01	0.01
12535	0.01	0.01
24241	0.01	0.01
29348	0.01	0.01
17098	0.01	0.01
38797	0.01000000000000088	0.01000000000000088
5660	0.01	0.01
33240	0.09312622312126702	0.09312622312126702
7358	0.01	0.01
931	0.010000000045223396	0.010000000045223396
5454	0.01	0.01
11404	0.01	0.01
10485	0.01	0.01
44487	0.010000000008279204	0.010000000008279204
22027	0.01	0.01
4411	0.01	0.01
10788	0.010000000003529675	0.010000000003529675
24990	0.012792220512729971	0.012792220512729971
12753	0.010000000000363041	0.010000000000363041
16192	0.01	0.01
9910	0.01	0.01
4920	0.01	0.01
41020	0.01	0.01
32312	0.01	0.01
9424	0.01	0.01
42000	0.01	0.01
15971	0.01	0.01
36894	22.767600913022292	22.767600913022292
7106	0.01	0.01
16604	0.01	0.01
32921	0.01	0.01
18398	0.01	0.01
25640	0.01	0.01
2945	0.022438233497175532	0.022438233497175532
32623	0.01	0.01
37295	0.010000047086680376	0.010000047086680376
12292	0.010000400597402356	0.010000400597402356
26012	0.01	0.01
812	0.010001656983345247	0.010001656983345247
7059	0.010014349262355919	0.010014349262355919
25450	0.01	0.01
16822	0.01	0.01
37455	0.01	0.01
10235	0.03425029288919076	0.03425029288919076
15003	0.01	0.01
36835	0.01	0.01
11432	0.01	0.01
225	0.01	0.01
31890	0.01	0.01
40527	0.010000593241411953	0.010000593241411953
4644	0.01579136156035594	0.01579136156035594
3713	0.01	0.01
13873	0.01	0.01
24126	0.01	0.01
19985	0.01	0.01
29023	0.01	0.01
35930	0.01	0.01
4548	0.01000000263806428	0.01000000263806428
28185	0.01	0.01
6426	5.998649295350004	5.998649295350004
26194	0.01	0.01
23497	0.01	0.01
27128	0.01	0.01
123	0.01	0.01
23618	0.010000000008592603	0.010000000008592603
11736	0.010000658509229376	0.010000658509229376
29313	0.01	0.01
29547	0.010000008183252907	0.010000008183252907
10739	0.01	0.01
33785	0.01	0.01
3867	0.01	0.01
7317	0.010000002477581846	0.010000002477581846
16160	0.01	0.01
33843	0.9473822529524137	0.9473822529524137
36071	0.010000000000021802	0.010000000000021802
3950	0.01	0.01
6279	0.01	0.01
37488	0.01	0.01
43812	0.01	0.01
20724	0.01	0.01
17048	0.010000000040884848	0.010000000040884848
37860	0.01	0.01
601	0.01	0.01
40933	0.01	0.01
38043	0.01	0.01
15858	0.010001070712983968	0.010001070712983968
28723	0.010023153294333072	0.010023153294333072
20654	0.010000000280962243	0.010000000280962243
10118	0.0100000000013781	0.0100000000013781
28869	0.010000000000040027	0.010000000000040027
14541	0.01046245050789144	0.01046245050789144
32858	0.01	0.01
26791	0.01	0.01
11433	0.23607166147194966	0.23607166147194966
2660	0.01	0.01
16550	0.01000148810622666	0.01000148810622666
2846	0.10600286669038181	0.10600286669038181
11540	0.01	0.01
2265	0.01000263166546703	0.01000263166546703
20370	0.010000000000000002	0.010000000000000002
45438	0.01	0.01
17592	0.01	0.01
18843	0.01	0.01
38671	0.01	0.01
9110	0.01000000000000021	0.01000000000000021
42758	0.01	0.01
36173	0.01	0.01
32284	0.010000000000000007	0.010000000000000007
33303	0.010000000000124597	0.010000000000124597
14593	0.01	0.01
43732	0.01	0.01
40553	0.01	0.01
21680	0.01	0.01
22454	0.01	0.01
43141	0.01	0.01
4495	0.01000000000001452	0.01000000000001452
23348	0.010013256212153097	0.010013256212153097
1246	0.010000000000013838	0.010000000000013838
1965	0.01	0.01
32626	0.01	0.01
25399	0.01	0.01
31687	0.010000000000000007	0.010000000000000007
35840	0.01	0.01
6121	6.6366628119180495	6.6366628119180495
10097	0.010000000000001176	0.010000000000001176
32374	0.01	0.01
10049	0.010000000000000269	0.010000000000000269
41996	0.010000000000001358	0.010000000000001358
32315	0.010000000000284674	0.010000000000284674
20855	0.01	0.01
17093	0.01	0.01
4130	0.01	0.01
19810	0.010000000000235666	0.010000000000235666
32888	0.01	0.01
23649	0.01	0.01
28751	0.01	0.01
10512	0.01	0.01
5044	0.01	0.01
23295	0.01	0.01
1386	0.01	0.01
31763	0.01	0.01
45071	0.010000188065294997	0.010000188065294997
2291	0.01	0.01
31136	0.010000000000000009	0.010000000000000009
24600	0.01	0.01
24059	0.01	0.01
27227	0.01	0.01
35965	0.011424853623676163	0.011424853623676163
2634	0.01	0.01
14225	1.4656183356967458	1.4656183356967458
3503	0.010002419220482044	0.010002419220482044
24455	0.01	0.01
27061	0.01	0.01
1730	0.010000008878664533	0.010000008878664533
16281	0.16945766113776198	0.16945766113776198
30028	0.01	0.01
24809	0.010000000000000002	0.010000000000000002
10516	0.01	0.01
15482	0.010000000001888554	0.010000000001888554
5334	0.010000000000049988	0.010000000000049988
28307	0.01	0.01
10673	0.01	0.01
14273	0.017940693252345243	0.017940693252345243
25267	0.010000000000000495	0.010000000000000495
10120	0.01	0.01
32307	0.01	0.01
5563	0.01	0.01
23123	0.010000004153159364	0.010000004153159364
37768	0.24599466780759613	0.24599466780759613
16026	0.01	0.01
17145	0.010000000000264238	0.010000000000264238
31282	0.01	0.01
33752	0.01	0.01
4520	0.01	0.01
32311	0.01	0.01
11720	0.01	0.01
40246	0.01	0.01
41208	0.011695729136996267	0.011695729136996267
40038	0.01	0.01
28420	0.01	0.01
5364	0.01	0.01
3673	0.03442428260680224	0.03442428260680224
4572	0.01	0.01
17365	0.010000871159596025	0.010000871159596025
5830	0.01	0.01
27031	0.01000000003134209	0.01000000003134209
29355	0.010000000450798484	0.010000000450798484
31417	0.010000000000073414	0.010000000000073414
6934	0.010024232949996523	0.010024232949996523
14170	0.01	0.01
19961	0.01	0.01
41998	0.01	0.01
23203	0.01	0.01
5480	0.01	0.01
2553	0.01	0.01
32277	0.01	0.01
13625	0.01	0.01
4581	0.010000000000000037	0.010000000000000037
28892	0.010000002146001866	0.010000002146001866
22928	0.01	0.01
2850	0.01	0.01
17770	0.01	0.01
35010	0.01	0.01
2923	0.01	0.01
34661	0.01	0.01
36515	0.01	0.01
3268	0.010084613191912417	0.010084613191912417
44476	0.01	0.01
42045	0.06158180911141951	0.06158180911141951
15187	0.01	0.01
24096	0.010000252568486532	0.010000252568486532
44297	0.01	0.01
41524	0.01	0.01
10240	0.01	0.01
11079	0.010000000000033451	0.010000000000033451
10509	0.01	0.01
44414	0.010000000000014516	0.010000000000014516
22806	0.28347445598374715	0.28347445598374715
3138	0.01	0.01
45004	0.010885255299596637	0.010885255299596637
32335	0.01	0.01
40497	0.01	0.01
38454	0.010054354174933706	0.010054354174933706
13190	0.010000000000041387	0.010000000000041387
31852	1.556722922862261	1.556722922862261
21861	0.01	0.01
38864	0.01	0.01
4797	0.01	0.01
11776	0.010000000000000571	0.010000000000000571
2420	0.01	0.01
13835	0.01	0.01
11898	0.010000065484726164	0.010000065484726164
4522	0.01	0.01
30536	0.010000003149647036	0.010000003149647036
8429	0.01	0.01
3081	0.01	0.01
1101	0.010000000000000592	0.010000000000000592
29390	1.6052057917153222	1.6052057917153222
16658	0.01	0.01
20197	0.01	0.01
16025	0.010000000002709973	0.010000000002709973
45376	0.01	0.01
22118	0.01	0.01
16824	0.010000305900436166	0.010000305900436166
43355	0.01	0.01
19749	0.01	0.01
8204	0.01	0.01
12889	0.01	0.01
26501	0.01000000000272864	0.01000000000272864
32489	0.01	0.01
39975	0.01	0.01
15236	2.1273361203508445	2.1273361203508445
7545	0.010000000121623148	0.010000000121623148
13750	0.010000000000000004	0.010000000000000004
16154	0.010000000000000175	0.010000000000000175
7104	0.01	0.01
28717	0.6191389607421567	0.6191389607421567
21522	1.0598457616272134	1.0598457616272134
14169	5.423417829960995	5.423417829960995
40795	0.01	0.01
13626	0.01	0.01
14300	0.010000000016327148	0.010000000016327148
9216	0.01	0.01
37676	0.01	0.01
24882	0.01	0.01
3707	0.01	0.01
43382	0.01	0.01
9787	0.01	0.01
16571	0.01	0.01
3712	0.01	0.01
13510	0.01	0.01
9618	0.01	0.01
17633	0.01	0.01
14492	0.010105006158168332	0.010105006158168332
32071	0.010000000001922587	0.010000000001922587
20589	0.010000000000074763	0.010000000000074763
6759	0.01	0.01
3780	0.01	0.01
18206	0.010000000000000014	0.010000000000000014
45213	4.032061099600895	4.032061099600895
13063	0.01	0.01
28482	0.3267701825151648	0.3267701825151648
5072	0.01	0.01
36594	0.01	0.01
20539	0.01000000001829589	0.01000000001829589
17182	0.010005044425672988	0.010005044425672988
5503	0.01	0.01
29842	0.010000000000027164	0.010000000000027164
18180	0.01	0.01
9377	0.010000000000007397	0.010000000000007397
19665	0.01000000000000176	0.01000000000000176
40642	0.01	0.01
16689	0.010000233347956834	0.010000233347956834
45409	0.01003026632384076	0.01003026632384076
38041	0.010000000000000002	0.010000000000000002
11940	0.01	0.01
5048	0.01	0.01
24124	0.01	0.01
32590	0.010001732177431149	0.010001732177431149
23708	0.01	0.01
1328	0.01	0.01
31533	0.01	0.01
36732	0.010000589376786615	0.010000589376786615
14301	0.01	0.01
28212	0.01	0.01
15055	0.01	0.01
10965	0.01	0.01
2108	0.010000062910863113	0.010000062910863113
32018	0.01	0.01
17690	0.01000000000000017	0.01000000000000017
36518	0.01	0.01
41826	0.01	0.01
15333	0.01	0.01
15259	0.01	0.01
11183	0.010000000000000004	0.010000000000000004
42386	0.010000000000390584	0.010000000000390584
17475	0.01	0.01
398	0.01	0.01
15570	0.01	0.01
21387	0.01	0.01
9812	0.01	0.01
20019	0.01	0.01
15341	7.549208387822277	7.549208387822277
3401	0.01	0.01
2689	0.01	0.01
24631	0.46685736991354243	0.46685736991354243
9667	0.01	0.01
37460	0.01	0.01
5583	0.01	0.01
206	0.01	0.01
23272	0.01000024511147891	0.01000024511147891
14482	0.010000019125629648	0.010000019125629648
207	0.010000000266471614	0.010000000266471614
13089	0.010000000000013312	0.010000000000013312
6885	10.738975266980756	10.738975266980756
40958	0.01012927823312311	0.01012927823312311
35933	0.01	0.01
37462	0.4283163739976218	0.4283163739976218
8104	0.010000141316722772	0.010000141316722772
34449	0.01	0.01
13903	0.01024329795897262	0.01024329795897262
23766	0.01	0.01
30749	0.01	0.01
35263	0.01	0.01
14167	0.01	0.01
41042	0.01	0.01
29778	0.01	0.01
16900	0.01	0.01
6652	0.01000000460999152	0.01000000460999152
43789	0.010000000000000037	0.010000000000000037
17281	0.010000000002652623	0.010000000002652623
7084	0.01	0.01
11377	0.010000000001720324	0.010000000001720324
42955	0.010000558323434052	0.010000558323434052
17357	0.01	0.01
26009	0.01	0.01
31987	0.01	0.01
23844	0.010000554331616743	0.010000554331616743
40474	0.010000329924052297	0.010000329924052297
8939	0.010000000790600313	0.010000000790600313
11468	3.504175311606864	3.504175311606864
42223	0.010000000000044884	0.010000000000044884
25403	0.01	0.01
16976	0.01	0.01
22694	0.01	0.01
1163	0.0100000000004563	0.0100000000004563
45085	0.01	0.01
39936	0.01	0.01
32219	0.01	0.01
8040	0.01	0.01
17403	0.01	0.01
41783	0.01	0.01
39516	0.010000000018839297	0.010000000018839297
31503	0.01000000002053523	0.01000000002053523
16189	0.01	0.01
34233	0.010000000004409615	0.010000000004409615
30255	0.01	0.01
33866	0.01	0.01
19539	0.01	0.01
12671	0.01	0.01
39411	0.01	0.01
13087	0.010000000000576409	0.010000000000576409
10643	0.01	0.01
22809	0.01	0.01
36361	0.011334535257486475	0.011334535257486475
41145	0.01	0.01
36699	0.010000000285873464	0.010000000285873464
4846	0.16311189843914065	0.16311189843914065
17094	0.01	0.01
25175	0.01	0.01
39438	0.01	0.01
36105	0.01	0.01
13364	0.010000000039572656	0.010000000039572656
26880	0.01	0.01
14832	0.01	0.01
41233	0.01	0.01
20055	0.01	0.01
6147	0.01	0.01
19930	0.01	0.01
1303	0.01	0.01
40421	0.01	0.01
555	0.01	0.01
9193	0.01	0.01
4971	33.381810462782276	33.381810462782276
11899	0.01	0.01
42271	4.259755024189917	4.259755024189917
9857	0.01	0.01
37326	0.01	0.01
17366	0.01	0.01
25230	0.01	0.01
21426	0.01	0.01
22112	0.010000000013946365	0.010000000013946365
10367	0.010000001166393295	0.010000001166393295
4463	0.010000000029387385	0.010000000029387385
22616	0.01	0.01
30821	0.01	0.01
19304	0.01	0.01
35592	0.010000000109734335	0.010000000109734335
20056	0.010501430875756567	0.010501430875756567
42714	0.01	0.01
23524	0.010000000005338738	0.010000000005338738
1691	0.01	0.01
15022	0.01	0.01
34482	15.663903712297504	15.663903712297504
41918	0.01623047030414425	0.01623047030414425
25102	0.01	0.01
33684	0.010000000000000002	0.010000000000000002
36966	0.01	0.01
29080	0.01	0.01
28115	0.01	0.01
19723	0.01	0.01
29923	0.010154078042834119	0.010154078042834119
19372	0.01	0.01
7197	0.01	0.01
24242	0.010067989994570823	0.010067989994570823
3924	0.01	0.01
18085	0.01	0.01
39547	0.02966764180781179	0.02966764180781179
13239	0.01000000000036332	0.01000000000036332
41523	0.01	0.01
15689	0.010000000011089851	0.010000000011089851
43229	0.010000000000000009	0.010000000000000009
824	0.010598035143678328	0.010598035143678328
34371	0.01	0.01
20659	0.010000166249049605	0.010000166249049605
5861	0.05196022116329173	0.05196022116329173
15771	0.01000000000677618	0.01000000000677618
12144	0.01	0.01
20372	0.01	0.01
2342	0.010000312931070414	0.010000312931070414
39687	0.01	0.01
4175	0.010000000021158058	0.010000000021158058
45052	0.01	0.01
31220	0.01	0.01
32370	0.01	0.01
37355	0.01	0.01
26280	0.01	0.01
512	0.010000000010131573	0.010000000010131573
31028	0.01	0.01
35497	0.010000000000000144	0.010000000000000144
8103	0.010000000766527847	0.010000000766527847
37214	0.01	0.01
82	0.01	0.01
34204	0.01	0.01
13275	0.01	0.01
8624	0.01	0.01
13986	0.01	0.01
41829	0.01	0.01
34660	0.01	0.01
13977	0.01	0.01
36288	0.01	0.01
29354	0.010000011837432899	0.010000011837432899
40210	0.01	0.01
17766	0.01	0.01
1687	0.01	0.01
13235	0.01	0.01
6005	0.01000000000122722	0.01000000000122722
36899	0.01000310260314956	0.01000310260314956
28450	0.01	0.01
8674	0.01	0.01
36795	0.010037444076948126	0.010037444076948126
3473	0.01	0.01
18556	0.010000002603119373	0.010000002603119373
40341	0.01	0.01
560	0.010000030552920485	0.010000030552920485
8150	0.01	0.01
37253	0.01	0.01
8394	0.01000000287842197	0.01000000287842197
683	0.01	0.01
23179	0.01	0.01
26641	0.010000197502421588	0.010000197502421588
44485	0.01	0.01
22812	0.01	0.01
14744	0.010000000414558289	0.010000000414558289
36619	0.01000000000271951	0.01000000000271951
1456	0.01	0.01
339	13.84323843999915	13.84323843999915
3674	0.01	0.01
15888	0.01	0.01
30628	0.01	0.01
34939	0.01	0.01
21892	0.010000000041654437	0.010000000041654437
37952	0.01	0.01
1966	0.01	0.01
23525	0.01	0.01
2338	0.01	0.01
44769	0.01	0.01
17207	0.010000057394816549	0.010000057394816549
39221	0.01	0.01
36136	0.01	0.01
32555	0.01	0.01
26228	0.9920719159281405	0.9920719159281405
21973	0.01	0.01
8699	0.01	0.01
16789	0.02293971339480041	0.02293971339480041
26533	0.01	0.01
2183	0.01	0.01
2904	0.01	0.01
30911	0.01	0.01
35014	0.01	0.01
7965	0.010467301435403151	0.010467301435403151
17737	0.01	0.01
44631	0.01	0.01
11571	0.01	0.01
24131	0.01	0.01
37922	0.01	0.01
10812	0.01	0.01
37892	0.01	0.01
16876	0.010000000000000026	0.010000000000000026
2366	0.01	0.01
36829	0.01	0.01
19576	0.01	0.01
14629	0.01	0.01
15001	0.01	0.01
481	0.01	0.01
11187	0.01	0.01
35125	0.01432472864902471	0.01432472864902471
13545	0.01	0.01
21307	0.010000000002589023	0.010000000002589023
40450	0.010000000000000049	0.010000000000000049
41470	0.01	0.01
37916	0.010000078075320594	0.010000078075320594
16850	0.01	0.01
5807	0.01002379781663416	0.01002379781663416
43987	0.01	0.01
38765	0.01	0.01
662	0.010000003867131485	0.010000003867131485
26504	0.010000000000000214	0.010000000000000214
42547	0.01	0.01
170	0.01	0.01
8335	0.01	0.01
7338	0.01	0.01
7080	0.01	0.01
43446	0.01	0.01
16213	0.01	0.01
5532	0.01685575880921443	0.01685575880921443
30372	0.014344285444278244	0.014344285444278244
18117	0.01	0.01
20510	0.010000000000003149	0.010000000000003149
4575	0.01	0.01
7895	0.01	0.01
20502	0.01000000129344953	0.01000000129344953
11612	0.01	0.01
11795	0.012287272554612268	0.012287272554612268
36798	0.01	0.01
45072	0.01	0.01
6732	0.01	0.01
36567	0.01000000000000012	0.01000000000000012
7259	0.01	0.01
3671	0.010025544377282855	0.010025544377282855
21685	0.010000000000000104	0.010000000000000104
12621	0.010000001025260918	0.010000001025260918
27323	0.01	0.01
27448	0.01	0.01
27254	157.8057070362653	157.8057070362653
32946	0.01	0.01
5122	0.010000000000000002	0.010000000000000002
26751	0.01	0.01
25770	0.010000000028858716	0.010000000028858716
23528	0.010000000009241795	0.010000000009241795
29699	0.01	0.01
28864	0.01	0.01
9988	0.010000000000000078	0.010000000000000078
31981	0.01	0.01
17612	13.707706412677052	13.707706412677052
14362	0.01	0.01
45054	0.01	0.01
21767	0.01	0.01
12022	0.01	0.01
12272	0.01	0.01
30027	0.01	0.01
43625	0.6207861780374552	0.6207861780374552
12348	0.01	0.01
1929	0.01	0.01
11939	0.01	0.01
14727	0.01	0.01
23965	0.010000003285846697	0.010000003285846697
3800	0.01	0.01
10897	0.01	0.01
11975	0.01	0.01
33988	0.010000000000000692	0.010000000000000692
20225	0.01	0.01
5416	28.619485789805445	28.619485789805445
36004	0.01	0.01
7383	0.01	0.01
27345	0.01	0.01
43630	0.010000000480519272	0.010000000480519272
20507	0.01	0.01
7064	0.0100112350298603	0.0100112350298603
42266	0.010000000000000002	0.010000000000000002
7405	0.01	0.01
33882	0.01	0.01
42743	0.01	0.01
5437	0.01	0.01
45222	0.01	0.01
1926	0.01	0.01
30877	0.01	0.01
45008	0.01	0.01
45194	0.01	0.01
5166	0.01	0.01
3470	0.01	0.01
37251	0.01	0.01
10428	0.01	0.01
25233	0.01	0.01
28891	0.010000000019894059	0.010000000019894059
26005	0.010000000000001267	0.010000000000001267
7695	0.01	0.01
10373	0.01	0.01
414	0.01	0.01
11513	0.01	0.01
26670	0.01	0.01
25905	0.01	0.01
8560	0.01	0.01
13219	0.01	0.01
43508	0.01	0.01
5719	0.010000000000000035	0.010000000000000035
20827	0.010000000002832417	0.010000000002832417
8039	0.01	0.01
38239	0.01	0.01
28092	0.1834136655185929	0.1834136655185929
27525	0.01	0.01
33957	0.01	0.01
5727	0.01	0.01
40902	0.01	0.01
13112	0.01001074584153701	0.01001074584153701
10486	0.01	0.01
15623	0.37670052827543093	0.37670052827543093
24995	0.01	0.01
45207	0.010000857693817908	0.010000857693817908
14707	0.010004563420564995	0.010004563420564995
127	0.01	0.01
37828	0.01	0.01
8558	0.01	0.01
29804	0.014170326666360589	0.014170326666360589
32196	0.010000085676544961	0.010000085676544961
10811	0.01	0.01
12187	0.010000000000003272	0.010000000000003272
21972	0.027287169958378016	0.027287169958378016
13311	0.01	0.01
42884	0.01	0.01
43197	0.01	0.01
44176	0.010000000155716955	0.010000000155716955
11951	0.010000000000000153	0.010000000000000153
44800	0.01	0.01
2077	0.01	0.01
128	0.01	0.01
5363	3.199454007876987	3.199454007876987
9886	0.01	0.01
31952	0.010000000000565057	0.010000000000565057
16972	0.06476633616878458	0.06476633616878458
24283	0.01	0.01
14681	0.01	0.01
5462	0.010000000000007789	0.010000000000007789
15528	0.010000000000000026	0.010000000000000026
9714	0.01518642133527844	0.01518642133527844
31711	0.01	0.01
30818	0.20701191019415885	0.20701191019415885
36901	0.01	0.01
23084	0.01	0.01
11576	0.01	0.01
41282	0.01	0.01
29620	0.01	0.01
16410	0.01	0.01
29740	0.01	0.01
31591	0.021792910845825547	0.021792910845825547
3319	0.01	0.01
25899	0.010000000053330153	0.010000000053330153
42029	0.01	0.01
44835	0.01	0.01
35300	0.01	0.01
7957	0.01	0.01
38991	0.01	0.01
42502	0.01000000218652202	0.01000000218652202
28749	0.01	0.01
28809	0.01	0.01
35997	0.010000000000000007	0.010000000000000007
16843	0.01	0.01
484	0.01	0.01
41053	0.01	0.01
23706	0.010938782403767664	0.010938782403767664
24089	0.01	0.01
28187	0.4794364081831659	0.4794364081831659
12589	0.2889266198624627	0.2889266198624627
36201	0.010000000057824832	0.010000000057824832
12701	0.01	0.01
19171	0.01	0.01
22453	0.01	0.01
12188	0.01	0.01
4666	0.01	0.01
44554	0.010004571339836676	0.010004571339836676
34202	0.010000001898138404	0.010000001898138404
28249	0.01	0.01
23767	0.01	0.01
2363	0.01	0.01
34317	0.01	0.01
19135	0.010000000039861246	0.010000000039861246
29024	0.010000000000000035	0.010000000000000035
26174	0.01	0.01
37186	0.010014939381468529	0.010014939381468529
20253	74.07385898733675	74.07385898733675
23118	0.01	0.01
41717	0.01	0.01
41443	0.12255155777966964	0.12255155777966964
45133	0.01	0.01
17401	0.01	0.01
416	0.010000022343782588	0.010000022343782588
15145	0.01	0.01
4284	0.01	0.01
44359	0.01	0.01
13062	0.01	0.01
8279	0.01	0.01
35376	0.01	0.01
39292	0.01	0.01
6171	0.01	0.01
32860	0.01	0.01
17427	0.01	0.01
4442	0.01	0.01
42764	0.01	0.01
40211	0.01000000357639233	0.01000000357639233
22486	0.01	0.01
14701	0.01	0.01
37730	0.01	0.01
44177	0.01	0.01
26945	0.01088322462031474	0.01088322462031474
10407	0.010091338788233971	0.010091338788233971
39434	0.01	0.01
10172	0.01	0.01
26171	0.01	0.01
3582	0.01	0.01
7540	0.01	0.01
2944	0.01	0.01
740	21.891623326185655	21.891623326185655
32784	0.010000000004933954	0.010000000004933954
38100	0.01	0.01
37982	0.01000000000020592	0.01000000000020592
9861	0.01	0.01
2369	0.010000000000059815	0.010000000000059815
13330	6.034823086727288	6.034823086727288
10922	0.01	0.01
16212	0.01	0.01
22123	0.01	0.01
2733	0.056989533432286237	0.056989533432286237
9086	0.010000000000002547	0.010000000000002547
42718	0.01	0.01
45212	0.01	0.01
23820	0.01	0.01
6094	0.01	0.01
36480	0.03935766902768914	0.03935766902768914
43420	0.01	0.01
40472	0.01	0.01
42244	0.01	0.01
27452	0.01	0.01
38240	0.010000019916340877	0.010000019916340877
14525	0.011761473096299027	0.011761473096299027
20314	0.01	0.01
37428	0.01	0.01
39943	0.01	0.01
9264	0.010000000000002332	0.010000000000002332
24204	0.01	0.01
43016	0.01051131002543229	0.01051131002543229
34235	0.010000203953954168	0.010000203953954168
33380	0.010000002004841003	0.010000002004841003
6469	0.01	0.01
25974	3.6172902876129185	3.6172902876129185
1690	0.010000000000000002	0.010000000000000002
27713	0.01	0.01
14420	0.010000000024595137	0.010000000024595137
13958	0.010000000000000012	0.010000000000000012
43226	0.01	0.01
25235	0.01000000000000003	0.01000000000000003
18337	0.01	0.01
38198	0.021271493485836332	0.021271493485836332
2240	0.01	0.01
33690	0.010000000000003133	0.010000000000003133
37795	0.01	0.01
16472	0.01	0.01
38580	0.01	0.01
18212	0.01	0.01
17129	0.010074063500520699	0.010074063500520699
31652	0.01	0.01
45121	0.010000000000101915	0.010000000000101915
27159	0.01	0.01
2140	0.01	0.01
1418	0.010000000000000507	0.010000000000000507
34818	0.01	0.01
13842	0.01	0.01
42333	0.01	0.01
39084	0.01	0.01
37762	0.01	0.01
10035	0.01	0.01
21518	0.01	0.01
32375	0.01	0.01
13866	0.01	0.01
20699	0.010000000000000023	0.010000000000000023
41314	0.010051327588181093	0.010051327588181093
12911	0.01	0.01
6234	0.01	0.01
20361	0.01	0.01
23036	0.01	0.01
4055	0.01000155612728002	0.01000155612728002
40371	0.01	0.01
13537	0.01	0.01
31312	0.01	0.01
36964	0.01	0.01
26230	0.010000346779190723	0.010000346779190723
32073	0.010000000000003244	0.010000000000003244
40799	0.01	0.01
40882	0.01	0.01
14902	0.01	0.01
3829	0.01	0.01
2949	0.01	0.01
8261	0.01	0.01
22936	0.01000002398184987	0.01000002398184987
28359	0.01	0.01
43843	0.01	0.01
4261	0.010001836711123556	0.010001836711123556
17718	0.010000000000000139	0.010000000000000139
43836	0.01	0.01
23007	0.01	0.01
6092	0.01	0.01
18617	0.01	0.01
33682	0.01	0.01
35320	0.01	0.01
42184	0.01	0.01
34744	0.01	0.01
16930	0.01000000000003757	0.01000000000003757
42598	0.01	0.01
44121	0.010000000000001176	0.010000000000001176
24285	0.01	0.01
28941	0.01	0.01
35542	0.010000000000000004	0.010000000000000004
2537	0.010000001770894197	0.010000001770894197
40937	0.010000000000007002	0.010000000000007002
8838	0.010000001159966892	0.010000001159966892
38068	0.01	0.01
35498	0.014957178557249113	0.014957178557249113
4057	0.01	0.01
4967	0.01	0.01
10507	0.01	0.01
3405	0.01	0.01
20511	0.01	0.01
29995	0.01000000000031514	0.01000000000031514
26437	0.01	0.01
22884	1.0878746459575033	1.0878746459575033
36001	0.01	0.01
42048	0.01000000060206143	0.01000000060206143
16714	0.01	0.01
396	0.01	0.01
40901	0.01	0.01
27882	0.010000000000011262	0.010000000000011262
33101	0.01	0.01
4996	0.01	0.01
10830	0.010000000009907728	0.010000000009907728
3079	0.01	0.01
31646	0.01	0.01
14394	0.01	0.01
41214	0.01000000000617297	0.01000000000617297
39074	0.01	0.01
37700	0.01	0.01
31538	0.01	0.01
15859	0.011434458603618835	0.011434458603618835
19900	0.0101536540814149	0.0101536540814149
25758	0.01	0.01
37529	0.010000000003007265	0.010000000003007265
6283	0.01	0.01
31592	0.013433044832456607	0.013433044832456607
40030	0.01	0.01
26135	12.379993569850175	12.379993569850175
9262	3.6763990558201503	3.6763990558201503
19991	0.01	0.01
5390	0.01000000004211107	0.01000000004211107
17266	0.010000000000000047	0.010000000000000047
36702	0.01	0.01
14808	0.01	0.01
44726	0.016154548379271435	0.016154548379271435
37158	0.01	0.01
38271	0.01	0.01
8963	0.01000000179498838	0.01000000179498838
