ind_id	pop	time	sampled	lat	lon	node1	node2
22333	EUR	24463	True	35.1290327524117	37.6233169117395	15824	15825
44487	EUR	2105	True	20.3047164869021	43.5672844706891	29118	29119
36478	ANA	10553	True	32.0079192307929	37.1394680565021	24092	24093
34047	ANA	12953	True	36.2979709518097	39.4480158641814	22700	22701
38827	EHG	8323	True	12.5418869819229	51.8267153434264	25466	25467
4667	OOA	45230	True	47.3616912041372	29.3017423669617	3418	3419
29805	EHG	17206	True	35.31183396654	58.7746113287844	20178	20179
23347	EHG	23502	True	44.2937770093032	55.7164362659577	16426	16427
7834	OOA	41164	True	57.7679852144354	38.0647655269939	5818	5819
7604	OOA	41456	True	56.8738103717679	35.4604378235727	5650	5651
1641	OOA	48987	True	36.301329897638	29.489955207639	1186	1187
34208	EHG	12787	True	44.5582040119718	54.6238191864151	22814	22815
45435	EUR	608	True	21.9083058537132	45.8165352775558	29954	29955
8041	OOA	40904	True	56.8246666195499	37.2316362533486	5970	5971
20314	ANA	26425	True	39.4004476119718	38.4805370416248	14672	14673
15442	OOA	31729	True	57.6550970774488	41.5085991566393	11482	11483
34968	EUR	12032	True	36.2079308255426	60.7436601556111	23228	23229
20020	ANA	26705	True	60.4514537558967	42.3123888639953	14516	14517
29923	ANA	17105	True	21.9851572220987	50.5122219670795	20246	20247
23003	EUR	23872	True	27.5071146108257	39.0757855970675	16202	16203
20370	EHG	26363	True	30.2376259499519	37.2119228777993	14708	14709
16774	OOA	30086	True	60.0834138526724	41.2097955717577	12470	12471
6410	OOA	42992	True	49.199599720802	32.327747086488	4752	4753
600	OOA	50250	True	32.3622166529296	27.8721321762559	398	399
7850	OOA	41148	True	57.882382095009	37.8972638664583	5826	5827
39940	EHG	7196	True	19.2053665053842	47.3238589882121	26152	26153
20513	OOA	26189	True	60.5223167891157	42.3512274646422	14830	14831
29643	ANA	17337	True	26.0016587763432	47.2772879663717	20104	20105
38460	EHG	8675	True	30.5914446136315	37.7329588265302	25236	25237
2660	OOA	47723	True	37.0414955527531	29.8761184645672	1930	1931
1440	OOA	49265	True	37.2271043498599	30.6321228915019	1038	1039
2184	OOA	48266	True	39.8380920509804	27.7939466770057	1594	1595
850	OOA	49963	True	30.047362749227	30.4133745063911	584	585
33714	EHG	13268	True	40.3394392922487	59.2983317656363	22522	22523
5298	OOA	44421	True	50.2852830320337	31.7457680324543	3892	3893
5454	OOA	44243	True	49.5009181404179	32.8068118905714	4004	4005
30063	EHG	16983	True	45.8778712918237	58.8102008396845	20324	20325
36106	ANA	10910	True	29.6127160931823	37.8472131136456	23880	23881
30618	EHG	16427	True	32.258687631973	38.7426948593465	20674	20675
17401	OOA	29299	True	62.802717095408	39.974243966898	12954	12955
20474	EHG	26226	True	36.8630399506306	54.3907437098763	14800	14801
26622	EHG	20364	True	54.073330750467	59.8152042425178	18328	18329
29849	EHG	17172	True	30.2598951846994	38.1576707516402	20190	20191
11179	OOA	36980	True	59.1849918332037	39.9324499453278	8310	8311
22487	ANA	24311	True	32.4665404186603	59.7522948622747	15920	15921
42267	ANA	4541	True	19.1243234233227	47.6532811994778	27670	27671
28864	ANA	18137	True	37.994168154985	40.5866472774199	19660	19661
24032	EHG	22804	True	50.0105294355449	55.3118356677606	16804	16805
43484	EUR	3185	True	20.0709114228058	48.5210460893035	28474	28475
9819	OOA	38617	True	60.0902095046695	36.679181686358	7308	7309
36447	EUR	10585	True	39.7529873073932	37.8388543380928	24078	24079
41280	YAM	5748	True	29.9048193325819	36.2454798810566	27020	27021
11572	OOA	36524	True	58.9849448670872	38.0087707941738	8610	8611
9263	OOA	39331	True	64.5282415272284	40.0581528838746	6898	6899
9352	OOA	39255	True	56.4967129599869	38.561651963938	6958	6959
30570	ANA	16488	True	31.0544506523647	59.3817216998032	20640	20641
34017	ANA	12981	True	32.6904329939521	40.6406442452565	22682	22683
3796	OOA	46285	True	43.1132453128802	33.3763200533651	2782	2783
33073	EHG	13954	True	12.4342642484569	52.4666332509721	22150	22151
18617	OOA	28041	True	59.2061566981672	42.2532104149855	13724	13725
21977	ANA	24808	True	24.6177259324012	47.6195133261314	15614	15615
6190	OOA	43305	True	53.0403480489262	34.2577566014279	4574	4575
3504	OOA	46679	True	42.3505697450779	27.9433468842535	2572	2573
27634	EHG	19321	True	-6.66866336479944	40.6270977744096	18958	18959
30371	ANA	16683	True	10.3901271274347	48.5926690790227	20518	20519
36941	EHG	10091	True	31.3842794381726	58.0143613633372	24356	24357
43682	YAM	2985	True	26.2302327431857	50.6599528170052	28594	28595
27526	ANA	19434	True	36.9115636826467	37.1248551818497	18864	18865
19902	OOA	26820	True	58.1688782856851	40.3643253935418	14436	14437
13630	OOA	33989	True	63.5822620599525	41.3366928076472	10128	10129
39021	EHG	8139	True	29.6102207983648	56.4297742604554	25572	25573
44726	EUR	1839	True	24.7323827775943	47.4840536299083	29286	29287
33192	EHG	13834	True	44.1755889573157	57.7457851026681	22218	22219
40847	EUR	6261	True	51.3078667629677	58.4951063787245	26714	26715
15500	OOA	31623	True	63.4916376367391	39.0063861196322	11530	11531
36621	EUR	10397	True	33.9337409721103	38.5188470234142	24180	24181
2922	OOA	47425	True	40.3202927647031	30.0064861020038	2118	2119
31922	EHG	15089	True	5.78218815226723	46.5893879081689	21436	21437
36551	EHG	10474	True	21.8717408539117	52.8710949339947	24148	24149
36108	EHG	10899	True	53.7419796700582	53.6505393294514	23892	23893
18912	EHG	27858	True	32.6365213743596	39.856964941796	13834	13835
2010	OOA	48496	True	39.8399946660985	29.7714015616774	1446	1447
26039	EHG	20958	True	34.1485441665927	59.3435651159472	17998	17999
5237	OOA	44489	True	50.2437602571019	32.1811811559715	3862	3863
27739	ANA	19248	True	31.6607467439573	38.2150797453676	19008	19009
42308	YAM	4476	True	25.3909044795223	50.8057844855828	27706	27707
13622	OOA	34006	True	57.3118045577271	42.1234241583289	10112	10113
3132	OOA	47177	True	38.4480618846048	28.609457362819	2270	2271
32195	EHG	14831	True	36.1387290408896	55.5256479964481	21604	21605
5216	OOA	44516	True	49.7072171005104	30.995524195195	3844	3845
3711	OOA	46384	True	40.1656251504741	30.8514434908444	2726	2727
27111	EUR	19840	True	44.7592775240166	57.0696633309793	18622	18623
25706	EHG	21252	True	32.0569186943438	59.2471394853138	17806	17807
41438	ANA	5567	True	30.3103208662331	39.218307447617	27108	27109
41255	YAM	5783	True	32.7100085175498	38.674820810326	27002	27003
16550	OOA	30376	True	58.5093698927776	41.929790045762	12318	12319
7405	OOA	41750	True	56.0322638122453	35.6413536435301	5486	5487
34452	EUR	12556	True	28.6434392071506	38.5894569658294	22926	22927
13735	OOA	33871	True	59.5278252669057	38.4643104150635	10220	10221
23440	EUR	23410	True	30.1702811843534	58.5222471338834	16476	16477
40244	EUR	6915	True	37.1463845507586	57.9699566740674	26332	26333
21523	ANA	25226	True	59.8753022123124	40.521159883505	15400	15401
13275	OOA	34375	True	60.1409967230001	42.2473941880525	9876	9877
4363	OOA	45568	True	44.182180070012	28.3804577590588	3186	3187
34690	EUR	12304	True	21.3620513821528	41.3876700461472	23080	23081
45422	EUR	644	True	18.0570310510122	50.6779519266189	29928	29929
32334	ANA	14678	True	16.8446282250746	52.283421125349	21686	21687
24538	ANA	22377	True	10.0415027887803	50.0898482021169	17110	17111
30818	EHG	16207	True	23.8887100180359	47.4006052665605	20816	20817
17765	OOA	28872	True	59.050950857061	38.766269801405	13216	13217
18875	ANA	27869	True	58.1702473841864	41.7583922947298	13828	13829
44743	EUR	1798	True	20.8907623356569	45.6570197191665	29304	29305
43654	YAM	3000	True	19.3249948283172	49.8482976185167	28584	28585
12651	OOA	35073	True	61.1205321862285	39.3409781667156	9408	9409
13905	OOA	33658	True	59.369830224188	40.9107178070499	10328	10329
25092	ANA	21831	True	35.0970033363903	37.6709997862827	17438	17439
5390	OOA	44308	True	47.8349777691291	28.3525053237638	3960	3961
6391	OOA	43026	True	52.9733625031926	33.7080191789109	4738	4739
1844	OOA	48716	True	36.4125809017666	31.368355825057	1342	1343
22998	EHG	23871	True	35.9170883391154	58.1488911682668	16204	16205
34292	ANA	12701	True	28.0538096535597	38.4897927463415	22850	22851
45356	EUR	813	True	6.6581572764609	43.9098486469457	29824	29825
42114	EUR	4724	True	24.4803311048407	48.6718731132177	27572	27573
17823	OOA	28803	True	62.127437030967	41.4458108093314	13266	13267
17592	OOA	29074	True	56.7116023392319	39.2130882767337	13092	13093
17430	OOA	29247	True	59.333128114858	41.0999070203276	12978	12979
35496	ANA	11511	True	50.1145550761761	56.4668441025313	23546	23547
4160	OOA	45847	True	43.8993115631218	30.5573290884953	3048	3049
28752	EHG	18248	True	51.9694978370122	60.5804761498462	19598	19599
45268	EUR	1000	True	2.40486894275938	48.069668329689	29736	29737
31420	ANA	15624	True	29.9982850625149	40.8269832406359	21138	21139
25485	EUR	21465	True	38.0105442138602	40.1916861715341	17674	17675
44760	EUR	1789	True	27.3801873885939	47.800812693993	29314	29315
15309	OOA	31885	True	55.1100694025999	40.9860980067685	11380	11381
3475	OOA	46706	True	42.2526051942213	33.2530609745619	2552	2553
12417	OOA	35363	True	62.3947989543371	42.82779322887	9234	9235
17687	OOA	28972	True	59.6573432210293	38.1194664061596	13146	13147
45189	EUR	1150	True	26.6507325099244	43.4340286541643	29646	29647
21889	EUR	24918	True	37.5192781077343	38.0545982668341	15566	15567
41166	YAM	5886	True	34.4430803592466	51.8291763417946	26942	26943
19486	ANA	27240	True	59.8155709588669	41.2270168937814	14202	14203
26920	EUR	20048	True	48.7068039229178	60.8759579569978	18526	18527
15550	OOA	31575	True	57.5920612829667	40.0763378864567	11566	11567
5532	OOA	44149	True	51.9520905503001	32.0652887834136	4076	4077
44327	EUR	2261	True	21.0444906934616	43.4516609053944	28982	28983
26507	EUR	20468	True	45.8572326626126	56.192515643834	18276	18277
14784	OOA	32599	True	57.1235680677139	37.8879686456636	10992	10993
9399	OOA	39189	True	64.1469564239863	40.4925435185379	6996	6997
599	OOA	50252	True	29.8235425910189	30.1687124686102	396	397
22334	EHG	24448	True	28.55066551773	48.2215393680788	15830	15831
14064	OOA	33503	True	64.0154494591965	39.719673413369	10442	10443
31529	EHG	15504	True	31.5322769598327	37.4388801675318	21202	21203
40625	YAM	6529	True	29.7161282209356	57.473210116276	26568	26569
21618	OOA	25139	True	59.2586826840837	40.0064631873806	15460	15461
18149	OOA	28408	True	57.4141141195918	41.5175159121508	13492	13493
19338	OOA	27402	True	58.6242593079575	58.0529912300719	14096	14097
33788	EHG	13204	True	36.2693301220023	57.4101674239878	22568	22569
26383	EUR	20592	True	50.5569946410967	61.4469486609896	18200	18201
28832	EHG	18158	True	14.3229650786309	51.0203807253229	19650	19651
27849	ANA	19149	True	40.3009935750203	39.5955357049745	19072	19073
44483	EUR	2111	True	17.0274436373626	46.13029227958	29110	29111
1325	OOA	49398	True	37.0305488256298	32.2755390652151	928	929
22845	EHG	23981	True	10.5911868529263	50.8798044850604	16120	16121
11760	OOA	36239	True	56.4283123074201	39.2220673718178	8762	8763
31362	EUR	15675	True	51.0753747630188	56.2869529446638	21108	21109
7386	OOA	41771	True	57.0578100639804	33.6816901555534	5474	5475
28780	EUR	18218	True	6.34077903618231	45.9736373080727	19610	19611
4712	OOA	45168	True	44.5793672266822	29.6808388066835	3454	3455
13649	OOA	33964	True	59.6860898313392	40.5168382287807	10142	10143
40064	ANA	7098	True	21.0868602528787	43.4930355715647	26218	26219
13509	OOA	34121	True	56.0236699628051	41.4368800273259	10030	10031
8151	OOA	40767	True	58.8158977771579	40.8207207039501	6076	6077
40581	EUR	6541	True	24.4824918580535	46.4729387199247	26556	26557
18002	OOA	28590	True	57.1590328892127	41.4506061137389	13398	13399
8529	OOA	40304	True	54.6410504112443	39.9682843387785	6336	6337
10152	OOA	38216	True	56.0769324615767	40.7569547919723	7554	7555
39054	EUR	8114	True	42.6530769832432	57.2955171399596	25592	25593
5072	OOA	44722	True	45.7475457204122	32.4923838408764	3730	3731
32885	EHG	14140	True	44.7567395626318	60.4224866718725	22016	22017
38457	EHG	8666	True	16.7580853988349	46.4015396083962	25254	25255
33510	EHG	13469	True	52.3703806923241	59.7987871063786	22422	22423
43630	YAM	3030	True	23.8519628047214	51.5199878839635	28568	28569
22749	ANA	24082	True	28.3108688305325	39.6780119630599	16054	16055
23382	EHG	23485	True	32.7309021878173	37.7370264219668	16436	16437
24565	ANA	22349	True	40.9893793059691	60.3737830504312	17122	17123
38699	EUR	8435	True	38.0842279406296	59.7343018489767	25398	25399
14698	OOA	32719	True	59.346399007414	38.251892210033	10920	10921
34997	EHG	12010	True	-0.0935459441864021	47.0432456419191	23266	23267
6329	OOA	43126	True	49.8925328751852	32.5375197540443	4688	4689
36391	EHG	10625	True	54.0370461109228	54.2478472907591	24054	24055
44816	EUR	1708	True	4.00431106401085	43.7140206117043	29376	29377
40446	ANA	6695	True	57.4660457226641	56.1351138023643	26468	26469
1634	OOA	49012	True	33.6811087946998	29.4834397066907	1172	1173
32373	EHG	14643	True	43.6307978449807	54.8528016719014	21712	21713
23241	EUR	23617	True	35.9461625674186	56.2471736300161	16352	16353
19082	EHG	27670	True	47.7954039160301	58.0017682826458	13950	13951
7387	OOA	41770	True	56.0237561420036	36.072976552478	5476	5477
30030	ANA	17030	True	33.0339699339556	38.0970832643158	20304	20305
29358	EUR	17608	True	25.1218423615762	52.7157302524953	19958	19959
19661	ANA	27079	True	37.4112123277937	37.1662724506001	14274	14275
44795	EUR	1759	True	20.0578594259468	44.3649239898658	29346	29347
30373	ANA	16693	True	39.0412895253635	35.5574870779554	20512	20513
34481	EUR	12512	True	3.61588501988655	49.5517401886554	22956	22957
14463	OOA	33003	True	60.5780987388383	41.5570504481226	10750	10751
42720	YAM	3962	True	22.6933318811355	53.3105251824805	27986	27987
34346	EUR	12649	True	33.2928631983179	37.4169958421299	22880	22881
38428	EUR	8703	True	32.0872427858915	54.9061735322251	25218	25219
7021	OOA	42254	True	54.6671878697213	33.6696969817059	5202	5203
39144	EUR	8022	True	2.57775051241057	46.383284113634	25668	25669
762	OOA	50055	True	34.2532505020555	28.828848967601	514	515
45085	EUR	1340	True	21.6612455141949	49.4515427603467	29558	29559
19695	ANA	27029	True	63.4325276263338	39.0962114435148	14320	14321
16452	OOA	30488	True	59.7874802132957	40.9271570254631	12242	12243
30785	EHG	16245	True	43.7723537369753	58.8949881854942	20776	20777
12018	OOA	35873	True	57.9088463981924	42.6711229380765	8916	8917
16902	OOA	29944	True	59.6895454351859	43.0496431325559	12566	12567
33958	EHG	13037	True	45.6495758531539	57.211527997542	22658	22659
26757	ANA	20208	True	35.1204062407883	56.2940252223487	18418	18419
24702	EHG	22239	True	13.9562325285541	50.218860116913	17198	17199
22243	EUR	24564	True	38.7885473229654	40.1461187128789	15758	15759
2182	OOA	48276	True	33.8518006799199	28.7692570037165	1590	1591
44693	EUR	1860	True	9.41977112554445	51.420381220628	29256	29257
38585	EUR	8553	True	25.6385736686748	45.4709885073787	25334	25335
7588	OOA	41498	True	53.9382368361917	34.0826823279644	5632	5633
39325	EHG	7853	True	27.0924004834426	38.5405534362405	25764	25765
4624	OOA	45287	True	46.025449158835	31.5419359784281	3386	3387
32466	EUR	14561	True	35.4305753737359	60.289150234434	21744	21745
40210	EHG	6949	True	33.0774115697646	40.8576472920153	26304	26305
41689	ANA	5304	True	19.4987040262779	51.4437926478167	27264	27265
20222	OOA	26489	True	56.8544554805907	40.8751412857643	14636	14637
16008	OOA	31061	True	57.6296625415216	41.683428341189	11910	11911
20542	EHG	26164	True	42.6295517967695	60.013151984993	14844	14845
34745	EUR	12238	True	20.9121968269157	49.5128263356576	23118	23119
23300	ANA	23568	True	27.9741674452142	39.4151593454271	16388	16389
45359	EUR	809	True	21.5105066897754	47.1699891615081	29830	29831
7480	OOA	41637	True	56.3254100984764	34.0844955465399	5556	5557
5679	OOA	43967	True	52.4982083954843	30.9727873848958	4188	4189
31305	EUR	15715	True	9.42262177488414	47.8632845385152	21086	21087
5895	OOA	43681	True	50.0745687325222	31.8479246535012	4364	4365
35207	EHG	11811	True	38.673665262237	37.055065913833	23370	23371
42023	EUR	4851	True	36.1040026039553	39.4516693868176	27502	27503
26759	ANA	20203	True	41.6705374091677	55.2372092503011	18422	18423
40907	YAM	6199	True	21.6291418637683	40.8079609464423	26744	26745
18176	OOA	28400	True	59.8905506745828	41.1592232164268	13498	13499
696	OOA	50126	True	31.2421880163221	27.6930856657515	468	469
12060	OOA	35828	True	57.035459453594	38.9303114175533	8956	8957
42526	ANA	4197	True	1.78815082020908	46.567676655478	27870	27871
14357	OOA	33145	True	58.8618274354552	42.2528662925472	10654	10655
6884	OOA	42410	True	53.5681782146001	32.7988950550035	5088	5089
9000	OOA	39711	True	56.819848217342	41.6417920014627	6702	6703
15335	OOA	31843	True	60.0943210782824	38.4164273389509	11402	11403
29848	ANA	17174	True	30.664369698084	37.4287235213965	20188	20189
29991	EUR	17062	True	29.1108403595676	39.2483646014646	20282	20283
39048	ANA	8120	True	41.9103769608567	56.125429836423	25586	25587
13600	OOA	34022	True	57.2095629921999	42.4386147684994	10098	10099
131	OOA	50876	True	36.0601733377339	32.1133994257412	52	53
35232	ANA	11762	True	0.529059961446557	47.1040654282246	23400	23401
17235	OOA	29513	True	61.041130911918	38.6805526023097	12824	12825
30569	EUR	16492	True	38.2661262262591	38.1896795229817	20630	20631
10671	OOA	37600	True	63.6640853252596	38.1115417254076	7944	7945
442	OOA	50458	True	33.3983971422392	28.8514487679013	288	289
25800	ANA	21146	True	7.21479357046387	46.6130842610497	17872	17873
40903	ANA	6201	True	35.9537958022348	38.8455230490195	26742	26743
17337	OOA	29378	True	59.9264532173869	40.9280443877907	12906	12907
11378	OOA	36763	True	60.2268020256874	38.9378471273909	8448	8449
34417	ANA	12576	True	30.9253607000515	36.81603424029	22918	22919
18233	OOA	28343	True	60.4487520429642	41.7820452751351	13532	13533
28281	EHG	18738	True	31.7855053913033	38.2850929221845	19320	19321
29243	EUR	17726	True	22.6792267111852	41.3759361636303	19880	19881
38042	ANA	9066	True	37.5625593551021	61.7235761941475	24990	24991
24927	EUR	21997	True	12.8702302667718	49.7124002847976	17360	17361
45034	EUR	1412	True	24.1549546315056	52.7400850205971	29514	29515
21838	ANA	24962	True	52.2001361333504	58.0443273160943	15544	15545
19516	ANA	27208	True	48.9068995486483	55.8817002827058	14214	14215
21017	OOA	25692	True	61.3335733063731	41.1261578403703	15110	15111
41916	EUR	4993	True	19.749401352896	46.2503920400556	27432	27433
2080	OOA	48395	True	36.4476093419173	30.292566507048	1502	1503
30626	ANA	16422	True	29.0906268087054	41.2092084334952	20684	20685
37250	ANA	9829	True	34.4310476088623	38.4670211698025	24512	24513
41982	ANA	4902	True	19.1717969769264	46.0224944118129	27472	27473
6233	OOA	43249	True	50.0340251925536	33.3619805448258	4610	4611
15211	OOA	31985	True	61.5968775226693	37.4113142626132	11310	11311
15055	OOA	32203	True	62.4028714369929	40.2103860171529	11202	11203
31708	EUR	15323	True	39.5528757979435	39.3913801855775	21304	21305
10116	OOA	38271	True	59.7335820907467	41.0373011292971	7516	7517
86	OOA	50935	True	35.2476042673492	30.7322762667935	16	17
9085	OOA	39586	True	57.6351300751562	41.3291870774578	6752	6753
22245	EUR	24547	True	38.7164456100716	55.2606663333931	15772	15773
27199	EHG	19738	True	50.2556646005309	61.8242384968724	18690	18691
27094	ANA	19878	True	34.4329649418608	38.8001316674308	18608	18609
8391	OOA	40454	True	60.0522058325294	36.4257214704844	6234	6235
44139	EUR	2454	True	9.58259535086343	47.6626010049322	28874	28875
11842	OOA	36123	True	62.8377523576662	40.2270711535275	8818	8819
43133	EUR	3519	True	28.2690202306008	50.4163527670071	28250	28251
20760	ANA	25930	True	63.6683285321562	38.7532178383768	14964	14965
1661	OOA	48969	True	36.3486314621718	27.3010106239282	1198	1199
7381	OOA	41784	True	54.455249430924	34.4067537018077	5464	5465
7601	OOA	41469	True	56.2490222382666	34.8074519135715	5644	5645
4415	OOA	45528	True	46.096267222349	29.1684095690038	3228	3229
27284	EHG	19669	True	31.1089385090048	36.6750544769644	18736	18737
9457	OOA	39120	True	63.1010416414267	40.8800354046981	7046	7047
42468	YAM	4263	True	32.399094932391	53.8140726539281	27834	27835
2606	OOA	47771	True	38.2370051999934	28.9007392753276	1896	1897
16071	OOA	30972	True	63.1772046875423	37.9860060163753	11958	11959
35180	EHG	11841	True	29.5680035104957	39.4786719678947	23352	23353
13808	OOA	33782	True	59.9370305994183	38.4457187455339	10256	10257
5885	OOA	43692	True	50.3728480464316	31.5633875983948	4344	4345
16595	OOA	30315	True	56.7688498749918	42.2919385082625	12346	12347
23763	EUR	23079	True	44.980899702236	61.4136137928925	16646	16647
36675	ANA	10339	True	33.4397620270326	37.1529027371479	24216	24217
43320	YAM	3333	True	20.8264065366101	47.1722856618826	28378	28379
6048	OOA	43468	True	48.7444811729865	34.0669879768619	4466	4467
3450	OOA	46735	True	41.5870410042546	29.2736190586005	2530	2531
12892	OOA	34804	True	56.0680586246008	39.5157520296382	9574	9575
1250	OOA	49483	True	35.3674095598457	30.4966234017979	876	877
42925	YAM	3741	True	25.1224679683737	45.0949740108954	28092	28093
4388	OOA	45549	True	47.8246840945482	29.2976909043318	3204	3205
45172	EUR	1181	True	19.5858758922452	53.6203071252755	29630	29631
45443	EUR	559	True	24.5799847351423	49.1467875462446	29970	29971
2764	OOA	47580	True	39.1925311397433	31.0384258338011	2012	2013
23291	ANA	23574	True	39.3815985134345	36.9600780325938	16382	16383
30222	EUR	16846	True	31.4585504383378	39.2808261327184	20422	20423
17820	OOA	28813	True	62.6393970609072	40.5986760875188	13260	13261
2101	OOA	48378	True	37.1676912648167	33.7019237544481	1512	1513
12889	OOA	34816	True	59.3701250853255	42.1953612313936	9568	9569
7284	OOA	41877	True	55.7127007909395	32.8927327248299	5402	5403
10673	OOA	37592	True	61.0523596448202	40.8759827226228	7948	7949
34136	EUR	12853	True	21.4037638410811	43.5690001179947	22768	22769
40990	EUR	6094	True	12.2890091021777	49.9843426064695	26814	26815
20374	EHG	26362	True	37.1829221106373	38.8018528355527	14710	14711
38461	ANA	8672	True	29.7779202341622	38.816868289547	25238	25239
15052	OOA	32214	True	61.057847231868	39.7345568365542	11196	11197
4674	OOA	45220	True	46.9273516099606	31.3771715962795	3432	3433
9286	OOA	39314	True	57.1841231831161	38.4752287969728	6912	6913
6883	OOA	42411	True	54.0819957958097	32.8721862388153	5086	5087
40744	YAM	6380	True	27.2064414578236	37.7398285179794	26644	26645
3670	OOA	46458	True	41.1697401103825	33.5394077931131	2690	2691
8103	OOA	40836	True	58.0659533933643	38.2773182241327	6026	6027
19485	OOA	27248	True	55.5600954747295	56.7529628041708	14196	14197
10338	OOA	38033	True	60.3566032557923	40.2953615317928	7682	7683
1007	OOA	49776	True	32.1024192513482	28.8455497213978	710	711
32924	ANA	14119	True	36.2305412595951	36.8672508593828	22032	22033
45171	EUR	1182	True	19.471142607064	49.6663054964923	29628	29629
8620	OOA	40180	True	59.6686006292697	39.8803012957828	6406	6407
4495	OOA	45418	True	46.4261353683186	27.2392454851372	3292	3293
2868	OOA	47475	True	41.7722388881402	29.7717128748426	2080	2081
14629	OOA	32787	True	57.1403595260171	40.5698832606544	10888	10889
12943	OOA	34763	True	58.065844862543	40.6152642892527	9606	9607
3055	OOA	47248	True	38.4607380956595	28.6997373387892	2234	2235
13168	OOA	34504	True	61.486953968364	37.3579445821023	9780	9781
43016	EUR	3641	True	21.5172158540015	52.120494610282	28162	28163
7755	OOA	41271	True	54.7927006344285	37.6854105490458	5758	5759
10290	OOA	38079	True	59.9603676078695	37.2998800150471	7656	7657
30648	EUR	16403	True	34.3884353573893	59.2389392531516	20700	20701
24598	EUR	22338	True	45.4495514352239	59.7995872377993	17134	17135
35563	ANA	11430	True	43.5040220001987	53.4001588019758	23590	23591
27318	EHG	19618	True	18.8730278233427	47.6464045965592	18764	18765
12188	OOA	35648	True	60.2323595385663	41.5955331056414	9056	9057
27711	EUR	19266	True	31.1549275057586	56.019134416894	18994	18995
5537	OOA	44136	True	49.3419254785492	32.7722266988931	4086	4087
14741	OOA	32643	True	58.6643059246372	41.8704483667212	10966	10967
3826	OOA	46247	True	41.9464125030056	28.1424322912469	2802	2803
17534	OOA	29127	True	57.8390800305522	38.4330670425145	13048	13049
13137	OOA	34547	True	61.0040860208998	40.1509154874534	9750	9751
23179	EUR	23694	True	35.3101647367731	40.8900429353618	16298	16299
36206	EHG	10812	True	52.1883025802322	58.7462411996751	23946	23947
10621	OOA	37670	True	62.3847001219035	38.5397294757156	7904	7905
44491	EUR	2098	True	22.2256698535122	50.0881725002605	29126	29127
39790	ANA	7351	True	25.1113951795835	43.7939404640673	26076	26077
35814	ANA	11169	True	10.8763200723587	48.6655453363419	23712	23713
35479	EHG	11520	True	18.2231264645903	44.5903153880795	23538	23539
20617	EHG	26092	True	50.5084888762412	59.2863740863057	14878	14879
44355	EUR	2228	True	27.9660215974046	46.6554961875781	29014	29015
6030	OOA	43514	True	48.0498108819045	32.7333524950167	4454	4455
2014	OOA	48489	True	36.4702684006253	28.0730201388267	1454	1455
14029	OOA	33532	True	59.0225714187903	39.7706806707853	10408	10409
14392	OOA	33094	True	60.3722123654302	40.558433402339	10694	10695
17163	OOA	29615	True	60.0360239967092	36.7268060227411	12776	12777
22609	EUR	24196	True	26.30159961248	49.8824585337127	15996	15997
43103	YAM	3543	True	28.6553228107234	49.8164114990014	28232	28233
20921	OOA	25776	True	61.6836121170701	38.3680766432849	15050	15051
10339	OOA	38028	True	59.5134614425679	41.5011687485601	7684	7685
12205	OOA	35631	True	56.3011614448412	38.9908151137902	9068	9069
42628	EUR	4077	True	33.3829664335909	56.1583819981382	27932	27933
20366	ANA	26358	True	47.8727700801	57.3549810167862	14714	14715
22391	EUR	24406	True	28.9801970199392	39.7752453471614	15860	15861
8533	OOA	40293	True	62.0233638500903	38.3971803411687	6344	6345
21075	EHG	25638	True	44.7780110806622	57.9484856910968	15130	15131
28125	EUR	18886	True	37.7593751904586	57.1391011644251	19242	19243
43985	YAM	2625	True	17.17280712007	52.1117277782576	28784	28785
44979	EUR	1470	True	26.1471370320649	41.4082098441801	29468	29469
3380	OOA	46838	True	39.2777437004111	29.6337336010672	2482	2483
4922	OOA	44884	True	47.3267355320411	32.729750536458	3612	3613
13646	OOA	33979	True	60.5751393017539	39.5680810060523	10136	10137
3027	OOA	47285	True	38.4385389005488	28.3648916473251	2202	2203
40115	ANA	7042	True	26.310590511455	44.700317599227	26252	26253
25450	ANA	21501	True	36.9360585183485	38.6545559850178	17658	17659
33727	EHG	13277	True	28.9425852756061	37.8117816516309	22520	22521
43786	YAM	2867	True	19.2302326955159	52.6617078003097	28652	28653
41277	EUR	5752	True	27.4635938299088	43.641295662733	27016	27017
1752	OOA	48854	True	36.132081014538	29.2455263129615	1262	1263
32779	EHG	14261	True	53.1255720896959	54.1581339578662	21938	21939
929	OOA	49868	True	34.8088076152312	29.5454916862215	642	643
31279	EHG	15764	True	29.6120734137558	55.3072878470175	21052	21053
25136	EHG	21777	True	-3.74983578823757	41.772116573724	17484	17485
33844	EHG	13152	True	42.7878880080392	58.6015522127246	22594	22595
32042	EUR	14987	True	16.6646319663103	44.5283594739701	21518	21519
20988	ANA	25726	True	44.2285098483371	54.8610825669295	15090	15091
6306	OOA	43146	True	49.1856943765049	33.2532200634595	4672	4673
13141	OOA	34538	True	59.3415690074703	38.5101824866249	9758	9759
1712	OOA	48896	True	37.8993922331498	28.4552525027843	1236	1237
35322	EHG	11680	True	30.7168797207517	38.745867477468	23440	23441
33456	ANA	13541	True	33.6038878564946	39.4884676705361	22376	22377
7315	OOA	41861	True	53.0412309669656	34.0974827495522	5420	5421
9264	OOA	39328	True	59.7723029334495	40.5671488443117	6900	6901
24728	ANA	22195	True	18.1022513720913	51.0678728277918	17220	17221
23915	ANA	22927	True	44.496908843514	58.319280914317	16738	16739
10482	OOA	37847	True	62.7051776133567	41.1291398674451	7790	7791
5611	OOA	44041	True	47.9072055106708	31.173250926395	4144	4145
16790	OOA	30082	True	57.2172630609772	39.1012168270231	12474	12475
45338	EUR	864	True	19.7133370931222	42.166848130378	29798	29799
35589	EUR	11408	True	13.5864600075737	48.1061675583825	23614	23615
42357	YAM	4424	True	29.5751579318489	57.4418414902317	27734	27735
14417	OOA	33064	True	58.8024517730157	41.2043989131706	10714	10715
13366	OOA	34273	True	63.9885465857416	38.872660832469	9934	9935
33787	EUR	13203	True	20.664177844332	43.1332586205873	22572	22573
2816	OOA	47525	True	39.1516348391914	31.6162686360326	2042	2043
35616	EHG	11383	True	49.4441988003021	58.7233546833384	23624	23625
33139	ANA	13901	True	44.1342981063838	54.3613792171416	22178	22179
5785	OOA	43821	True	52.9225963049515	31.4603971350095	4272	4273
24928	EHG	22006	True	38.4489411396742	55.7807242711576	17348	17349
43653	YAM	3000	True	18.0105038526564	51.558790937764	28582	28583
11540	OOA	36569	True	57.9476441163655	41.0189855448563	8584	8585
19059	EHG	27698	True	39.8019017697703	40.4092483825702	13934	13935
15332	OOA	31852	True	59.4857595987863	37.5916808999117	11396	11397
11040	OOA	37126	True	59.7549795828426	39.5707794100095	8214	8215
10479	OOA	37848	True	59.3028597036394	41.5353884145176	7784	7785
41919	YAM	4990	True	24.6424249195318	46.2588064457658	27436	27437
5603	OOA	44062	True	53.0796953172516	28.8304304329981	4128	4129
9886	OOA	38523	True	62.0240565693831	37.1972046056811	7354	7355
36233	EHG	10785	True	51.3867050373701	55.8093331439363	23958	23959
29842	EUR	17163	True	40.3324160059173	57.442602365508	20196	20197
42989	YAM	3655	True	28.461255265146	49.8996619429034	28154	28155
10048	OOA	38337	True	59.2176525702728	37.6509908998569	7482	7483
17022	OOA	29792	True	60.7156222520578	38.6866279319739	12656	12657
5791	OOA	43807	True	51.2378383782838	29.9269557257894	4284	4285
31418	ANA	15601	True	21.1434972089771	49.5182677772046	21154	21155
10805	OOA	37431	True	57.1742881142469	38.1246278679369	8040	8041
45250	EUR	1016	True	7.69354093317691	46.8044114964834	29720	29721
26070	EHG	20932	True	46.2419316521608	56.3943923013124	18006	18007
28246	EUR	18771	True	34.1306204304776	38.5874482553387	19304	19305
35040	EUR	11968	True	19.7667369888587	46.6487064080043	23294	23295
15937	OOA	31158	True	59.3154234969867	41.3759208647453	11850	11851
8400	OOA	40438	True	59.849649657934	37.7127638565845	6252	6253
28424	EHG	18567	True	44.5562865486621	57.6551447504706	19404	19405
15530	OOA	31597	True	61.8995211074149	40.0545479195621	11550	11551
245	OOA	50724	True	32.043505621748	29.5283504218797	132	133
29494	EUR	17488	True	23.0820902460872	52.1026562465392	20022	20023
18242	OOA	28324	True	59.448451353173	39.3739153234697	13550	13551
28970	ANA	18011	True	29.7525621613549	38.0415465042751	19732	19733
43759	YAM	2881	True	21.3300827773228	48.2442487978255	28644	28645
28995	EUR	17972	True	9.1941628901975	48.6629976508101	19748	19749
8458	OOA	40377	True	56.9844864727159	37.0153896862785	6290	6291
19777	OOA	26952	True	53.3597906102052	57.1119298622043	14344	14345
6477	OOA	42895	True	49.8460085689721	32.5236246931065	4788	4789
30507	EUR	16536	True	26.09150999818	42.6627654013947	20596	20597
23816	EUR	23021	True	57.4570023333817	55.4662136238839	16680	16681
43356	EUR	3296	True	24.784820895427	49.7002452505462	28398	28399
36138	EUR	10878	True	36.7602623581127	40.4138727717471	23904	23905
13274	OOA	34375	True	59.4025062990144	41.4520623437374	9874	9875
45204	EUR	1129	True	22.477474435745	50.16915638818	29662	29663
21864	EHG	24944	True	37.8635785394581	59.6266641866711	15560	15561
17309	OOA	29424	True	64.084008997301	41.3377752331553	12880	12881
16206	OOA	30805	True	58.249433024438	42.9018034731171	12054	12055
10643	OOA	37643	True	56.1769045929043	42.1792267854406	7920	7921
14788	OOA	32587	True	58.971384563367	38.0840859817143	11000	11001
10692	OOA	37562	True	57.8780552539655	37.5696864810464	7964	7965
5029	OOA	44767	True	50.5531096729562	31.5303175937539	3698	3699
27411	EHG	19527	True	14.4028245517381	48.1691674106535	18818	18819
20682	OOA	26031	True	30.552890485007	37.4799101933156	14916	14917
5638	OOA	44022	True	50.7219005332581	31.0211000400636	4156	4157
38729	ANA	8416	True	42.2408284319574	60.8201500226968	25408	25409
5464	OOA	44220	True	50.8455557110751	30.0019791860607	4024	4025
38669	EUR	8469	True	37.9264784152636	36.1473903457824	25368	25369
23918	EUR	22919	True	57.4862107215843	59.0288923673556	16744	16745
25396	EHG	21557	True	38.0344677131803	39.4365391908663	17628	17629
310	OOA	50632	True	31.5598870424328	27.0241354186624	170	171
41863	ANA	5069	True	23.0125571914059	45.3791804994408	27402	27403
9260	OOA	39351	True	63.2606969003118	38.9790623352892	6892	6893
17101	OOA	29697	True	59.8878378161881	40.6405815878549	12722	12723
5509	OOA	44163	True	50.5229540283506	30.146796466582	4060	4061
36728	EUR	10260	True	15.9095263434008	47.8668253964188	24262	24263
2845	OOA	47493	True	38.6405464077494	32.1648944366742	2066	2067
28549	EUR	18448	True	18.8284543296351	52.3289762853625	19480	19481
23295	EUR	23550	True	21.9695381779013	41.8877692651066	16402	16403
34229	EUR	12760	True	54.9057294804871	57.904356097779	22826	22827
18089	OOA	28476	True	57.8455860008982	40.4954252852493	13456	13457
32250	EHG	14762	True	44.1299339786214	56.8690521343362	21630	21631
22642	ANA	24157	True	23.4666249136653	49.462600125482	16024	16025
39491	EUR	7658	True	27.5982562115173	37.8982926757366	25876	25877
4777	OOA	45074	True	46.4119998248897	27.406619826872	3514	3515
14678	OOA	32754	True	59.8558733101094	38.2633309204299	10910	10911
27708	EHG	19255	True	27.7735044422261	47.7590760685686	19002	19003
17893	OOA	28721	True	61.7796742979754	38.6862179300797	13322	13323
19843	EHG	26901	True	38.8251619136704	37.3706023644811	14378	14379
12182	OOA	35663	True	55.2657107377043	39.579919153392	9044	9045
12727	OOA	34991	True	62.0373517981042	39.6216589634215	9454	9455
4080	OOA	45934	True	46.4287673661609	27.5575567457256	2992	2993
31386	EUR	15648	True	40.4143853802862	38.9056132143464	21120	21121
13806	OOA	33784	True	58.0772584033086	42.0137044918004	10252	10253
28036	EUR	18975	True	34.7828481056006	39.4411504284187	19184	19185
1800	OOA	48794	True	32.2529626406106	29.1553588621174	1298	1299
43022	EUR	3627	True	31.8478267318921	52.5704415835482	28178	28179
23210	ANA	23648	True	34.4639628998725	55.958201243301	16332	16333
23123	ANA	23750	True	38.4938188624319	39.0135420974688	16266	16267
17100	OOA	29705	True	59.649196334474	40.6871844804652	12720	12721
36857	EUR	10135	True	7.291329208225	49.2058810824009	24326	24327
29022	EUR	17963	True	30.4824312960735	38.698567727664	19754	19755
26092	EHG	20894	True	12.9311047002319	46.1185665761418	18022	18023
1594	OOA	49049	True	36.4428179786314	28.3603640224881	1152	1153
7503	OOA	41607	True	55.0401475850816	36.5183578423904	5574	5575
14658	OOA	32759	True	57.3080042749969	40.0759097084988	10906	10907
7410	OOA	41731	True	55.9366218383724	36.1312136535887	5496	5497
33350	ANA	13660	True	15.2485193929371	48.598825707812	22322	22323
44911	EUR	1577	True	9.44161649274971	50.616652573394	29424	29425
23040	ANA	23815	True	3.55877947847142	45.9604378152708	16238	16239
18274	OOA	28314	True	58.3593358942968	41.9708285295046	13556	13557
8146	OOA	40788	True	58.9099776374742	36.0626413285199	6066	6067
5539	OOA	44131	True	47.2067684123609	31.8841053667336	4090	4091
36970	EHG	10048	True	56.2299443124862	58.7814413540622	24380	24381
44978	EUR	1484	True	14.5663261278796	51.1605245939082	29466	29467
4872	OOA	44957	True	46.0911203589137	28.7582296243544	3572	3573
45439	EUR	582	True	10.0067551971352	44.608386748993	29962	29963
19175	ANA	27583	True	42.3632924502572	60.9527739337417	14000	14001
38271	EHG	8861	True	32.9253556594102	54.7534622096301	25116	25117
23820	EUR	23024	True	33.1879691879895	40.6201797577091	16678	16679
26500	EUR	20471	True	33.8555921832654	55.6043967809564	18272	18273
6797	OOA	42506	True	53.2806763495288	33.3984004689768	5042	5043
5750	OOA	43861	True	54.0856750332658	31.3289235313281	4254	4255
2016	OOA	48488	True	37.7104326591818	30.3573510381974	1458	1459
35185	ANA	11830	True	34.620050866861	36.9140356735556	23356	23357
27198	ANA	19739	True	44.4547470118668	57.9620674962114	18688	18689
8430	OOA	40409	True	55.7910734739456	37.8527612924003	6272	6273
36479	ANA	10535	True	23.0827986915927	42.4842430132826	24110	24111
34935	EUR	12062	True	2.65099651338864	43.7663735123465	23208	23209
44532	EUR	2060	True	26.042728342035	44.0970113172792	29148	29149
24968	ANA	21972	True	28.5109307161396	39.7378851473986	17368	17369
28836	EUR	18151	True	3.67054701251571	50.0599953128632	19654	19655
954	OOA	49845	True	34.2261336587164	28.4124787187674	660	661
737	OOA	50093	True	31.7239706244454	29.6241930298065	486	487
39685	EHG	7484	True	39.1280353401607	55.0885986994517	25996	25997
17973	OOA	28624	True	60.3586300929191	41.2986673241029	13374	13375
15549	OOA	31576	True	59.8178441637527	41.495618280871	11564	11565
11835	OOA	36143	True	61.3233788133668	42.349288529568	8804	8805
41611	ANA	5367	True	32.3529779992037	50.2350064740748	27232	27233
25701	ANA	21265	True	30.2157247806578	40.5381285984844	17796	17797
29667	ANA	17334	True	36.2276336142741	36.4216295796225	20108	20109
4081	OOA	45927	True	44.1265454038696	33.3884031162413	2994	2995
21678	EHG	25100	True	47.9181455796128	55.8977976965192	15478	15479
30419	EUR	16643	True	31.8664788241491	40.6079233439603	20538	20539
16501	OOA	30442	True	60.1639482394396	37.8151730658349	12282	12283
1247	OOA	49489	True	34.3980926901924	29.9519863184087	870	871
1324	OOA	49402	True	36.7842266616985	28.3344938496043	926	927
40217	EHG	6935	True	40.9017260367986	57.4735612171766	26314	26315
13625	OOA	33999	True	55.2724158938497	39.9769156195283	10118	10119
1798	OOA	48797	True	32.786747396209	31.0863877593571	1294	1295
22450	ANA	24340	True	39.8730371869764	55.0109192305973	15904	15905
11494	OOA	36628	True	60.1654071860988	42.7268321581289	8544	8545
6309	OOA	43136	True	49.9463989196305	30.7710900943434	4678	4679
30542	EHG	16497	True	21.8215974006128	50.821215195973	20624	20625
30027	EHG	17021	True	40.9237915188683	60.0394631360269	20308	20309
14226	OOA	33306	True	59.4912224297111	41.9558624005072	10568	10569
15383	OOA	31787	True	60.7665445820756	37.5019068414255	11436	11437
20180	OOA	26556	True	32.6843949364951	38.2450710281437	14600	14601
30131	EUR	16916	True	17.6585809163946	44.8768435706085	20370	20371
11082	OOA	37080	True	59.6541959342455	38.9293496442609	8250	8251
17945	OOA	28649	True	57.7716471643693	41.342227257399	13360	13361
33689	EUR	13300	True	41.9704528390007	57.8479344297001	22502	22503
16189	OOA	30817	True	57.2668655119111	37.8884174950526	12038	12039
6510	OOA	42870	True	52.9859827367564	30.8389375583934	4814	4815
28483	EHG	18524	True	37.4127119225702	57.8087872097545	19438	19439
29385	ANA	17583	True	30.5673097166076	55.6648744925773	19970	19971
19664	EHG	27063	True	49.1852988463321	57.55340119239	14290	14291
25296	ANA	21653	True	36.7853731208969	37.314887362405	17570	17571
13164	OOA	34522	True	60.0647257411137	40.462759615492	9772	9773
12336	OOA	35460	True	58.1715002714324	37.0024295065491	9164	9165
10693	OOA	37562	True	62.4072738119339	40.9602362359649	7966	7967
265	OOA	50691	True	34.8960987129533	30.2306093421491	146	147
1366	OOA	49351	True	33.5582815222405	28.1735705313451	968	969
2668	OOA	47697	True	36.6015711626625	30.8028245109663	1946	1947
4442	OOA	45493	True	42.3177685565776	30.0023654354624	3246	3247
19061	ANA	27692	True	48.177794929991	54.2069092251475	13940	13941
36067	ANA	10938	True	36.2790336582132	60.6284405802881	23868	23869
2577	OOA	47813	True	39.3940874184635	31.8895583041623	1870	1871
37293	EHG	9777	True	20.8033495297735	41.93531639013	24562	24563
32494	EHG	14528	True	50.9751201353105	57.6916145551254	21770	21771
23561	EUR	23300	True	46.2359067278417	59.651224402961	16528	16529
30060	EHG	17005	True	28.555865605065	37.6807354083404	20314	20315
9983	OOA	38422	True	57.3836468927792	40.4291753613104	7416	7417
20828	OOA	25885	True	34.8410039764428	41.0434201833023	14990	14991
28459	ANA	18550	True	36.5491960090352	59.623223891386	19420	19421
42818	YAM	3848	True	21.9158637778535	53.7992508682391	28042	28043
17585	OOA	29090	True	62.4899509579472	40.4114540531655	13078	13079
34235	ANA	12749	True	26.0053971508062	45.3515036898168	22834	22835
765	OOA	50047	True	30.2528074247815	29.5273813541164	520	521
16843	OOA	30025	True	60.1349138940556	40.8336286525513	12520	12521
2177	OOA	48289	True	38.4674705855352	28.0411977019301	1580	1581
5408	OOA	44295	True	52.6219097530257	29.9359999880536	3970	3971
11559	OOA	36538	True	59.9339086244187	39.1132267030063	8602	8603
6990	OOA	42286	True	53.7195622153432	35.4029936669077	5172	5173
15713	OOA	31392	True	61.4190680216105	39.146579130872	11684	11685
15410	OOA	31762	True	60.7340740284351	41.4789564125037	11448	11449
24810	EUR	22107	True	7.61271540158637	48.0137459303992	17276	17277
23704	ANA	23131	True	17.912587603781	46.1004523514246	16620	16621
5639	OOA	44022	True	49.1641122544408	32.5989287516846	4158	4159
33576	EUR	13407	True	18.276596404295	49.9969564673	22450	22451
44767	EUR	1774	True	13.2506609295915	49.5297024367224	29328	29329
25305	EHG	21642	True	40.2857801385647	54.419015610227	17584	17585
5642	OOA	44006	True	51.8481266104681	30.3437489080681	4164	4165
34691	EUR	12299	True	21.0866551221689	43.756470314473	23082	23083
4642	OOA	45261	True	46.5907038117909	27.8455328953714	3394	3395
40213	YAM	6938	True	47.7412910544781	53.404594040534	26312	26313
43070	YAM	3588	True	22.0799064909882	49.709031348168	28206	28207
1002	OOA	49781	True	32.7767808437969	26.8325923007142	700	701
41211	YAM	5824	True	31.0788728013705	51.7463777984525	26970	26971
25768	EHG	21190	True	15.8870133142647	50.4181321325951	17844	17845
10203	OOA	38160	True	59.7513787311561	41.7185042355632	7582	7583
8186	OOA	40709	True	60.8365853533802	38.4600042976164	6098	6099
16740	OOA	30130	True	58.167826999319	41.2482413789987	12450	12451
183	OOA	50813	True	34.0679803802112	30.3146675891507	90	91
7080	OOA	42169	True	53.8913468801026	35.0343845356287	5254	5255
13001	OOA	34700	True	58.2006887571197	41.110070907775	9650	9651
17504	OOA	29174	True	57.0769155376681	39.8527963470044	13026	13027
36761	ANA	10253	True	29.5975460856678	36.852040551677	24268	24269
13138	OOA	34542	True	61.6016337191317	39.6922714232957	9752	9753
19959	EHG	26763	True	51.6193307948077	57.6828834278954	14470	14471
16234	OOA	30762	True	60.6752701976045	40.0339018258523	12076	12077
35535	EUR	11475	True	48.9230721400095	61.1081596588589	23566	23567
29080	ANA	17904	True	30.4990171135481	40.2408405876029	19790	19791
39664	ANA	7507	True	59.022738775063	58.624785308404	25984	25985
13241	OOA	34415	True	56.5622507124573	38.8672768973763	9838	9839
4285	OOA	45680	True	46.8833390806889	32.6639988631355	3140	3141
15943	OOA	31137	True	59.0365352377927	42.4249465530387	11862	11863
10875	OOA	37333	True	61.353751156797	40.9572779355618	8092	8093
11857	OOA	36087	True	61.7683909826159	39.9960485929238	8828	8829
104	OOA	50934	True	30.8732092576343	29.7835767929926	18	19
7383	OOA	41781	True	55.7816330774376	37.2005455744135	5468	5469
26261	EUR	20754	True	27.5481425561048	38.9851148722833	18136	18137
38606	EHG	8525	True	26.8109816661443	39.6276060835974	25338	25339
28276	EHG	18742	True	35.1174999205559	40.67342053439	19318	19319
8812	OOA	39969	True	57.2014807919584	39.3515892409398	6560	6561
40882	EHG	6219	True	44.6211153805653	60.156290663881	26734	26735
23439	ANA	23405	True	-5.83154527638709	39.0161385155804	16478	16479
43937	EUR	2691	True	21.7590931622668	48.8330397155666	28760	28761
26850	EUR	20109	True	42.3483997723453	60.4944252042169	18474	18475
3828	OOA	46245	True	42.6925315366608	32.0286525030246	2806	2807
33040	EUR	13992	True	16.2553504669194	51.8523414874878	22126	22127
19775	EHG	26955	True	34.2312992145945	39.6570926265111	14340	14341
43013	YAM	3647	True	6.31411088381786	52.1110529360641	28158	28159
20468	EHG	26236	True	34.1938865190387	39.7206541477975	14788	14789
32430	ANA	14577	True	23.4300398447251	43.6689530964483	21740	21741
31952	EUR	15078	True	43.9500269009791	59.5726290631109	21444	21445
24725	EUR	22214	True	28.5580706694922	37.6402267484569	17208	17209
1393	OOA	49318	True	34.6498359993676	30.9362645181317	998	999
17970	OOA	28634	True	59.049693822786	38.5172351891773	13368	13369
24357	EUR	22547	True	38.2099110073738	40.7218270567092	16984	16985
45355	EUR	818	True	9.81886392761809	46.2560601210423	29822	29823
26725	ANA	20239	True	45.341618674066	56.0855716711588	18396	18397
16466	OOA	30472	True	59.9278983131859	39.3293307203845	12252	12253
9862	OOA	38557	True	59.9023024487892	41.9767691903289	7334	7335
123	OOA	50897	True	33.3000617006903	30.5916413030774	36	37
6114	OOA	43405	True	49.0656803638831	34.8993337568702	4514	4515
5230	OOA	44514	True	47.4612169783369	27.7807968375251	3848	3849
5388	OOA	44313	True	51.3983870674587	29.6988799246893	3956	3957
4127	OOA	45893	True	41.8649168041734	30.2863253816706	3016	3017
27201	EHG	19753	True	34.5163286168565	37.4519918010225	18674	18675
19947	ANA	26785	True	36.3664809820995	38.620363105215	14450	14451
17842	OOA	28788	True	60.8010497794171	39.6369318577204	13280	13281
11047	OOA	37112	True	60.8268460289708	41.2114365728637	8228	8229
6004	OOA	43531	True	50.5212453591173	30.1905690399009	4436	4437
6970	OOA	42296	True	56.1616707125934	34.8660572749007	5170	5171
26170	ANA	20830	True	42.3778798185472	57.2213562859846	18078	18079
24495	EUR	22433	True	37.7060682382487	37.604618210485	17062	17063
36901	ANA	10107	True	7.75187684714359	46.367607734186	24348	24349
15266	OOA	31919	True	56.9657711014203	39.8791722696806	11360	11361
23066	ANA	23787	True	11.6641491266698	50.5502214398806	16246	16247
45156	EUR	1196	True	25.7350162942201	44.4539967309037	29620	29621
20178	ANA	26547	True	61.5915491753709	38.9071074515054	14608	14609
34716	EHG	12293	True	33.797016834751	38.7950957164392	23088	23089
23970	ANA	22871	True	49.5447594372138	59.7533671717054	16766	16767
7712	OOA	41331	True	56.4670176430882	34.6032858386873	5722	5723
39737	ANA	7425	True	37.813002849936	36.214554230119	26024	26025
21650	OOA	25116	True	60.5298210589503	39.1549515120031	15474	15475
1691	OOA	48929	True	32.7434539554463	30.2381791712779	1226	1227
10384	OOA	37967	True	59.7508242316573	37.2612418472066	7728	7729
16011	OOA	31049	True	58.6891513042533	41.8449125480359	11916	11917
40400	ANA	6769	True	28.6715919189485	38.7049306278307	26422	26423
29322	ANA	17636	True	17.3069435184087	51.6342844343168	19934	19935
17379	OOA	29322	True	62.559500770702	39.8458171615597	12944	12945
15757	OOA	31346	True	57.7272652110216	39.3433443305311	11724	11725
26820	EUR	20138	True	25.1663925067218	51.368085156368	18462	18463
19747	ANA	26988	True	40.4825550383477	38.1522443515094	14328	14329
34851	EUR	12170	True	28.5444105556206	57.3114339015896	23164	23165
14036	OOA	33525	True	57.1330171653097	42.4720528850899	10422	10423
7754	OOA	41273	True	59.4056076664564	36.0686222615711	5756	5757
45003	EUR	1451	True	12.5231429899506	48.9790162975835	29488	29489
23322	EUR	23537	True	32.969735040577	55.6468292315324	16416	16417
35439	EHG	11549	True	20.1621149295553	45.4768943830202	23510	23511
1191	OOA	49544	True	31.3826528253983	28.520123772293	840	841
28116	EHG	18894	True	33.4887144795615	40.3464492215003	19224	19225
34209	ANA	12792	True	36.0402034285787	37.8220244161302	22804	22805
14933	OOA	32409	True	59.279959704052	38.4884344769615	11096	11097
10574	OOA	37731	True	63.0864889346662	38.9852704412402	7872	7873
3026	OOA	47286	True	37.7491249136835	27.2759216179291	2200	2201
43447	YAM	3213	True	22.8268150658982	50.6425787576589	28452	28453
7938	OOA	41018	True	55.2612200365459	36.2672061733363	5892	5893
41043	ANA	6052	True	39.3912247948763	38.1352664163961	26844	26845
11671	OOA	36368	True	62.7907225822675	38.4538187326507	8694	8695
12894	OOA	34795	True	58.7152740907305	41.4383950233351	9578	9579
24131	EHG	22713	True	46.1079468786685	60.2935760448625	16866	16867
2951	OOA	47373	True	41.6283706015503	29.5441460133689	2150	2151
16256	OOA	30739	True	61.617101855413	42.2377966483683	12090	12091
3245	OOA	47045	True	40.8152322464927	27.4734544445779	2380	2381
21519	OOA	25243	True	40.2664452109821	38.0176631067476	15388	15389
18782	OOA	27979	True	36.9799938932637	38.4992423934288	13770	13771
38423	EHG	8717	True	37.6967075983075	40.4803124680336	25204	25205
5462	OOA	44224	True	52.6499957145772	30.264494802619	4020	4021
12062	OOA	35822	True	61.4530414588921	37.8365499058554	8960	8961
5324	OOA	44394	True	46.3745916316058	30.1052296917052	3908	3909
36005	ANA	10994	True	39.119297760143	35.9138027922135	23822	23823
4131	OOA	45885	True	44.700621506157	29.383861046573	3024	3025
27255	EUR	19705	True	36.5158134275887	36.8287979364969	18720	18721
43347	YAM	3320	True	6.61360461815996	51.2028946264992	28380	28381
34130	EUR	12858	True	34.8593444838197	40.4933997256592	22752	22753
23968	EHG	22857	True	2.99403681271256	44.6316543452537	16774	16775
32133	ANA	14875	True	26.9600321228754	45.4331665817916	21576	21577
6655	OOA	42686	True	55.0651560265202	32.6618741087536	4932	4933
24285	EHG	22588	True	49.915991719907	54.2157593011854	16956	16957
7807	OOA	41189	True	59.5612799829653	35.0146968653212	5792	5793
3427	OOA	46772	True	42.1758486108106	31.8976133225659	2520	2521
30536	EUR	16518	True	56.2119564597394	59.5426038513175	20614	20615
28749	EHG	18260	True	48.22271082944	56.5873214092718	19594	19595
40368	EUR	6797	True	37.1610238367721	57.0813972345416	26404	26405
35156	EHG	11850	True	24.7427034267009	44.2372696023895	23350	23351
24386	ANA	22496	True	15.0477997585677	49.6342906516893	17016	17017
36039	ANA	10964	True	32.2118449347414	40.6038126525018	23846	23847
18279	OOA	28287	True	60.5909705389818	39.4621619372627	13566	13567
26167	ANA	20821	True	3.99523168379516	47.0126431147673	18086	18087
27539	EUR	19421	True	51.3327915354481	56.7140426197196	18880	18881
28128	EHG	18892	True	33.2490321110135	40.0493064222663	19228	19229
7013	OOA	42261	True	52.0481592634972	33.4082685195623	5186	5187
2534	OOA	47851	True	37.4303221565277	29.9541602920967	1842	1843
4644	OOA	45254	True	46.0611702950947	30.7628379456362	3398	3399
33170	EUR	13862	True	22.8807443416429	45.6510891246894	22204	22205
30229	ANA	16843	True	39.4638635661055	60.7528727463722	20428	20429
8977	OOA	39742	True	57.9472325050769	41.8412848435104	6682	6683
14901	OOA	32446	True	58.918559950983	39.0967528475148	11074	11075
37102	EHG	9931	True	15.7563383452033	47.0526191033307	24452	24453
5043	OOA	44754	True	46.125194583575	31.5737180354223	3704	3705
17285	OOA	29434	True	60.230247730865	41.2222120581062	12874	12875
32012	ANA	15008	True	29.1785086391758	48.3416201640357	21508	21509
1335	OOA	49383	True	34.1532281203363	29.9303101262751	948	949
4159	OOA	45850	True	42.5212451410906	28.7345276683823	3046	3047
22931	ANA	23933	True	28.9320580587617	38.8588930493018	16156	16157
5022	OOA	44784	True	47.7282644855229	33.2662216989954	3684	3685
21240	EHG	25473	True	37.1013307928978	60.4352680669685	15236	15237
19340	EHG	27409	True	38.033806469971	39.0420765277416	14090	14091
2340	OOA	48102	True	37.2633531193402	31.7919244088983	1692	1693
28448	EUR	18544	True	26.5107346110416	44.7117870006225	19422	19423
44800	EUR	1743	True	22.615858010325	42.7127682634756	29356	29357
33989	EUR	12987	True	13.5619482856189	46.9273990182454	22680	22681
18692	OOA	28002	True	57.9724285375089	40.0392842738322	13760	13761
13032	OOA	34659	True	59.9958020790051	37.269219596842	9672	9673
17315	OOA	29399	True	63.1145634901082	38.8478676507739	12892	12893
38069	EHG	9044	True	33.7808694443833	38.6452284621211	25002	25003
33222	EUR	13797	True	10.4477586051912	48.2118910188217	22240	22241
25169	EHG	21764	True	47.0972627277647	58.3264641126652	17492	17493
38854	EUR	8299	True	27.1655577101783	38.0877746227476	25472	25473
16404	OOA	30561	True	60.1423171774228	39.0035105956917	12198	12199
37287	EUR	9803	True	35.8716465551622	59.0574541492944	24542	24543
2183	OOA	48270	True	36.6072875780568	27.060506161638	1592	1593
29356	ANA	17610	True	24.2485048578001	47.6095410891642	19954	19955
39024	EHG	8131	True	44.7774266554421	61.3217637376916	25578	25579
24537	ANA	22378	True	9.67538683859865	48.8917891485184	17108	17109
45365	EUR	789	True	17.247257504807	50.2538694519281	29842	29843
3267	OOA	47017	True	40.6971467787596	30.1460254910055	2396	2397
20450	OOA	26246	True	59.7551885152654	40.0812745162434	14784	14785
13949	OOA	33617	True	55.4183703284537	40.6750393616787	10350	10351
44381	EUR	2206	True	24.8860293147179	46.9114630678348	29038	29039
45053	EUR	1382	True	10.1633787309426	47.3921124990219	29528	29529
17125	OOA	29682	True	62.9224919686332	42.0493151031623	12736	12737
15498	OOA	31632	True	63.3278653329819	38.9684167311958	11526	11527
8939	OOA	39783	True	59.7652983907721	39.1808497551777	6660	6661
343	OOA	50576	True	34.418886122917	29.5161041177608	204	205
38671	EUR	8466	True	55.2026870252887	57.3222271341315	25372	25373
44210	EUR	2381	True	8.56113819206838	50.1528724550776	28908	28909
38100	ANA	9003	True	17.4669863442191	47.8778730615023	25026	25027
10477	OOA	37854	True	60.7004341078336	38.9957520113154	7780	7781
367	OOA	50552	True	33.2981057411383	30.0668884454167	224	225
4243	OOA	45715	True	45.2876636860125	29.5017569108967	3118	3119
44936	EUR	1539	True	1.78093611217197	50.4592396548157	29438	29439
11538	OOA	36575	True	59.9956640430628	39.2133317275965	8580	8581
16282	OOA	30699	True	59.6398237187081	40.8091064235139	12116	12117
2667	OOA	47705	True	37.0699991990132	30.6655669716128	1944	1945
14608	OOA	32838	True	62.6041370297134	39.831747559332	10866	10867
2927	OOA	47403	True	39.4992689020238	33.5542118699305	2128	2129
10807	OOA	37422	True	60.8394772849342	40.1946910697903	8044	8045
24806	EUR	22109	True	5.61202333168371	48.2094194336765	17272	17273
2334	OOA	48112	True	38.9338611355171	28.797555465996	1680	1681
17860	OOA	28762	True	58.8443905298594	41.5067026596961	13290	13291
9320	OOA	39286	True	55.5156165276127	39.6768459145985	6934	6935
35474	EHG	11532	True	53.228723950206	56.5390118706774	23530	23531
3651	OOA	46488	True	41.7131887437618	31.9145369818342	2678	2679
17913	OOA	28698	True	62.3118471509304	38.3944386411421	13334	13335
9360	OOA	39237	True	60.0727657254538	38.5613828937852	6974	6975
15894	OOA	31211	True	61.6752165466774	37.0741549611541	11820	11821
15770	OOA	31328	True	61.5553675996255	38.807278103435	11732	11733
43080	EUR	3588	True	5.42371051038442	46.1439609089735	28204	28205
4130	OOA	45887	True	42.4738113294493	32.6540070793554	3022	3023
15423	OOA	31735	True	60.4597195168615	41.8993099130769	11474	11475
32740	EHG	14282	True	24.9526816460563	50.6667527990323	21918	21919
13214	OOA	34453	True	58.0479955272828	37.0368522429318	9810	9811
16503	OOA	30437	True	60.517191824454	36.6252473003146	12286	12287
359	OOA	50573	True	35.2598778487068	30.9593164310644	208	209
27128	EUR	19825	True	30.8350475716694	37.1438354244306	18628	18629
17710	OOA	28942	True	57.1097858652787	40.2503197019296	13160	13161
17284	OOA	29435	True	57.7838479058818	40.4008813503581	12872	12873
16977	OOA	29848	True	59.9207421812193	39.2585506413249	12622	12623
12333	OOA	35473	True	61.995746102831	38.2496743010612	9158	9159
27706	EHG	19280	True	33.376383219184	38.1735561519963	18984	18985
43414	EUR	3249	True	27.1982220115312	52.5920855481778	28426	28427
37975	EHG	9124	True	27.2543750942416	47.7232142868463	24960	24961
43107	YAM	3536	True	29.7515001505785	53.87325056291	28236	28237
22202	EHG	24582	True	37.2122117876721	56.2603184012503	15744	15745
43476	YAM	3204	True	14.1556154568124	47.1410415981621	28456	28457
14657	OOA	32761	True	57.8478585547376	39.5014137878883	10904	10905
13422	OOA	34197	True	60.3542077884586	37.3066173517726	9978	9979
33839	EUR	13158	True	46.5449636889211	58.0437617995147	22588	22589
36943	EUR	10080	True	24.6686319013886	44.3720275386754	24362	24363
10924	OOA	37257	True	62.5494842256198	42.7586701566207	8140	8141
45174	EUR	1177	True	20.6722524320638	48.4533813058984	29634	29635
18404	OOA	28173	True	61.9029031654175	40.536398608078	13658	13659
20618	EHG	26069	True	57.2790806994073	39.4297769135606	14888	14889
2627	OOA	47743	True	40.3189591024564	29.8350297905153	1912	1913
30258	ANA	16818	True	38.8778990181847	36.234486950712	20442	20443
23881	ANA	22956	True	23.321493646099	42.7591799950948	16722	16723
42246	ANA	4560	True	38.4119492794076	55.2179443031762	27660	27661
42742	EUR	3939	True	33.7485035291215	54.5522599718956	28000	28001
32627	EHG	14396	True	21.6693047022767	41.797772983507	21860	21861
6726	OOA	42615	True	54.891635745534	34.957550442321	4980	4981
24875	ANA	22071	True	37.7173787340502	36.5275364437561	17304	17305
15886	OOA	31217	True	63.3443673018527	40.2276330726724	11804	11805
13330	OOA	34313	True	58.3426156588347	38.1948079528077	9902	9903
40928	YAM	6174	True	52.0872482092703	58.9889450621525	26762	26763
18815	OOA	27936	True	34.50295576796	60.1499139920109	13786	13787
37457	EHG	9646	True	58.2456252305795	56.3587015231853	24632	24633
26099	EUR	20899	True	51.3485687802437	53.4360658114404	18018	18019
23183	ANA	23678	True	48.5998768429603	53.3522510166642	16308	16309
33434	EUR	13556	True	8.88184445002981	47.7485239353151	22370	22371
16155	OOA	30845	True	59.1395634072501	39.0817162972318	12012	12013
35673	EUR	11308	True	16.0664823216791	50.0361481467166	23656	23657
29751	ANA	17250	True	14.2420106698517	51.8796575978684	20158	20159
39660	EUR	7514	True	27.1418255506573	38.2154073921023	25974	25975
10506	OOA	37821	True	63.7708009917292	38.4035126063217	7808	7809
20196	OOA	26539	True	45.3267653786706	54.883775070793	14612	14613
15745	OOA	31362	True	62.0897022674427	40.8085786627271	11700	11701
7624	OOA	41430	True	56.2237738693991	37.8936091485762	5658	5659
27666	EHG	19294	True	26.5868885680016	44.1045408799321	18978	18979
9518	OOA	39026	True	59.5972259117479	39.337513313675	7094	7095
15622	OOA	31487	True	59.2940602830769	41.8294591825002	11610	11611
11468	OOA	36674	True	56.2307681645145	39.629180000573	8510	8511
23844	EHG	22999	True	38.2823619063533	35.6794934301501	16694	16695
16500	OOA	30444	True	59.6482551587211	38.2904611892107	12280	12281
26069	EUR	20909	True	12.6691431560643	49.6157013067093	18010	18011
4758	OOA	45101	True	43.3147341394684	30.784004686623	3498	3499
19277	ANA	27470	True	40.7889648584599	61.003625220225	14056	14057
12945	OOA	34762	True	59.5231588931409	36.9047028319788	9610	9611
31390	EUR	15636	True	3.98114735767345	50.6078781169315	21132	21133
25231	EUR	21713	True	39.8601798629248	38.474166179607	17530	17531
25900	EHG	21085	True	29.6783385924016	38.7725249058947	17904	17905
18628	OOA	28016	True	60.1252342439231	39.6820180164894	13746	13747
39258	ANA	7895	True	15.0815816695537	49.4030807523697	25736	25737
27413	EUR	19544	True	32.9205316519868	39.2708283567259	18806	18807
2209	OOA	48240	True	33.8444148904315	30.480702558402	1606	1607
11427	OOA	36713	True	60.7906669427394	38.6236087142789	8484	8485
42221	ANA	4604	True	31.368236163939	38.0645092476415	27636	27637
6792	OOA	42526	True	55.7044809528308	33.2434611055059	5032	5033
35350	EHG	11647	True	52.9348983770862	54.5341392726151	23452	23453
8396	OOA	40444	True	57.3381180182078	40.5043664608401	6244	6245
44914	EUR	1567	True	-1.69797350046527	43.4870136963918	29430	29431
13729	OOA	33883	True	62.1044495130969	40.2446494693272	10208	10209
1036	OOA	49746	True	29.2002269325624	30.1291681712983	732	733
30828	EHG	16195	True	19.8145170762854	51.923289323356	20824	20825
7739	OOA	41282	True	56.6426026988036	36.2506735987297	5752	5753
28362	ANA	18644	True	27.4404359935257	37.9463448756029	19372	19373
16575	OOA	30343	True	60.8868990588292	40.0937077662939	12332	12333
33955	EHG	13043	True	36.3293068773978	40.2154025268295	22650	22651
2204	OOA	48262	True	38.2877909913088	27.0854988894219	1596	1597
11521	OOA	36603	True	56.2908168949142	41.1896764777048	8568	8569
6836	OOA	42455	True	51.9103565379969	34.2955180674631	5062	5063
16973	OOA	29862	True	61.0251659174102	42.4936508932864	12614	12615
1523	OOA	49135	True	36.4701159490783	30.1395108922217	1108	1109
22718	EHG	24093	True	58.4559423729127	56.5347804015453	16050	16051
27806	EHG	19170	True	21.0309054370187	50.5172295273756	19056	19057
2839	OOA	47510	True	41.6803119500755	27.664721242799	2054	2055
41210	ANA	5839	True	19.4231810169802	43.7117412878722	26960	26961
33100	ANA	13942	True	30.5476596953351	38.1664412272978	22154	22155
34906	ANA	12107	True	33.5615648849463	37.0058263294492	23184	23185
35345	EUR	11644	True	24.9242272111018	43.7550800907962	23458	23459
3629	OOA	46509	True	39.8693963330722	31.0665509296843	2664	2665
481	OOA	50424	True	30.0262702213743	28.5012857706672	294	295
40495	EHG	6635	True	35.8461641260788	60.6750405757411	26502	26503
7966	OOA	40979	True	55.8682013918999	35.6623926943415	5922	5923
19104	OOA	27631	True	56.9526638558409	40.8378890034628	13970	13971
1801	OOA	48793	True	35.2117192658447	30.5371770044319	1300	1301
8641	OOA	40159	True	58.5623784820297	39.616304257859	6416	6417
39551	EHG	7604	True	47.4097128666049	61.7642799906267	25912	25913
3049	OOA	47253	True	37.8437624922285	32.815162774051	2222	2223
40935	EUR	6172	True	52.5219575889586	53.573803710026	26764	26765
15687	OOA	31420	True	58.4449799417863	40.4061499386227	11662	11663
39153	EUR	8012	True	-0.375814204178816	47.2321329109603	25676	25677
41783	YAM	5159	True	40.4424563389785	57.8025261607798	27340	27341
11267	OOA	36870	True	61.5925618889346	38.7793101045171	8394	8395
14524	OOA	32944	True	60.5026100938834	41.5833534141161	10796	10797
37254	ANA	9810	True	24.8380725953059	48.1447972010251	24536	24537
7736	OOA	41295	True	58.3947731155887	36.8523730025957	5746	5747
10038	OOA	38354	True	56.3027742487464	41.6576165022556	7462	7463
34293	EUR	12692	True	57.4046444968106	57.8447346218322	22856	22857
29961	EHG	17091	True	30.1550512892116	39.3855768160381	20258	20259
15257	OOA	31939	True	61.9412638132915	37.620446321529	11342	11343
37296	EUR	9785	True	42.7788556913613	56.986108928774	24552	24553
42307	YAM	4476	True	38.3748578030093	38.9203373181858	27704	27705
45287	EUR	958	True	20.8808644591679	46.2704634028661	29758	29759
31710	ANA	15311	True	29.8834015652105	58.9322119866225	21312	21313
31680	EHG	15347	True	32.6736724203264	60.717782369311	21286	21287
8137	OOA	40802	True	56.8426666012083	35.1671340920111	6062	6063
15982	OOA	31085	True	59.393216258361	40.2578491221923	11892	11893
33240	ANA	13794	True	31.8079074859842	38.0935893255947	22242	22243
40640	YAM	6505	True	37.7654609285892	38.994958252592	26584	26585
43986	EUR	2633	True	17.5522410494739	48.0987410208663	28776	28777
41145	YAM	5923	True	20.5394031670686	44.4083894749989	26918	26919
7015	OOA	42260	True	52.4425085551121	34.0873962426583	5190	5191
24751	EHG	22189	True	39.405310445603	36.7717374131997	17224	17225
998	OOA	49788	True	33.0242151116083	29.1319454821763	692	693
43137	EUR	3509	True	28.6513027016398	53.5938609314327	28254	28255
25803	EUR	21146	True	8.63034743819061	44.8693559045368	17874	17875
8917	OOA	39806	True	62.4866534003359	38.1694602675244	6638	6639
5457	OOA	44232	True	48.0169301870852	32.9185987234846	4010	4011
10516	OOA	37801	True	61.6694741662679	38.5653111442788	7828	7829
20566	ANA	26136	True	34.6897328626695	56.2624187443587	14850	14851
10033	OOA	38363	True	60.2147429964547	42.4668337421708	7452	7453
41312	YAM	5715	True	7.04930518857289	47.7565575836395	27040	27041
6499	OOA	42889	True	50.9626890939159	30.4070196642405	4792	4793
11668	OOA	36380	True	63.1457303190752	40.6922580555916	8688	8689
26730	EHG	20216	True	25.5945859861722	44.0773092512682	18406	18407
4215	OOA	45761	True	47.1253787187587	30.1694144632043	3090	3091
16191	OOA	30812	True	62.1849552905549	40.0346082911499	12042	12043
8203	OOA	40692	True	60.7766628849591	37.2517956989574	6106	6107
38801	ANA	8341	True	34.1904661643106	58.9660393577649	25450	25451
23389	EUR	23469	True	37.3461108768984	61.365713911802	16444	16445
45264	EUR	1007	True	1.37110792636607	41.9726576134609	29728	29729
36698	EUR	10310	True	27.3657043934015	38.2588977663363	24236	24237
30337	ANA	16732	True	29.3109407670214	38.1758535799895	20492	20493
37495	EUR	9614	True	31.9754616221125	37.1912645708829	24652	24653
3495	OOA	46703	True	43.2348042675686	30.2153416839124	2554	2555
12327	OOA	35483	True	61.7229872344314	39.4979273942323	9146	9147
17740	OOA	28910	True	62.32704988642	38.7793032951134	13188	13189
37863	EUR	9261	True	35.2872126091277	40.6502657201111	24892	24893
22933	EHG	23912	True	0.713537116163773	49.4441274574775	16170	16171
15966	OOA	31121	True	59.4894710400467	38.469048927595	11876	11877
13273	OOA	34376	True	62.3295763766297	38.4932124881033	9872	9873
43964	YAM	2645	True	16.5420032431482	53.3349935217283	28772	28773
41861	EUR	5078	True	21.2179093245557	54.3343410584967	27398	27399
32377	EHG	14636	True	14.7894352993102	46.4553948444557	21720	21721
7477	OOA	41647	True	57.4650662418955	36.9558033369638	5550	5551
3217	OOA	47083	True	41.7604017807619	29.4667283211623	2344	2345
33353	EUR	13674	True	33.5536202399641	40.5960122415878	22312	22313
7409	OOA	41736	True	57.3178797010455	34.2637732726583	5494	5495
4945	OOA	44874	True	48.8431793075554	31.4273320614248	3626	3627
27452	EUR	19504	True	43.6610325409815	55.9576235895738	18838	18839
42470	ANA	4281	True	18.5138863716097	42.8251048788892	27824	27825
26885	ANA	20091	True	34.9928227136299	38.161681620244	18500	18501
16479	OOA	30446	True	62.3638201759855	37.298451413925	12278	12279
19877	ANA	26853	True	60.8524725508273	39.9630753101113	14414	14415
2867	OOA	47482	True	43.1225958339368	28.4637005494035	2078	2079
24280	EUR	22588	True	18.6660042658476	47.241020399915	16960	16961
43813	EUR	2837	True	13.4883031868372	52.2654047984552	28668	28669
38555	ANA	8577	True	11.1949600858529	45.8240083422062	25306	25307
33751	EUR	13254	True	36.0775671698487	38.8699102535271	22540	22541
21685	EHG	25080	True	58.9405949701546	41.0260614041852	15492	15493
36940	ANA	10099	True	37.0367785991903	39.9446155456664	24350	24351
39996	ANA	7161	True	35.8939372890561	35.4926112050976	26176	26177
41763	YAM	5193	True	33.0365036734679	53.393253334425	27324	27325
36235	ANA	10780	True	44.8530019386373	55.6138244615318	23962	23963
2583	OOA	47796	True	39.633730243826	26.9732810000273	1882	1883
44910	EUR	1583	True	21.3315870989347	44.2296570010787	29422	29423
9904	OOA	38513	True	62.8160709373658	38.5363639283418	7358	7359
3972	OOA	46064	True	40.7148611235721	32.2887015890122	2908	2909
4290	OOA	45667	True	44.0137187052361	32.4899192346186	3150	3151
28994	ANA	17988	True	37.9040591305484	38.9433605688608	19740	19741
