ind_id	pop	time	sampled	lat	lon	node1	node2
45269	EUR	997	True	19.4053098928752	50.8419675516708	29738	29739
45270	EUR	986	True	24.1589222443224	45.9914442873438	29740	29741
45279	EUR	984	True	11.4314209732607	48.2132191430581	29742	29743
45280	EUR	984	True	6.48477245838248	51.4340485856587	29744	29745
45281	EUR	981	True	20.8629885216364	46.7144105058678	29746	29747
45282	EUR	980	True	15.9582666246383	49.9663601770734	29748	29749
45283	EUR	978	True	3.01573445407093	43.6010396844088	29750	29751
45284	EUR	968	True	0.314969975316321	45.8215451077143	29752	29753
45285	EUR	968	True	2.69993043659964	45.1381783847134	29754	29755
45286	EUR	962	True	0.205618736796017	41.4966591004515	29756	29757
45287	EUR	958	True	20.8808644591679	46.2704634028661	29758	29759
45300	EUR	953	True	17.321633075933	44.3201189547312	29760	29761
45301	EUR	948	True	25.8972972427003	49.1392937608338	29762	29763
45302	EUR	940	True	23.4350496464048	45.9212159662851	29764	29765
45303	EUR	938	True	21.243141916272	49.6647850257954	29766	29767
45304	EUR	929	True	3.87944062546545	46.6824267235526	29768	29769
45310	EUR	923	True	26.5326770386123	46.5912487821421	29770	29771
45311	EUR	922	True	5.10563213978064	51.8601383211193	29772	29773
45312	EUR	909	True	0.554941408031791	44.0203380128518	29774	29775
45319	EUR	893	True	18.4226301454931	49.9622593718616	29776	29777
45320	EUR	892	True	23.8792000232906	49.2188279474043	29778	29779
45321	EUR	890	True	8.61403802167767	48.8650035645568	29780	29781
45322	EUR	886	True	14.3551629967414	48.42877310073	29782	29783
45323	EUR	881	True	5.44045197887794	46.5917391680763	29784	29785
45324	EUR	876	True	17.7382334381812	47.3853647190385	29786	29787
45325	EUR	876	True	1.25747586975745	43.9243623611736	29788	29789
45326	EUR	875	True	12.0548753798984	52.7516255072718	29790	29791
45327	EUR	875	True	28.1140890287926	47.6389934980417	29792	29793
45328	EUR	871	True	21.159261249409	47.3490811699491	29794	29795
45329	EUR	866	True	25.6228577431023	46.0053119629532	29796	29797
45338	EUR	864	True	19.7133370931222	42.166848130378	29798	29799
45339	EUR	857	True	19.9176736523393	43.9774669851038	29800	29801
45340	EUR	854	True	17.751271707146	49.6407140725706	29802	29803
45341	EUR	848	True	20.8045314138206	46.7912758414522	29804	29805
45342	EUR	845	True	10.8996864028501	46.9532138741151	29806	29807
45343	EUR	840	True	15.2358096478975	51.2304749565543	29808	29809
45349	EUR	830	True	15.6326610639133	50.8559220889443	29810	29811
45350	EUR	829	True	20.4006454636465	46.5000251371234	29812	29813
45351	EUR	828	True	14.7792606231325	46.9773018143365	29814	29815
45352	EUR	827	True	23.4781905291925	44.5751429809397	29816	29817
45353	EUR	820	True	18.4835863577858	54.2268716704806	29818	29819
45354	EUR	819	True	22.2862395295674	46.0920432600166	29820	29821
45355	EUR	818	True	9.81886392761809	46.2560601210423	29822	29823
45356	EUR	813	True	6.6581572764609	43.9098486469457	29824	29825
45357	EUR	813	True	18.7223329915934	48.8784144839528	29826	29827
45358	EUR	809	True	15.1977563226881	47.1921410662993	29828	29829
45359	EUR	809	True	21.5105066897754	47.1699891615081	29830	29831
45360	EUR	807	True	9.4140753952506	49.0978030410887	29832	29833
45361	EUR	806	True	2.29013035016907	49.5386007890186	29834	29835
45362	EUR	799	True	17.5668376942315	52.7574995750069	29836	29837
45363	EUR	797	True	17.9748136763265	51.5717029290886	29838	29839
45364	EUR	791	True	23.0791138876131	51.0279209246992	29840	29841
45365	EUR	789	True	17.247257504807	50.2538694519281	29842	29843
45366	EUR	788	True	4.24158528822325	44.4459133538608	29844	29845
45367	EUR	788	True	2.78217834477943	47.6767879056542	29846	29847
45368	EUR	783	True	16.6715768646208	47.7062560340532	29848	29849
45369	EUR	776	True	19.5419715741896	42.3455788177833	29850	29851
45375	EUR	772	True	21.598471361526	43.97108699993	29852	29853
45376	EUR	771	True	-2.54539501818286	39.0347939040604	29854	29855
45377	EUR	768	True	24.6624233649511	47.8264313645038	29856	29857
45378	EUR	765	True	24.5009658622987	46.5044202435416	29858	29859
45379	EUR	765	True	8.51153012009566	48.2965071835961	29860	29861
45380	EUR	763	True	11.749316441603	48.9602362715725	29862	29863
45381	EUR	761	True	3.32563673160652	46.6229101445202	29864	29865
45382	EUR	757	True	23.4572084339171	47.7301570690718	29866	29867
45383	EUR	754	True	15.313899401842	48.4144436846516	29868	29869
45384	EUR	753	True	24.5173590895182	46.285156582145	29870	29871
45385	EUR	751	True	17.7882534944546	49.3260272068758	29872	29873
45386	EUR	750	True	16.5411542092007	51.5917704575416	29874	29875
45387	EUR	746	True	12.7524903351927	46.9212768869904	29876	29877
45390	EUR	744	True	19.6704125688408	50.4683459740812	29878	29879
45391	EUR	741	True	9.71926317395814	46.8741326623486	29880	29881
45392	EUR	734	True	-2.75958730152528	41.7580430066149	29882	29883
45393	EUR	734	True	14.0625931627035	50.0665275695607	29884	29885
45394	EUR	732	True	23.735215812717	44.7782987269367	29886	29887
45395	EUR	729	True	20.651888194186	44.861284888832	29888	29889
45396	EUR	728	True	22.0393136580008	44.085127135829	29890	29891
45397	EUR	723	True	10.4974439867345	48.7302705750465	29892	29893
45398	EUR	718	True	11.5113924324289	47.0040059754805	29894	29895
45399	EUR	715	True	25.109307733762	48.0947886713556	29896	29897
45403	EUR	707	True	13.371754159791	52.7077777007473	29898	29899
45404	EUR	702	True	9.59132006627437	49.364794586901	29900	29901
45405	EUR	699	True	19.6614479472669	49.9142261582176	29902	29903
45406	EUR	692	True	22.3452318459177	50.8013138895611	29904	29905
45408	EUR	681	True	20.3987727290326	52.5390941112252	29906	29907
45409	EUR	677	True	9.57370929467447	45.9760916188557	29908	29909
45410	EUR	673	True	20.8422316769967	47.9459789262937	29910	29911
45411	EUR	672	True	18.3070342165395	48.3468964726409	29912	29913
45412	EUR	660	True	21.5445273593125	45.1447588457313	29914	29915
45413	EUR	659	True	-3.42361814674321	38.1582143454304	29916	29917
45414	EUR	658	True	20.9689211798771	45.8690057161819	29918	29919
45418	EUR	650	True	15.0332432544172	50.0911423454699	29920	29921
45419	EUR	649	True	15.4427807054792	46.4931222652124	29922	29923
45420	EUR	648	True	19.1700970463197	47.4628940903969	29924	29925
45421	EUR	647	True	24.4122074309691	45.4209638593931	29926	29927
45422	EUR	644	True	18.0570310510122	50.6779519266189	29928	29929
45423	EUR	642	True	4.6359681072151	49.0054261101738	29930	29931
45424	EUR	641	True	28.193584817855	47.4378119757386	29932	29933
45425	EUR	641	True	16.2945324104561	45.7540874141346	29934	29935
45426	EUR	640	True	3.02723733616549	47.5185360745488	29936	29937
45427	EUR	633	True	8.12922960159292	47.5542190163042	29938	29939
45428	EUR	628	True	17.1811459737487	49.7183984877137	29940	29941
45429	EUR	626	True	26.333790156964	47.4895219209292	29942	29943
45430	EUR	621	True	17.7955774711954	48.838438580853	29944	29945
45431	EUR	614	True	23.089176953956	42.9223107028109	29946	29947
45432	EUR	612	True	16.7439766726075	49.2689846849993	29948	29949
45433	EUR	611	True	23.2718102783988	47.7983440956469	29950	29951
45434	EUR	609	True	21.2093177723604	47.8161721465329	29952	29953
45435	EUR	608	True	21.9083058537132	45.8165352775558	29954	29955
45436	EUR	602	True	2.41831288048293	45.8447237694436	29956	29957
45437	EUR	591	True	16.8353745836427	49.6746332133566	29958	29959
45438	EUR	591	True	24.2938849949904	45.9088206787292	29960	29961
45439	EUR	582	True	10.0067551971352	44.608386748993	29962	29963
45440	EUR	568	True	18.896168164935	50.2641580452973	29964	29965
45441	EUR	566	True	12.6348938562817	48.3264160342661	29966	29967
45442	EUR	562	True	23.2414684765417	40.7013998029099	29968	29969
45443	EUR	559	True	24.5799847351423	49.1467875462446	29970	29971
45444	EUR	556	True	18.03892022293	49.5512376089103	29972	29973
45445	EUR	551	True	19.5625252376818	51.9322138238131	29974	29975
45446	EUR	546	True	18.2800407137039	46.773302215023	29976	29977
45447	EUR	546	True	15.7933045682748	48.5702192120518	29978	29979
45448	EUR	540	True	10.6128791409914	53.7768827930023	29980	29981
45449	EUR	538	True	26.4433333932513	49.8903869869668	29982	29983
45450	EUR	537	True	24.1042216340494	49.8904863119766	29984	29985
45451	EUR	535	True	18.6826112978407	51.5209828629865	29986	29987
45452	EUR	531	True	26.0310959618313	47.5182768270151	29988	29989
45453	EUR	530	True	12.558385680756	47.8810282752398	29990	29991
45454	EUR	517	True	26.0616654971757	46.2225627875121	29992	29993
45455	EUR	510	True	21.3275690217151	46.8762486130712	29994	29995
45456	EUR	505	True	-1.63505091439581	47.5157740017016	29996	29997
45457	EUR	502	True	12.8490963795503	46.5132561414036	29998	29999
ind_id	pop	time	sampled	lat	lon	node1	node2
44581	EUR	1998	True	22.3702821913786	46.8826658171875	29178	29179
44582	EUR	1995	True	26.7769273448834	44.521689540216	29180	29181
44583	EUR	1993	True	22.4633734986266	47.1435647105879	29182	29183
44584	EUR	1993	True	12.2394933546435	50.1358127004207	29184	29185
44585	EUR	1991	True	23.5373503446615	49.1607530805017	29186	29187
44586	EUR	1989	True	27.5594391922156	51.0934202958894	29188	29189
44587	EUR	1982	True	15.5603973614904	45.6241138801805	29190	29191
44588	EUR	1981	True	17.3502499561057	48.9475961524836	29192	29193
44589	EUR	1979	True	21.6224713032913	45.5195078409258	29194	29195
44590	EUR	1975	True	1.80163679819091	50.5340771516447	29196	29197
44610	EUR	1969	True	20.9790534655505	54.5317884439337	29198	29199
44611	EUR	1967	True	20.3044053362789	44.8393724514479	29200	29201
44612	EUR	1957	True	26.2380834337005	43.0069981976695	29202	29203
44613	EUR	1948	True	14.4862039411984	51.9678276309194	29204	29205
44629	EUR	1945	True	14.8072989141006	45.6469675599669	29206	29207
44630	EUR	1943	True	20.0713054290089	46.7086306836738	29208	29209
44631	EUR	1941	True	24.7149514246735	42.6813117344114	29210	29211
44632	EUR	1936	True	11.660416371167	49.5071405074938	29212	29213
44633	EUR	1934	True	23.1394719325234	41.1065909057141	29214	29215
44634	EUR	1932	True	12.8600758268807	50.38339655425	29216	29217
44635	EUR	1931	True	22.2145114290677	48.2942197779999	29218	29219
44636	EUR	1931	True	15.6156136208458	48.525265231524	29220	29221
44637	EUR	1931	True	23.7551829838804	41.5288085895639	29222	29223
44638	EUR	1918	True	18.5507796414397	53.0446321686611	29224	29225
44639	EUR	1917	True	23.4904518522401	41.3003357964003	29226	29227
44664	EUR	1914	True	12.1672752636921	47.6388607262617	29228	29229
44665	EUR	1911	True	23.9468860745476	45.2151427437193	29230	29231
44666	EUR	1903	True	24.3773541486579	46.5178629246394	29232	29233
44667	EUR	1898	True	23.9879808931573	44.2477282740465	29234	29235
44668	EUR	1895	True	2.61386275620649	50.2369727275268	29236	29237
44669	EUR	1894	True	18.8233788751688	51.3075422916153	29238	29239
44670	EUR	1890	True	21.7604758000216	43.170706218289	29240	29241
44671	EUR	1889	True	13.4141274523459	48.743455980418	29242	29243
44687	EUR	1882	True	25.4240959257534	44.6299484246979	29244	29245
44688	EUR	1881	True	12.9551364701023	47.1972534867713	29246	29247
44689	EUR	1876	True	20.7258487525672	42.2969153059194	29248	29249
44690	EUR	1871	True	10.5082096006485	50.833490685222	29250	29251
44691	EUR	1869	True	25.2399587512336	42.0571703884749	29252	29253
44692	EUR	1866	True	21.4450799732122	47.8003989002592	29254	29255
44693	EUR	1860	True	9.41977112554445	51.420381220628	29256	29257
44694	EUR	1860	True	13.5357674267946	48.7107322462673	29258	29259
44695	EUR	1859	True	19.373609040529	43.0687210565341	29260	29261
44696	EUR	1859	True	22.0382144197059	48.3110643062449	29262	29263
44715	EUR	1854	True	2.73084192325964	45.564055352667	29264	29265
44716	EUR	1853	True	24.4457857171946	50.4822636946185	29266	29267
44717	EUR	1849	True	24.0969795146774	42.5894257377501	29268	29269
44718	EUR	1848	True	21.5167042121333	46.5997709818424	29270	29271
44719	EUR	1848	True	12.5736742756895	48.085000600883	29272	29273
44720	EUR	1846	True	24.8576325907917	41.753221445176	29274	29275
44721	EUR	1846	True	24.1333802893039	41.6429857596781	29276	29277
44722	EUR	1845	True	22.7399573967449	53.5395778676174	29278	29279
44723	EUR	1842	True	25.7885959370264	45.5979983212136	29280	29281
44724	EUR	1840	True	26.4878270769051	44.9285413688539	29282	29283
44725	EUR	1839	True	9.12496471748033	51.5260058006722	29284	29285
44726	EUR	1839	True	24.7323827775943	47.4840536299083	29286	29287
44727	EUR	1835	True	23.178867464854	53.1230559292784	29288	29289
44728	EUR	1831	True	22.6498665729689	48.9862710301289	29290	29291
44737	EUR	1822	True	7.16402020058711	47.5042323510171	29292	29293
44738	EUR	1821	True	18.4681246882449	50.2197706249435	29294	29295
44739	EUR	1813	True	17.2515749863201	42.9497374419501	29296	29297
44740	EUR	1813	True	16.1541261714965	50.911540305894	29298	29299
44741	EUR	1812	True	18.879628244543	44.3355872924205	29300	29301
44742	EUR	1812	True	27.8903269448997	48.0130560543917	29302	29303
44743	EUR	1798	True	20.8907623356569	45.6570197191665	29304	29305
44744	EUR	1798	True	11.1566985672612	49.656217044706	29306	29307
44745	EUR	1796	True	17.7873063284093	43.264721584305	29308	29309
44758	EUR	1791	True	20.6606990060373	42.3595758065274	29310	29311
44759	EUR	1789	True	24.0138699689176	43.3193719073615	29312	29313
44760	EUR	1789	True	27.3801873885939	47.800812693993	29314	29315
44761	EUR	1788	True	5.00053838900603	47.2310710200228	29316	29317
44762	EUR	1786	True	1.99883893139385	50.7847760346876	29318	29319
44763	EUR	1784	True	24.2475360352115	47.4074449394964	29320	29321
44764	EUR	1782	True	3.17753851306012	44.8760856188674	29322	29323
44765	EUR	1776	True	13.2749168490983	52.035149070939	29324	29325
44766	EUR	1774	True	13.7984235805071	48.9950483994583	29326	29327
44767	EUR	1774	True	13.2506609295915	49.5297024367224	29328	29329
44768	EUR	1772	True	19.695754781884	49.894847810729	29330	29331
44769	EUR	1768	True	19.1366846530107	48.3038201992341	29332	29333
44770	EUR	1768	True	23.5688658615554	44.223327785362	29334	29335
44771	EUR	1767	True	22.156173695615	40.2688337483628	29336	29337
44772	EUR	1766	True	11.5087008688664	48.946447070069	29338	29339
44792	EUR	1763	True	28.2087982699942	47.1517517547616	29340	29341
44793	EUR	1761	True	26.7573838173273	43.7913526864349	29342	29343
44794	EUR	1760	True	1.94940189348807	43.5927478648253	29344	29345
44795	EUR	1759	True	20.0578594259468	44.3649239898658	29346	29347
44796	EUR	1754	True	5.93477409068175	47.2658180074973	29348	29349
44797	EUR	1749	True	4.0035916859497	48.9704617954688	29350	29351
44798	EUR	1749	True	26.2113797246453	43.364267236462	29352	29353
44799	EUR	1747	True	20.2319871430211	44.8169829643801	29354	29355
44800	EUR	1743	True	22.615858010325	42.7127682634756	29356	29357
44801	EUR	1743	True	22.121898144087	52.1409436324175	29358	29359
44802	EUR	1740	True	23.2622413948576	47.281918662399	29360	29361
44803	EUR	1738	True	17.2535903467745	45.6343943282884	29362	29363
44810	EUR	1734	True	3.95531985181055	48.2031635869223	29364	29365
44811	EUR	1725	True	15.5345905602767	49.8312476694854	29366	29367
44812	EUR	1722	True	21.9455400783556	50.6619784314646	29368	29369
44813	EUR	1720	True	12.828568702155	48.2699974674988	29370	29371
44814	EUR	1720	True	4.17187915164076	47.3708910399164	29372	29373
44815	EUR	1711	True	1.78727495356434	46.1176453639747	29374	29375
44816	EUR	1708	True	4.00431106401085	43.7140206117043	29376	29377
44817	EUR	1708	True	20.1969234557516	47.3256666053067	29378	29379
44818	EUR	1708	True	27.0757179267521	47.5426716644886	29380	29381
44819	EUR	1706	True	25.270604343868	53.4000772142034	29382	29383
44832	EUR	1698	True	8.7927099784128	48.4616437096052	29384	29385
44833	EUR	1697	True	25.5945022530937	41.490748988857	29386	29387
44834	EUR	1696	True	24.1129858150068	44.0381935645813	29388	29389
44835	EUR	1679	True	23.146539533713	50.9927645895674	29390	29391
44836	EUR	1678	True	18.6426625850889	49.3845806749587	29392	29393
44852	EUR	1673	True	29.6070059816984	46.906303594935	29394	29395
44853	EUR	1671	True	1.93712302675186	46.152712192286	29396	29397
44854	EUR	1665	True	12.7996071842617	51.1066399349655	29398	29399
44855	EUR	1664	True	19.3025571579444	50.2800309670313	29400	29401
44856	EUR	1662	True	11.5303515921882	51.6645165487817	29402	29403
44857	EUR	1647	True	21.5463118970139	53.9593737597503	29404	29405
44870	EUR	1644	True	22.6324796273263	43.5085960252309	29406	29407
44885	EUR	1608	True	7.90624500394712	45.7404477572306	29408	29409
44886	EUR	1599	True	20.9584073945813	50.7286098402184	29410	29411
44887	EUR	1598	True	22.0822158172388	46.9466136528371	29412	29413
44888	EUR	1597	True	22.9698159327451	49.4038968678853	29414	29415
44889	EUR	1596	True	3.50879334373199	43.8433985380125	29416	29417
44890	EUR	1591	True	23.8994444269643	42.9911976588163	29418	29419
44891	EUR	1587	True	19.7201829703451	51.1147342085879	29420	29421
44910	EUR	1583	True	21.3315870989347	44.2296570010787	29422	29423
44911	EUR	1577	True	9.44161649274971	50.616652573394	29424	29425
44912	EUR	1574	True	0.909513957860627	45.8425889407826	29426	29427
44913	EUR	1570	True	23.7195679472619	45.4167877212048	29428	29429
44914	EUR	1567	True	-1.69797350046527	43.4870136963918	29430	29431
44915	EUR	1562	True	10.826587106456	52.835932274585	29432	29433
44916	EUR	1558	True	19.1517045905319	50.3130997472033	29434	29435
44935	EUR	1554	True	7.21477315732858	50.7428485849646	29436	29437
44936	EUR	1539	True	1.78093611217197	50.4592396548157	29438	29439
44937	EUR	1534	True	19.7096539601518	42.6241527533436	29440	29441
44938	EUR	1534	True	7.94631230246862	47.4874758143892	29442	29443
44939	EUR	1527	True	2.7213052284047	48.2301629326733	29444	29445
44954	EUR	1521	True	20.0659691988769	42.0898388620844	29446	29447
44955	EUR	1521	True	17.3950629040191	48.5752662371431	29448	29449
44956	EUR	1519	True	4.7880561778383	47.2130904720082	29450	29451
44957	EUR	1513	True	25.5255041121101	47.37815168838	29452	29453
44958	EUR	1512	True	2.30848468472826	44.3894162176138	29454	29455
44959	EUR	1504	True	1.2246751802934	46.5545575770815	29456	29457
44960	EUR	1504	True	8.64019261608535	51.3997242733854	29458	29459
44961	EUR	1502	True	12.1644802549878	46.4238204571164	29460	29461
44962	EUR	1500	True	19.8365966828986	47.9895019306831	29462	29463
44977	EUR	1489	True	23.2696113564255	47.7993819824976	29464	29465
44978	EUR	1484	True	14.5663261278796	51.1605245939082	29466	29467
44979	EUR	1470	True	26.1471370320649	41.4082098441801	29468	29469
44980	EUR	1469	True	13.909105143662	49.0425934996077	29470	29471
44981	EUR	1469	True	2.92497850570643	43.2008335649941	29472	29473
44982	EUR	1467	True	20.9582262709864	42.4695295893493	29474	29475
44983	EUR	1466	True	21.1483448366863	50.8668235452511	29476	29477
44998	EUR	1461	True	24.7832474629065	44.4305232609889	29478	29479
44999	EUR	1456	True	13.58900831254	48.0174630958966	29480	29481
45000	EUR	1453	True	21.9870899716823	47.7128747752984	29482	29483
45001	EUR	1452	True	22.3754637675221	52.0910860755631	29484	29485
45002	EUR	1451	True	5.12944686142444	46.5441208744466	29486	29487
45003	EUR	1451	True	12.5231429899506	48.9790162975835	29488	29489
45004	EUR	1449	True	21.5741381182906	48.2951065140349	29490	29491
45005	EUR	1448	True	19.7028212808978	41.9426879059047	29492	29493
45006	EUR	1446	True	25.3908828253419	47.9579219825981	29494	29495
45007	EUR	1443	True	26.0219239154183	46.5018262442734	29496	29497
45008	EUR	1439	True	23.0071905369892	45.1196051620981	29498	29499
45009	EUR	1438	True	-0.0947754991619574	42.2816055893439	29500	29501
45010	EUR	1438	True	8.76317259418373	52.1788007161541	29502	29503
45029	EUR	1432	True	21.7318799526543	40.4619860646891	29504	29505
45030	EUR	1431	True	15.5279158337575	47.148981934892	29506	29507
45031	EUR	1424	True	3.21238174946686	44.4547086962283	29508	29509
45032	EUR	1423	True	22.9933264990423	41.7468719917756	29510	29511
45033	EUR	1414	True	21.7651265120544	50.4966582292697	29512	29513
45034	EUR	1412	True	24.1549546315056	52.7400850205971	29514	29515
45035	EUR	1408	True	23.2205135515589	48.8279544849362	29516	29517
45048	EUR	1403	True	21.3843028868574	44.2067235310259	29518	29519
45049	EUR	1398	True	25.2613125606823	43.7924897071427	29520	29521
45050	EUR	1394	True	1.78364930571242	42.3990572735093	29522	29523
45051	EUR	1392	True	7.61768305808761	46.5750763672187	29524	29525
45052	EUR	1388	True	21.4119013617217	47.1455701790776	29526	29527
45053	EUR	1382	True	10.1633787309426	47.3921124990219	29528	29529
45054	EUR	1382	True	20.1143047398625	47.0051087039149	29530	29531
45055	EUR	1381	True	19.9793353222119	49.6410443241949	29532	29533
45056	EUR	1376	True	10.0503356685461	45.9999886299692	29534	29535
45057	EUR	1376	True	5.7144501094663	49.9132085785872	29536	29537
45058	EUR	1375	True	12.7924105479481	49.706178734299	29538	29539
45067	EUR	1373	True	12.5755438473727	49.1804685374352	29540	29541
45068	EUR	1372	True	8.92958551307365	47.326311424585	29542	29543
45069	EUR	1359	True	18.93724281365	48.5747990995334	29544	29545
45070	EUR	1357	True	9.64010524349504	45.2869253339711	29546	29547
45071	EUR	1351	True	23.5974050959309	47.4761251101504	29548	29549
45072	EUR	1348	True	12.9999175925651	47.5675365321174	29550	29551
45073	EUR	1346	True	14.6417143224304	53.0450591970459	29552	29553
45074	EUR	1346	True	20.4614545067056	46.5839733694323	29554	29555
45084	EUR	1345	True	18.1611190614793	51.1338562629628	29556	29557
45085	EUR	1340	True	21.6612455141949	49.4515427603467	29558	29559
45086	EUR	1340	True	10.5482351558055	47.2557878783134	29560	29561
45087	EUR	1339	True	22.6286790085654	52.071154896755	29562	29563
45088	EUR	1337	True	11.7318115546236	48.1581958864778	29564	29565
45089	EUR	1334	True	0.0008047274117259	45.8853850452032	29566	29567
45090	EUR	1334	True	24.1855918904428	47.6811176001361	29568	29569
45091	EUR	1320	True	18.770975045701	50.503369987518	29570	29571
45102	EUR	1312	True	4.81973341628092	45.8716996029658	29572	29573
45103	EUR	1301	True	16.0110888699839	46.9336132819341	29574	29575
45104	EUR	1293	True	19.225216380497	48.7843384573021	29576	29577
45105	EUR	1287	True	21.0148065287162	49.4295908798041	29578	29579
45118	EUR	1283	True	25.267206708095	48.2311940757442	29580	29581
45119	EUR	1282	True	17.0576093096135	45.7355627644162	29582	29583
45120	EUR	1275	True	20.8599550641406	44.5162411208503	29584	29585
45121	EUR	1267	True	10.953148408517	51.0025341418908	29586	29587
45122	EUR	1264	True	20.7817492330021	45.5536867477557	29588	29589
45123	EUR	1263	True	22.9968417790328	42.0611242630675	29590	29591
45124	EUR	1256	True	5.82440384720055	46.1112277455422	29592	29593
45130	EUR	1252	True	20.7883599229131	44.7330486519255	29594	29595
45131	EUR	1244	True	9.07400576795115	50.3733425509852	29596	29597
45132	EUR	1243	True	24.5623665464111	43.6442550943152	29598	29599
45133	EUR	1243	True	26.9928696309051	46.3135284255275	29600	29601
45134	EUR	1241	True	20.8515025841733	44.5311847110943	29602	29603
45135	EUR	1239	True	8.92005267013943	51.6060502763217	29604	29605
45136	EUR	1234	True	10.4062272509371	49.1388550339582	29606	29607
45137	EUR	1234	True	19.7057214490403	47.0612765430723	29608	29609
45151	EUR	1219	True	16.9876464386079	50.6858717802494	29610	29611
45152	EUR	1216	True	24.0578386092694	46.1846735876948	29612	29613
45153	EUR	1206	True	13.3391984423321	50.1283948608368	29614	29615
45154	EUR	1205	True	18.3591185158678	47.8648096796456	29616	29617
45155	EUR	1198	True	23.1012396586694	43.7861778642115	29618	29619
45156	EUR	1196	True	25.7350162942201	44.4539967309037	29620	29621
45168	EUR	1190	True	14.6031018772512	50.4850507305146	29622	29623
45169	EUR	1187	True	21.8870021131195	52.3535021996141	29624	29625
45170	EUR	1182	True	10.4197343270622	46.2128342163623	29626	29627
45171	EUR	1182	True	19.471142607064	49.6663054964923	29628	29629
45172	EUR	1181	True	19.5858758922452	53.6203071252755	29630	29631
45173	EUR	1179	True	24.6451200813207	45.4907360459501	29632	29633
45174	EUR	1177	True	20.6722524320638	48.4533813058984	29634	29635
45175	EUR	1173	True	24.049099736065	43.539786896007	29636	29637
45176	EUR	1169	True	22.226115588523	50.5559958725635	29638	29639
45186	EUR	1164	True	16.6563711777728	45.8069237812047	29640	29641
45187	EUR	1162	True	7.57591257174728	45.6036615030094	29642	29643
45188	EUR	1154	True	28.0346482153147	45.2067168155137	29644	29645
45189	EUR	1150	True	26.6507325099244	43.4340286541643	29646	29647
45190	EUR	1146	True	19.8636157065829	49.8961841505548	29648	29649
45191	EUR	1141	True	22.0177247177965	41.2139905549265	29650	29651
45192	EUR	1140	True	20.2686749605503	45.0230069526637	29652	29653
45193	EUR	1138	True	18.793293659942	51.9048752308268	29654	29655
45194	EUR	1135	True	23.6822676753375	52.0646671226942	29656	29657
45202	EUR	1134	True	25.8079219272448	43.0037719638861	29658	29659
45203	EUR	1134	True	16.8518668799973	45.7334017766283	29660	29661
45204	EUR	1129	True	22.477474435745	50.16915638818	29662	29663
45205	EUR	1129	True	13.5946257358855	47.1233584427126	29664	29665
45206	EUR	1125	True	15.1300100892794	49.8520019010778	29666	29667
45207	EUR	1125	True	15.1119119701902	51.9039146485789	29668	29669
45208	EUR	1124	True	8.46135827052463	51.1515894434436	29670	29671
45209	EUR	1122	True	14.3217409627294	49.9370758160741	29672	29673
45210	EUR	1121	True	10.5251124442848	47.2502163403675	29674	29675
45211	EUR	1114	True	22.476975402767	50.7783270902428	29676	29677
45212	EUR	1113	True	14.7522265813415	45.0712086480875	29678	29679
45213	EUR	1111	True	9.09269698519931	48.111734678735	29680	29681
45219	EUR	1104	True	10.658217942426	45.0227669480204	29682	29683
45220	EUR	1096	True	2.27517319164771	48.268773817157	29684	29685
45221	EUR	1090	True	13.3504458563586	49.5794981914318	29686	29687
45222	EUR	1084	True	25.4752692332846	51.736295690497	29688	29689
45223	EUR	1083	True	20.7574463580574	52.2897482430986	29690	29691
45224	EUR	1083	True	25.1427660206431	46.6417917376142	29692	29693
45225	EUR	1078	True	17.6673509719415	50.9357665777391	29694	29695
45226	EUR	1078	True	9.46327050748313	48.6842072085615	29696	29697
45237	EUR	1065	True	19.4123085100554	45.0989297516978	29698	29699
45238	EUR	1053	True	15.2536671433603	52.2972274665156	29700	29701
45239	EUR	1051	True	17.1548919232898	44.8458269561109	29702	29703
45240	EUR	1046	True	16.1222096464569	48.1555435890568	29704	29705
45243	EUR	1038	True	10.0825433038262	45.7265989570112	29706	29707
45244	EUR	1035	True	6.52014358520056	45.00184883136	29708	29709
45245	EUR	1031	True	16.4298196283189	53.0961373223578	29710	29711
45246	EUR	1029	True	13.0040853617106	52.5896431208919	29712	29713
45247	EUR	1023	True	6.09593320677032	44.6802918281223	29714	29715
45248	EUR	1022	True	0.386677568434435	41.3360798832035	29716	29717
45249	EUR	1019	True	14.6476317554604	50.8324709570861	29718	29719
45250	EUR	1016	True	7.69354093317691	46.8044114964834	29720	29721
45261	EUR	1014	True	21.4938148515929	46.2278420159333	29722	29723
45262	EUR	1012	True	6.5446268553301	50.6002823744054	29724	29725
45263	EUR	1010	True	2.57023007820772	42.6775584540202	29726	29727
45264	EUR	1007	True	1.37110792636607	41.9726576134609	29728	29729
45265	EUR	1007	True	5.31742479083266	45.9232227762504	29730	29731
45266	EUR	1005	True	17.9480415063391	51.2971965812137	29732	29733
45267	EUR	1000	True	11.6402784338514	46.4800136370756	29734	29735
45268	EUR	1000	True	2.40486894275938	48.069668329689	29736	29737
ind_id	pop	time	sampled	lat	lon	node1	node2
43884	EUR	2746	True	18.2947002738749	49.6069172712386	28738	28739
44019	YAM	2581	True	17.4477735485619	50.6848223440333	28804	28805
44490	EUR	2099	True	7.77120185320562	50.514033541318	29124	29125
44036	YAM	2555	True	15.908619823559	48.5329928367876	28810	28811
44022	YAM	2589	True	18.1036682231937	51.2661381220759	28798	28799
44062	EUR	2525	True	22.6234548501248	51.5257302342826	28828	28829
44206	EUR	2386	True	23.1288181870675	48.2869780162367	28900	28901
44212	EUR	2374	True	9.11552431461461	47.6953480947632	28912	28913
44562	EUR	2006	True	22.5287844101771	53.7518603046007	29172	29173
44534	EUR	2050	True	21.6098301445567	44.3821207698513	29152	29153
44119	EUR	2469	True	22.6998066588756	45.2671318576951	28860	28861
44492	EUR	2097	True	14.3227421155107	49.7064179995636	29128	29129
43862	YAM	2779	True	8.85322375809614	48.7807347976358	28712	28713
43865	EUR	2764	True	20.5635571612526	48.1381669294799	28724	28725
43990	YAM	2629	True	20.934590971938	47.619041768067	28780	28781
43685	EUR	2981	True	21.1146637863809	51.6463489141768	28600	28601
44529	EUR	2065	True	9.95355527441289	47.7713076055976	29142	29143
44244	EUR	2337	True	16.5844553143187	49.0552773980185	28938	28939
44238	EUR	2352	True	21.9659249157278	44.0464465530245	28926	28927
44021	EUR	2577	True	19.6538270113039	51.2752027778624	28808	28809
44211	EUR	2379	True	18.8182101487273	50.295677094887	28910	28911
43989	YAM	2616	True	19.5495263161639	50.7092600218741	28788	28789
43811	YAM	2842	True	20.1039591044836	50.3423651533982	28664	28665
43684	EUR	2984	True	4.32880426228383	45.7625826690606	28598	28599
43733	YAM	2923	True	21.8921825204042	53.7981933646867	28634	28635
43992	YAM	2611	True	24.1872867570057	49.4140454199683	28792	28793
44440	EUR	2146	True	7.98392253795053	45.6287967737368	29074	29075
44017	YAM	2591	True	22.9102476278998	47.7188538742968	28796	28797
44384	EUR	2189	True	21.3457131783742	54.1276360126895	29044	29045
44113	EUR	2482	True	15.5589739516209	49.0225033968591	28848	28849
44015	EUR	2605	True	14.5941626098804	45.2378377588162	28794	28795
44123	EUR	2461	True	11.9460106065935	47.4512576170935	28868	28869
44444	EUR	2141	True	21.515866756636	53.7632656759109	29082	29083
44143	EUR	2442	True	3.45700654870566	47.2517391240261	28882	28883
44114	EUR	2480	True	2.27722508031799	46.3187708291786	28850	28851
44415	EUR	2157	True	12.1541032997888	48.1747261294811	29062	29063
43885	EUR	2753	True	6.31317838277077	47.1825444747059	28730	28731
44380	EUR	2206	True	1.36109781830951	45.8445094040041	29036	29037
44358	EUR	2224	True	19.5390785011453	43.3860278433366	29020	29021
43761	YAM	2877	True	23.9596732482408	50.1614152807347	28648	28649
44089	EUR	2503	True	10.2588930477907	52.8797299629688	28836	28837
44181	EUR	2409	True	16.4086581162722	51.275877388825	28896	28897
44349	EUR	2242	True	20.7043639183996	42.2478658495067	29002	29003
44088	EUR	2510	True	0.531250889145869	49.7864732542052	28834	28835
44374	EUR	2213	True	26.1294397143791	50.289791021976	29024	29025
44141	EUR	2446	True	26.0889026103129	51.6481895095794	28878	28879
44303	EUR	2285	True	6.36216913978601	47.7089405400371	28972	28973
44532	EUR	2060	True	26.042728342035	44.0970113172792	29148	29149
44327	EUR	2261	True	21.0444906934616	43.4516609053944	28982	28983
44235	EUR	2363	True	6.92840546464346	43.8135539430188	28920	28921
43759	YAM	2881	True	21.3300827773228	48.2442487978255	28644	28645
43908	EUR	2722	True	22.8857535039848	51.6199978904496	28744	28745
43863	YAM	2771	True	20.7809005487316	47.6935542547955	28720	28721
43991	EUR	2613	True	17.0207824600899	48.5785813520516	28790	28791
43964	YAM	2645	True	16.5420032431482	53.3349935217283	28772	28773
44241	EUR	2346	True	21.8013406185977	44.952981569118	28932	28933
44376	EUR	2211	True	14.4314803600668	48.4206804169821	29028	29029
44443	EUR	2142	True	5.46013720272041	49.0167199973913	29080	29081
44382	EUR	2204	True	8.65219012809818	49.7361914404819	29040	29041
44055	EUR	2545	True	11.9755910831774	48.4028500535102	28816	28817
43835	YAM	2792	True	20.7514691470351	46.910210527741	28700	28701
44476	EUR	2122	True	18.7422554187584	45.8125252893807	29096	29097
43735	EUR	2932	True	19.1641804864133	50.3628099129896	28630	28631
43888	YAM	2727	True	16.2545545247203	51.9154605255762	28742	28743
43786	YAM	2867	True	19.2302326955159	52.6617078003097	28652	28653
44330	EUR	2255	True	23.8132779898796	48.1005863306694	28988	28989
44236	EUR	2361	True	20.7381667809099	50.3870839459998	28922	28923
43966	EUR	2664	True	18.0503322550982	51.5728053390215	28766	28767
44488	EUR	2104	True	5.56930203965345	46.3927861498049	29120	29121
44409	EUR	2184	True	14.9882389389463	49.8832002833456	29050	29051
44357	EUR	2227	True	21.0858898802511	47.6397615379507	29018	29019
43683	EUR	2984	True	18.2943937290458	49.2377008759436	28596	28597
43987	EUR	2620	True	21.0405636569491	51.0899611785171	28786	28787
43965	YAM	2642	True	17.2145496032778	53.3900840776284	28774	28775
44270	EUR	2320	True	11.5954488975225	50.9915532764062	28948	28949
43985	YAM	2625	True	17.17280712007	52.1117277782576	28784	28785
44378	EUR	2210	True	6.4220371121285	52.35042605582	29032	29033
43867	EUR	2755	True	20.1734635105859	47.2051512108105	28728	28729
44144	EUR	2431	True	27.8622574429076	50.6041880782679	28884	28885
43834	EUR	2814	True	4.75436909879954	49.7720797120822	28684	28685
44557	EUR	2022	True	14.2612571909297	48.0118029450077	29162	29163
43911	EUR	2701	True	19.0299758679969	48.3497494284538	28754	28755
43687	EUR	2970	True	14.463678825579	49.570222433011	28602	28603
44271	EUR	2319	True	22.5104850352454	44.9135377235453	28950	28951
44355	EUR	2228	True	27.9660215974046	46.6554961875781	29014	29015
44214	EUR	2373	True	20.1369854382255	50.4653433143941	28916	28917
43841	YAM	2805	True	23.4008835248552	47.6026565974888	28690	28691
43819	YAM	2816	True	21.428588973716	50.1807071544822	28682	28683
44120	EUR	2469	True	27.2058548761242	48.7771235695102	28862	28863
43705	YAM	2957	True	21.7903653052732	48.9058893273286	28610	28611
43785	YAM	2872	True	13.5777018194094	52.1881541973773	28650	28651
43859	YAM	2782	True	25.3076487946588	46.7083077151147	28710	28711
44140	EUR	2451	True	23.5031822501244	42.4346468183396	28876	28877
44179	EUR	2421	True	10.4920017679495	52.493035838512	28892	28893
44209	EUR	2382	True	12.1483796653077	49.9946673072685	28906	28907
44332	EUR	2251	True	13.6823798208528	46.7201751470322	28992	28993
43843	EUR	2798	True	20.0081182311982	44.4642927367197	28694	28695
43963	YAM	2646	True	23.5591882231078	50.6831400465073	28770	28771
44296	EUR	2302	True	25.9058046956674	43.0180478688627	28958	28959
44441	EUR	2144	True	6.7726031896248	46.9704289605324	29076	29077
43757	YAM	2884	True	20.120344959554	49.6676341073077	28640	28641
44482	EUR	2111	True	19.8406743451165	48.637797062659	29108	29109
43861	EUR	2774	True	18.846261874426	50.1334635980392	28718	28719
44215	EUR	2366	True	10.8424276421143	51.2297406938515	28918	28919
43734	EUR	2909	True	22.8283457468543	53.9101043138997	28636	28637
44375	EUR	2212	True	23.9435557346287	42.4454405210637	29026	29027
44297	EUR	2297	True	21.0351107436926	49.7228502767608	28960	28961
44182	EUR	2406	True	17.0138302657506	47.059329519838	28898	28899
43813	EUR	2837	True	13.4883031868372	52.2654047984552	28668	28669
44213	EUR	2373	True	23.2214790450571	44.9076195487559	28914	28915
43815	EUR	2822	True	19.4257165471431	50.7065304286069	28676	28677
43814	YAM	2827	True	22.9655206987222	48.9084358315007	28674	28675
44416	EUR	2156	True	2.91404432495323	46.1190511099453	29064	29065
44116	EUR	2475	True	15.6603348499894	47.448606862614	28854	28855
44093	EUR	2490	True	26.1454133954448	44.029448341198	28844	28845
44091	EUR	2500	True	22.1848101850748	43.2632823851981	28840	28841
43837	YAM	2788	True	22.5890560364223	47.655308999269	28704	28705
44411	EUR	2179	True	22.6506504284064	40.9527320172348	29054	29055
44300	EUR	2290	True	19.3065201437352	46.9631753875229	28966	28967
44331	EUR	2252	True	25.7249567504476	48.2715209643335	28990	28991
44495	EUR	2095	True	25.042113784926	48.7919068337047	29134	29135
44494	EUR	2095	True	5.10624694890706	49.0153102324058	29132	29133
44414	EUR	2158	True	19.0355156249929	49.6692567821895	29060	29061
44274	EUR	2311	True	23.3736821367122	49.3173385707102	28956	28957
44377	EUR	2211	True	16.982490422537	48.0808475440952	29030	29031
43842	EUR	2804	True	22.4882395547634	45.5251803168191	28692	28693
44493	EUR	2096	True	10.1232773986037	48.4902855946345	29130	29131
43709	EUR	2950	True	20.899295306392	50.7705024633707	28614	28615
43810	YAM	2828	True	16.5245183218454	49.9720796604549	28672	28673
44449	EUR	2127	True	21.5887930645081	49.7955860819802	29092	29093
44298	EUR	2296	True	11.150213331031	49.8780439775502	28962	28963
44561	EUR	2007	True	9.40134867464308	48.8026732862503	29170	29171
43736	YAM	2925	True	18.9760181055917	46.200740615261	28632	28633
44142	EUR	2443	True	19.7528240888257	43.0222919079855	28880	28881
44385	EUR	2189	True	9.11549007669496	50.4007573619639	29046	29047
44480	EUR	2114	True	1.97880633072882	47.9121757610475	29104	29105
44329	EUR	2256	True	27.3721702486697	46.803878026717	28986	28987
43704	YAM	2946	True	21.9638994599981	47.5480283681973	28618	28619
43839	EUR	2810	True	10.6521237922925	51.2803941615956	28688	28689
44350	EUR	2239	True	26.8379768222229	46.7992184309624	29004	29005
44412	EUR	2172	True	1.10752109995435	46.2007324161914	29056	29057
44301	EUR	2288	True	6.2701608946652	48.0753715527667	28968	28969
43703	EUR	2964	True	19.9238817358263	51.4533361210552	28608	28609
44304	EUR	2279	True	21.3124408442908	48.3164642036103	28974	28975
44379	EUR	2209	True	15.4366185254887	45.6477127362551	29034	29035
44555	EUR	2024	True	17.8828570147486	51.5134024853309	29158	29159
44354	EUR	2232	True	6.15128774929496	47.2712765426025	29012	29013
43937	EUR	2691	True	21.7590931622668	48.8330397155666	28760	28761
44356	EUR	2227	True	3.38415880618529	45.900972108549	29016	29017
43832	YAM	2794	True	12.4415117854941	53.3964260032535	28696	28697
44535	EUR	2044	True	23.1820333462732	44.1174881067406	29154	29155
44090	EUR	2503	True	21.5110491661276	40.7096985353891	28838	28839
44483	EUR	2111	True	17.0274436373626	46.13029227958	29110	29111
44481	EUR	2114	True	18.868907044529	48.9464630752335	29106	29107
43857	YAM	2785	True	26.5520958904515	41.1783032183229	28708	28709
44450	EUR	2126	True	13.4168422524691	51.7141984247158	29094	29095
43712	EUR	2946	True	24.9760434897379	46.932523490834	28616	28617
44268	EUR	2323	True	12.8205558838705	53.7411802942037	28944	28945
43886	YAM	2751	True	5.0601115434563	49.883576063	28732	28733
43686	EUR	2969	True	23.4322563158983	51.5267333443053	28604	28605
44485	EUR	2109	True	12.526536440843	46.2674597529979	29114	29115
ind_id	pop	time	sampled	lat	lon	node1	node2
42719	EUR	3963	True	27.1845340139854	57.137086561152	27984	27985
42820	YAM	3857	True	20.2791841279406	53.7025809982615	28038	28039
43656	EUR	3012	True	23.4170809996115	52.5595401442001	28576	28577
43252	EUR	3400	True	20.1826859121884	53.5339571971953	28346	28347
42817	YAM	3856	True	25.3074846005457	50.4705805354083	28040	28041
42846	EUR	3832	True	4.68105268763788	45.3479038852736	28048	28049
43353	YAM	3305	True	22.7768782645754	51.2094384585682	28394	28395
43535	YAM	3137	True	19.7424924905368	43.1422648798757	28496	28497
43141	YAM	3506	True	28.2909283788017	51.5006493748399	28260	28261
43169	EUR	3493	True	12.544122340097	46.1000306256904	28274	28275
42948	EUR	3709	True	24.891089609865	46.8830907015202	28112	28113
42847	YAM	3822	True	24.0039319994264	51.0947627276298	28056	28057
42848	YAM	3821	True	23.9847905221191	53.6372202241351	28058	28059
43041	EUR	3625	True	2.84369766371691	44.9754395416749	28180	28181
43413	YAM	3264	True	15.9629741048137	53.265589039387	28418	28419
42756	EUR	3901	True	26.7985250873363	51.7091153996127	28022	28023
42927	EUR	3738	True	5.71363535758434	44.7856892292161	28096	28097
43626	YAM	3054	True	14.6963208091657	51.0558706659844	28550	28551
43478	YAM	3191	True	23.5352809722781	54.1903506194316	28468	28469
43293	YAM	3361	True	21.1398672161913	54.6278495115764	28362	28363
43015	EUR	3646	True	21.8431812175655	48.9830624413956	28160	28161
43601	YAM	3067	True	22.332578819659	48.9699542497545	28546	28547
43256	EUR	3398	True	28.3309603576239	50.1997513833974	28348	28349
43502	YAM	3151	True	25.5992336265543	52.4450313791034	28490	28491
43500	EUR	3165	True	28.1915697843554	50.0564252438901	28478	28479
42928	EUR	3728	True	1.14455075207028	48.6876940631808	28098	28099
42905	EUR	3773	True	25.2266703530965	50.2120187518787	28080	28081
43016	EUR	3641	True	21.5172158540015	52.120494610282	28162	28163
43597	YAM	3083	True	4.37058346048029	45.5865636564451	28532	28533
43103	YAM	3543	True	28.6553228107234	49.8164114990014	28232	28233
43161	EUR	3505	True	18.745576568388	44.2611222354905	28262	28263
43195	EUR	3461	True	22.999970759108	46.0593948351326	28294	28295
43174	EUR	3475	True	22.1325710700209	55.0454267595298	28288	28289
42954	EUR	3686	True	24.7008968320247	53.039752654526	28130	28131
43229	EUR	3417	True	25.2306748204435	49.5288157834728	28330	28331
42947	EUR	3712	True	5.05024857659508	47.2825688007352	28110	28111
43099	YAM	3550	True	29.9415682667439	52.1575101464478	28226	28227
43101	EUR	3544	True	29.094051179682	54.2955191273006	28230	28231
43045	EUR	3609	True	22.3817917887944	49.5223258361532	28188	28189
43596	YAM	3072	True	23.1230970112875	48.9018039672777	28540	28541
43504	EUR	3164	True	24.6834692449176	51.9689617842512	28480	28481
43078	YAM	3567	True	26.5167583328601	54.7346153903047	28216	28217
43079	EUR	3589	True	9.95091558209267	47.8928496205433	28202	28203
43043	YAM	3613	True	6.96376837166524	47.9633434596481	28184	28185
43013	YAM	3647	True	6.31411088381786	52.1110529360641	28158	28159
42931	YAM	3728	True	23.345068503192	50.754035237439	28102	28103
43320	YAM	3333	True	20.8264065366101	47.1722856618826	28378	28379
42718	YAM	3965	True	27.181311360916	49.9246591847723	27982	27983
43356	EUR	3296	True	24.784820895427	49.7002452505462	28398	28399
43048	EUR	3597	True	20.0701661465904	52.3819369094192	28192	28193
42757	EUR	3916	True	1.05230745314249	45.5666812618999	28008	28009
43567	EUR	3094	True	22.7928480558421	51.7091697058987	28526	28527
43165	YAM	3501	True	23.1380729686978	49.0243926538206	28268	28269
42882	EUR	3792	True	24.5242635572315	49.02723940174	28070	28071
42758	YAM	3914	True	3.86788440615629	44.9050407413113	28010	28011
43382	EUR	3292	True	23.2216846995347	52.6476137381659	28400	28401
43654	YAM	3000	True	19.3249948283172	49.8482976185167	28584	28585
43477	YAM	3191	True	22.4039722780886	48.9661641077157	28466	28467
43253	YAM	3413	True	19.7385057397824	49.3949190420719	28334	28335
43227	YAM	3430	True	29.3088901157147	51.0381620114967	28328	28329
43482	EUR	3201	True	18.0504820692442	43.8207049958045	28460	28461
42951	EUR	3690	True	26.3777038946629	49.1215789563183	28128	28129
43564	YAM	3100	True	15.3118624710931	52.6994286022438	28522	28523
42765	EUR	3896	True	30.1901293207875	53.6368991565137	28026	28027
43224	YAM	3433	True	25.7971748822104	54.474260410006	28324	28325
43018	EUR	3627	True	31.4984310783015	52.5064845014259	28176	28177
43020	EUR	3635	True	19.6550119540711	52.2109672683419	28168	28169
42763	YAM	3898	True	30.4664793726795	52.1978024517163	28024	28025
43595	EUR	3072	True	15.9152467095367	52.2232365569698	28538	28539
42987	EUR	3657	True	25.2858597063629	52.0854227777004	28150	28151
43131	YAM	3521	True	20.9744803220781	48.4657517464169	28248	28249
42880	YAM	3797	True	8.53512354698118	47.4199712605619	28068	28069
43017	EUR	3639	True	14.7052501924407	52.224117259785	28164	28165
43383	EUR	3278	True	22.0078575724008	52.5440485823244	28412	28413
43541	EUR	3129	True	22.4761487853915	43.571147017042	28498	28499
43168	EUR	3488	True	25.7370909642899	49.1137897643779	28280	28281
42741	YAM	3950	True	24.9253132936825	52.2506252623579	27994	27995
43505	EUR	3161	True	24.5022419881156	51.2624628708744	28482	28483
42930	EUR	3728	True	1.56605499281928	46.9331063376747	28100	28101
42783	YAM	3870	True	31.9309710445045	53.4718086595248	28032	28033
43106	EUR	3561	True	24.9001259574523	49.5912315209346	28222	28223
43140	YAM	3524	True	1.83326418665706	47.2116931801281	28246	28247
43445	YAM	3234	True	21.2108439088983	49.8598007475076	28438	28439
43130	EUR	3534	True	24.7642354443975	49.3988870033668	28238	28239
43630	YAM	3030	True	23.8519628047214	51.5199878839635	28568	28569
43197	YAM	3461	True	16.1557659370081	51.6027801838818	28296	28297
42986	EUR	3659	True	26.1499714760783	55.3142895288225	28148	28149
42989	YAM	3655	True	28.461255265146	49.8996619429034	28154	28155
43261	YAM	3390	True	22.433238394723	50.2596924221209	28352	28353
43044	EUR	3612	True	22.3553869500709	44.0322396606877	28186	28187
42717	YAM	3977	True	15.6586647403029	50.2220559566595	27968	27969
43539	YAM	3123	True	20.4940853893545	49.150043693381	28506	28507
43355	EUR	3302	True	24.2372981651227	53.6810292238675	28396	28397
43480	YAM	3190	True	28.8740854371771	49.9945277546665	28470	28471
43255	EUR	3407	True	12.2612260915399	51.7957853680744	28338	28339
43387	EUR	3286	True	9.58623817332186	51.1570752687268	28406	28407
43655	YAM	3013	True	11.5677305782198	50.130098194592	28574	28575
43600	YAM	3067	True	25.5565438117789	53.6848817722506	28544	28545
43385	YAM	3277	True	24.7501711554085	50.6668047896919	28414	28415
42932	EUR	3718	True	31.5099806361096	52.3414196750842	28106	28107
43193	EUR	3467	True	18.4386025924921	50.4595838674343	28290	28291
42879	YAM	3803	True	25.2833164193462	47.687883475471	28066	28067
43602	EUR	3058	True	22.7644911756477	48.0751293056485	28548	28549
43230	YAM	3434	True	23.3973173471527	42.5414680085358	28320	28321
42721	EUR	3976	True	19.9771158076604	49.6905152464771	27970	27971
42957	YAM	3692	True	13.3049512255635	52.2118086253008	28124	28125
43076	YAM	3568	True	22.8818753708808	56.4049360953274	28214	28215
43194	EUR	3463	True	25.5557370855677	48.6053276985609	28292	28293
43104	YAM	3541	True	27.5886380524727	53.8924516039305	28234	28235
42988	EUR	3655	True	25.0584378883303	53.6656047017747	28152	28153
42904	EUR	3753	True	25.6838899538659	55.7243577883418	28086	28087
43354	YAM	3314	True	-0.0808553079954941	47.9942310999839	28388	28389
42852	EUR	3831	True	21.1775862650551	48.5177729464566	28050	28051
43295	YAM	3358	True	22.741445707621	51.0484906748473	28364	28365
42725	YAM	3960	True	34.1338872122392	53.2757886525634	27990	27991
42782	EUR	3878	True	26.4453818436842	44.4713708822022	28028	28029
42909	YAM	3754	True	22.8591820793646	46.8421118960158	28084	28085
43625	YAM	3032	True	22.3834684214353	52.7991941683089	28564	28565
43485	EUR	3181	True	28.5235789771886	50.3224815697673	28476	28477
43623	YAM	3036	True	24.680759811029	50.4547224154921	28560	28561
43349	EUR	3311	True	22.4312752535171	49.5432224705342	28390	28391
43022	EUR	3627	True	31.8478267318921	52.5704415835482	28178	28179
42906	YAM	3752	True	31.3398506617451	51.2098580386057	28088	28089
42985	EUR	3661	True	27.140115204392	54.6357234622178	28146	28147
43316	YAM	3351	True	28.3646498022818	49.0689488469813	28368	28369
43484	EUR	3185	True	20.0709114228058	48.5210460893035	28474	28475
42761	EUR	3910	True	3.5748704150768	45.6666991612649	28016	28017
43257	EUR	3404	True	24.5067789878453	52.3297076956246	28340	28341
42926	EUR	3740	True	17.9839605387647	52.2821597253949	28094	28095
43258	EUR	3395	True	25.0022167565925	53.706143931468	28350	28351
43444	YAM	3220	True	24.3530443310231	49.4344124317451	28450	28451
43653	YAM	3000	True	18.0105038526564	51.558790937764	28582	28583
43506	EUR	3146	True	26.4806187549702	49.7729130023626	28494	28495
43139	EUR	3506	True	30.7378287882715	51.2831856866843	28258	28259
43134	YAM	3528	True	25.4017962192419	43.6437400420149	28242	28243
ind_id	pop	time	sampled	lat	lon	node1	node2
42005	EUR	4881	True	20.7941604012926	45.0280811460598	27482	27483
42220	ANA	4595	True	26.096627321452	45.1245343944996	27642	27643
42074	YAM	4783	True	17.7908335711425	44.4063071400094	27540	27541
42288	EUR	4518	True	-0.871524969900606	48.2926196624432	27690	27691
42429	ANA	4326	True	33.193208823801	53.0968440839169	27790	27791
42405	EUR	4365	True	1.66342932796654	48.5307357394408	27764	27765
42454	ANA	4308	True	27.1402468610264	43.774627391221	27800	27801
42407	ANA	4360	True	0.685492184611266	46.7046808148202	27768	27769
42404	ANA	4372	True	18.0465024703148	54.2934316925082	27758	27759
42455	YAM	4286	True	38.0139756524684	55.0353654222774	27814	27815
42627	YAM	4087	True	24.5382153698632	50.298501048566	27926	27927
42219	YAM	4606	True	13.2406560986494	47.8726374800214	27634	27635
42118	YAM	4730	True	23.4052231482625	49.3132685346068	27570	27571
42598	YAM	4116	True	37.5174763092349	52.2924345258481	27918	27919
42269	EUR	4541	True	26.5411711631532	52.3334424240063	27674	27675
42447	YAM	4293	True	38.4764825260526	51.9620961097456	27806	27807
42007	EUR	4865	True	22.2385476009912	36.9675572911516	27492	27493
42115	EUR	4723	True	-1.45376558440629	47.1255183716834	27574	27575
42226	ANA	4587	True	44.0093386497353	54.5555777180001	27648	27649
42307	YAM	4476	True	38.3748578030093	38.9203373181858	27704	27705
42413	EUR	4368	True	20.3463524277088	47.1127251490624	27762	27763
42183	YAM	4649	True	32.6085644804691	53.5181097175325	27618	27619
42430	EUR	4317	True	37.6951396816654	54.8212131023026	27792	27793
41938	YAM	4969	True	1.69065348768402	45.8833051160906	27448	27449
42308	YAM	4476	True	25.3909044795223	50.8057844855828	27706	27707
42117	YAM	4718	True	32.4420426725825	55.9060589043953	27580	27581
42068	ANA	4787	True	18.7479497233421	44.2984503817025	27536	27537
42243	ANA	4567	True	31.7119483863532	52.2353544312338	27656	27657
42003	ANA	4858	True	36.0711475758079	53.7567994896535	27498	27499
42670	ANA	4036	True	34.415344263068	56.5668875093841	27950	27951
42218	YAM	4609	True	39.7430828325783	40.0054998374397	27632	27633
42089	ANA	4740	True	21.5374699660621	48.984042890117	27560	27561
41921	ANA	4984	True	16.3273091509018	51.1848659547935	27438	27439
42199	EUR	4636	True	29.8392996064408	37.2558046845118	27622	27623
42449	EUR	4287	True	36.7404751319162	50.7880867649994	27810	27811
42182	YAM	4670	True	21.6749565240415	40.3757629760911	27600	27601
42047	ANA	4799	True	35.6497041110234	56.2063242700915	27532	27533
42050	YAM	4805	True	18.4270350480261	47.7515091616551	27528	27529
42332	ANA	4452	True	32.6510200032869	40.540982568898	27720	27721
41939	YAM	4969	True	39.8349751827215	51.368151773591	27450	27451
41941	ANA	4967	True	34.6643880803813	51.0130252994753	27452	27453
42091	ANA	4738	True	9.69651073665472	51.413991378223	27564	27565
42285	EUR	4520	True	26.7666187157956	51.1042353776694	27684	27685
42197	ANA	4632	True	23.3335695285317	52.9551996294274	27624	27625
42600	YAM	4117	True	17.2742204723081	49.9058835198266	27914	27915
42519	EUR	4214	True	24.7921475623879	47.6119070795158	27856	27857
42006	ANA	4869	True	5.99076333570031	49.4009518344008	27490	27491
42472	ANA	4285	True	35.5149459766324	39.9223596846344	27816	27817
42359	EUR	4417	True	35.6495965469721	53.0950149354484	27738	27739
42087	EUR	4753	True	1.81781099591483	44.6230758123681	27556	27557
42693	EUR	4009	True	17.4746581584421	44.9899632134532	27958	27959
42551	EUR	4166	True	33.6896392192	53.3593332893036	27890	27891
42625	YAM	4082	True	25.2763253073885	53.9874686460703	27928	27929
42650	ANA	4046	True	32.2694007182895	55.363854635849	27944	27945
42525	ANA	4199	True	17.2255729293933	51.6773710476956	27868	27869
42201	EUR	4623	True	6.91948506386533	52.5447084663534	27628	27629
42027	YAM	4849	True	29.2004098682512	40.0476230001132	27504	27505
42291	ANA	4519	True	15.5095825535883	53.7330693324932	27686	27687
41997	EUR	4864	True	30.1966464015415	55.0127299972382	27494	27495
42090	ANA	4739	True	-1.36811456564547	47.2864307828226	27562	27563
42470	ANA	4281	True	18.5138863716097	42.8251048788892	27824	27825
42333	YAM	4445	True	21.5197886814382	42.0602236104057	27724	27725
42498	YAM	4234	True	39.4491832865626	53.6122625566664	27850	27851
42029	YAM	4827	True	36.9190893583756	55.5651798123675	27518	27519
42222	YAM	4601	True	37.1558106575603	37.1728358269077	27638	27639
42043	YAM	4810	True	23.1632336137797	46.5027503260425	27524	27525
42030	ANA	4842	True	18.6340604986703	46.5686786326652	27508	27509
42426	YAM	4342	True	22.8340030706256	53.4987802899411	27782	27783
42647	YAM	4051	True	23.8154699325474	54.9355250161657	27940	27941
42272	ANA	4526	True	28.0338455032736	53.9952235678513	27682	27683
42145	ANA	4704	True	18.9974148216334	46.1791442434121	27582	27583
42070	EUR	4774	True	4.45544394336872	49.0063973153019	27542	27543
42293	EUR	4513	True	15.6151989998384	49.3979227075767	27696	27697
42196	YAM	4619	True	34.1380590348938	56.8015528401509	27630	27631
42453	YAM	4287	True	31.6993938443859	55.4762284792311	27812	27813
42083	YAM	4735	True	42.2731379530335	51.1525985640632	27566	27567
42575	ANA	4163	True	14.4949071050981	50.2176992369993	27896	27897
42522	EUR	4203	True	17.4870188824615	51.1678297011507	27864	27865
42026	ANA	4831	True	35.8671216543777	52.0190426472217	27516	27517
42446	ANA	4304	True	20.4469194174045	44.216902557388	27802	27803
42224	ANA	4599	True	17.0748807022117	43.4575140066484	27640	27641
42601	EUR	4123	True	21.3887314455034	48.4942476170832	27910	27911
42355	YAM	4428	True	15.7160254367032	48.7085814084772	27732	27733
42550	EUR	4192	True	18.7495190792706	48.1574640265104	27874	27875
41996	YAM	4885	True	28.9783301065986	48.893595412461	27476	27477
42388	EUR	4378	True	32.3352447474098	52.0055113617618	27754	27755
42184	ANA	4672	True	18.2607712378762	43.0396647961937	27596	27597
42500	YAM	4228	True	39.2656731499127	51.2307063990927	27854	27855
42331	EUR	4446	True	16.5314363821996	45.5127284755369	27722	27723
42572	ANA	4138	True	36.6999047867535	51.6197886101506	27906	27907
41944	ANA	4970	True	13.6940748439473	49.3489742566112	27446	27447
41998	EUR	4873	True	21.9129707641411	46.9639659487552	27484	27485
42072	ANA	4766	True	28.7375537604944	52.7534335168674	27548	27549
41999	YAM	4864	True	34.3138969791254	56.9780465610004	27496	27497
42451	YAM	4312	True	21.6584501502151	48.2437430570588	27796	27797
42690	EUR	4003	True	24.7026840630167	54.1252955676325	27962	27963
41964	ANA	4934	True	38.5044366146298	55.0579823330483	27466	27467
42242	YAM	4585	True	28.8469388905651	49.8804336334324	27650	27651
41943	YAM	4958	True	42.3348838653723	55.1262087924682	27456	27457
42383	ANA	4391	True	21.878861469023	54.906683305262	27746	27747
42428	ANA	4336	True	33.7024130183992	53.6189392709544	27788	27789
42649	YAM	4071	True	21.4731491458843	47.5502826673807	27936	27937
42409	EUR	4358	True	5.8113836906619	51.1501583299393	27770	27771
42628	EUR	4077	True	33.3829664335909	56.1583819981382	27932	27933
42671	YAM	4041	True	25.926717586064	42.7259264544192	27946	27947
42385	EUR	4391	True	-1.08266790952614	45.6240077868712	27748	27749
42520	EUR	4207	True	13.7978359904301	49.4330919435597	27858	27859
42001	EUR	4883	True	27.2102493301705	38.6958098751963	27478	27479
42549	EUR	4170	True	32.6555964949378	56.8919308672655	27888	27889
42626	EUR	4078	True	34.2884151605539	50.1793487964758	27930	27931
42410	EUR	4358	True	14.4028132109623	47.9169273686777	27772	27773
42048	EUR	4798	True	42.8311957397087	54.9727254244871	27534	27535
42329	YAM	4443	True	27.5115665136314	52.9795820981153	27726	27727
42174	EUR	4662	True	34.7692546452649	54.2701848713642	27604	27605
42502	YAM	4239	True	11.1649357082912	53.4694992977435	27844	27845
42499	YAM	4231	True	38.4210033476846	50.3404742255679	27852	27853
42085	EUR	4758	True	26.2361871510292	41.6600235988572	27552	27553
42330	ANA	4439	True	30.2775118234263	53.6334713528142	27728	27729
42476	YAM	4268	True	6.94992994513701	45.7220585438772	27830	27831
41981	YAM	4900	True	40.0465945587228	54.7977731417594	27474	27475
42445	ANA	4299	True	23.8001630850323	51.8743884405909	27804	27805
42574	ANA	4157	True	7.42224972541804	45.1579646995447	27900	27901
42290	EUR	4514	True	14.0270304281753	51.6702222671274	27694	27695
41940	YAM	4972	True	18.5621114703283	50.583684485042	27444	27445
42570	EUR	4164	True	28.7942186298832	48.4372733094999	27892	27893
42521	EUR	4207	True	31.6349669635407	39.7878498306772	27860	27861
42264	YAM	4554	True	27.5286114012328	45.9130049977149	27666	27667
42624	EUR	4096	True	24.530863705713	44.8033541826838	27924	27925
42596	ANA	4128	True	34.6349976747039	37.7316554430762	27908	27909
42466	ANA	4283	True	-0.993170563872927	45.7560439474503	27822	27823
42022	YAM	4838	True	33.9784244949874	57.1511825805767	27510	27511
42356	YAM	4433	True	25.6423638969806	46.2101750086444	27730	27731
42554	ANA	4170	True	1.21509997981231	46.898514457771	27886	27887
42403	YAM	4349	True	37.4856184979088	54.7812128024832	27778	27779
42179	YAM	4651	True	37.8781396539419	53.9332243976461	27614	27615
42023	EUR	4851	True	36.1040026039553	39.4516693868176	27502	27503
42073	ANA	4785	True	36.664096637722	37.7795906854698	27538	27539
42045	EUR	4812	True	21.7947943463263	44.7950990820162	27522	27523
42147	ANA	4690	True	15.5074555840545	45.793483609241	27590	27591
42311	ANA	4466	True	31.1684853295421	52.1507357289775	27716	27717
42524	ANA	4200	True	3.22524892666496	48.7362592080135	27866	27867
42289	EUR	4516	True	26.9178829371439	49.8894939341386	27692	27693
42474	EUR	4273	True	6.73851155077737	50.1948948012718	27828	27829
41962	YAM	4937	True	34.3044894192188	56.2909691658847	27464	27465
42306	ANA	4473	True	38.0870384008917	49.7721199269951	27712	27713
42088	EUR	4748	True	16.0710405165241	46.0597238873812	27558	27559
42270	YAM	4533	True	31.4957693070685	54.9868138667743	27678	27679
42112	EUR	4722	True	34.7334800692051	55.8247932374133	27578	27579
42646	YAM	4067	True	31.1041562521898	52.3914533576638	27938	27939
42553	YAM	4172	True	25.7312188012602	49.2941652163712	27884	27885
42452	YAM	4311	True	30.6636263495007	38.3145415321075	27798	27799
42547	ANA	4193	True	24.4923621845758	45.6732001517975	27872	27873
42669	YAM	4038	True	6.54313912383471	47.7275377326661	27948	27949
42555	ANA	4191	True	16.9256852806476	53.314152918187	27878	27879
42312	ANA	4475	True	22.0956787212684	53.4355063067823	27708	27709
41917	YAM	4993	True	18.9980409810075	53.2675344336445	27434	27435
42390	EUR	4390	True	18.6167730603025	45.7654789672447	27752	27753
42408	EUR	4369	True	32.849590664029	38.2908099664602	27760	27761
42694	YAM	4004	True	11.9609504073077	50.3172999111345	27960	27961
42266	YAM	4541	True	33.7914171683136	53.2524696165944	27676	27677
41982	ANA	4902	True	19.1717969769264	46.0224944118129	27472	27473
42648	YAM	4050	True	22.4883930888613	53.6151121254313	27942	27943
42246	ANA	4560	True	38.4119492794076	55.2179443031762	27660	27661
42389	EUR	4375	True	31.8767074934072	54.506366607633	27756	27757
42181	YAM	4649	True	42.0395982267307	55.415911414578	27616	27617
42200	ANA	4626	True	25.1489526682271	45.0642059888226	27626	27627
42268	EUR	4541	True	16.2989135375291	50.8677039268991	27672	27673
41916	EUR	4993	True	19.749401352896	46.2503920400556	27432	27433
42223	EUR	4593	True	36.4372207373313	53.3505022604425	27644	27645
42691	EUR	4010	True	10.2378584749024	50.0640054116232	27956	27957
42086	EUR	4756	True	23.4546952990572	42.6806011438079	27554	27555
42357	YAM	4424	True	29.5751579318489	57.4418414902317	27734	27735
42146	EUR	4695	True	12.3872959743062	52.3910053117408	27588	27589
42071	EUR	4768	True	21.5480845766216	47.8028367402105	27544	27545
42497	ANA	4249	True	6.85917918258718	47.666985051798	27842	27843
42221	ANA	4604	True	31.368236163939	38.0645092476415	27636	27637
42173	YAM	4664	True	37.4413041329789	51.2554197362119	27602	27603
ind_id	pop	time	sampled	lat	lon	node1	node2
41411	ANA	5605	True	37.5846775029913	38.462333520395	27086	27087
41902	ANA	5019	True	20.8211675627391	49.4961974305701	27422	27423
41360	EUR	5663	True	22.6179043924425	48.8623581820385	27060	27061
41103	EUR	5970	True	41.780232565325	54.2252145328393	26890	26891
41688	YAM	5294	True	11.7193703637779	52.3348206882144	27276	27277
41493	EUR	5508	True	18.2224253087908	48.1781831194032	27138	27139
41863	ANA	5069	True	23.0125571914059	45.3791804994408	27402	27403
41169	ANA	5889	True	3.70153275121852	47.584675359048	26938	26939
41824	YAM	5111	True	34.0112286974461	53.5060352467474	27372	27373
41784	YAM	5172	True	15.9649425273786	48.5941277951488	27334	27335
41656	YAM	5313	True	26.671177655916	55.8255822172413	27260	27261
41542	EUR	5446	True	7.66972046083363	48.1799016715567	27178	27179
41229	EUR	5809	True	23.6317062720525	54.0261143734821	26980	26981
41826	EUR	5103	True	32.9478503274316	55.9960537133025	27376	27377
41548	ANA	5444	True	8.07284707920055	47.4821674726834	27184	27185
41741	ANA	5217	True	41.9622800003816	52.4029806459622	27312	27313
41716	EUR	5269	True	37.5679992417666	36.7289967232681	27288	27289
41362	YAM	5646	True	27.113922395608	43.8899748059112	27068	27069
41388	EUR	5631	True	12.7214406353241	46.8719350442994	27076	27077
41721	ANA	5268	True	32.7202462195291	41.5643783823629	27290	27291
41522	YAM	5484	True	25.3175512807468	45.7801629547916	27150	27151
41167	ANA	5875	True	33.5268435686259	51.5342681350697	26944	26945
41277	EUR	5752	True	27.4635938299088	43.641295662733	27016	27017
41283	ANA	5745	True	23.4803601100072	41.891710142345	27022	27023
41209	EUR	5841	True	27.418458180931	50.6555781838664	26958	26959
41744	YAM	5223	True	17.3562232868628	48.9447584933681	27308	27309
41573	ANA	5410	True	40.9416776609296	55.9318375126848	27208	27209
41828	ANA	5119	True	15.5406328476631	47.7067171553277	27364	27365
41356	YAM	5662	True	11.9759345224186	51.4208661719427	27062	27063
41228	YAM	5799	True	37.4670919315262	55.2381350436215	26988	26989
41257	YAM	5773	True	19.337774089001	41.9278978988542	27008	27009
41413	YAM	5592	True	22.8740853514913	48.9589693833202	27096	27097
41469	YAM	5540	True	34.9469534725984	39.5014111302877	27120	27121
41171	YAM	5888	True	12.4125934141033	47.5759044895152	26940	26941
41691	EUR	5291	True	20.4883347952736	47.6255228387849	27278	27279
41571	EUR	5411	True	42.4503829409996	56.8648406310041	27206	27207
41275	EUR	5745	True	21.830862501022	50.3808072867793	27024	27025
41825	EUR	5103	True	42.6045032175308	55.6948830001312	27374	27375
41539	EUR	5439	True	35.6965792147598	51.8394264687669	27188	27189
41468	YAM	5522	True	33.971810349126	52.942744081765	27130	27131
41742	ANA	5235	True	19.8431346659254	53.5446437133988	27304	27305
41102	YAM	5994	True	17.1953471286414	43.992475415608	26878	26879
41279	ANA	5749	True	31.3261660922682	37.8013673410215	27018	27019
41385	YAM	5632	True	38.9855242694027	38.2694444766497	27074	27075
41526	YAM	5457	True	44.3807842597738	54.8049440980312	27168	27169
41256	ANA	5755	True	43.1636085809008	52.6024498509917	27014	27015
41901	YAM	5013	True	23.6705615059172	48.2671371560499	27426	27427
41519	YAM	5461	True	35.3161116000206	51.4502003729296	27164	27165
41121	ANA	5946	True	6.31042711562651	48.9294640425778	26900	26901
41280	YAM	5748	True	29.9048193325819	36.2454798810566	27020	27021
41471	EUR	5515	True	41.9240471819674	50.1165522681496	27132	27133
41862	EUR	5075	True	21.9254129255417	52.327438744192	27400	27401
41123	ANA	5962	True	19.5815939965348	43.6750798267667	26894	26895
41235	EUR	5800	True	22.457984415084	52.8100309531001	26986	26987
41660	ANA	5314	True	23.8450723549331	43.3422738158641	27256	27257
41876	EUR	5065	True	20.424321668192	45.6365646515642	27408	27409
41418	ANA	5577	True	39.3034791863065	50.2287039485287	27102	27103
41835	YAM	5098	True	43.4609027755305	51.783474605068	27382	27383
41217	ANA	5815	True	33.9947687338343	55.9791086655135	26974	26975
41550	YAM	5434	True	33.6001655389221	55.5322195830814	27194	27195
41854	YAM	5090	True	27.6334667815389	38.5226204365591	27386	27387
41661	EUR	5314	True	9.73693751388964	48.721934965442	27258	27259
41170	EUR	5894	True	31.8717511466366	38.5895321856535	26936	26937
41253	EUR	5761	True	36.2076225099045	51.4469098374234	27012	27013
41856	EUR	5087	True	32.7090382751019	38.7561331297455	27390	27391
41781	EUR	5162	True	34.0358110728257	56.1778980885621	27336	27337
41579	EUR	5404	True	37.3987525664056	53.7208904454419	27214	27215
41861	EUR	5078	True	21.2179093245557	54.3343410584967	27398	27399
41627	YAM	5364	True	24.0357672952788	50.0367023743205	27236	27237
41255	YAM	5783	True	32.7100085175498	38.674820810326	27002	27003
41546	EUR	5445	True	26.6388113753494	50.4568420089829	27182	27183
41147	YAM	5912	True	37.5563579678253	54.0105458252604	26926	26927
41574	YAM	5421	True	15.0057599490841	48.4097867617455	27202	27203
41496	ANA	5502	True	44.5719155253115	53.7620046133927	27146	27147
41211	YAM	5824	True	31.0788728013705	51.7463777984525	26970	26971
41864	ANA	5068	True	34.5099374351209	55.352837969359	27406	27407
41213	ANA	5835	True	30.2888644542006	39.3596430205338	26962	26963
41212	ANA	5817	True	41.3975791346026	52.8138219612448	26972	26973
41359	EUR	5639	True	45.2286503336521	52.4710047815452	27070	27071
41357	ANA	5655	True	8.34172304582336	48.064016938825	27064	27065
41358	EUR	5646	True	9.70563284599875	52.2791013254469	27066	27067
41682	YAM	5291	True	41.3733261896257	53.8714193868803	27280	27281
41231	YAM	5806	True	8.50550339370231	47.5350482400122	26982	26983
41387	ANA	5615	True	45.8075510402277	54.6505961355016	27082	27083
41417	ANA	5594	True	32.2982975635039	38.5371889848687	27092	27093
41719	EUR	5265	True	20.4575793531749	47.7439065526356	27294	27295
41684	ANA	5297	True	13.8257820194488	48.4139892499262	27272	27273
41236	ANA	5786	True	31.9615603891809	51.723166204569	26996	26997
41628	YAM	5340	True	36.1258856769384	52.3995826156849	27242	27243
41419	YAM	5594	True	26.3978612445929	41.0717872537354	27094	27095
41208	YAM	5843	True	23.9695475005925	46.8236230069025	26956	26957
41690	ANA	5304	True	16.6016079925033	50.8781412536667	27266	27267
41386	YAM	5620	True	41.8387882078288	52.5946102573329	27080	27081
41764	YAM	5200	True	11.8398363914227	49.7500438553312	27320	27321
41575	YAM	5409	True	33.9707685528392	51.6609291457337	27210	27211
41782	YAM	5160	True	38.4871245593441	50.9158305562003	27338	27339
41146	EUR	5912	True	43.0158019541292	53.9207930186134	26924	26925
41610	EUR	5376	True	42.9425254546193	55.3734179348183	27230	27231
41415	ANA	5596	True	33.1056699552371	38.8649615348267	27090	27091
41466	EUR	5524	True	41.4175989147558	54.3834636401424	27128	27129
41692	ANA	5302	True	36.974770431687	38.4789155643476	27268	27269
41518	EUR	5463	True	42.7574017223152	55.3246397106287	27162	27163
41659	EUR	5322	True	32.5565472561763	36.919926576643	27252	27253
41577	YAM	5421	True	39.9166304543234	38.0416180450538	27200	27201
41126	EUR	5936	True	31.8712096434879	55.8568354626194	26914	26915
41148	ANA	5911	True	34.0989242769191	51.8079084674648	26928	26929
41830	ANA	5101	True	34.8162503859694	53.4129537860332	27378	27379
41233	ANA	5788	True	27.4937177233916	55.4540465237813	26994	26995
41149	YAM	5917	True	2.9843710037644	47.0111545684479	26920	26921
41629	EUR	5339	True	42.9200024941241	53.6103661124069	27244	27245
41717	ANA	5250	True	45.019839420218	53.4773060107282	27300	27301
41578	YAM	5421	True	3.44751425560917	48.5305750690465	27204	27205
41131	EUR	5948	True	35.7500689636828	37.8368852006491	26898	26899
41491	YAM	5514	True	21.7079948343022	42.7201137455048	27134	27135
41125	ANA	5937	True	42.635526025927	55.2473703694194	26912	26913
41581	YAM	5402	True	32.2299626621087	54.4887734392683	27218	27219
41686	EUR	5288	True	40.9206147199361	56.3995061822817	27282	27283
41494	YAM	5508	True	6.99131192121489	51.5319483412872	27140	27141
41633	YAM	5338	True	35.3392935235022	56.1033961338852	27248	27249
41540	EUR	5435	True	37.4831455115496	53.9999398117954	27190	27191
41877	YAM	5065	True	21.829184746411	49.9160674930656	27410	27411
41607	ANA	5383	True	15.2587037447015	51.6706750220767	27228	27229
41811	ANA	5145	True	40.6720609577808	52.6764932067899	27358	27359
41165	ANA	5902	True	24.5762266323329	46.603715543057	26932	26933
41312	YAM	5715	True	7.04930518857289	47.7565575836395	27040	27041
41855	EUR	5089	True	33.0040933295517	41.0811223864027	27388	27389
41657	EUR	5323	True	38.3261699580843	37.6284381364235	27250	27251
41226	YAM	5814	True	21.7801872258587	46.8295292755216	26976	26977
41541	YAM	5434	True	36.6081201597729	56.8828135874194	27192	27193
41470	ANA	5531	True	37.1542945728673	40.5454081356031	27122	27123
41857	EUR	5086	True	22.0022883849746	44.0330837250528	27392	27393
41783	YAM	5159	True	40.4424563389785	57.8025261607798	27340	27341
41251	ANA	5780	True	20.1609950923275	43.8351996640621	27004	27005
41765	ANA	5190	True	35.5021297424525	54.2350510270725	27326	27327
41144	EUR	5923	True	23.4399105741664	43.5114924265565	26916	26917
41875	ANA	5043	True	35.2860581803651	50.6246615185022	27414	27415
41836	YAM	5096	True	32.7138037301893	53.3313442878159	27384	27385
41122	EUR	5963	True	37.6319674171437	35.3573571238595	26892	26893
41807	YAM	5152	True	41.9602295442794	55.392095743601	27350	27351
41440	ANA	5562	True	5.66332198369767	45.0457597004421	27114	27115
41859	YAM	5082	True	3.9546851396861	45.385506857237	27396	27397
41740	YAM	5235	True	21.9840766330393	51.2318456694829	27306	27307
41185	YAM	5865	True	23.3036282188248	42.687557093896	26946	26947
41576	YAM	5407	True	34.7827176288561	57.052785415099	27212	27213
41833	YAM	5099	True	45.3271281132207	53.4440017965212	27380	27381
41738	EUR	5245	True	21.341275081861	47.8783450377276	27302	27303
41336	EUR	5669	True	35.8861065606102	54.2243064458613	27056	27057
41186	YAM	5850	True	35.372999835274	53.3258789601793	26952	26953
ind_id	pop	time	sampled	lat	lon	node1	node2
40394	ANA	6756	True	37.2110578677766	50.7841885819644	26438	26439
40494	EHG	6635	True	32.0923094700052	55.880694643078	26500	26501
40959	EUR	6144	True	32.4971404617853	55.8889961331441	26782	26783
40691	EUR	6445	True	23.2809398138833	43.7154778646872	26614	26615
41049	EUR	6036	True	18.7200355959802	51.4223160935502	26862	26863
40551	EHG	6571	True	37.3722103170966	51.6611749708304	26538	26539
41046	EUR	6038	True	20.583829763807	42.9895613597674	26860	26861
40670	ANA	6470	True	21.5607546935555	45.7815020083818	26602	26603
41071	EUR	6009	True	30.6231948069249	54.7394969060325	26874	26875
40987	ANA	6113	True	23.4761239504675	42.8397537399113	26800	26801
40586	EUR	6550	True	43.6170793067273	58.5331500593386	26550	26551
40689	ANA	6430	True	52.9840270532587	58.4747600450716	26616	26617
40373	ANA	6784	True	18.601258971616	48.9204620936609	26412	26413
40390	YAM	6759	True	32.6424240343197	49.595771615651	26434	26435
40472	ANA	6659	True	35.6010467822661	50.2743927309073	26492	26493
40179	EHG	6956	True	14.8802416875614	49.5572707999704	26302	26303
40937	EUR	6148	True	27.7058425549502	54.7716858450406	26778	26779
40621	EHG	6531	True	32.8242258935738	56.5206547143079	26566	26567
41047	EHG	6040	True	36.8200992295019	57.1761794991211	26854	26855
40496	ANA	6632	True	34.7940214449935	56.7833114123321	26504	26505
40669	YAM	6452	True	37.3389925444668	51.5733597427982	26612	26613
40471	EUR	6673	True	35.198168359713	41.4356041113381	26482	26483
40305	EUR	6852	True	47.2206276380298	55.5480073511294	26366	26367
40178	EHG	6979	True	52.0893710964639	56.0869558849463	26294	26295
40240	EHG	6902	True	45.0624871618656	52.8412656265868	26342	26343
40852	EUR	6252	True	38.0870043980846	55.3553977656834	26720	26721
40824	ANA	6283	True	20.2994308166895	42.1308889852783	26700	26701
40492	YAM	6630	True	35.3119269025346	52.5471446789159	26508	26509
41044	EHG	6038	True	25.6412105295874	45.7750012775502	26858	26859
40580	EUR	6544	True	17.722028707636	52.5960032110446	26554	26555
40477	EUR	6670	True	28.5481820372312	37.4352932074742	26484	26485
40767	ANA	6346	True	33.1191524597366	54.8493937892412	26666	26667
40745	ANA	6356	True	30.3111983033338	54.0024355321446	26654	26655
40625	YAM	6529	True	29.7161282209356	57.473210116276	26568	26569
40903	ANA	6201	True	35.9537958022348	38.8455230490195	26742	26743
40881	EUR	6209	True	9.97272891314136	52.2062125107309	26738	26739
40395	YAM	6753	True	32.0402166757015	50.3343024655564	26440	26441
40928	YAM	6174	True	52.0872482092703	58.9889450621525	26762	26763
41019	EUR	6063	True	5.37733668897134	50.5934746699857	26834	26835
40275	ANA	6894	True	25.3234189989358	43.8651272348762	26344	26345
40554	ANA	6584	True	34.7938618698677	41.0077342169094	26528	26529
40644	EUR	6488	True	45.483937820187	55.5712337861235	26590	26591
40552	EHG	6577	True	40.0685163642821	59.741154652204	26532	26533
40741	YAM	6374	True	19.9498157147039	52.2379561631643	26648	26649
40850	EHG	6246	True	16.9430375898572	53.4070101113302	26724	26725
40930	YAM	6153	True	28.6765692781598	55.841512885365	26772	26773
40905	EHG	6193	True	18.6973444715991	44.1332600181663	26748	26749
40693	YAM	6429	True	22.3366471863413	43.6158482974847	26620	26621
40901	ANA	6192	True	30.5450830023627	51.8717049176925	26750	26751
40470	EHG	6673	True	35.000025897883	38.7348106826801	26480	26481
40247	ANA	6916	True	19.5294039346604	42.0813316162327	26326	26327
40401	YAM	6761	True	22.2702992983332	46.5588898863531	26430	26431
40374	EHG	6791	True	50.6358874241925	56.4392094388435	26408	26409
40821	EUR	6270	True	12.431459333198	50.8221971296745	26708	26709
40448	EUR	6688	True	26.7956094030738	51.8450357305601	26474	26475
41051	ANA	6035	True	13.4760082226677	52.5253537417327	26864	26865
40790	EHG	6297	True	26.8650351303897	53.231386099603	26692	26693
40549	ANA	6580	True	51.8920336597975	58.0611030063113	26530	26531
40994	EUR	6086	True	28.3979764055384	53.831341249065	26818	26819
40668	EUR	6472	True	19.6664399830082	42.9326155181075	26600	26601
40337	YAM	6828	True	37.7358278441168	39.3793694434388	26378	26379
40965	EHG	6135	True	17.7969084452092	47.7388576201247	26790	26791
40242	EUR	6906	True	13.5228442941557	49.2112967244748	26338	26339
40398	ANA	6762	True	13.6153765533861	52.2530382569793	26428	26429
40277	EHG	6879	True	36.495633130875	58.5806520282795	26354	26355
41072	YAM	6023	True	31.5720531075429	38.5492284566012	26868	26869
40794	EHG	6315	True	23.4904710579084	42.8690791841675	26678	26679
40450	ANA	6707	True	36.7295763637385	36.0205565524609	26460	26461
40995	ANA	6103	True	29.9333100280376	38.7211863078746	26806	26807
40473	YAM	6667	True	24.9580700254665	48.0256399848771	26488	26489
40721	EHG	6387	True	37.0138814142843	53.397350890596	26640	26641
40177	EHG	6981	True	38.5201582537288	55.7358218259293	26292	26293
40447	ANA	6714	True	39.069433659191	37.42881838149	26458	26459
40449	EUR	6687	True	35.4457733398558	53.1204091496253	26476	26477
40715	YAM	6394	True	30.5097856009707	51.7329068037024	26636	26637
40585	ANA	6558	True	54.3948163522778	56.0235743032231	26548	26549
40854	EHG	6241	True	31.5959593701845	50.1771876995274	26730	26731
40392	EHG	6773	True	37.3728647154038	36.3363232766714	26418	26419
40986	EUR	6099	True	20.1103895639676	49.3953703039097	26810	26811
40336	EHG	6815	True	41.6187502628102	52.0357161530597	26392	26393
41026	ANA	6058	True	32.2257856912845	51.4770926234577	26842	26843
40623	YAM	6518	True	26.9495373121464	48.3276038645814	26576	26577
40181	EHG	6972	True	36.7225210360217	58.1425430054822	26298	26299
40418	EUR	6736	True	37.07968647291	37.1400714237204	26448	26449
40452	YAM	6702	True	28.8827760643491	37.5676073985197	26464	26465
41042	YAM	6044	True	55.4698282307345	58.1565918037426	26850	26851
ind_id	pop	time	sampled	lat	lon	node1	node2
39462	EUR	7702	True	34.9676662280314	39.1672097345502	25860	25861
39690	EUR	7478	True	39.2272664875945	55.8728936647889	26000	26001
39914	ANA	7250	True	30.7406848484835	37.0009215924128	26124	26125
39683	EHG	7491	True	27.1770637764938	38.4987948242975	25990	25991
39515	EHG	7645	True	30.2288339546161	37.1794653978003	25886	25887
39615	EHG	7534	True	24.6382774589735	46.5926613278954	25962	25963
39302	EHG	7877	True	33.804034104798	40.9371073408112	25748	25749
39848	ANA	7314	True	37.6620132881083	37.4837746759662	26096	26097
40064	ANA	7098	True	21.0868602528787	43.4930355715647	26218	26219
39513	EUR	7622	True	22.6865547880934	50.3097990003497	25896	25897
39734	EUR	7421	True	58.93367632291	53.833141633635	26028	26029
39911	EUR	7234	True	5.72811720792709	44.8414915233297	26132	26133
39815	EUR	7334	True	21.1066119720161	48.8534262946718	26088	26089
39360	ANA	7802	True	26.6697822246338	45.8222187053084	25810	25811
39916	EUR	7236	True	49.2496085737833	53.7005236094667	26130	26131
39386	EUR	7781	True	41.8610459610353	55.6057609292849	25820	25821
39819	EUR	7316	True	24.0394318513331	47.8573869231412	26094	26095
39181	EUR	7995	True	32.0583570849578	39.4675467143247	25682	25683
39658	EHG	7505	True	11.3563284179681	47.8973747170188	25986	25987
39714	EUR	7458	True	16.0158255692874	48.2455345000939	26016	26017
39589	EUR	7575	True	29.540961847746	38.7686057221617	25930	25931
39759	EHG	7400	True	35.0225090161136	40.2992743351665	26036	26037
39854	EUR	7292	True	49.5343760583824	56.8315973087074	26106	26107
39413	EHG	7744	True	8.87679763872499	49.0502683035061	25840	25841
40148	EUR	7012	True	43.403768592534	54.831866032286	26276	26277
39942	EUR	7210	True	31.4090906929689	57.6377695439642	26146	26147
39180	ANA	7976	True	21.012920266286	47.6193901990456	25694	25695
39253	EHG	7913	True	36.2566454992014	37.446771694738	25724	25725
39712	ANA	7458	True	31.2798325524232	58.2241853668638	26012	26013
39878	ANA	7277	True	38.0729649351929	40.1676526719078	26110	26111
39685	EHG	7484	True	39.1280353401607	55.0885986994517	25996	25997
39367	EUR	7819	True	32.2567338386132	40.2406980278398	25794	25795
39546	EUR	7608	True	54.0158153243131	59.9980042425556	25908	25909
39368	EUR	7815	True	49.3967070448979	55.4941870739174	25804	25805
39761	EUR	7393	True	12.5114963373287	46.7482539141944	26050	26051
39941	EUR	7218	True	37.7835368786174	36.5281469594125	26140	26141
39255	EUR	7901	True	27.5132144907596	46.8832279042201	25730	25731
40114	EHG	7030	True	13.8638352181824	45.3436758743475	26262	26263
39939	ANA	7196	True	15.8314291954692	49.7819443986939	26150	26151
39967	ANA	7193	True	33.0621841796007	40.6752432897628	26156	26157
40087	EUR	7072	True	39.6189672758789	37.9092380244188	26236	26237
39551	EHG	7604	True	47.4097128666049	61.7642799906267	25912	25913
39293	EUR	7857	True	20.3194495097652	44.9849920010421	25760	25761
39782	EUR	7373	True	32.085342429423	38.314963598189	26060	26061
40034	ANA	7121	True	49.6116118748375	56.2903252555769	26208	26209
39465	ANA	7681	True	12.5515047016772	43.4720978321483	25870	25871
40001	ANA	7143	True	6.95960329562611	46.4877261391441	26190	26191
39593	ANA	7560	True	19.1066957384533	44.6062517270442	25944	25945
39467	EUR	7675	True	23.8523954994888	50.5693831405622	25874	25875
39656	EHG	7513	True	50.8065077038433	61.4590102443531	25980	25981
39410	EUR	7752	True	34.3660068803789	59.4792763161575	25834	25835
39490	EUR	7658	True	52.8063921882112	57.5912072546341	25878	25879
39493	EUR	7646	True	19.3740063150059	52.0790437197853	25884	25885
40003	EHG	7154	True	23.7388449701367	41.6249284435316	26184	26185
39260	EUR	7908	True	52.8914850394833	56.8585840977572	25726	25727
39769	EUR	7379	True	18.7252427098912	46.6883247274802	26058	26059
39331	EUR	7842	True	42.7971116190736	62.293913702799	25778	25779
39464	EHG	7700	True	42.1712808899485	56.8124277416288	25864	25865
40030	EUR	7113	True	6.65809570512664	51.7020105009715	26214	26215
39591	ANA	7574	True	34.6836566733819	40.2433881266184	25932	25933
39813	EHG	7336	True	8.7222940958374	52.0254419473886	26086	26087
39547	EHG	7613	True	38.1419596030704	39.7386256807548	25900	25901
39657	EHG	7517	True	32.8270923629503	40.2767188447187	25970	25971
39765	ANA	7390	True	27.5090409032832	47.5340862626408	26054	26055
39558	EHG	7590	True	11.0519612331605	53.1239199653793	25928	25929
39390	EUR	7770	True	21.9010131928875	44.1247239222673	25828	25829
39295	ANA	7876	True	52.6113229257578	54.70453992593	25750	25751
39766	ANA	7395	True	45.3480093446146	56.8160246312081	26044	26045
39560	EUR	7601	True	56.8380338692962	57.1373110607026	25918	25919
40093	ANA	7050	True	19.7565734334258	51.4419488160215	26248	26249
40065	EUR	7087	True	18.6442007407022	45.7527485474483	26230	26231
39463	EUR	7701	True	27.3810497949059	39.6541043524455	25862	25863
39713	EHG	7460	True	33.3423678441339	39.9664305237717	26010	26011
39391	ANA	7781	True	28.616633302632	37.6318356405716	25818	25819
39881	EHG	7275	True	22.7099028050012	44.2725527069547	26112	26113
39179	EUR	7981	True	10.4368707805631	46.9713057660294	25692	25693
40071	EHG	7096	True	38.613952643461	37.687427238174	26224	26225
40070	EHG	7077	True	16.0489596854157	51.0946505945323	26234	26235
39996	ANA	7161	True	35.8939372890561	35.4926112050976	26176	26177
39491	EUR	7658	True	27.5982562115173	37.8982926757366	25876	25877
39936	EHG	7223	True	29.231358642355	38.0537702823739	26136	26137
39388	EHG	7772	True	6.45684198983509	50.9473762858166	25826	25827
39663	ANA	7513	True	38.2358063566853	40.4115513187201	25976	25977
39330	EHG	7844	True	53.1238483415148	55.2474522702785	25776	25777
40092	EUR	7054	True	50.7641354075801	55.064411133224	26244	26245
39973	ANA	7180	True	27.4128321887256	37.6393294633882	26164	26165
39201	EUR	7958	True	8.11381437811126	44.7722456245049	25704	25705
39434	EUR	7724	True	41.6327088090063	59.5618126387518	25850	25851
39492	EHG	7652	True	14.2391476365133	52.8324192895354	25882	25883
40119	EUR	7042	True	28.4879130881388	39.4271351182437	26254	26255
40145	EHG	7013	True	30.5253260257098	38.0661854583918	26270	26271
39359	EHG	7817	True	37.0504112398483	59.7589992377421	25798	25799
39327	ANA	7849	True	28.3196732614551	43.8309086017157	25766	25767
39622	EHG	7527	True	22.7836838849322	53.1160821976269	25966	25967
39205	EUR	7967	True	42.8367216658528	56.9673899234268	25700	25701
39294	ANA	7884	True	36.2669084513797	36.0387990755195	25740	25741
39364	EUR	7815	True	48.2003134062536	59.4404980537157	25802	25803
39659	ANA	7516	True	29.3285673028817	38.2931013908183	25972	25973
40113	EUR	7044	True	21.0653230496175	45.6454516642227	26250	26251
39711	EUR	7462	True	34.9325120238308	41.4727099462961	26008	26009
39790	ANA	7351	True	25.1113951795835	43.7939404640673	26076	26077
39361	EHG	7799	True	9.79616167515976	52.9258288778488	25812	25813
39461	EUR	7702	True	40.4323315071911	36.7725483375509	25858	25859
39817	ANA	7330	True	6.54714825581703	48.6581679892557	26090	26091
39913	EHG	7231	True	5.63213767613486	52.6770462444749	26134	26135
ind_id	pop	time	sampled	lat	lon	node1	node2
39150	EUR	8033	True	38.5677612977416	38.1678310098918	25656	25657
38131	ANA	8979	True	37.9840009863329	38.1297304534726	25040	25041
38586	EUR	8560	True	44.5767881365334	54.9671294115146	25326	25327
38328	EHG	8808	True	29.7415398193317	38.9931799924919	25150	25151
39051	EHG	8123	True	39.5527361638068	40.6853916737475	25580	25581
38792	EUR	8338	True	17.4873892765489	46.2056597568958	25452	25453
38966	EHG	8189	True	58.2178121381502	59.862226177942	25540	25541
38553	EUR	8578	True	24.9239200146161	49.9112814168072	25304	25305
38731	EHG	8410	True	48.3316449774643	56.5998139032238	25412	25413
38274	EHG	8871	True	32.887578373332	36.9234622277502	25110	25111
38831	ANA	8318	True	21.5142516641662	46.5318076162062	25468	25469
38637	ANA	8504	True	37.099029293548	39.8291265124577	25346	25347
38663	ANA	8467	True	42.606078111904	57.2444012835989	25370	25371
38273	EUR	8856	True	40.7778698275683	54.9550978922148	25118	25119
38359	EUR	8759	True	11.3631220614171	46.4512216162553	25170	25171
38461	ANA	8672	True	29.7779202341622	38.816868289547	25238	25239
38242	EUR	8888	True	35.5356212985734	38.7176441113928	25098	25099
38393	EUR	8734	True	20.7614567073076	50.2541816250052	25196	25197
38195	ANA	8929	True	28.8297318586568	38.0188329500585	25072	25073
38692	ANA	8443	True	30.4061042661849	60.1865626253626	25392	25393
38558	ANA	8575	True	14.8319661559796	49.5502581049564	25310	25311
38861	ANA	8282	True	23.8935065534357	47.3754399131748	25490	25491
39110	ANA	8037	True	9.09177076836705	46.7356646510544	25650	25651
39119	EHG	8035	True	5.21335742572512	51.421915024446	25652	25653
38450	ANA	8667	True	25.0547849660813	50.8259094417729	25250	25251
38392	EUR	8751	True	29.0763375411428	39.8599871629914	25178	25179
38272	ANA	8872	True	35.6923689808254	38.3648248583914	25108	25109
39144	EUR	8022	True	2.57775051241057	46.383284113634	25668	25669
38698	ANA	8447	True	33.1427869575117	38.9337593748652	25390	25391
38584	ANA	8568	True	34.292983146078	38.8699671297213	25318	25319
38557	ANA	8577	True	5.50238939265764	50.4638905195781	25308	25309
38363	EUR	8755	True	5.95304771765198	46.3070060770638	25174	25175
39148	EUR	8025	True	56.8776406880613	56.3858279534795	25662	25663
39113	EHG	8060	True	37.0903365930082	41.0144318316818	25634	25635
39116	EUR	8042	True	46.6594270696879	60.694421979289	25646	25647
38399	EUR	8737	True	48.9758293669097	55.9745539923957	25192	25193
38528	EHG	8608	True	23.6683160499288	43.8176625190598	25286	25287
38964	EHG	8192	True	55.2319612873788	54.7798309514408	25536	25537
39055	EHG	8096	True	16.3085706079237	46.9190389417725	25602	25603
38993	ANA	8174	True	37.26215877481	37.9754219259529	25550	25551
ind_id	pop	time	sampled	lat	lon	node1	node2
37065	EUR	9974	True	14.952152424026	51.4487456007719	24430	24431
37185	EUR	9893	True	33.7452387836868	38.4026434218838	24490	24491
38103	ANA	9001	True	-0.463528719793663	48.2753622501103	25030	25031
37680	EUR	9419	True	45.4513339389683	60.8255049580779	24776	24777
37162	EHG	9910	True	53.9949614100673	57.5028041372433	24474	24475
37187	ANA	9882	True	15.9956412559319	48.1787540770206	24494	24495
37768	EHG	9330	True	30.3543638544334	58.7913725264386	24840	24841
37949	EUR	9166	True	21.931371576257	47.7844625706137	24944	24945
37553	EUR	9542	True	28.4152981259381	46.2492365782932	24720	24721
37587	ANA	9523	True	21.5924412460177	44.6386506823756	24728	24729
37296	EUR	9785	True	42.7788556913613	56.986108928774	24552	24553
37209	EUR	9857	True	33.5236979730742	40.5490453250869	24496	24497
37210	EHG	9845	True	54.0678343148803	54.8258359935801	24498	24499
37453	EHG	9632	True	26.0496821575997	50.1658738523903	24640	24641
37802	ANA	9296	True	23.6282503433042	43.7307725493377	24866	24867
37108	EUR	9930	True	19.7430507710081	52.885248949765	24454	24455
37288	EHG	9797	True	39.7536774581717	55.6608272519342	24544	24545
38070	EHG	9033	True	49.8427125202881	56.2297094242141	25004	25005
37867	EUR	9238	True	15.6550693479865	47.1158015311223	24906	24907
37727	ANA	9365	True	27.7753905690686	50.4662982321739	24820	24821
37395	EUR	9712	True	38.6529816915301	38.8394083428034	24598	24599
38040	EHG	9063	True	15.3079937261685	49.8776881044665	24996	24997
37701	EHG	9403	True	43.3764338729774	58.7106504507042	24790	24791
37919	EHG	9193	True	40.5276138693976	62.5619997152643	24930	24931
37917	EUR	9203	True	29.5715055324275	37.192049422536	24922	24923
37289	EHG	9788	True	55.761744183824	53.8156489861372	24546	24547
37256	ANA	9814	True	51.2131609283396	53.6691915250594	24532	24533
37424	EHG	9657	True	28.2381173200914	46.8271997329974	24620	24621
38036	EUR	9070	True	46.8732745283321	57.3323578882077	24984	24985
37498	EHG	9610	True	36.4236936596321	36.7677638630457	24654	24655
37554	ANA	9564	True	30.5514628894563	37.6717632174726	24700	24701
ind_id	pop	time	sampled	lat	lon	node1	node2
36233	EHG	10785	True	51.3867050373701	55.8093331439363	23958	23959
36360	EHG	10652	True	14.7072078229029	45.5128676154385	24040	24041
36941	EHG	10091	True	31.3842794381726	58.0143613633372	24356	24357
36364	ANA	10646	True	10.7971516147167	43.5337491932306	24042	24043
36363	EHG	10665	True	38.9284282510433	39.6572659214725	24026	24027
36392	EUR	10630	True	28.8972957521453	40.2210939759327	24048	24049
36545	ANA	10482	True	52.247839539486	56.7580551182952	24140	24141
36551	EHG	10474	True	21.8717408539117	52.8710949339947	24148	24149
37027	EUR	10005	True	16.4192247403389	48.3621445309874	24406	24407
36992	ANA	10035	True	20.1033113896583	48.435019625831	24390	24391
36478	ANA	10553	True	32.0079192307929	37.1394680565021	24092	24093
36943	EUR	10080	True	24.6686319013886	44.3720275386754	24362	24363
36208	EUR	10810	True	50.5551001085041	59.8939260727218	23950	23951
36229	EUR	10774	True	23.0122569008267	48.8708842815444	23966	23967
36322	ANA	10676	True	28.217731989997	47.3952205483161	24018	24019
36004	EHG	10997	True	30.6894942759525	37.3685924125235	23820	23821
36966	ANA	10046	True	24.259087656426	44.7893752258349	24382	24383
36595	ANA	10414	True	46.2580005317749	60.8221552182687	24170	24171
36567	EUR	10438	True	36.1164318722046	61.8178483016446	24158	24159
36362	EUR	10655	True	42.084144986832	55.7305257308267	24034	24035
36550	EUR	10480	True	41.3278038762229	58.869457558197	24144	24145
36321	EUR	10698	True	30.7968018536333	38.2909078782592	24004	24005
36130	ANA	10869	True	41.0142482220203	61.2780370805958	23908	23909
36003	EHG	10984	True	50.7188273792879	59.6593985656857	23830	23831
ind_id	pop	time	sampled	lat	lon	node1	node2
35153	ANA	11867	True	37.696633793584	37.2751148042854	23338	23339
35703	ANA	11299	True	53.1689805896141	56.5432078601935	23664	23665
35351	EUR	11635	True	23.8247970488399	50.036244177243	23466	23467
ind_id	pop	time	sampled	lat	lon	node1	node2
34940	EUR	12070	True	41.7196423598532	61.3726970074053	23202	23203
ind_id	pop	time	sampled	lat	lon	node1	node2
33375	EUR	13631	True	42.249302668357	55.5996614136807	22340	22341
33193	EUR	13832	True	33.2142477343664	57.8280194056202	22220	22221
ind_id	pop	time	sampled	lat	lon	node1	node2
23067	EHG	23799	True	49.9857984663267	53.6012827918367	16242	16243
ind_id	pop	time	sampled	lat	lon	node1	node2
22390	ANA	24388	True	16.1425053315283	49.2698376594744	15868	15869
ind_id	pop	time	sampled	lat	lon	node1	node2
16257	OOA	30736	True	58.5697837261818	40.9181968203458	12092	12093
ind_id	pop	time	sampled	lat	lon	node1	node2
15525	OOA	31609	True	63.2151027157643	38.2528022565212	11540	11541
15228	OOA	31967	True	64.1946509778058	38.6342384914858	11318	11319
ind_id	pop	time	sampled	lat	lon	node1	node2
14736	OOA	32657	True	56.0482923608995	39.2003619148742	10956	10957
ind_id	pop	time	sampled	lat	lon	node1	node2
13632	OOA	33987	True	58.8857977497782	39.2727796410152	10132	10133
ind_id	pop	time	sampled	lat	lon	node1	node2
11472	OOA	36669	True	61.7679791341144	40.2056989916397	8518	8519
11297	OOA	36864	True	60.3868793768899	39.6020600398234	8402	8403
ind_id	pop	time	sampled	lat	lon	node1	node2
4850	OOA	44973	True	45.4491345808188	31.3252216710437	3562	3563
