ind_id	pop	time	sampled	lat	lon	node1	node2
44726	EUR	1839	True	47.4840536299083	24.7323827775943	29286	29287
44743	EUR	1798	True	45.6570197191665	20.8907623356569	29304	29305
45268	EUR	1000	True	48.069668329689	2.40486894275938	29736	29737
44760	EUR	1789	True	47.800812693993	27.3801873885939	29314	29315
45189	EUR	1150	True	43.4340286541643	26.6507325099244	29646	29647
44816	EUR	1708	True	43.7140206117043	4.00431106401085	29376	29377
44795	EUR	1759	True	44.3649239898658	20.0578594259468	29346	29347
45085	EUR	1340	True	49.4515427603467	21.6612455141949	29558	29559
44693	EUR	1860	True	51.420381220628	9.41977112554445	29256	29257
45034	EUR	1412	True	52.7400850205971	24.1549546315056	29514	29515
45172	EUR	1181	True	53.6203071252755	19.5858758922452	29630	29631
45171	EUR	1182	True	49.6663054964923	19.471142607064	29628	29629
44979	EUR	1470	True	41.4082098441801	26.1471370320649	29468	29469
45250	EUR	1016	True	46.8044114964834	7.69354093317691	29720	29721
45204	EUR	1129	True	50.16915638818	22.477474435745	29662	29663
44911	EUR	1577	True	50.616652573394	9.44161649274971	29424	29425
44978	EUR	1484	True	51.1605245939082	14.5663261278796	29466	29467
44767	EUR	1774	True	49.5297024367224	13.2506609295915	29328	29329
45156	EUR	1196	True	44.4539967309037	25.7350162942201	29620	29621
45003	EUR	1451	True	48.9790162975835	12.5231429899506	29488	29489
44800	EUR	1743	True	42.7127682634756	22.615858010325	29356	29357
45053	EUR	1382	True	47.3921124990219	10.1633787309426	29528	29529
44936	EUR	1539	True	50.4592396548157	1.78093611217197	29438	29439
45174	EUR	1177	True	48.4533813058984	20.6722524320638	29634	29635
44914	EUR	1567	True	43.4870136963918	-1.69797350046527	29430	29431
45264	EUR	1007	True	41.9726576134609	1.37110792636607	29728	29729
44910	EUR	1583	True	44.2296570010787	21.3315870989347	29422	29423
44835	EUR	1679	True	50.9927645895674	23.146539533713	29390	29391
45237	EUR	1065	True	45.0989297516978	19.4123085100554	29698	29699
45118	EUR	1283	True	48.2311940757442	25.267206708095	29580	29581
44887	EUR	1598	True	46.9466136528371	22.0822158172388	29412	29413
44587	EUR	1982	True	45.6241138801805	15.5603973614904	29190	29191
44696	EUR	1859	True	48.3110643062449	22.0382144197059	29262	29263
45001	EUR	1452	True	52.0910860755631	22.3754637675221	29484	29485
45054	EUR	1382	True	47.0051087039149	20.1143047398625	29530	29531
45071	EUR	1351	True	47.4761251101504	23.5974050959309	29548	29549
45188	EUR	1154	True	45.2067168155137	28.0346482153147	29644	29645
44813	EUR	1720	True	48.2699974674988	12.828568702155	29370	29371
45240	EUR	1046	True	48.1555435890568	16.1222096464569	29704	29705
45056	EUR	1376	True	45.9999886299692	10.0503356685461	29534	29535
45151	EUR	1219	True	50.6858717802494	16.9876464386079	29610	29611
45123	EUR	1263	True	42.0611242630675	22.9968417790328	29590	29591
45000	EUR	1453	True	47.7128747752984	21.9870899716823	29482	29483
44633	EUR	1934	True	41.1065909057141	23.1394719325234	29214	29215
44890	EUR	1591	True	42.9911976588163	23.8994444269643	29418	29419
44768	EUR	1772	True	49.894847810729	19.695754781884	29330	29331
45032	EUR	1423	True	41.7468719917756	22.9933264990423	29510	29511
45058	EUR	1375	True	49.706178734299	12.7924105479481	29538	29539
45245	EUR	1031	True	53.0961373223578	16.4298196283189	29710	29711
45248	EUR	1022	True	41.3360798832035	0.386677568434435	29716	29717
44802	EUR	1740	True	47.281918662399	23.2622413948576	29360	29361
44814	EUR	1720	True	47.3708910399164	4.17187915164076	29372	29373
44938	EUR	1534	True	47.4874758143892	7.94631230246862	29442	29443
44886	EUR	1599	True	50.7286098402184	20.9584073945813	29410	29411
44959	EUR	1504	True	46.5545575770815	1.2246751802934	29456	29457
44958	EUR	1512	True	44.3894162176138	2.30848468472826	29454	29455
44582	EUR	1995	True	44.521689540216	26.7769273448834	29180	29181
45249	EUR	1019	True	50.8324709570861	14.6476317554604	29718	29719
45261	EUR	1014	True	46.2278420159333	21.4938148515929	29722	29723
45168	EUR	1190	True	50.4850507305146	14.6031018772512	29622	29623
45263	EUR	1010	True	42.6775584540202	2.57023007820772	29726	29727
44852	EUR	1673	True	46.906303594935	29.6070059816984	29394	29395
44853	EUR	1671	True	46.152712192286	1.93712302675186	29396	29397
44695	EUR	1859	True	43.0687210565341	19.373609040529	29260	29261
45122	EUR	1264	True	45.5536867477557	20.7817492330021	29588	29589
44799	EUR	1747	True	44.8169829643801	20.2319871430211	29354	29355
45223	EUR	1083	True	52.2897482430986	20.7574463580574	29690	29691
45048	EUR	1403	True	44.2067235310259	21.3843028868574	29518	29519
44719	EUR	1848	True	48.085000600883	12.5736742756895	29272	29273
44727	EUR	1835	True	53.1230559292784	23.178867464854	29288	29289
44980	EUR	1469	True	49.0425934996077	13.909105143662	29470	29471
45211	EUR	1114	True	50.7783270902428	22.476975402767	29676	29677
44769	EUR	1768	True	48.3038201992341	19.1366846530107	29332	29333
44939	EUR	1527	True	48.2301629326733	2.7213052284047	29444	29445
44766	EUR	1774	True	48.9950483994583	13.7984235805071	29326	29327
44687	EUR	1882	True	44.6299484246979	25.4240959257534	29244	29245
44634	EUR	1932	True	50.38339655425	12.8600758268807	29216	29217
45104	EUR	1293	True	48.7843384573021	19.225216380497	29576	29577
44742	EUR	1812	True	48.0130560543917	27.8903269448997	29302	29303
44818	EUR	1708	True	47.5426716644886	27.0757179267521	29380	29381
45074	EUR	1346	True	46.5839733694323	20.4614545067056	29554	29555
45265	EUR	1007	True	45.9232227762504	5.31742479083266	29730	29731
45136	EUR	1234	True	49.1388550339582	10.4062272509371	29606	29607
45089	EUR	1334	True	45.8853850452032	0.0008047274117259	29566	29567
44637	EUR	1931	True	41.5288085895639	23.7551829838804	29222	29223
45049	EUR	1398	True	43.7924897071427	25.2613125606823	29520	29521
44912	EUR	1574	True	45.8425889407826	0.909513957860627	29426	29427
45238	EUR	1053	True	52.2972274665156	15.2536671433603	29700	29701
44722	EUR	1845	True	53.5395778676174	22.7399573967449	29278	29279
45220	EUR	1096	True	48.268773817157	2.27517319164771	29684	29685
44801	EUR	1743	True	52.1409436324175	22.121898144087	29358	29359
45135	EUR	1239	True	51.6060502763217	8.92005267013943	29604	29605
44688	EUR	1881	True	47.1972534867713	12.9551364701023	29246	29247
45137	EUR	1234	True	47.0612765430723	19.7057214490403	29608	29609
44762	EUR	1786	True	50.7847760346876	1.99883893139385	29318	29319
44797	EUR	1749	True	48.9704617954688	4.0035916859497	29350	29351
44583	EUR	1993	True	47.1435647105879	22.4633734986266	29182	29183
45224	EUR	1083	True	46.6417917376142	25.1427660206431	29692	29693
45086	EUR	1340	True	47.2557878783134	10.5482351558055	29560	29561
44889	EUR	1596	True	43.8433985380125	3.50879334373199	29416	29417
45033	EUR	1414	True	50.4966582292697	21.7651265120544	29512	29513
44586	EUR	1989	True	51.0934202958894	27.5594391922156	29188	29189
45206	EUR	1125	True	49.8520019010778	15.1300100892794	29666	29667
45209	EUR	1122	True	49.9370758160741	14.3217409627294	29672	29673
45121	EUR	1267	True	51.0025341418908	10.953148408517	29586	29587
45009	EUR	1438	True	42.2816055893439	-0.0947754991619574	29500	29501
45088	EUR	1337	True	48.1581958864778	11.7318115546236	29564	29565
44935	EUR	1554	True	50.7428485849646	7.21477315732858	29436	29437
45035	EUR	1408	True	48.8279544849362	23.2205135515589	29516	29517
45091	EUR	1320	True	50.503369987518	18.770975045701	29570	29571
44803	EUR	1738	True	45.6343943282884	17.2535903467745	29362	29363
44764	EUR	1782	True	44.8760856188674	3.17753851306012	29322	29323
45069	EUR	1359	True	48.5747990995334	18.93724281365	29544	29545
44981	EUR	1469	True	43.2008335649941	2.92497850570643	29472	29473
45050	EUR	1394	True	42.3990572735093	1.78364930571242	29522	29523
45002	EUR	1451	True	46.5441208744466	5.12944686142444	29486	29487
45153	EUR	1206	True	50.1283948608368	13.3391984423321	29614	29615
44716	EUR	1853	True	50.4822636946185	24.4457857171946	29266	29267
44740	EUR	1813	True	50.911540305894	16.1541261714965	29298	29299
44745	EUR	1796	True	43.264721584305	17.7873063284093	29308	29309
45031	EUR	1424	True	44.4547086962283	3.21238174946686	29508	29509
45084	EUR	1345	True	51.1338562629628	18.1611190614793	29556	29557
45175	EUR	1173	True	43.539786896007	24.049099736065	29636	29637
44723	EUR	1842	True	45.5979983212136	25.7885959370264	29280	29281
44611	EUR	1967	True	44.8393724514479	20.3044053362789	29200	29201
44631	EUR	1941	True	42.6813117344114	24.7149514246735	29210	29211
45239	EUR	1051	True	44.8458269561109	17.1548919232898	29702	29703
44668	EUR	1895	True	50.2369727275268	2.61386275620649	29236	29237
45194	EUR	1135	True	52.0646671226942	23.6822676753375	29656	29657
45007	EUR	1443	True	46.5018262442734	26.0219239154183	29496	29497
44721	EUR	1846	True	41.6429857596781	24.1333802893039	29276	29277
44738	EUR	1821	True	50.2197706249435	18.4681246882449	29294	29295
45193	EUR	1138	True	51.9048752308268	18.793293659942	29654	29655
44666	EUR	1903	True	46.5178629246394	24.3773541486579	29232	29233
45006	EUR	1446	True	47.9579219825981	25.3908828253419	29494	29495
44610	EUR	1969	True	54.5317884439337	20.9790534655505	29198	29199
44718	EUR	1848	True	46.5997709818424	21.5167042121333	29270	29271
44819	EUR	1706	True	53.4000772142034	25.270604343868	29382	29383
45243	EUR	1038	True	45.7265989570112	10.0825433038262	29706	29707
45010	EUR	1438	True	52.1788007161541	8.76317259418373	29502	29503
45103	EUR	1301	True	46.9336132819341	16.0110888699839	29574	29575
44832	EUR	1698	True	48.4616437096052	8.7927099784128	29384	29385
45173	EUR	1179	True	45.4907360459501	24.6451200813207	29632	29633
44810	EUR	1734	True	48.2031635869223	3.95531985181055	29364	29365
44998	EUR	1461	True	44.4305232609889	24.7832474629065	29478	29479
45090	EUR	1334	True	47.6811176001361	24.1855918904428	29568	29569
44664	EUR	1914	True	47.6388607262617	12.1672752636921	29228	29229
44956	EUR	1519	True	47.2130904720082	4.7880561778383	29450	29451
45176	EUR	1169	True	50.5559958725635	22.226115588523	29638	29639
44771	EUR	1767	True	40.2688337483628	22.156173695615	29336	29337
44632	EUR	1936	True	49.5071405074938	11.660416371167	29212	29213
44758	EUR	1791	True	42.3595758065274	20.6606990060373	29310	29311
45132	EUR	1243	True	43.6442550943152	24.5623665464111	29598	29599
45124	EUR	1256	True	46.1112277455422	5.82440384720055	29592	29593
44888	EUR	1597	True	49.4038968678853	22.9698159327451	29414	29415
45212	EUR	1113	True	45.0712086480875	14.7522265813415	29678	29679
45052	EUR	1388	True	47.1455701790776	21.4119013617217	29526	29527
45221	EUR	1090	True	49.5794981914318	13.3504458563586	29686	29687
44999	EUR	1456	True	48.0174630958966	13.58900831254	29480	29481
45210	EUR	1121	True	47.2502163403675	10.5251124442848	29674	29675
44612	EUR	1957	True	43.0069981976695	26.2380834337005	29202	29203
44960	EUR	1504	True	51.3997242733854	8.64019261608535	29458	29459
44796	EUR	1754	True	47.2658180074973	5.93477409068175	29348	29349
44770	EUR	1768	True	44.223327785362	23.5688658615554	29334	29335
44761	EUR	1788	True	47.2310710200228	5.00053838900603	29316	29317
44772	EUR	1766	True	48.946447070069	11.5087008688664	29338	29339
45087	EUR	1339	True	52.071154896755	22.6286790085654	29562	29563
45130	EUR	1252	True	44.7330486519255	20.7883599229131	29594	29595
44812	EUR	1722	True	50.6619784314646	21.9455400783556	29368	29369
44581	EUR	1998	True	46.8826658171875	22.3702821913786	29178	29179
45154	EUR	1205	True	47.8648096796456	18.3591185158678	29616	29617
44588	EUR	1981	True	48.9475961524836	17.3502499561057	29192	29193
44983	EUR	1466	True	50.8668235452511	21.1483448366863	29476	29477
45029	EUR	1432	True	40.4619860646891	21.7318799526543	29504	29505
44728	EUR	1831	True	48.9862710301289	22.6498665729689	29290	29291
45186	EUR	1164	True	45.8069237812047	16.6563711777728	29640	29641
44759	EUR	1789	True	43.3193719073615	24.0138699689176	29312	29313
44855	EUR	1664	True	50.2800309670313	19.3025571579444	29400	29401
45262	EUR	1012	True	50.6002823744054	6.5446268553301	29724	29725
44744	EUR	1798	True	49.656217044706	11.1566985672612	29306	29307
45219	EUR	1104	True	45.0227669480204	10.658217942426	29682	29683
45203	EUR	1134	True	45.7334017766283	16.8518668799973	29660	29661
45192	EUR	1140	True	45.0230069526637	20.2686749605503	29652	29653
44669	EUR	1894	True	51.3075422916153	18.8233788751688	29238	29239
45169	EUR	1187	True	52.3535021996141	21.8870021131195	29624	29625
44815	EUR	1711	True	46.1176453639747	1.78727495356434	29374	29375
45152	EUR	1216	True	46.1846735876948	24.0578386092694	29612	29613
45207	EUR	1125	True	51.9039146485789	15.1119119701902	29668	29669
44665	EUR	1911	True	45.2151427437193	23.9468860745476	29230	29231
45222	EUR	1084	True	51.736295690497	25.4752692332846	29688	29689
45133	EUR	1243	True	46.3135284255275	26.9928696309051	29600	29601
44629	EUR	1945	True	45.6469675599669	14.8072989141006	29206	29207
44857	EUR	1647	True	53.9593737597503	21.5463118970139	29404	29405
45070	EUR	1357	True	45.2869253339711	9.64010524349504	29546	29547
44690	EUR	1871	True	50.833490685222	10.5082096006485	29250	29251
44962	EUR	1500	True	47.9895019306831	19.8365966828986	29462	29463
44937	EUR	1534	True	42.6241527533436	19.7096539601518	29440	29441
45131	EUR	1244	True	50.3733425509852	9.07400576795115	29596	29597
45205	EUR	1129	True	47.1233584427126	13.5946257358855	29664	29665
44671	EUR	1889	True	48.743455980418	13.4141274523459	29242	29243
44891	EUR	1587	True	51.1147342085879	19.7201829703451	29420	29421
44870	EUR	1644	True	43.5085960252309	22.6324796273263	29406	29407
44590	EUR	1975	True	50.5340771516447	1.80163679819091	29196	29197
44670	EUR	1890	True	43.170706218289	21.7604758000216	29240	29241
44854	EUR	1665	True	51.1066399349655	12.7996071842617	29398	29399
44961	EUR	1502	True	46.4238204571164	12.1644802549878	29460	29461
45072	EUR	1348	True	47.5675365321174	12.9999175925651	29550	29551
44639	EUR	1917	True	41.3003357964003	23.4904518522401	29226	29227
44741	EUR	1812	True	44.3355872924205	18.879628244543	29300	29301
44955	EUR	1521	True	48.5752662371431	17.3950629040191	29448	29449
45226	EUR	1078	True	48.6842072085615	9.46327050748313	29696	29697
44720	EUR	1846	True	41.753221445176	24.8576325907917	29274	29275
44833	EUR	1697	True	41.490748988857	25.5945022530937	29386	29387
45202	EUR	1134	True	43.0037719638861	25.8079219272448	29658	29659
44836	EUR	1678	True	49.3845806749587	18.6426625850889	29392	29393
45225	EUR	1078	True	50.9357665777391	17.6673509719415	29694	29695
45105	EUR	1287	True	49.4295908798041	21.0148065287162	29578	29579
44725	EUR	1839	True	51.5260058006722	9.12496471748033	29284	29285
44613	EUR	1948	True	51.9678276309194	14.4862039411984	29204	29205
45191	EUR	1141	True	41.2139905549265	22.0177247177965	29650	29651
44957	EUR	1513	True	47.37815168838	25.5255041121101	29452	29453
45244	EUR	1035	True	45.00184883136	6.52014358520056	29708	29709
45119	EUR	1282	True	45.7355627644162	17.0576093096135	29582	29583
45004	EUR	1449	True	48.2951065140349	21.5741381182906	29490	29491
45266	EUR	1005	True	51.2971965812137	17.9480415063391	29732	29733
45005	EUR	1448	True	41.9426879059047	19.7028212808978	29492	29493
44916	EUR	1558	True	50.3130997472033	19.1517045905319	29434	29435
44635	EUR	1931	True	48.2942197779999	22.2145114290677	29218	29219
44739	EUR	1813	True	42.9497374419501	17.2515749863201	29296	29297
45246	EUR	1029	True	52.5896431208919	13.0040853617106	29712	29713
45120	EUR	1275	True	44.5162411208503	20.8599550641406	29584	29585
44667	EUR	1898	True	44.2477282740465	23.9879808931573	29234	29235
44856	EUR	1662	True	51.6645165487817	11.5303515921882	29402	29403
44798	EUR	1749	True	43.364267236462	26.2113797246453	29352	29353
45068	EUR	1372	True	47.326311424585	8.92958551307365	29542	29543
45267	EUR	1000	True	46.4800136370756	11.6402784338514	29734	29735
45213	EUR	1111	True	48.111734678735	9.09269698519931	29680	29681
45051	EUR	1392	True	46.5750763672187	7.61768305808761	29524	29525
45170	EUR	1182	True	46.2128342163623	10.4197343270622	29626	29627
44589	EUR	1979	True	45.5195078409258	21.6224713032913	29194	29195
44638	EUR	1918	True	53.0446321686611	18.5507796414397	29224	29225
44630	EUR	1943	True	46.7086306836738	20.0713054290089	29208	29209
44691	EUR	1869	True	42.0571703884749	25.2399587512336	29252	29253
44737	EUR	1822	True	47.5042323510171	7.16402020058711	29292	29293
44689	EUR	1876	True	42.2969153059194	20.7258487525672	29248	29249
45190	EUR	1146	True	49.8961841505548	19.8636157065829	29648	29649
44636	EUR	1931	True	48.525265231524	15.6156136208458	29220	29221
44913	EUR	1570	True	45.4167877212048	23.7195679472619	29428	29429
44977	EUR	1489	True	47.7993819824976	23.2696113564255	29464	29465
45067	EUR	1373	True	49.1804685374352	12.5755438473727	29540	29541
44763	EUR	1784	True	47.4074449394964	24.2475360352115	29320	29321
44954	EUR	1521	True	42.0898388620844	20.0659691988769	29446	29447
45057	EUR	1376	True	49.9132085785872	5.7144501094663	29536	29537
45055	EUR	1381	True	49.6410443241949	19.9793353222119	29532	29533
44982	EUR	1467	True	42.4695295893493	20.9582262709864	29474	29475
45102	EUR	1312	True	45.8716996029658	4.81973341628092	29572	29573
44584	EUR	1993	True	50.1358127004207	12.2394933546435	29184	29185
45187	EUR	1162	True	45.6036615030094	7.57591257174728	29642	29643
44794	EUR	1760	True	43.5927478648253	1.94940189348807	29344	29345
45008	EUR	1439	True	45.1196051620981	23.0071905369892	29498	29499
44834	EUR	1696	True	44.0381935645813	24.1129858150068	29388	29389
44915	EUR	1562	True	52.835932274585	10.826587106456	29432	29433
45155	EUR	1198	True	43.7861778642115	23.1012396586694	29618	29619
44765	EUR	1776	True	52.035149070939	13.2749168490983	29324	29325
45208	EUR	1124	True	51.1515894434436	8.46135827052463	29670	29671
44717	EUR	1849	True	42.5894257377501	24.0969795146774	29268	29269
44585	EUR	1991	True	49.1607530805017	23.5373503446615	29186	29187
45134	EUR	1241	True	44.5311847110943	20.8515025841733	29602	29603
45030	EUR	1431	True	47.148981934892	15.5279158337575	29506	29507
44817	EUR	1708	True	47.3256666053067	20.1969234557516	29378	29379
44811	EUR	1725	True	49.8312476694854	15.5345905602767	29366	29367
44724	EUR	1840	True	44.9285413688539	26.4878270769051	29282	29283
44793	EUR	1761	True	43.7913526864349	26.7573838173273	29342	29343
44715	EUR	1854	True	45.564055352667	2.73084192325964	29264	29265
45247	EUR	1023	True	44.6802918281223	6.09593320677032	29714	29715
44885	EUR	1608	True	45.7404477572306	7.90624500394712	29408	29409
44692	EUR	1866	True	47.8003989002592	21.4450799732122	29254	29255
44792	EUR	1763	True	47.1517517547616	28.2087982699942	29340	29341
45073	EUR	1346	True	53.0450591970459	14.6417143224304	29552	29553
44694	EUR	1860	True	48.7107322462673	13.5357674267946	29258	29259
44487	EUR	2105	True	43.5672844706891	20.3047164869021	29118	29119
43682	YAM	2985	True	50.6599528170052	26.2302327431857	28594	28595
44327	EUR	2261	True	43.4516609053944	21.0444906934616	28982	28983
44483	EUR	2111	True	46.13029227958	17.0274436373626	29110	29111
44139	EUR	2454	True	47.6626010049322	9.58259535086343	28874	28875
44491	EUR	2098	True	50.0881725002605	22.2256698535122	29126	29127
44355	EUR	2228	True	46.6554961875781	27.9660215974046	29014	29015
43985	YAM	2625	True	52.1117277782576	17.17280712007	28784	28785
43786	YAM	2867	True	52.6617078003097	19.2302326955159	28652	28653
43759	YAM	2881	True	48.2442487978255	21.3300827773228	28644	28645
44532	EUR	2060	True	44.0970113172792	26.042728342035	29148	29149
43937	EUR	2691	True	48.8330397155666	21.7590931622668	28760	28761
44381	EUR	2206	True	46.9114630678348	24.8860293147179	29038	29039
44210	EUR	2381	True	50.1528724550776	8.56113819206838	28908	28909
43986	EUR	2633	True	48.0987410208663	17.5522410494739	28776	28777
43964	YAM	2645	True	53.3349935217283	16.5420032431482	28772	28773
43813	EUR	2837	True	52.2654047984552	13.4883031868372	28668	28669
43735	EUR	2932	True	50.3628099129896	19.1641804864133	28630	28631
44092	EUR	2497	True	48.5015391626438	12.403933263491	28842	28843
44438	EUR	2148	True	50.2897620136237	19.8572488910999	29070	29071
43688	EUR	2966	True	52.3649017951474	18.842298362011	28606	28607
43734	EUR	2909	True	53.9101043138997	22.8283457468543	28636	28637
43833	YAM	2794	True	48.2095866204806	15.4372610305191	28698	28699
43839	EUR	2810	True	51.2803941615956	10.6521237922925	28688	28689
44562	EUR	2006	True	53.7518603046007	22.5287844101771	29172	29173
44299	EUR	2292	True	44.2510810426184	-0.0735355181780528	28964	28965
44238	EUR	2352	True	44.0464465530245	21.9659249157278	28926	28927
44376	EUR	2211	True	48.4206804169821	14.4314803600668	29028	29029
44352	EUR	2234	True	50.4671712013687	17.5373305156369	29008	29009
43810	YAM	2828	True	49.9720796604549	16.5245183218454	28672	28673
44326	EUR	2261	True	50.8398351718741	7.18049576152754	28980	28981
44410	EUR	2182	True	42.4891305512474	20.2600291935587	29052	29053
44478	EUR	2118	True	47.3317757377116	7.47768456689089	29100	29101
43709	EUR	2950	True	50.7705024633707	20.899295306392	28614	28615
44440	EUR	2146	True	45.6287967737368	7.98392253795053	29074	29075
44353	EUR	2232	True	45.7316294637761	3.39829087170132	29010	29011
43710	YAM	2937	True	48.4702236530988	21.5538424881341	28624	28625
44016	YAM	2584	True	52.6989194913253	12.3865533412858	28800	28801
44531	EUR	2061	True	49.856101509693	25.6819133725059	29146	29147
44300	EUR	2290	True	46.9631753875229	19.3065201437352	28966	28967
44304	EUR	2279	True	48.3164642036103	21.3124408442908	28974	28975
43757	YAM	2884	True	49.6676341073077	20.120344959554	28640	28641
44089	EUR	2503	True	52.8797299629688	10.2588930477907	28836	28837
44450	EUR	2126	True	51.7141984247158	13.4168422524691	29094	29095
44020	YAM	2580	True	51.2588601332597	24.5803848639886	28806	28807
44556	EUR	2023	True	50.5951404130549	23.7986441410299	29160	29161
44436	EUR	2149	True	42.0339043553101	21.213699489296	29066	29067
43914	YAM	2710	True	46.5740324233432	24.8887664910859	28748	28749
44055	EUR	2545	True	48.4028500535102	11.9755910831774	28816	28817
44325	EUR	2265	True	47.4308673933619	12.1385739788623	28978	28979
44296	EUR	2302	True	43.0180478688627	25.9058046956674	28958	28959
43866	YAM	2759	True	51.4145499522955	19.4209201889533	28726	28727
44513	EUR	2068	True	48.899551815122	7.3673127021292	29140	29141
43886	YAM	2751	True	49.883576063	5.0601115434563	28732	28733
44377	EUR	2211	True	48.0808475440952	16.982490422537	29030	29031
44243	EUR	2340	True	50.3863630202744	5.80852259068916	28936	28937
44494	EUR	2095	True	49.0153102324058	5.10624694890706	29132	29133
44242	EUR	2341	True	41.4467387250992	20.5405360975229	28934	28935
44350	EUR	2239	True	46.7992184309624	26.8379768222229	29004	29005
44413	EUR	2167	True	52.736271471893	6.31367967324718	29058	29059
44269	EUR	2323	True	42.634810267763	22.7468347928383	28946	28947
44477	EUR	2120	True	43.3824208367274	20.5800241894668	29098	29099
44561	EUR	2007	True	48.8026732862503	9.40134867464308	29170	29171
43888	YAM	2727	True	51.9154605255762	16.2545545247203	28742	28743
44356	EUR	2227	True	45.900972108549	3.38415880618529	29016	29017
43965	YAM	2642	True	53.3900840776284	17.2145496032778	28774	28775
43990	YAM	2629	True	47.619041768067	20.934590971938	28780	28781
44058	EUR	2535	True	52.5009692687998	8.50169707237163	28822	28823
43680	YAM	2990	True	43.6457352835123	25.9006651754095	28590	28591
44442	EUR	2143	True	43.2041550942761	22.6529113528548	29078	29079
43761	YAM	2877	True	50.1614152807347	23.9596732482408	28648	28649
44380	EUR	2206	True	45.8445094040041	1.36109781830951	29036	29037
44057	YAM	2543	True	45.0232249085827	19.4915473470142	28820	28821
44180	EUR	2410	True	51.3642130765562	5.03207852897557	28894	28895
44088	EUR	2510	True	49.7864732542052	0.531250889145869	28834	28835
44384	EUR	2189	True	54.1276360126895	21.3457131783742	29044	29045
43732	EUR	2933	True	51.7483406244725	19.4086821004612	28628	28629
43712	EUR	2946	True	46.932523490834	24.9760434897379	28616	28617
44357	EUR	2227	True	47.6397615379507	21.0858898802511	29018	29019
43907	YAM	2710	True	51.5208551079404	13.7148549820737	28750	28751
43910	YAM	2704	True	48.1174144544858	23.6098990516602	28752	28753
44329	EUR	2256	True	46.803878026717	27.3721702486697	28986	28987
44240	EUR	2346	True	43.7626302784063	21.2211239411589	28930	28931
43818	EUR	2817	True	47.887466515493	23.0008086560495	28680	28681
44215	EUR	2366	True	51.2297406938515	10.8424276421143	28918	28919
44244	EUR	2337	True	49.0552773980185	16.5844553143187	28938	28939
44416	EUR	2156	True	46.1190511099453	2.91404432495323	29064	29065
44115	EUR	2475	True	44.9288642365899	20.7496602142954	28852	28853
43708	EUR	2938	True	52.2921652009558	20.5542467182963	28622	28623
43908	EUR	2722	True	51.6199978904496	22.8857535039848	28744	28745
44409	EUR	2184	True	49.8832002833456	14.9882389389463	29050	29051
43817	YAM	2832	True	53.8563479385521	23.2090098094991	28670	28671
43837	YAM	2788	True	47.655308999269	22.5890560364223	28704	28705
43711	EUR	2936	True	53.0394541240241	22.3445935819236	28626	28627
44378	EUR	2210	True	52.35042605582	6.4220371121285	29032	29033
44349	EUR	2242	True	42.2478658495067	20.7043639183996	29002	29003
44533	EUR	2051	True	48.7774652033692	16.2068421192866	29150	29151
43704	YAM	2946	True	47.5480283681973	21.9638994599981	28618	28619
44113	EUR	2482	True	49.0225033968591	15.5589739516209	28848	28849
44558	EUR	2013	True	49.297981157881	12.8762671008192	29164	29165
44176	EUR	2423	True	49.9669406585958	22.5212265048728	28886	28887
44120	EUR	2469	True	48.7771235695102	27.2058548761242	28862	28863
44411	EUR	2179	True	40.9527320172348	22.6506504284064	29054	29055
43788	YAM	2857	True	54.4194348969945	19.8651883653361	28656	28657
44580	EUR	2000	True	50.3249616509428	12.8632324555485	29176	29177
43815	EUR	2822	True	50.7065304286069	19.4257165471431	28676	28677
44209	EUR	2382	True	49.9946673072685	12.1483796653077	28906	28907
44118	EUR	2471	True	51.1313246475115	25.0321906160769	28858	28859
44379	EUR	2209	True	45.6477127362551	15.4366185254887	29034	29035
44554	EUR	2027	True	41.574328656537	23.6844041770032	29156	29157
44479	EUR	2117	True	49.8525515216076	16.732925486979	29102	29103
44374	EUR	2213	True	50.289791021976	26.1294397143791	29024	29025
44182	EUR	2406	True	47.059329519838	17.0138302657506	28898	28899
44412	EUR	2172	True	46.2007324161914	1.10752109995435	29056	29057
43911	EUR	2701	True	48.3497494284538	19.0299758679969	28754	28755
44271	EUR	2319	True	44.9135377235453	22.5104850352454	28950	28951
44481	EUR	2114	True	48.9464630752335	18.868907044529	29106	29107
44018	EUR	2581	True	52.1875766458285	20.5619722446633	28802	28803
44267	EUR	2333	True	50.754809956068	9.89412193619069	28942	28943
44495	EUR	2095	True	48.7919068337047	25.042113784926	29134	29135
44301	EUR	2288	True	48.0753715527667	6.2701608946652	28968	28969
43736	YAM	2925	True	46.200740615261	18.9760181055917	28632	28633
44476	EUR	2122	True	45.8125252893807	18.7422554187584	29096	29097
43703	EUR	2964	True	51.4533361210552	19.9238817358263	28608	28609
44382	EUR	2204	True	49.7361914404819	8.65219012809818	29040	29041
44535	EUR	2044	True	44.1174881067406	23.1820333462732	29154	29155
43834	EUR	2814	True	49.7720797120822	4.75436909879954	28684	28685
43685	EUR	2981	True	51.6463489141768	21.1146637863809	28600	28601
44448	EUR	2127	True	50.5443306487588	20.9622379476538	29090	29091
44331	EUR	2252	True	48.2715209643335	25.7249567504476	28990	28991
44093	EUR	2490	True	44.029448341198	26.1454133954448	28844	28845
43861	EUR	2774	True	50.1334635980392	18.846261874426	28718	28719
43659	EUR	2997	True	50.0963088561357	23.948968364877	28588	28589
44302	EUR	2285	True	48.9199768311514	6.12835316617195	28970	28971
44303	EUR	2285	True	47.7089405400371	6.36216913978601	28972	28973
43843	EUR	2798	True	44.4642927367197	20.0081182311982	28694	28695
44273	EUR	2313	True	50.2241701840752	12.4834426812228	28954	28955
43912	EUR	2698	True	50.4863039165731	19.4793197246036	28756	28757
43989	YAM	2616	True	50.7092600218741	19.5495263161639	28788	28789
43811	YAM	2842	True	50.3423651533982	20.1039591044836	28664	28665
44330	EUR	2255	True	48.1005863306694	23.8132779898796	28988	28989
44439	EUR	2147	True	50.7290041616263	15.3969383519701	29072	29073
43791	YAM	2848	True	50.8172123319054	20.4691220390675	28662	28663
44493	EUR	2096	True	48.4902855946345	10.1232773986037	29130	29131
44441	EUR	2144	True	46.9704289605324	6.7726031896248	29076	29077
43938	EUR	2679	True	47.8090848769048	27.6863256067489	28762	28763
43889	YAM	2749	True	50.3554038695536	16.7821909671546	28734	28735
44239	EUR	2350	True	50.9776342392264	4.82321889221733	28928	28929
44348	EUR	2242	True	48.4233352020183	6.85041727608628	29000	29001
43867	EUR	2755	True	47.2051512108105	20.1734635105859	28728	28729
44143	EUR	2442	True	47.2517391240261	3.45700654870566	28882	28883
44036	YAM	2555	True	48.5329928367876	15.908619823559	28810	28811
44375	EUR	2212	True	42.4454405210637	23.9435557346287	29026	29027
43858	YAM	2778	True	50.3260242096836	24.6610114596761	28714	28715
44488	EUR	2104	True	46.3927861498049	5.56930203965345	29120	29121
43913	YAM	2697	True	53.3234119289413	18.5629106833379	28758	28759
43909	YAM	2717	True	51.5163505605462	20.6390461726422	28746	28747
43883	EUR	2747	True	49.8140197475662	17.9748235146745	28736	28737
44324	EUR	2269	True	50.9021859502263	20.1714414806892	28976	28977
44484	EUR	2110	True	49.4604359884604	1.18595913668164	29112	29113
44445	EUR	2141	True	47.0926562062218	24.8842758763221	29084	29085
44087	EUR	2511	True	52.9465872033103	16.4474936208823	28832	28833
44444	EUR	2141	True	53.7632656759109	21.515866756636	29082	29083
44037	YAM	2554	True	51.306045951358	22.4640061591563	28812	28813
43683	EUR	2984	True	49.2377008759436	18.2943937290458	28596	28597
43758	YAM	2883	True	50.3487079814811	24.729659536672	28642	28643
44560	EUR	2008	True	52.7221016685941	18.5171414372546	29168	29169
44140	EUR	2451	True	42.4346468183396	23.5031822501244	28876	28877
44090	EUR	2503	True	40.7096985353891	21.5110491661276	28838	28839
43992	YAM	2611	True	49.4140454199683	24.1872867570057	28792	28793
44383	EUR	2194	True	44.3991415037003	19.2415218730467	29042	29043
43707	YAM	2951	True	49.4432156007112	18.0739099524869	28612	28613
43860	YAM	2778	True	47.5515608675906	19.0547367076644	28716	28717
44534	EUR	2050	True	44.3821207698513	21.6098301445567	29152	29153
44443	EUR	2142	True	49.0167199973913	5.46013720272041	29080	29081
44015	EUR	2605	True	45.2378377588162	14.5941626098804	28794	28795
44213	EUR	2373	True	44.9076195487559	23.2214790450571	28914	28915
43859	YAM	2782	True	46.7083077151147	25.3076487946588	28710	28711
44559	EUR	2012	True	47.6861623554386	24.9507377638084	29166	29167
44489	EUR	2100	True	50.2832893658232	20.5713025230869	29122	29123
43841	YAM	2805	True	47.6026565974888	23.4008835248552	28690	28691
44141	EUR	2446	True	51.6481895095794	26.0889026103129	28878	28879
44022	YAM	2589	True	51.2661381220759	18.1036682231937	28798	28799
43857	YAM	2785	True	41.1783032183229	26.5520958904515	28708	28709
43862	YAM	2779	True	48.7807347976358	8.85322375809614	28712	28713
44178	EUR	2422	True	44.6963176221638	21.781582992112	28890	28891
43756	YAM	2903	True	52.6169030029665	19.8600233121534	28638	28639
44123	EUR	2461	True	47.4512576170935	11.9460106065935	28868	28869
44119	EUR	2469	True	45.2671318576951	22.6998066588756	28860	28861
44354	EUR	2232	True	47.2712765426025	6.15128774929496	29012	29013
44121	EUR	2464	True	53.2052033201914	16.8906543926279	28864	28865
43657	EUR	2998	True	49.5762505076296	21.907397137464	28586	28587
44177	EUR	2423	True	43.4451747693471	20.0354400582418	28888	28889
44415	EUR	2157	True	48.1747261294811	12.1541032997888	29062	29063
44061	EUR	2531	True	44.3828519769347	21.4605095610602	28826	28827
44333	EUR	2248	True	47.3571668182209	14.7895131189134	28994	28995
43705	YAM	2957	True	48.9058893273286	21.7903653052732	28610	28611
43884	EUR	2746	True	49.6069172712386	18.2947002738749	28738	28739
44179	EUR	2421	True	52.493035838512	10.4920017679495	28892	28893
44208	EUR	2383	True	46.8966751653068	19.9422446296653	28904	28905
44359	EUR	2215	True	50.134759592963	4.57441028411522	29022	29023
44480	EUR	2114	True	47.9121757610475	1.97880633072882	29104	29105
44272	EUR	2317	True	46.1098407326439	20.9113261704701	28952	28953
44214	EUR	2373	True	50.4653433143941	20.1369854382255	28916	28917
43987	EUR	2620	True	51.0899611785171	21.0405636569491	28786	28787
44270	EUR	2320	True	50.9915532764062	11.5954488975225	28948	28949
44124	EUR	2459	True	46.996365906826	9.73075568597994	28870	28871
44062	EUR	2525	True	51.5257302342826	22.6234548501248	28828	28829
44385	EUR	2189	True	50.4007573619639	9.11549007669496	29046	29047
43785	YAM	2872	True	52.1881541973773	13.5777018194094	28650	28651
43814	YAM	2827	True	48.9084358315007	22.9655206987222	28674	28675
44414	EUR	2158	True	49.6692567821895	19.0355156249929	29060	29061
44122	EUR	2461	True	49.5804019308481	6.5485514857951	28866	28867
44021	EUR	2577	True	51.2752027778624	19.6538270113039	28808	28809
43819	YAM	2816	True	50.1807071544822	21.428588973716	28682	28683
44059	EUR	2534	True	46.9845330136822	22.3822858977233	28824	28825
44485	EUR	2109	True	46.2674597529979	12.526536440843	29114	29115
44241	EUR	2346	True	44.952981569118	21.8013406185977	28932	28933
44297	EUR	2297	True	49.7228502767608	21.0351107436926	28960	28961
44492	EUR	2097	True	49.7064179995636	14.3227421155107	29128	29129
44094	EUR	2488	True	44.8711312762381	22.9731670561817	28846	28847
43991	EUR	2613	True	48.5785813520516	17.0207824600899	28790	28791
43993	EUR	2627	True	42.1496966835597	21.6206238883553	28782	28783
44117	EUR	2472	True	46.7041960882022	23.4147025069516	28856	28857
44236	EUR	2361	True	50.3870839459998	20.7381667809099	28922	28923
44512	EUR	2077	True	51.3013164258353	17.8803478936896	29138	29139
44358	EUR	2224	True	43.3860278433366	19.5390785011453	29020	29021
44511	EUR	2088	True	47.0464626706409	19.9358836988105	29136	29137
43812	YAM	2842	True	50.7232475083881	19.414228216	28666	28667
43863	YAM	2771	True	47.6935542547955	20.7809005487316	28720	28721
44274	EUR	2311	True	49.3173385707102	23.3736821367122	28956	28957
43706	YAM	2945	True	49.0888761498338	22.3416939791669	28620	28621
44579	EUR	2005	True	44.6461033009404	20.3941794317975	29174	29175
44019	YAM	2581	True	50.6848223440333	17.4477735485619	28804	28805
43988	YAM	2631	True	48.9628849035423	25.0634135424025	28778	28779
43760	YAM	2881	True	49.4694386386954	18.7043683868215	28646	28647
44490	EUR	2099	True	50.514033541318	7.77120185320562	29124	29125
44142	EUR	2443	True	43.0222919079855	19.7528240888257	28880	28881
44207	EUR	2386	True	50.4297279733316	21.3126137373757	28902	28903
44114	EUR	2480	True	46.3187708291786	2.27722508031799	28850	28851
44116	EUR	2475	True	47.448606862614	15.6603348499894	28854	28855
44482	EUR	2111	True	48.637797062659	19.8406743451165	29108	29109
44332	EUR	2251	True	46.7201751470322	13.6823798208528	28992	28993
43836	EUR	2789	True	48.7882347314309	16.3992671426876	28702	28703
44144	EUR	2431	True	50.6041880782679	27.8622574429076	28884	28885
44449	EUR	2127	True	49.7955860819802	21.5887930645081	29092	29093
43832	YAM	2794	True	53.3964260032535	12.4415117854941	28696	28697
44328	EUR	2258	True	44.4334172525307	24.046217392487	28984	28985
43963	YAM	2646	True	50.6831400465073	23.5591882231078	28770	28771
43842	EUR	2804	True	45.5251803168191	22.4882395547634	28692	28693
43887	YAM	2743	True	51.5532678096082	18.8398174163669	28740	28741
44125	EUR	2458	True	51.8747153706595	24.0403799309492	28872	28873
44056	EUR	2544	True	46.771896014437	9.7679321479198	28818	28819
44038	EUR	2549	True	52.9560139323774	13.548956718385	28814	28815
44351	EUR	2238	True	46.8244732600875	20.9003779503358	29006	29007
43687	EUR	2970	True	49.570222433011	14.463678825579	28602	28603
43787	YAM	2861	True	52.1123140274664	18.7828580909188	28654	28655
43681	EUR	2987	True	52.0426861157232	21.9177922672518	28592	28593
44557	EUR	2022	True	48.0118029450077	14.2612571909297	29162	29163
44408	EUR	2184	True	50.5777561170865	21.6352738476916	29048	29049
44017	YAM	2591	True	47.7188538742968	22.9102476278998	28796	28797
44091	EUR	2500	True	43.2632823851981	22.1848101850748	28840	28841
44555	EUR	2024	True	51.5134024853309	17.8828570147486	29158	29159
43885	EUR	2753	True	47.1825444747059	6.31317838277077	28730	28731
44268	EUR	2323	True	53.7411802942037	12.8205558838705	28944	28945
44335	EUR	2246	True	48.6220654376182	7.24181935725699	28998	28999
44237	EUR	2361	True	48.2845072748017	5.348068996992	28924	28925
43966	EUR	2664	True	51.5728053390215	18.0503322550982	28766	28767
44437	EUR	2148	True	45.2293741957467	20.5305070604025	29068	29069
44206	EUR	2386	True	48.2869780162367	23.1288181870675	28900	28901
44529	EUR	2065	True	47.7713076055976	9.95355527441289	29142	29143
44235	EUR	2363	True	43.8135539430188	6.92840546464346	28920	28921
43838	EUR	2811	True	51.3551325938539	8.34196278646114	28686	28687
43686	EUR	2969	True	51.5267333443053	23.4322563158983	28604	28605
44245	EUR	2336	True	43.0034980782144	20.3594255065966	28940	28941
43733	YAM	2923	True	53.7981933646867	21.8921825204042	28634	28635
43684	EUR	2984	True	45.7625826690606	4.32880426228383	28598	28599
44447	EUR	2136	True	50.6607087047242	20.134464523396	29088	29089
43865	EUR	2764	True	48.1381669294799	20.5635571612526	28724	28725
44334	EUR	2247	True	49.1458800416958	21.8422691507233	28996	28997
44486	EUR	2108	True	50.9255309141051	15.9686138972959	29116	29117
44446	EUR	2139	True	45.4269724040232	20.353212546368	29086	29087
43840	YAM	2786	True	53.2572745435218	23.5377984587822	28706	28707
43816	EUR	2820	True	51.1808691597231	15.3827089666543	28678	28679
44181	EUR	2409	True	51.275877388825	16.4086581162722	28896	28897
43962	YAM	2652	True	49.9056778418649	16.7091709787769	28768	28769
44212	EUR	2374	True	47.6953480947632	9.11552431461461	28912	28913
43835	YAM	2792	True	46.910210527741	20.7514691470351	28700	28701
44298	EUR	2296	True	49.8780439775502	11.150213331031	28962	28963
44060	EUR	2517	True	53.2746203525444	19.0017427970552	28830	28831
43864	YAM	2769	True	50.6954748220028	17.2320929796321	28722	28723
43789	YAM	2856	True	50.4703016185216	15.9972365866472	28658	28659
43939	EUR	2678	True	46.4626033733088	24.0917232816806	28764	28765
44211	EUR	2379	True	50.295677094887	18.8182101487273	28910	28911
44530	EUR	2065	True	45.7074208732129	5.75686472356824	29144	29145
43790	YAM	2853	True	51.1948703594429	18.2006363041452	28660	28661
43622	EUR	3037	True	49.9222993546312	26.2332911812392	28558	28559
43593	YAM	3083	True	47.8616201413974	19.3183187357754	28530	28531
43445	YAM	3234	True	49.8598007475076	21.2108439088983	28438	28439
43023	EUR	3631	True	49.6966220450731	14.7729343216042	28172	28173
42927	EUR	3738	True	44.7856892292161	5.71363535758434	28096	28097
42988	EUR	3655	True	53.6656047017747	25.0584378883303	28152	28153
42879	YAM	3803	True	47.687883475471	25.2833164193462	28066	28067
43260	YAM	3402	True	50.4407956638831	22.7684625053427	28344	28345
42816	EUR	3857	True	46.3544072428754	18.1890048861748	28036	28037
43108	EUR	3556	True	44.1233558074725	23.8928749604206	28224	28225
43254	EUR	3411	True	46.5212370216655	8.63638844037523	28336	28337
43293	YAM	3361	True	54.6278495115764	21.1398672161913	28362	28363
42720	YAM	3962	True	53.3105251824805	22.6933318811355	27986	27987
43165	YAM	3501	True	49.0243926538206	23.1380729686978	28268	28269
43629	EUR	3046	True	48.7273942664464	28.2732742185198	28554	28555
42784	EUR	3867	True	53.605454360429	30.5757413717946	28034	28035
43314	EUR	3342	True	53.441256530656	23.1847210378262	28374	28375
43019	YAM	3637	True	49.1957769353263	18.7456794099397	28166	28167
43076	YAM	3568	True	56.4049360953274	22.8818753708808	28214	28215
42854	YAM	3828	True	48.5122629629312	19.5327331490618	28054	28055
43389	EUR	3268	True	54.1443277166098	23.980071430003	28416	28417
43194	EUR	3463	True	48.6053276985609	25.5557370855677	28292	28293
43197	YAM	3461	True	51.6027801838818	16.1557659370081	28296	28297
43225	YAM	3441	True	50.8003449936064	24.9570954017926	28316	28317
43041	EUR	3625	True	44.9754395416749	2.84369766371691	28180	28181
43045	EUR	3609	True	49.5223258361532	22.3817917887944	28188	28189
42765	EUR	3896	True	53.6368991565137	30.1901293207875	28026	28027
42726	EUR	3957	True	52.6384720190983	33.5195543912809	27992	27993
43161	EUR	3505	True	44.2611222354905	18.745576568388	28262	28263
42741	YAM	3950	True	52.2506252623579	24.9253132936825	27994	27995
42716	YAM	3965	True	54.3979048889947	22.705103230419	27980	27981
43227	YAM	3430	True	51.0381620114967	29.3088901157147	28328	28329
43568	YAM	3090	True	55.0030951706347	22.0189584435098	28528	28529
42740	YAM	3944	True	54.0562699216274	25.0941979305071	27998	27999
42744	YAM	3933	True	52.9486455637253	32.0451468643879	28004	28005
42724	YAM	3961	True	51.0290464993064	24.4260165578227	27988	27989
43656	EUR	3012	True	52.5595401442001	23.4170809996115	28576	28577
43355	EUR	3302	True	53.6810292238675	24.2372981651227	28396	28397
43315	YAM	3354	True	45.9461521046182	3.85062008738747	28366	28367
43650	YAM	3023	True	52.3612059497072	18.4401633960733	28570	28571
43476	YAM	3204	True	47.1410415981621	14.1556154568124	28456	28457
42718	YAM	3965	True	49.9246591847723	27.181311360916	27982	27983
43105	YAM	3562	True	46.6635027614382	10.2340728060425	28220	28221
42847	YAM	3822	True	51.0947627276298	24.0039319994264	28056	28057
43653	YAM	3000	True	51.558790937764	18.0105038526564	28582	28583
43598	YAM	3070	True	52.11667972823	22.6528969684937	28542	28543
43536	YAM	3128	True	51.0243276921762	20.0258372621151	28500	28501
42946	EUR	3713	True	46.069979061408	18.0286558926732	28108	28109
43195	EUR	3461	True	46.0593948351326	22.999970759108	28294	28295
43348	EUR	3316	True	49.1181527600018	13.5942188266318	28382	28383
42819	YAM	3845	True	51.3034771789718	23.8841470155738	28044	28045
42723	EUR	3974	True	48.3230626778724	-0.640496271918229	27974	27975
42722	YAM	3976	True	49.1494807163136	22.1084769813078	27972	27973
43071	YAM	3583	True	49.5800280607798	20.4903435474952	28208	28209
42978	YAM	3679	True	45.3267001250364	26.6223982373464	28132	28133
43290	EUR	3376	True	51.8515166988095	26.789229975108	28356	28357
43201	EUR	3454	True	41.2860205793993	25.7058286656178	28300	28301
43230	YAM	3434	True	42.5414680085358	23.3973173471527	28320	28321
43173	YAM	3493	True	52.9374887467033	19.7285610354326	28276	28277
43199	YAM	3457	True	44.8014153641715	22.7416668834828	28298	28299
43132	YAM	3534	True	47.6963821522256	8.17516984657177	28240	28241
42721	EUR	3976	True	49.6905152464771	19.9771158076604	27970	27971
43255	EUR	3407	True	51.7957853680744	12.2612260915399	28338	28339
43261	YAM	3390	True	50.2596924221209	22.433238394723	28352	28353
43073	YAM	3573	True	53.5308998124435	29.8142123560726	28210	28211
43540	YAM	3122	True	51.874253397936	25.2288650413003	28508	28509
43106	EUR	3561	True	49.5912315209346	24.9001259574523	28222	28223
43596	YAM	3072	True	48.9018039672777	23.1230970112875	28540	28541
43043	YAM	3613	True	47.9633434596481	6.96376837166524	28184	28185
43015	EUR	3646	True	48.9830624413956	21.8431812175655	28160	28161
43080	EUR	3588	True	46.1439609089735	5.42371051038442	28204	28205
43595	EUR	3072	True	52.2232365569698	15.9152467095367	28538	28539
43171	YAM	3485	True	53.8556630547058	26.1049658708488	28284	28285
42909	YAM	3754	True	46.8421118960158	22.8591820793646	28084	28085
43231	EUR	3433	True	53.3407707938213	15.9003157610556	28322	28323
42821	EUR	3844	True	52.7392168601501	33.6887027466707	28046	28047
43651	EUR	3019	True	51.3412796356885	23.7945192412485	28572	28573
43078	YAM	3567	True	54.7346153903047	26.5167583328601	28216	28217
42758	YAM	3914	True	44.9050407413113	3.86788440615629	28010	28011
43141	YAM	3506	True	51.5006493748399	28.2909283788017	28260	28261
43163	EUR	3489	True	55.3358173088395	26.1917062416736	28278	28279
43443	EUR	3234	True	49.2742252704927	24.2684582329978	28436	28437
42952	EUR	3707	True	50.5537977458231	27.424109905891	28116	28117
43018	EUR	3627	True	52.5064845014259	31.4984310783015	28176	28177
43652	YAM	3001	True	53.1534195103158	22.3812341128259	28580	28581
43447	YAM	3213	True	50.6425787576589	22.8268150658982	28452	28453
43420	YAM	3238	True	54.7231673367985	22.1146928535424	28434	28435
43444	YAM	3220	True	49.4344124317451	24.3530443310231	28450	28451
43320	YAM	3333	True	47.1722856618826	20.8264065366101	28378	28379
43413	YAM	3264	True	53.265589039387	15.9629741048137	28418	28419
42950	YAM	3708	True	50.1839048769408	12.743603858065	28114	28115
42929	EUR	3722	True	51.7968122461019	31.5286030875913	28104	28105
43506	EUR	3146	True	49.7729130023626	26.4806187549702	28494	28495
42989	YAM	3655	True	49.8996619429034	28.461255265146	28154	28155
43047	EUR	3598	True	44.225021670903	5.50383225689508	28190	28191
42852	EUR	3831	True	48.5177729464566	21.1775862650551	28050	28051
42930	EUR	3728	True	46.9331063376747	1.56605499281928	28100	28101
43107	YAM	3536	True	53.87325056291	29.7515001505785	28236	28237
42907	EUR	3751	True	51.0323130760231	33.8344692129134	28090	28091
42846	EUR	3832	True	45.3479038852736	4.68105268763788	28048	28049
43563	YAM	3101	True	48.9723665024584	24.4772604075302	28520	28521
43103	YAM	3543	True	49.8164114990014	28.6553228107234	28232	28233
43566	EUR	3109	True	46.8907719467814	5.28198401652866	28516	28517
43623	YAM	3036	True	50.4547224154921	24.680759811029	28560	28561
43229	EUR	3417	True	49.5288157834728	25.2306748204435	28330	28331
43134	YAM	3528	True	43.6437400420149	25.4017962192419	28242	28243
43352	EUR	3306	True	51.1470889865069	25.5171562470583	28392	28393
43012	EUR	3652	True	52.3372312306194	22.7492239088862	28156	28157
43628	EUR	3052	True	46.3258924431353	19.2781718497118	28552	28553
43351	YAM	3315	True	45.6933501625734	16.7408346454764	28386	28387
42761	EUR	3910	True	45.6666991612649	3.5748704150768	28016	28017
43292	YAM	3365	True	49.3081874028274	21.5263334322122	28360	28361
43139	EUR	3506	True	51.2831856866843	30.7378287882715	28258	28259
43200	EUR	3449	True	51.4054428053802	26.3289643885135	28308	28309
43384	YAM	3289	True	49.5774827115251	14.1002284121715	28402	28403
42764	EUR	3901	True	50.0477702691074	18.6188670964109	28020	28021
42762	EUR	3904	True	52.750026239747	20.108191360328	28018	28019
43385	YAM	3277	True	50.6668047896919	24.7501711554085	28414	28415
42932	EUR	3718	True	52.3414196750842	31.5099806361096	28106	28107
42903	EUR	3774	True	51.0633785219406	11.4151974833827	28078	28079
43538	YAM	3126	True	50.602261884979	19.4002741652784	28504	28505
43416	YAM	3249	True	53.3550316186911	20.2896215652952	28428	28429
43291	YAM	3374	True	53.6465103899186	20.6091299472437	28358	28359
43223	EUR	3442	True	51.6515975552007	11.5210181994856	28314	28315
43625	YAM	3032	True	52.7991941683089	22.3834684214353	28564	28565
43162	YAM	3505	True	51.9960781774853	20.1254195425691	28264	28265
43441	YAM	3225	True	52.7291926316361	24.2776176275037	28446	28447
43044	EUR	3612	True	44.0322396606877	22.3553869500709	28186	28187
42739	YAM	3947	True	53.4131804383507	22.8238375111361	27996	27997
42947	EUR	3712	True	47.2825688007352	5.05024857659508	28110	28111
43048	EUR	3597	True	52.3819369094192	20.0701661465904	28192	28193
42926	EUR	3740	True	52.2821597253949	17.9839605387647	28094	28095
42755	YAM	3923	True	45.7215807628017	6.11171362273484	28006	28007
43258	EUR	3395	True	53.706143931468	25.0022167565925	28350	28351
43017	EUR	3639	True	52.224117259785	14.7052501924407	28164	28165
43167	YAM	3500	True	44.7875224103158	7.79252453287546	28272	28273
43104	YAM	3541	True	53.8924516039305	27.5886380524727	28234	28235
43172	EUR	3480	True	50.255877921908	26.009013332319	28286	28287
43164	YAM	3504	True	45.537559320092	24.3753042520451	28266	28267
43387	EUR	3286	True	51.1570752687268	9.58623817332186	28406	28407
43101	EUR	3544	True	54.2955191273006	29.094051179682	28230	28231
43383	EUR	3278	True	52.5440485823244	22.0078575724008	28412	28413
43353	YAM	3305	True	51.2094384585682	22.7768782645754	28394	28395
43193	EUR	3467	True	50.4595838674343	18.4386025924921	28290	28291
42757	EUR	3916	True	45.5666812618999	1.05230745314249	28008	28009
43020	EUR	3635	True	52.2109672683419	19.6550119540711	28168	28169
43537	YAM	3127	True	52.7440600004145	25.4106539428396	28502	28503
42908	YAM	3769	True	54.0983195509151	9.11398306315997	28082	28083
43504	EUR	3164	True	51.9689617842512	24.6834692449176	28480	28481
43382	EUR	3292	True	52.6476137381659	23.2216846995347	28400	28401
43500	EUR	3165	True	50.0564252438901	28.1915697843554	28478	28479
43505	EUR	3161	True	51.2624628708744	24.5022419881156	28482	28483
43542	EUR	3116	True	53.6886901131087	23.3985685830061	28510	28511
43440	EUR	3227	True	51.8296826120575	28.3839748711883	28444	28445
42717	YAM	3977	True	50.2220559566595	15.6586647403029	27968	27969
43475	EUR	3205	True	49.221985150849	18.5137578451882	28454	28455
43131	YAM	3521	True	48.4657517464169	20.9744803220781	28248	28249
42759	EUR	3911	True	47.112406321245	3.8627501002678	28012	28013
43075	EUR	3593	True	48.5932647124102	11.6553796175328	28198	28199
43224	YAM	3433	True	54.474260410006	25.7971748822104	28324	28325
43479	YAM	3203	True	45.6263539209205	16.48419241614	28458	28459
42246	ANA	4560	True	55.2179443031762	38.4119492794076	27660	27661
42047	ANA	4799	True	56.2063242700915	35.6497041110234	27532	27533
41942	YAM	4967	True	51.3025278339479	33.3840874799881	27454	27455
42266	YAM	4541	True	53.2524696165944	33.7914171683136	27676	27677
42498	YAM	4234	True	53.6122625566664	39.4491832865626	27850	27851
42068	ANA	4787	True	44.2984503817025	18.7479497233421	27536	27537
42647	YAM	4051	True	54.9355250161657	23.8154699325474	27940	27941
41943	YAM	4958	True	55.1262087924682	42.3348838653723	27456	27457
42429	ANA	4326	True	53.0968440839169	33.193208823801	27790	27791
41916	EUR	4993	True	46.2503920400556	19.749401352896	27432	27433
41982	ANA	4902	True	46.0224944118129	19.1717969769264	27472	27473
42546	YAM	4188	True	47.7350367441856	13.1672325778212	27880	27881
42023	EUR	4851	True	39.4516693868176	36.1040026039553	27502	27503
42197	ANA	4632	True	52.9551996294274	23.3335695285317	27624	27625
42146	EUR	4695	True	52.3910053117408	12.3872959743062	27588	27589
42178	YAM	4652	True	55.9155374939352	32.8554948692813	27612	27613
42599	EUR	4106	True	54.5248749771467	30.2359087952867	27920	27921
41999	YAM	4864	True	56.9780465610004	34.3138969791254	27496	27497
42551	EUR	4166	True	53.3593332893036	33.6896392192	27890	27891
42453	YAM	4287	True	55.4762284792311	31.6993938443859	27812	27813
42409	EUR	4358	True	51.1501583299393	5.8113836906619	27770	27771
41962	YAM	4937	True	56.2909691658847	34.3044894192188	27464	27465
42356	YAM	4433	True	46.2101750086444	25.6423638969806	27730	27731
41917	YAM	4993	True	53.2675344336445	18.9980409810075	27434	27435
42389	EUR	4375	True	54.506366607633	31.8767074934072	27756	27757
42179	YAM	4651	True	53.9332243976461	37.8781396539419	27614	27615
42645	ANA	4071	True	48.3806732581302	15.3778199082287	27934	27935
42471	EUR	4280	True	47.8096712135054	9.87822799622125	27826	27827
41998	EUR	4873	True	46.9639659487552	21.9129707641411	27484	27485
42218	YAM	4609	True	40.0054998374397	39.7430828325783	27632	27633
41918	ANA	4977	True	53.3084862231251	39.1821934550798	27440	27441
42149	EUR	4698	True	39.3749007690174	33.0605810012792	27584	27585
42499	YAM	4231	True	50.3404742255679	38.4210033476846	27852	27853
42671	YAM	4041	True	42.7259264544192	25.926717586064	27946	27947
42445	ANA	4299	True	51.8743884405909	23.8001630850323	27804	27805
42670	ANA	4036	True	56.5668875093841	34.415344263068	27950	27951
42112	EUR	4722	True	55.8247932374133	34.7334800692051	27578	27579
42027	YAM	4849	True	40.0476230001132	29.2004098682512	27504	27505
42115	EUR	4723	True	47.1255183716834	-1.45376558440629	27574	27575
42554	ANA	4170	True	46.898514457771	1.21509997981231	27886	27887
42519	EUR	4214	True	47.6119070795158	24.7921475623879	27856	27857
42224	ANA	4599	True	43.4575140066484	17.0748807022117	27640	27641
42382	YAM	4398	True	52.7196636613938	20.6639889281412	27744	27745
42173	YAM	4664	True	51.2554197362119	37.4413041329789	27602	27603
42332	ANA	4452	True	40.540982568898	32.6510200032869	27720	27721
42520	EUR	4207	True	49.4330919435597	13.7978359904301	27858	27859
42116	ANA	4722	True	40.1701514963294	20.4779191593283	27576	27577
42288	EUR	4518	True	48.2926196624432	-0.871524969900606	27690	27691
42286	YAM	4509	True	52.5070042983966	37.5212743913743	27698	27699
42673	EUR	4018	True	51.1796611019083	30.3520318374867	27954	27955
42475	EUR	4284	True	48.0507935244578	12.5892144181189	27820	27821
42196	YAM	4619	True	56.8015528401509	34.1380590348938	27630	27631
42087	EUR	4753	True	44.6230758123681	1.81781099591483	27556	27557
42357	YAM	4424	True	57.4418414902317	29.5751579318489	27734	27735
42004	ANA	4870	True	49.5038850882698	17.9383208594986	27488	27489
42113	ANA	4733	True	41.7721602438965	19.711435282751	27568	27569
42522	EUR	4203	True	51.1678297011507	17.4870188824615	27864	27865
42547	ANA	4193	True	45.6732001517975	24.4923621845758	27872	27873
42385	EUR	4391	True	45.6240077868712	-1.08266790952614	27748	27749
42200	ANA	4626	True	45.0642059888226	25.1489526682271	27626	27627
41996	YAM	4885	True	48.893595412461	28.9783301065986	27476	27477
42403	YAM	4349	True	54.7812128024832	37.4856184979088	27778	27779
41941	ANA	4967	True	51.0130252994753	34.6643880803813	27452	27453
41945	EUR	4951	True	50.3110435407556	34.7651871686962	27458	27459
42022	YAM	4838	True	57.1511825805767	33.9784244949874	27510	27511
41939	YAM	4969	True	51.368151773591	39.8349751827215	27450	27451
42469	EUR	4261	True	56.5655135124485	36.0310895291805	27836	27837
42496	YAM	4234	True	53.3418419336116	34.7394474393746	27848	27849
42220	ANA	4595	True	45.1245343944996	26.096627321452	27642	27643
42426	YAM	4342	True	53.4987802899411	22.8340030706256	27782	27783
42003	ANA	4858	True	53.7567994896535	36.0711475758079	27498	27499
42446	ANA	4304	True	44.216902557388	20.4469194174045	27802	27803
42248	YAM	4555	True	51.5229280693927	29.8811260955288	27664	27665
42201	EUR	4623	True	52.5447084663534	6.91948506386533	27628	27629
42413	EUR	4368	True	47.1127251490624	20.3463524277088	27762	27763
42623	YAM	4105	True	43.433554055188	-0.563483027511785	27922	27923
42408	EUR	4369	True	38.2908099664602	32.849590664029	27760	27761
42473	EUR	4285	True	46.0910772436037	14.3392142210779	27818	27819
42181	YAM	4649	True	55.415911414578	42.0395982267307	27616	27617
42470	ANA	4281	True	42.8251048788892	18.5138863716097	27824	27825
42596	ANA	4128	True	37.7316554430762	34.6349976747039	27908	27909
42292	ANA	4507	True	54.7233885389084	33.4338345659622	27700	27701
42405	EUR	4365	True	48.5307357394408	1.66342932796654	27764	27765
42412	ANA	4354	True	44.4532841409579	1.18816081696163	27776	27777
42388	EUR	4378	True	52.0055113617618	32.3352447474098	27754	27755
42523	ANA	4204	True	49.6047186838423	20.4363041125665	27862	27863
42466	ANA	4283	True	45.7560439474503	-0.993170563872927	27822	27823
42329	YAM	4443	True	52.9795820981153	27.5115665136314	27726	27727
42648	YAM	4050	True	53.6151121254313	22.4883930888613	27942	27943
42005	EUR	4881	True	45.0280811460598	20.7941604012926	27482	27483
42495	EUR	4234	True	52.9574360282323	22.977703023053	27846	27847
42624	EUR	4096	True	44.8033541826838	24.530863705713	27924	27925
42223	EUR	4593	True	53.3505022604425	36.4372207373313	27644	27645
42451	YAM	4312	True	48.2437430570588	21.6584501502151	27796	27797
42198	EUR	4645	True	48.8020816843585	14.6477380157758	27620	27621
42026	ANA	4831	True	52.0190426472217	35.8671216543777	27516	27517
42550	EUR	4192	True	48.1574640265104	18.7495190792706	27874	27875
42084	EUR	4760	True	45.2037762228081	22.2412287957192	27550	27551
42143	EUR	4697	True	47.4217267347581	1.32691122496901	27586	27587
41920	ANA	4976	True	55.9778703650875	39.5696554092937	27442	27443
42069	YAM	4767	True	51.9209562558074	35.0062986665138	27546	27547
42305	ANA	4490	True	40.4020521310797	28.7486051281371	27702	27703
42000	YAM	4872	True	52.2246128215833	19.7530766464126	27486	27487
42029	YAM	4827	True	55.5651798123675	36.9190893583756	27518	27519
42358	ANA	4423	True	53.0308254719825	35.6359602757647	27736	27737
42502	YAM	4239	True	53.4694992977435	11.1649357082912	27844	27845
42646	YAM	4067	True	52.3914533576638	31.1041562521898	27938	27939
42025	YAM	4833	True	54.4472613451809	36.2717848638122	27514	27515
42308	YAM	4476	True	50.8057844855828	25.3909044795223	27706	27707
42089	ANA	4740	True	48.984042890117	21.5374699660621	27560	27561
42467	YAM	4267	True	54.1451332542794	35.5330050496637	27832	27833
42407	ANA	4360	True	46.7046808148202	0.685492184611266	27768	27769
42525	ANA	4199	True	51.6773710476956	17.2255729293933	27868	27869
42184	ANA	4672	True	43.0396647961937	18.2607712378762	27596	27597
42147	ANA	4690	True	45.793483609241	15.5074555840545	27590	27591
42312	ANA	4475	True	53.4355063067823	22.0956787212684	27708	27709
42598	YAM	4116	True	52.2924345258481	37.5174763092349	27918	27919
42219	YAM	4606	True	47.8726374800214	13.2406560986494	27634	27635
42384	EUR	4405	True	46.3179421196505	25.753652115779	27740	27741
42428	ANA	4336	True	53.6189392709544	33.7024130183992	27788	27789
41981	YAM	4900	True	54.7977731417594	40.0465945587228	27474	27475
41965	YAM	4926	True	56.5123310467872	41.3484651835268	27468	27469
42044	EUR	4821	True	52.6615925985116	23.7743052518333	27520	27521
42359	EUR	4417	True	53.0950149354484	35.6495965469721	27738	27739
42199	EUR	4636	True	37.2558046845118	29.8392996064408	27622	27623
42074	YAM	4783	True	44.4063071400094	17.7908335711425	27540	27541
42071	EUR	4768	True	47.8028367402105	21.5480845766216	27544	27545
42264	YAM	4554	True	45.9130049977149	27.5286114012328	27666	27667
42410	EUR	4358	True	47.9169273686777	14.4028132109623	27772	27773
42242	YAM	4585	True	49.8804336334324	28.8469388905651	27650	27651
42577	YAM	4152	True	53.3272727029203	22.1042531198033	27902	27903
42049	YAM	4809	True	49.9685676820101	13.2810275934115	27526	27527
42383	ANA	4391	True	54.906683305262	21.878861469023	27746	27747
42241	YAM	4568	True	49.7445034257679	35.7339465218012	27654	27655
42503	EUR	4250	True	37.5323618783069	32.6054937554216	27840	27841
41234	YAM	5805	True	55.6957231535444	8.89710512744049	26984	26985
41833	YAM	5099	True	53.4440017965212	45.3271281132207	27380	27381
41208	YAM	5843	True	46.8236230069025	23.9695475005925	26956	26957
41718	EUR	5267	True	50.2528883671607	7.85413682778526	27292	27293
41441	EUR	5566	True	43.9102308669777	19.0808079944505	27110	27111
41610	EUR	5376	True	55.3734179348183	42.9425254546193	27230	27231
41437	YAM	5571	True	43.1245184311719	24.930622283168	27106	27107
41362	YAM	5646	True	43.8899748059112	27.113922395608	27068	27069
41279	ANA	5749	True	37.8013673410215	31.3261660922682	27018	27019
41275	EUR	5745	True	50.3808072867793	21.830862501022	27024	27025
41284	EUR	5730	True	47.1742744665001	12.6358202890659	27032	27033
41231	YAM	5806	True	47.5350482400122	8.50550339370231	26982	26983
41468	YAM	5522	True	52.942744081765	33.971810349126	27130	27131
41582	YAM	5395	True	56.884208920516	43.7269894014486	27220	27221
41213	ANA	5835	True	39.3596430205338	30.2888644542006	26962	26963
41551	YAM	5430	True	53.5841387551831	41.8300007317604	27196	27197
41609	YAM	5388	True	51.2745976188538	19.232342861055	27226	27227
41740	YAM	5235	True	51.2318456694829	21.9840766330393	27306	27307
41312	YAM	5715	True	47.7565575836395	7.04930518857289	27040	27041
41550	YAM	5434	True	55.5322195830814	33.6001655389221	27194	27195
41861	EUR	5078	True	54.3343410584967	21.2179093245557	27398	27399
41739	EUR	5220	True	55.4289983644046	38.4404613069949	27310	27311
41387	ANA	5615	True	54.6505961355016	45.8075510402277	27082	27083
41659	EUR	5322	True	36.919926576643	32.5565472561763	27252	27253
41236	ANA	5786	True	51.723166204569	31.9615603891809	26996	26997
41166	YAM	5886	True	51.8291763417946	34.4430803592466	26942	26943
41443	YAM	5564	True	37.3886139172632	36.7630376831532	27112	27113
41185	YAM	5865	True	42.687557093896	23.3036282188248	26946	26947
41517	YAM	5468	True	57.5975768739416	35.8414074795135	27160	27161
41210	ANA	5839	True	43.7117412878722	19.4231810169802	26960	26961
41877	YAM	5065	True	49.9160674930656	21.829184746411	27410	27411
41521	YAM	5458	True	56.1283653703563	31.1698738630429	27166	27167
41717	ANA	5250	True	53.4773060107282	45.019839420218	27300	27301
41278	EUR	5737	True	50.1002831664064	24.0921085885623	27028	27029
41686	EUR	5288	True	56.3995061822817	40.9206147199361	27282	27283
41693	EUR	5302	True	43.8250459925216	22.8130743044126	27270	27271
41416	ANA	5586	True	52.9845517650721	31.5740411307523	27100	27101
41831	YAM	5117	True	46.1664764303815	2.98158126678654	27368	27369
41720	EUR	5262	True	50.6602546014698	15.511826234444	27296	27297
41149	YAM	5917	True	47.0111545684479	2.9843710037644	26920	26921
41097	ANA	5985	True	48.443859250994	25.2242975016846	26880	26881
41780	ANA	5181	True	43.1683652183743	22.7203927896288	27328	27329
41227	EUR	5810	True	39.3878841608201	32.1367213947656	26978	26979
41436	ANA	5572	True	46.537610445024	27.282288572425	27104	27105
41209	EUR	5841	True	50.6555781838664	27.418458180931	26958	26959
41542	EUR	5446	True	48.1799016715567	7.66972046083363	27178	27179
41688	YAM	5294	True	52.3348206882144	11.7193703637779	27276	27277
41810	YAM	5146	True	53.6075905085605	31.8281075313765	27356	27357
41524	EUR	5482	True	46.9737142372247	19.5118291268948	27152	27153
41131	EUR	5948	True	37.8368852006491	35.7500689636828	26898	26899
41415	ANA	5596	True	38.8649615348267	33.1056699552371	27090	27091
41124	EUR	5946	True	52.1921031706907	10.417575870081	26902	26903
41627	YAM	5364	True	50.0367023743205	24.0357672952788	27236	27237
41879	YAM	5038	True	57.321146037787	43.2729827309087	27416	27417
41186	YAM	5850	True	53.3258789601793	35.372999835274	26952	26953
41281	ANA	5736	True	48.7545262817329	15.1300074673975	27030	27031
41490	YAM	5512	True	46.2006695822439	4.04391168112407	27136	27137
41255	YAM	5783	True	38.674820810326	32.7100085175498	27002	27003
41782	YAM	5160	True	50.9158305562003	38.4871245593441	27338	27339
41250	EUR	5785	True	42.8977581088128	20.4137500016925	26998	26999
41741	ANA	5217	True	52.4029806459622	41.9622800003816	27312	27313
41830	ANA	5101	True	53.4129537860332	34.8162503859694	27378	27379
41144	EUR	5923	True	43.5114924265565	23.4399105741664	26916	26917
41764	YAM	5200	True	49.7500438553312	11.8398363914227	27320	27321
41525	ANA	5473	True	47.5939511380001	5.16742601680887	27158	27159
41608	ANA	5388	True	38.7858795469802	34.6581146922835	27224	27225
41100	YAM	5977	True	55.4605269756299	39.7076950366492	26888	26889
41544	ANA	5451	True	41.7887342441062	27.8635364213737	27170	27171
41832	EUR	5112	True	54.4954858969088	24.0833365583468	27370	27371
41828	ANA	5119	True	47.7067171553277	15.5406328476631	27364	27365
41545	YAM	5449	True	42.3083857448347	23.7780235145852	27172	27173
41254	EUR	5776	True	48.7036265775086	15.3324186245721	27006	27007
41899	EUR	5022	True	45.1788383579492	21.1675913293046	27420	27421
41232	YAM	5793	True	51.7689110431617	37.9258032454468	26992	26993
41466	EUR	5524	True	54.3834636401424	41.4175989147558	27128	27129
41357	ANA	5655	True	48.064016938825	8.34172304582336	27064	27065
41571	EUR	5411	True	56.8648406310041	42.4503829409996	27206	27207
41122	EUR	5963	True	35.3573571238595	37.6319674171437	26892	26893
41467	YAM	5526	True	51.5238115644636	15.2095385560173	27126	27127
41864	ANA	5068	True	55.352837969359	34.5099374351209	27406	27407
41744	YAM	5223	True	48.9447584933681	17.3562232868628	27308	27309
41552	EUR	5446	True	45.3687038356906	19.8706869060229	27176	27177
41661	EUR	5314	True	48.721934965442	9.73693751388964	27258	27259
41212	ANA	5817	True	52.8138219612448	41.3975791346026	26972	26973
41858	EUR	5082	True	52.0387103987976	13.5046408728826	27394	27395
41809	YAM	5148	True	54.8445118967975	33.7913378419833	27354	27355
41915	EUR	5004	True	45.6598456391755	22.8325330333055	27430	27431
41217	ANA	5815	True	55.9791086655135	33.9947687338343	26974	26975
41541	YAM	5434	True	56.8828135874194	36.6081201597729	27192	27193
41283	ANA	5745	True	41.891710142345	23.4803601100072	27022	27023
41129	YAM	5943	True	46.9246269575845	8.12048849244897	26906	26907
41229	EUR	5809	True	54.0261143734821	23.6317062720525	26980	26981
41492	EUR	5504	True	50.9603836774132	35.9906444293349	27142	27143
41412	YAM	5599	True	45.1776346503353	20.8463455903982	27088	27089
41630	ANA	5359	True	47.079624561019	7.1338076806219	27238	27239
41783	YAM	5159	True	57.8025261607798	40.4424563389785	27340	27341
41876	EUR	5065	True	45.6365646515642	20.424321668192	27408	27409
41491	YAM	5514	True	42.7201137455048	21.7079948343022	27134	27135
41862	EUR	5075	True	52.327438744192	21.9254129255417	27400	27401
41781	EUR	5162	True	56.1778980885621	34.0358110728257	27336	27337
41878	EUR	5044	True	50.3056262878884	22.7646918846887	27412	27413
41337	YAM	5685	True	43.7860374079723	22.6395062299101	27052	27053
41471	EUR	5515	True	50.1165522681496	41.9240471819674	27132	27133
41834	YAM	5121	True	44.2264451981461	17.3000570187212	27362	27363
41313	EUR	5712	True	49.2673216487665	4.80797535025713	27042	27043
41188	YAM	5846	True	51.9268164563983	42.9525487068125	26954	26955
41235	EUR	5800	True	52.8100309531001	22.457984415084	26986	26987
41523	EUR	5479	True	49.4301157030907	23.4929116047862	27156	27157
41632	YAM	5339	True	52.328939507735	39.641548779084	27246	27247
41469	YAM	5540	True	39.5014111302877	34.9469534725984	27120	27121
41282	EUR	5729	True	54.2552333536023	36.4412089663125	27034	27035
41657	EUR	5323	True	37.6284381364235	38.3261699580843	27250	27251
41540	EUR	5435	True	53.9999398117954	37.4831455115496	27190	27191
41314	EUR	5698	True	50.4358634171415	32.0629010312141	27050	27051
41694	YAM	5281	True	56.998456289776	35.0729242574244	27286	27287
41836	YAM	5096	True	53.3313442878159	32.7138037301893	27384	27385
41691	EUR	5291	True	47.6255228387849	20.4883347952736	27278	27279
41738	EUR	5245	True	47.8783450377276	21.341275081861	27302	27303
41167	ANA	5875	True	51.5342681350697	33.5268435686259	26944	26945
41253	EUR	5761	True	51.4469098374234	36.2076225099045	27012	27013
41389	YAM	5613	True	53.7862209712275	30.2936037166921	27084	27085
41165	ANA	5902	True	46.603715543057	24.5762266323329	26932	26933
41309	EUR	5720	True	46.6865852978326	17.1828323586717	27036	27037
41360	EUR	5663	True	48.8623581820385	22.6179043924425	27060	27061
41660	ANA	5314	True	43.3422738158641	23.8450723549331	27256	27257
41256	ANA	5755	True	52.6024498509917	43.1636085809008	27014	27015
41170	EUR	5894	True	38.5895321856535	31.8717511466366	26936	26937
41577	YAM	5421	True	38.0416180450538	39.9166304543234	27200	27201
41465	ANA	5527	True	47.2635464621342	9.26533635922064	27124	27125
41280	YAM	5748	True	36.2454798810566	29.9048193325819	27020	27021
41766	EUR	5202	True	44.3339955200412	21.8226713117104	27318	27319
41767	EUR	5199	True	45.4815116060449	5.29920996661508	27322	27323
41684	ANA	5297	True	48.4139892499262	13.8257820194488	27272	27273
41126	EUR	5936	True	55.8568354626194	31.8712096434879	26914	26915
41384	YAM	5622	True	51.9735858858951	28.776643127847	27078	27079
41121	ANA	5946	True	48.9294640425778	6.31042711562651	26900	26901
41361	EUR	5635	True	53.545581872293	38.4113328033313	27072	27073
41629	EUR	5339	True	53.6103661124069	42.9200024941241	27244	27245
41522	YAM	5484	True	45.7801629547916	25.3175512807468	27150	27151
41358	EUR	5646	True	52.2791013254469	9.70563284599875	27066	27067
41743	YAM	5217	True	52.1798240347498	34.9065244943006	27314	27315
41276	ANA	5740	True	51.4437079420099	9.26213414360988	27026	27027
41658	ANA	5315	True	53.5190656418607	17.6551047103845	27254	27255
41875	ANA	5043	True	50.6246615185022	35.2860581803651	27414	27415
41127	EUR	5958	True	38.0313279524779	40.6896494644884	26896	26897
41690	ANA	5304	True	50.8781412536667	16.6016079925033	27266	27267
41132	ANA	5938	True	48.8552879706103	20.6096838664543	26910	26911
41518	EUR	5463	True	55.3246397106287	42.7574017223152	27162	27163
41438	ANA	5567	True	39.218307447617	30.3103208662331	27108	27109
41835	YAM	5098	True	51.783474605068	43.4609027755305	27382	27383
41827	YAM	5123	True	47.7900231003891	18.6105188068142	27360	27361
41187	EUR	5853	True	49.9924692003934	18.7237991751148	26948	26949
41811	ANA	5145	True	52.6764932067899	40.6720609577808	27358	27359
41495	YAM	5503	True	56.5847900519302	31.2902334230134	27144	27145
41311	ANA	5699	True	51.5168469598433	38.9967958753522	27048	27049
41898	ANA	5008	True	51.3701507577091	30.4822579102269	27428	27429
41863	ANA	5069	True	45.3791804994408	23.0125571914059	27402	27403
41765	ANA	5190	True	54.2350510270725	35.5021297424525	27326	27327
41786	YAM	5157	True	53.1755584728364	30.2918036810509	27344	27345
41356	YAM	5662	True	51.4208661719427	11.9759345224186	27062	27063
41168	EUR	5902	True	39.8043634971779	32.7211638228293	26934	26935
41685	EUR	5295	True	48.9951123983521	8.19880618003568	27274	27275
41787	ANA	5180	True	46.5951175441703	15.5309965592832	27330	27331
41806	EUR	5153	True	44.5288165603918	25.4161672228949	27346	27347
41385	YAM	5632	True	38.2694444766497	38.9855242694027	27074	27075
41414	EUR	5589	True	55.8170375716691	31.7504014268034	27098	27099
41824	YAM	5111	True	53.5060352467474	34.0112286974461	27372	27373
41721	ANA	5268	True	41.5643783823629	32.7202462195291	27290	27291
41102	YAM	5994	True	43.992475415608	17.1953471286414	26878	26879
41825	EUR	5103	True	55.6948830001312	42.6045032175308	27374	27375
41578	YAM	5421	True	48.5305750690465	3.44751425560917	27204	27205
41215	EUR	5835	True	44.0366406341961	19.9978609136207	26964	26965
41900	EUR	5019	True	50.1867646378677	13.1940089397767	27424	27425
41143	YAM	5914	True	50.5931515468228	39.9649656257726	26922	26923
41902	ANA	5019	True	49.4961974305701	20.8211675627391	27422	27423
41494	YAM	5508	True	51.5319483412872	6.99131192121489	27140	27141
41103	EUR	5970	True	54.2252145328393	41.780232565325	26890	26891
40618	EHG	6533	True	58.7629551240766	39.6023706022219	26564	26565
40790	EHG	6297	True	53.231386099603	26.8650351303897	26692	26693
40743	YAM	6361	True	52.2683218611402	40.6772210759206	26652	26653
40821	EUR	6270	True	50.8221971296745	12.431459333198	26708	26709
41046	EUR	6038	True	42.9895613597674	20.583829763807	26860	26861
40799	YAM	6295	True	50.4402047252413	27.8122527860695	26696	26697
40826	ANA	6266	True	48.1425516426893	14.7922320210679	26710	26711
40666	YAM	6460	True	52.1396405977174	29.3218022084637	26608	26609
40988	EHG	6096	True	49.6099386312584	8.54712665662665	26812	26813
40721	EHG	6387	True	53.397350890596	37.0138814142843	26640	26641
40902	YAM	6190	True	52.7723332689325	34.705686004515	26752	26753
40961	ANA	6128	True	53.8835108933436	26.9172378979274	26794	26795
40715	YAM	6394	True	51.7329068037024	30.5097856009707	26636	26637
41048	EHG	6039	True	59.4856841668661	43.4678908211595	26856	26857
40964	EUR	6142	True	60.6515462851953	47.5109578691631	26786	26787
40986	EUR	6099	True	49.3953703039097	20.1103895639676	26810	26811
40646	EHG	6477	True	54.4235305118574	32.7975721232143	26598	26599
41042	YAM	6044	True	58.1565918037426	55.4698282307345	26850	26851
40578	ANA	6535	True	53.6367536811644	30.4473936520392	26562	26563
40797	EHG	6306	True	47.798782864803	16.7545442443102	26690	26691
40767	ANA	6346	True	54.8493937892412	33.1191524597366	26666	26667
40209	ANA	6932	True	53.6047165198953	37.6681498769796	26316	26317
40498	YAM	6641	True	35.9233194733951	38.7708575930775	26498	26499
40769	YAM	6330	True	50.532760123425	31.8103878210258	26674	26675
40242	EUR	6906	True	49.2112967244748	13.5228442941557	26338	26339
40470	EHG	6673	True	38.7348106826801	35.000025897883	26480	26481
40343	EHG	6812	True	55.8998355588816	33.1194449849923	26398	26399
40216	YAM	6929	True	55.7515602691722	31.7061266703554	26320	26321
40623	YAM	6518	True	48.3276038645814	26.9495373121464	26576	26577
41016	YAM	6064	True	49.64011940843	16.5648171785174	26832	26833
40959	EUR	6144	True	55.8889961331441	32.4971404617853	26782	26783
40963	EHG	6125	True	54.9860734857627	35.289178183321	26796	26797
40472	ANA	6659	True	50.2743927309073	35.6010467822661	26492	26493
40476	ANA	6660	True	42.9234034950358	20.3285211908368	26490	26491
40241	EUR	6907	True	52.3288561049802	10.7087409277773	26336	26337
40879	YAM	6208	True	54.5546026100402	43.6992529715962	26740	26741
40582	ANA	6537	True	50.9143148788612	13.1916000827662	26558	26559
40523	EUR	6610	True	52.5977285382343	28.8101806457959	26518	26519
40927	YAM	6174	True	60.0052945430511	44.933429584689	26760	26761
40211	YAM	6944	True	61.8398806147175	47.8862156455265	26308	26309
40579	EHG	6562	True	39.260455788131	40.5872408054867	26542	26543
40716	EHG	6404	True	56.396088143405	56.1939410404135	26628	26629
40147	EUR	6990	True	49.529390328847	14.6170537653203	26286	26287
40960	YAM	6145	True	46.0688959785391	26.6406668536539	26780	26781
40670	ANA	6470	True	45.7815020083818	21.5607546935555	26602	26603
40246	ANA	6916	True	48.0128279778006	22.0673022683991	26324	26325
40577	ANA	6565	True	39.9130868241388	37.7215946697182	26540	26541
40994	EUR	6086	True	53.831341249065	28.3979764055384	26818	26819
40742	ANA	6364	True	46.321717607495	8.41166078100386	26650	26651
40551	EHG	6571	True	51.6611749708304	37.3722103170966	26538	26539
40554	ANA	6584	True	41.0077342169094	34.7938618698677	26528	26529
40496	ANA	6632	True	56.7833114123321	34.7940214449935	26504	26505
40305	EUR	6852	True	55.5480073511294	47.2206276380298	26366	26367
40933	YAM	6166	True	48.8715595016738	19.4350475023209	26768	26769
41049	EUR	6036	True	51.4223160935502	18.7200355959802	26862	26863
40418	EUR	6736	True	37.1400714237204	37.07968647291	26448	26449
40280	ANA	6874	True	54.5457840147544	42.3347890393382	26356	26357
40552	EHG	6577	True	59.741154652204	40.0685163642821	26532	26533
40550	EUR	6574	True	48.9510072609807	3.69715946892417	26536	26537
40853	EHG	6243	True	50.468954543447	6.13414075853695	26726	26727
40392	EHG	6773	True	36.3363232766714	37.3728647154038	26418	26419
40491	EHG	6632	True	42.6678968743102	26.075384536415	26506	26507
40422	ANA	6724	True	55.0942090187255	39.2816242658957	26456	26457
40993	ANA	6105	True	39.8299803403256	32.7587011868834	26804	26805
40334	EHG	6823	True	55.7847321402371	38.0873568451929	26382	26383
40720	EHG	6398	True	59.5703475185337	54.3770058072703	26634	26635
40370	YAM	6794	True	55.4476606750495	55.2068690830689	26406	26407
40626	EUR	6528	True	58.8764500979117	53.1663757604462	26570	26571
40824	ANA	6283	True	42.1308889852783	20.2994308166895	26700	26701
40851	EHG	6254	True	58.1786503558643	32.3975449375993	26718	26719
40279	ANA	6886	True	40.5292446371937	37.4881273298251	26350	26351
40244	EUR	6915	True	57.9699566740674	37.1463845507586	26332	26333
41073	EUR	6004	True	55.0030205882924	36.967548677853	26876	26877
40525	EHG	6621	True	48.9871908965396	24.9188013787677	26516	26517
40342	ANA	6813	True	52.3734204205889	37.1828530262517	26396	26397
40719	EHG	6399	True	56.3422341312029	32.314539737756	26632	26633
40667	YAM	6460	True	52.5404540178202	37.4233439223425	26610	26611
40717	YAM	6401	True	55.3363162982772	45.2846034330501	26630	26631
41025	YAM	6067	True	37.7693451570355	28.5652295442322	26826	26827
41051	ANA	6035	True	52.5253537417327	13.4760082226677	26864	26865
40308	ANA	6849	True	51.6202037409328	16.2305485783544	26368	26369
40718	EHG	6392	True	51.8294840047664	36.0576909970179	26638	26639
40176	EHG	6983	True	53.8524462412168	35.0775461867704	26290	26291
40214	EHG	6932	True	53.1303459277703	37.4364039669956	26318	26319
40995	ANA	6103	True	38.7211863078746	29.9333100280376	26806	26807
40748	EUR	6356	True	53.1218040067093	39.8446799371269	26658	26659
40401	YAM	6761	True	46.5588898863531	22.2702992983332	26430	26431
40177	EHG	6981	True	55.7358218259293	38.5201582537288	26292	26293
40852	EUR	6252	True	55.3553977656834	38.0870043980846	26720	26721
40421	YAM	6730	True	45.0957485715603	20.9296532534105	26452	26453
40469	ANA	6683	True	37.0700163148084	37.9656775173173	26478	26479
40793	YAM	6325	True	50.1829027995863	24.6373636001277	26676	26677
40625	YAM	6529	True	57.473210116276	29.7161282209356	26568	26569
40390	YAM	6759	True	49.595771615651	32.6424240343197	26434	26435
40583	YAM	6536	True	44.590790197027	22.0433308294838	26560	26561
41017	ANA	6072	True	43.0539880411802	25.6573279926833	26822	26823
40527	YAM	6603	True	51.7582150933054	40.2136627225098	26522	26523
40665	ANA	6467	True	51.1796139140691	31.9657107909457	26606	26607
40928	YAM	6174	True	58.9889450621525	52.0872482092703	26762	26763
40275	ANA	6894	True	43.8651272348762	25.3234189989358	26344	26345
40182	EHG	6962	True	57.839332968153	55.9425300935847	26300	26301
40798	EUR	6295	True	55.1746455465394	37.34818116192	26694	26695
40180	EUR	6978	True	57.5794526679538	36.6461199243248	26296	26297
40640	YAM	6505	True	38.994958252592	37.7654609285892	26584	26585
40372	YAM	6789	True	48.7998891699745	5.3197906453443	26410	26411
40245	YAM	6906	True	49.5644030283577	14.4989601534821	26340	26341
40373	ANA	6784	True	48.9204620936609	18.601258971616	26412	26413
40449	EUR	6687	True	53.1204091496253	35.4457733398558	26476	26477
41069	ANA	6019	True	47.6271637430886	14.8014191991436	26870	26871
40335	YAM	6816	True	53.5606308137308	37.3670749424381	26390	26391
40617	EUR	6516	True	53.2863555735693	36.5634593227977	26578	26579
40240	EHG	6902	True	52.8412656265868	45.0624871618656	26342	26343
40691	EUR	6445	True	43.7154778646872	23.2809398138833	26614	26615
40477	EUR	6670	True	37.4352932074742	28.5481820372312	26484	26485
40522	YAM	6623	True	49.9910634998691	4.32419424507009	26514	26515
40901	ANA	6192	True	51.8717049176925	30.5450830023627	26750	26751
40794	EHG	6315	True	42.8690791841675	23.4904710579084	26678	26679
40213	YAM	6938	True	53.404594040534	47.7412910544781	26312	26313
41050	EHG	6034	True	54.0923370765805	38.2450047565588	26866	26867
40282	ANA	6882	True	38.7114538388479	39.1123631194603	26352	26353
40374	EHG	6791	True	56.4392094388435	50.6358874241925	26408	26409
40795	ANA	6308	True	49.4138545907164	19.0010054740866	26688	26689
40935	EUR	6172	True	53.573803710026	52.5219575889586	26764	26765
40309	ANA	6843	True	47.7405234847698	3.57127226034606	26370	26371
40217	EHG	6935	True	57.4735612171766	40.9017260367986	26314	26315
40639	YAM	6503	True	58.6791628765019	57.3079255397798	26586	26587
40854	EHG	6241	True	50.1771876995274	31.5959593701845	26730	26731
40903	ANA	6201	True	38.8455230490195	35.9537958022348	26742	26743
40906	YAM	6185	True	49.7677154835902	31.4556077597989	26754	26755
40471	EUR	6673	True	41.4356041113381	35.198168359713	26482	26483
40586	EUR	6550	True	58.5331500593386	43.6170793067273	26550	26551
41015	YAM	6073	True	36.7641911477193	29.0288282508471	26820	26821
40444	EHG	6690	True	41.9652497975801	24.6714508051995	26472	26473
40368	EUR	6797	True	57.0813972345416	37.1610238367721	26404	26405
40796	EUR	6311	True	59.0086026153511	46.0431653633154	26684	26685
40149	EHG	6987	True	42.8758190409238	25.3580447355768	26288	26289
40581	EUR	6541	True	46.4729387199247	24.4824918580535	26556	26557
40820	EUR	6286	True	43.3147460969933	21.4936232988044	26698	26699
40371	ANA	6780	True	57.984553214251	39.1628911946546	26416	26417
40882	EHG	6219	True	60.156290663881	44.6211153805653	26734	26735
40417	YAM	6738	True	45.0948579781537	22.4973602519017	26446	26447
40397	EUR	6772	True	37.9145566509066	32.3696537841005	26420	26421
41070	YAM	6011	True	44.4201711147561	17.9737910489995	26872	26873
41022	EHG	6064	True	57.8284296715996	28.7471529034421	26830	26831
40395	YAM	6753	True	50.3343024655564	32.0402166757015	26440	26441
40450	ANA	6707	True	36.0205565524609	36.7295763637385	26460	26461
40624	YAM	6513	True	53.7420274125863	37.3227192368064	26582	26583
40549	ANA	6580	True	58.0611030063113	51.8920336597975	26530	26531
39329	EHG	7849	True	40.0077155040149	33.2944206297276	25768	25769
39258	ANA	7895	True	49.4030807523697	15.0815816695537	25736	25737
39389	ANA	7790	True	46.1910428486778	24.5353856295587	25816	25817
39788	EHG	7362	True	40.2938816024012	30.7939457259486	26068	26069
39656	EHG	7513	True	61.4590102443531	50.8065077038433	25980	25981
40067	ANA	7085	True	45.58736433207	24.0877122687032	26232	26233
39915	ANA	7244	True	38.8623658271362	27.8833200906203	26126	26127
39355	EHG	7808	True	44.247090161022	18.115478356382	25806	25807
39813	EHG	7336	True	52.0254419473886	8.7222940958374	26086	26087
39546	EUR	7608	True	59.9980042425556	54.0158153243131	25908	25909
39325	EHG	7853	True	38.5405534362405	27.0924004834426	25764	25765
39461	EUR	7702	True	36.7725483375509	40.4323315071911	25858	25859
39363	ANA	7816	True	55.544312662361	53.2744099499667	25800	25801
39362	EHG	7823	True	39.3089253947342	34.0717615572367	25790	25791
39203	ANA	7967	True	37.9002683577529	36.8504829910525	25698	25699
39974	EUR	7167	True	43.5219263901827	19.7354344163472	26174	26175
39302	EHG	7877	True	40.9371073408112	33.804034104798	25748	25749
39685	EHG	7484	True	55.0885986994517	39.1280353401607	25996	25997
39408	EUR	7764	True	59.2120891781937	39.1430791604977	25832	25833
39972	ANA	7182	True	45.117966910294	20.3454254015013	26162	26163
39514	EUR	7620	True	44.592008941506	20.6519877249452	25898	25899
39759	EHG	7400	True	40.2992743351665	35.0225090161136	26036	26037
39410	EUR	7752	True	59.4792763161575	34.3660068803789	25834	25835
39260	EUR	7908	True	56.8585840977572	52.8914850394833	25726	25727
40032	ANA	7108	True	49.4593980356081	4.29167492127203	26216	26217
39848	ANA	7314	True	37.4837746759662	37.6620132881083	26096	26097
39204	EUR	7952	True	46.5530311460536	17.5542202824985	25706	25707
40092	EUR	7054	True	55.064411133224	50.7641354075801	26244	26245
39202	EHG	7971	True	38.2472970124434	28.4834299465884	25696	25697
39814	EUR	7343	True	40.0656534209327	31.5045773239122	26080	26081
39551	EHG	7604	True	61.7642799906267	47.4097128666049	25912	25913
39359	EHG	7817	True	59.7589992377421	37.0504112398483	25798	25799
39547	EHG	7613	True	39.7386256807548	38.1419596030704	25900	25901
39876	EHG	7259	True	48.0030505276905	6.55926406742314	26118	26119
39411	ANA	7749	True	48.217221763526	18.5671534585249	25838	25839
40000	EUR	7159	True	38.9316967043428	37.7103934293634	26180	26181
40003	EHG	7154	True	41.6249284435316	23.7388449701367	26184	26185
39783	EUR	7371	True	36.0128108089137	36.2746526698862	26062	26063
39689	EHG	7485	True	40.6717400092626	34.8711727334552	25994	25995
39356	EHG	7818	True	58.3029291548546	42.5227289617911	25796	25797
39328	EUR	7834	True	42.8119441255681	23.3770221781231	25786	25787
39683	EHG	7491	True	38.4987948242975	27.1770637764938	25990	25991
39690	EUR	7478	True	55.8728936647889	39.2272664875945	26000	26001
40145	EHG	7013	True	38.0661854583918	30.5253260257098	26270	26271
39878	ANA	7277	True	40.1676526719078	38.0729649351929	26110	26111
39301	ANA	7877	True	38.2705079502514	37.2234320540803	25746	25747
40033	ANA	7131	True	38.8089906571841	28.6107611702754	26196	26197
40120	ANA	7037	True	35.8019885629872	38.9279291193004	26256	26257
39592	EUR	7565	True	60.4193690974348	37.7595350555888	25938	25939
40116	EUR	7036	True	58.7560053529263	40.3782621620277	26258	26259
39365	ANA	7819	True	36.9152697125235	38.6790555083329	25792	25793
40030	EUR	7113	True	51.7020105009715	6.65809570512664	26214	26215
39591	ANA	7574	True	40.2433881266184	34.6836566733819	25932	25933
39941	EUR	7218	True	36.5281469594125	37.7835368786174	26140	26141
39387	EUR	7778	True	46.7712266647412	15.4040709860823	25824	25825
39176	EUR	7986	True	50.5345126469281	10.7057116464866	25688	25689
39462	EUR	7702	True	39.1672097345502	34.9676662280314	25860	25861
39491	EUR	7658	True	37.8982926757366	27.5982562115173	25876	25877
39259	EUR	7895	True	51.3720869505031	15.1528818460728	25738	25739
40150	EUR	7006	True	58.8547218940635	53.5668247532655	26278	26279
40117	EHG	7032	True	55.4684195528292	54.0516303188625	26260	26261
39460	ANA	7687	True	49.4233606219998	27.8073256325596	25868	25869
39617	EUR	7546	True	59.7490310293278	31.253947411928	25954	25955
39942	EUR	7210	True	57.6377695439642	31.4090906929689	26146	26147
39686	EHG	7477	True	47.0298354638688	8.90020284039655	26004	26005
39413	EHG	7744	True	49.0502683035061	8.87679763872499	25840	25841
39178	EUR	7997	True	41.6854388804068	34.137666458337	25680	25681
39490	EUR	7658	True	57.5912072546341	52.8063921882112	25878	25879
40037	EUR	7118	True	59.1196821932327	54.7238519841025	26210	26211
39292	EUR	7858	True	45.5361206019841	10.7677844147459	25758	25759
39943	EHG	7195	True	51.8682472942717	11.340270986062	26154	26155
39174	ANA	7992	True	44.6949837989249	27.5569694879248	25684	25685
39512	ANA	7643	True	61.1008108678755	49.3676379680447	25888	25889
39687	ANA	7474	True	43.4804605160483	27.0710801024113	26006	26007
39684	ANA	7485	True	35.3028641690012	37.4004358156607	25992	25993
39557	ANA	7592	True	50.4743155966364	11.5584812530892	25926	25927
39409	EHG	7764	True	40.3453159511343	38.8191109408399	25830	25831
39364	EUR	7815	True	59.4404980537157	48.2003134062536	25802	25803
40036	ANA	7126	True	39.8176029789017	31.2667095138911	26200	26201
39764	EHG	7399	True	37.7514597339249	32.4697738956514	26040	26041
39620	EHG	7542	True	54.0346801541849	42.9022254347031	25958	25959
39816	EUR	7342	True	54.6174914021311	45.264104007853	26082	26083
39854	EUR	7292	True	56.8315973087074	49.5343760583824	26106	26107
39786	ANA	7369	True	40.3192970890767	38.1815176917746	26066	26067
39357	ANA	7823	True	38.2677372697868	38.3992736450869	25788	25789
40035	EHG	7131	True	37.8344491115011	29.9165949776558	26198	26199
38994	ANA	8162	True	51.1129838205043	17.3863572279084	25558	25559
38687	ANA	8431	True	42.3270020987314	22.5811890366576	25400	25401
38964	EHG	8192	True	54.7798309514408	55.2319612873788	25536	25537
38636	EHG	8506	True	39.8932560135368	31.2698617777294	25344	25345
38666	ANA	8461	True	52.0474376199589	18.1262170920315	25374	25375
39113	EHG	8060	True	41.0144318316818	37.0903365930082	25634	25635
38854	EUR	8299	True	38.0877746227476	27.1655577101783	25472	25473
38358	EHG	8761	True	48.5248036787301	23.9306290191347	25168	25169
38793	EUR	8338	True	52.8297694379332	13.7699310629022	25454	25455
38791	EHG	8365	True	40.3463683410842	35.181753788093	25436	25437
39081	ANA	8074	True	46.7448017835839	11.7362733516229	25622	25623
38127	ANA	8994	True	36.4864231910241	36.2813694686663	25034	25035
38637	ANA	8504	True	39.8291265124577	37.099029293548	25346	25347
38459	EUR	8668	True	57.2156118172228	53.3366773790623	25248	25249
38960	EHG	8201	True	60.4228858949656	35.850581362562	25532	25533
39152	EHG	8024	True	56.357768086361	42.450034717611	25664	25665
38452	EUR	8687	True	38.9605156299758	34.3054990326165	25228	25229
39083	ANA	8082	True	56.4002214214735	42.4708699735252	25614	25615
38498	ANA	8658	True	39.7277808947791	29.2117780528196	25264	25265
38195	ANA	8929	True	38.0188329500585	28.8297318586568	25072	25073
39056	ANA	8122	True	38.2761019470002	31.2134829655529	25582	25583
39078	EHG	8091	True	40.1805359901118	36.0249096503768	25608	25609
38193	EHG	8932	True	40.0400066598236	40.0476028448495	25070	25071
38892	EUR	8250	True	46.9258178284593	19.7272650613535	25508	25509
38692	ANA	8443	True	60.1865626253626	30.4061042661849	25392	25393
38829	EUR	8329	True	57.0093345381765	48.8641751643937	25460	25461
38730	EUR	8413	True	57.8337482343634	37.3645134300533	25410	25411
38425	EHG	8716	True	38.5566272989276	38.2288747804607	25208	25209
39116	EUR	8042	True	60.694421979289	46.6594270696879	25646	25647
38302	EHG	8828	True	45.7368726950881	5.00686493751483	25140	25141
38559	EHG	8575	True	48.2629063771407	0.527236984258925	25312	25313
38832	EUR	8312	True	51.0043846335125	12.9970783179109	25470	25471
38668	ANA	8458	True	50.3588197050721	16.14619222063	25376	25377
38792	EUR	8338	True	46.2056597568958	17.4873892765489	25452	25453
38333	ANA	8800	True	38.1452311187277	39.7530299870497	25154	25155
38928	EHG	8238	True	60.1820034078477	37.6323442181474	25516	25517
39146	ANA	8026	True	53.4584104633341	53.8384022351263	25660	25661
38587	ANA	8568	True	37.1562981485416	30.0006322453308	25320	25321
38995	EUR	8174	True	58.3961077737865	30.9218751105293	25554	25555
38126	EUR	8972	True	49.6239687770041	9.74904836105078	25044	25045
39112	EHG	8061	True	39.6894948247072	30.1498082238434	25632	25633
38395	EHG	8738	True	58.4278627177388	41.4403663678628	25188	25189
38553	EUR	8578	True	49.9112814168072	24.9239200146161	25304	25305
38199	ANA	8924	True	38.2034598822193	36.6404234061443	25076	25077
38693	EHG	8451	True	36.3553850845816	30.3111676769065	25384	25385
38196	ANA	8927	True	38.5118501765795	28.5844347057791	25074	25075
38671	EUR	8466	True	57.3222271341315	55.2026870252887	25372	25373
38689	EHG	8454	True	38.0161106986612	36.4279726433528	25380	25381
39109	ANA	8063	True	40.1079902331839	35.5503377070296	25630	25631
39082	ANA	8073	True	49.1890355455401	13.2858229590743	25624	25625
39021	EHG	8139	True	56.4297742604554	29.6102207983648	25572	25573
38424	ANA	8716	True	36.1273673252637	36.8450867933341	25206	25207
38556	EUR	8579	True	57.032647500247	45.987066147531	25300	25301
38923	EUR	8227	True	51.671923067594	11.7847650938792	25522	25523
38528	EHG	8608	True	43.8176625190598	23.6683160499288	25286	25287
38961	EHG	8214	True	40.7867956632548	35.1298155792465	25528	25529
38767	ANA	8386	True	38.4792207657096	32.3796229404233	25426	25427
38419	EUR	8695	True	50.8642378192227	16.3290839953768	25222	25223
38274	EHG	8871	True	36.9234622277502	32.887578373332	25110	25111
38831	ANA	8318	True	46.5318076162062	21.5142516641662	25468	25469
38691	EUR	8426	True	48.9216319389869	21.1174395025409	25404	25405
39052	EHG	8115	True	59.0645925139329	39.1254287298616	25590	25591
39148	EUR	8025	True	56.3858279534795	56.8776406880613	25662	25663
38860	EHG	8284	True	56.6144778051711	38.9189340168463	25488	25489
39017	EHG	8153	True	58.0345193129017	47.8332010078457	25564	25565
38550	EUR	8593	True	39.0119587874146	39.2103117536065	25290	25291
38554	EHG	8579	True	54.9082500064281	32.3740418669507	25298	25299
38552	EUR	8582	True	37.1116208942823	34.1874245435921	25294	25295
38458	ANA	8675	True	38.6273946324069	40.7618898865971	25234	25235
38448	ANA	8669	True	56.6967543354584	38.8139475873854	25242	25243
38162	EHG	8961	True	38.4751624988411	29.3691497058301	25050	25051
38269	EHG	8855	True	52.0521710179845	7.4685884704981	25120	25121
38239	EHG	8876	True	48.5423867634797	24.795675102068	25106	25107
39019	EHG	8144	True	59.27615449906	34.5735249710363	25568	25569
38460	EHG	8675	True	37.7329588265302	30.5914446136315	25236	25237
38128	EUR	8988	True	36.9675882965933	38.0167574381463	25036	25037
38992	EHG	8178	True	39.3279152214953	28.9572343872575	25548	25549
38996	EUR	8155	True	50.4917993781915	22.6750773304255	25560	25561
38167	EUR	8936	True	50.6762233840026	21.013034158842	25068	25069
38426	ANA	8715	True	36.4370025604954	39.6349089586677	25210	25211
38361	EUR	8768	True	57.498115083689	28.8075603281784	25164	25165
38921	ANA	8234	True	45.6759688351043	21.9137751550324	25518	25519
38697	ANA	8435	True	58.4043887284884	43.05921922433	25396	25397
38164	EUR	8953	True	55.1746614445932	38.663772619521	25052	25053
39144	EUR	8022	True	46.383284113634	2.57775051241057	25668	25669
38862	ANA	8280	True	46.7546284172175	8.29750336042438	25492	25493
38306	ANA	8820	True	48.1208719993516	8.79151109793004	25144	25145
38360	EUR	8758	True	46.629790098821	23.8837223950154	25172	25173
39110	ANA	8037	True	46.7356646510544	9.09177076836705	25650	25651
38271	EHG	8861	True	54.7534622096301	32.9253556594102	25116	25117
38924	EUR	8226	True	48.0208803080413	13.9980750815326	25524	25525
38364	ANA	8762	True	55.2644052528912	31.160572500069	25166	25167
38966	EHG	8189	True	59.862226177942	58.2178121381502	25540	25541
38584	ANA	8568	True	38.8699671297213	34.292983146078	25318	25319
38699	EUR	8435	True	59.7343018489767	38.0842279406296	25398	25399
38889	EUR	8258	True	49.5287236306674	10.4041260341231	25502	25503
39080	EUR	8080	True	51.3799642946587	17.6913004721509	25620	25621
39053	EHG	8097	True	50.3384039500912	16.4292113141249	25600	25601
38453	EHG	8668	True	57.1199982407663	43.3305253666969	25246	25247
38297	EHG	8837	True	57.5485688234098	56.5722766770834	25130	25131
38159	ANA	8945	True	49.0167603271428	25.3476355246645	25060	25061
38664	EHG	8480	True	38.0104080792335	31.7568277587957	25362	25363
38965	ANA	8191	True	59.0500489905183	36.5384507940067	25538	25539
38890	EUR	8256	True	48.6254263328416	8.66969391892134	25504	25505
38457	EHG	8666	True	46.4015396083962	16.7580853988349	25254	25255
37487	EUR	9600	True	49.8241045525069	17.8528868979101	24670	24671
37390	EHG	9702	True	47.1011426552079	6.35300298193815	24602	24603
37975	EHG	9124	True	47.7232142868463	27.2543750942416	24960	24961
37797	EHG	9320	True	38.258187334913	29.734644860713	24852	24853
37795	EHG	9319	True	59.0037309254199	48.7882456879233	24856	24857
38103	ANA	9001	True	48.2753622501103	-0.463528719793663	25030	25031
37862	ANA	9248	True	47.2749898173852	6.57276042452579	24902	24903
37728	ANA	9385	True	38.5163922956133	34.346507192832	24804	24805
38068	EUR	9031	True	48.4693675860482	12.1069691204493	25008	25009
37066	EHG	9963	True	49.310683374571	5.97668550086782	24432	24433
38067	EUR	9047	True	39.2589232839177	39.2542921702638	25000	25001
37769	EHG	9330	True	57.4848807093098	27.475479850132	24842	24843
37325	EUR	9750	True	45.1273752888234	22.5286891996019	24574	24575
37766	EHG	9334	True	59.8488791661535	44.9358098798241	24838	24839
37359	ANA	9724	True	60.942820234232	41.1290544564451	24588	24589
37327	EHG	9750	True	56.7468188284862	50.5970843839921	24570	24571
37356	EHG	9722	True	45.1740583997968	9.78129963401719	24590	24591
37103	EUR	9949	True	57.5711521248921	35.1419274698624	24442	24443
37298	EUR	9777	True	53.6239739055838	15.2098461825005	24564	24565
37829	ANA	9276	True	44.8647600663391	-0.0639618495659984	24880	24881
38101	EHG	9003	True	50.2324462565095	7.11096621267375	25028	25029
37870	EUR	9235	True	45.9211332958618	3.48306311005828	24912	24913
37209	EUR	9857	True	40.5490453250869	33.5236979730742	24496	24497
37646	EUR	9474	True	37.7779281439326	31.1039275398491	24750	24751
37160	EHG	9897	True	49.6035990972466	8.5473726874565	24484	24485
37828	EUR	9288	True	38.8489713758556	27.6452755755861	24872	24873
37678	EHG	9426	True	58.5893383411243	31.0648495214589	24774	24775
37980	EUR	9117	True	44.9760859600924	27.560253357543	24966	24967
37492	EHG	9608	True	55.2578219485295	31.9365302618852	24660	24661
37530	EHG	9581	True	55.0011081576747	45.9699408438763	24690	24691
37588	ANA	9530	True	38.0367859115537	34.9429230068878	24724	24725
37250	ANA	9829	True	38.4670211698025	34.4310476088623	24512	24513
37765	ANA	9339	True	58.9506404305004	37.2313416905108	24836	24837
37062	EHG	9985	True	39.7302295204028	34.7796327455258	24416	24417
37292	EHG	9787	True	57.2149509508347	49.6061162211149	24548	24549
37254	ANA	9810	True	48.1447972010251	24.8380725953059	24536	24537
38102	EUR	9006	True	59.982122716094	52.8705984188212	25022	25023
37922	ANA	9194	True	39.5697685749431	32.8679660958375	24928	24929
37677	ANA	9416	True	44.849420326398	15.2527125315312	24780	24781
37150	EHG	9920	True	56.6826640772376	55.3402574368214	24464	24465
36172	EHG	10837	True	60.3124870251434	50.9480946451787	23924	23925
36486	ANA	10541	True	39.3529252043444	34.9504955680514	24102	24103
36285	EUR	10721	True	37.9416838103107	35.848497314927	23988	23989
36648	ANA	10368	True	37.124284415268	34.7969463587339	24200	24201
36671	ANA	10324	True	57.4046273726988	57.7358721453746	24224	24225
36042	ANA	10964	True	39.9547446944168	31.9707590482923	23848	23849
36759	EHG	10242	True	61.7455758680402	39.1274331998137	24276	24277
36105	EHG	10907	True	60.932124316177	42.7641164238032	23888	23889
36485	EHG	10543	True	38.3898716806235	27.5269793985099	24100	24101
36363	EHG	10665	True	39.6572659214725	38.9284282510433	24026	24027
36075	EHG	10923	True	58.9388736398312	37.4816958405762	23874	23875
36070	EUR	10942	True	40.161293122702	36.4267155190143	23864	23865
36963	ANA	10055	True	54.682878702431	58.6549737323287	24374	24375
36388	EHG	10627	True	59.3901937555414	41.2397363939663	24052	24053
36516	EHG	10497	True	50.0665771908539	7.55239494375071	24128	24129
36033	EUR	10955	True	55.7740569542799	40.7149914288847	23850	23851
36364	ANA	10646	True	43.5337491932306	10.7971516147167	24042	24043
36071	ANA	10921	True	48.7849715266375	6.46181254132849	23876	23877
36202	ANA	10798	True	49.4219432061176	22.131510126462	23952	23953
36108	EHG	10899	True	53.6505393294514	53.7419796700582	23892	23893
36858	ANA	10165	True	38.3259365043914	32.4345083973186	24318	24319
36763	EHG	10229	True	59.4062482058229	39.4062672356537	24282	24283
36286	ANA	10717	True	48.6599074172043	11.3556212557341	23992	23993
36359	EHG	10652	True	45.498216781475	1.98010016195076	24038	24039
36945	EUR	10096	True	39.2903843830748	34.1266871486098	24352	24353
36362	EUR	10655	True	55.7305257308267	42.084144986832	24034	24035
35997	EUR	10986	True	57.0473578534791	45.8259336194753	23828	23829
36625	EUR	10392	True	60.848188846935	43.4208198013069	24188	24189
36894	EHG	10115	True	53.8810697434398	52.5208537648999	24342	24343
36289	EUR	10714	True	45.8491851172387	11.5881003113722	23996	23997
36897	ANA	10114	True	54.6876540573992	54.6408731982626	24344	24345
35296	EUR	11704	True	57.3287406491384	32.7864438645197	23428	23429
35472	EHG	11542	True	38.1445077645009	27.3353617988876	23516	23517
35502	EHG	11513	True	36.5741605210391	38.9164389276455	23544	23545
35398	EHG	11585	True	44.7118993887838	21.6017192291932	23494	23495
35541	EHG	11466	True	46.883907268696	12.1640054355588	23576	23577
35264	EUR	11733	True	53.2706287811111	15.7546801270124	23420	23421
35098	EHG	11925	True	59.0862502595528	35.116976966985	23306	23307
35184	ANA	11830	True	37.5169994083223	28.7092039008784	23354	23355
35536	ANA	11474	True	59.8229397055585	49.3140794065814	23568	23569
35439	EHG	11549	True	45.4768943830202	20.1621149295553	23510	23511
35594	EUR	11419	True	37.5013447195236	28.7393505891661	23604	23605
35181	EUR	11822	True	54.1520768221724	40.5586162817513	23358	23359
35649	EHG	11344	True	58.6533777537292	46.4972133830984	23642	23643
35564	EHG	11428	True	49.7863449361757	8.89897521719038	23594	23595
35936	EHG	11038	True	43.6273398813073	3.16509951973994	23786	23787
35230	ANA	11784	True	41.1449080314545	32.2601813703254	23386	23387
35648	EHG	11344	True	58.3371928291711	53.4875766749617	23640	23641
35813	EHG	11185	True	37.0434959756289	33.2441975347484	23700	23701
35620	EHG	11380	True	58.2704765609137	42.4529738581485	23628	23629
35185	ANA	11830	True	36.9140356735556	34.620050866861	23356	23357
35593	ANA	11401	True	48.8489126077845	8.99869544920754	23618	23619
35702	EUR	11305	True	41.1621250714728	33.6751428056113	23658	23659
35810	ANA	11175	True	46.6255703294952	-0.601355447157264	23708	23709
35151	ANA	11868	True	40.6428070354225	31.4366365359568	23334	23335
34577	EHG	12438	True	38.9041358927424	36.1378580653734	23010	23011
34018	ANA	12968	True	50.135998196051	20.9962764578639	22696	22697
34290	ANA	12697	True	60.6522436926945	32.8643913604745	22854	22855
33883	ANA	13099	True	41.2083680030334	32.903871361715	22612	22613
32379	EUR	14636	True	41.2989758669964	21.786991900012	21722	21723
32557	EHG	14476	True	56.0142233133024	37.908685965257	21810	21811
22360	ANA	24436	True	39.9116077492541	34.3972089958912	15836	15837
20956	ANA	25761	True	59.663922113514	50.080621712052	15064	15065
15233	OOA	31955	True	42.0695507288352	63.4008855685369	11328	11329
14833	OOA	32527	True	43.3188583516436	61.0595348152023	11028	11029
14628	OOA	32788	True	41.8733210983666	61.8896823575626	10886	10887
14172	OOA	33369	True	38.5615904948107	57.9865751003446	10528	10529
13268	OOA	34390	True	42.0311424358703	60.4016904952053	9862	9863
10427	OOA	37910	True	41.1984494208782	58.3931892529325	7756	7757
10431	OOA	37895	True	39.3967973105581	57.0137331448528	7764	7765
4074	OOA	45951	True	26.9926595270024	45.4495818484842	2980	2981
