ind	co1	co2
42784	9.4704050465036	9.4704050465036
8161	6.4505642631053215	6.4505642631053215
12398	0.9596775538295539	0.9596775538295539
42047	0.6920892990171723	0.6920892990171723
43565	8.372888226793936	8.372888226793936
32738	1.451910234469877	1.451910234469877
43503	4.998233220767504	4.998233220767504
17147	2.81020160161789	2.81020160161789
11950	3.331412503534487	3.331412503534487
25801	0.47395112499083525	0.47395112499083525
9213	0.16108906535792428	0.16108906535792428
1367	2.782207094553312	2.782207094553312
12019	0.16108555290889343	0.16108555290889343
34824	1.4427427798908945	1.4427427798908945
1640	0.017505650397322197	0.017505650397322197
10621	4.905030483435697	4.905030483435697
43290	3.331996123815366	3.331996123815366
24719	0.41898283021791094	0.41898283021791094
40120	0.5048565564292473	0.5048565564292473
20319	0.23205818641189124	0.23205818641189124
16210	4.427381821818885	4.427381821818885
44272	5.10156039437382	5.10156039437382
37698	4.622372408482507	4.622372408482507
10482	1.1553616804925997	1.1553616804925997
6930	0.24638898168170018	0.24638898168170018
16816	1.9209537457630703	1.9209537457630703
42241	1.4875033866060794	1.4875033866060794
13669	7.404833865696139	7.404833865696139
42450	1.5947403204741841	1.5947403204741841
31033	3.434222582347687	3.434222582347687
8887	0.8678066591592435	0.8678066591592435
4578	4.146489029537061	4.146489029537061
26443	0.07086119301325987	0.07086119301325987
4025	2.371383505144719	2.371383505144719
3402	1.502155252624809	1.502155252624809
5788	0.5630013952882171	0.5630013952882171
7020	1.040174362541736	1.040174362541736
35324	0.9868873774578828	0.9868873774578828
17760	4.430711903442089	4.430711903442089
31990	0.22817280522905328	0.22817280522905328
37825	2.859321938636838	2.859321938636838
41228	7.8886241854344235	7.8886241854344235
21148	4.003918810517521	4.003918810517521
31419	0.9076036524838441	0.9076036524838441
41517	5.611015616075919	5.611015616075919
9048	0.20382480708130707	0.20382480708130707
3608	1.5457986206718413	1.5457986206718413
33452	1.077754044708203	1.077754044708203
36763	7.397124864525358	7.397124864525358
1478	0.8831371884694561	0.8831371884694561
31027	0.8970628597991716	0.8970628597991716
20360	1.708427736461253	1.708427736461253
556	2.9077478829811363	2.9077478829811363
45010	2.432121661858781	2.432121661858781
39491	0.8111092814231515	0.8111092814231515
20948	0.8193092685897964	0.8193092685897964
9397	0.5652661311103775	0.5652661311103775
35596	1.1944836651608484	1.1944836651608484
27745	0.3444256113435199	0.3444256113435199
4218	3.2662892614588404	3.2662892614588404
34412	2.952317197240526	2.952317197240526
20597	2.0305381479710496	2.0305381479710496
32045	0.11856801891073109	0.11856801891073109
32783	2.9384088757607025	2.9384088757607025
39881	2.76540482124167	2.76540482124167
26165	5.300281414263556	5.300281414263556
17661	0.2617456607069152	0.2617456607069152
2159	8.249038392043426	8.249038392043426
7542	0.026283910311433394	0.026283910311433394
23620	6.0673327220774285	6.0673327220774285
15622	2.2196171093728743	2.2196171093728743
43350	0.4791697359274304	0.4791697359274304
16711	2.7316087978999017	2.7316087978999017
43356	0.6802891272626581	0.6802891272626581
45375	2.3047212367085113	2.3047212367085113
45421	4.645043636780974	4.645043636780974
17890	3.2145505062835253	3.2145505062835253
43194	0.1581104017669793	0.1581104017669793
32832	0.3340486243376168	0.3340486243376168
33307	1.8918545382063732	1.8918545382063732
3777	0.5052671476214391	0.5052671476214391
33840	0.5322363570751409	0.5322363570751409
45210	0.9425759940965744	0.9425759940965744
38669	0.24758849394720867	0.24758849394720867
9026	2.513039177650529	2.513039177650529
6149	0.046163862510338195	0.046163862510338195
3823	2.5049897357936244	2.5049897357936244
30417	0.32576692030319854	0.32576692030319854
31504	3.0325439981082805	3.0325439981082805
24993	10.001365860507107	10.001365860507107
20503	3.2501318548125395	3.2501318548125395
30252	0.8224322260339515	0.8224322260339515
510	4.131997038739203	4.131997038739203
18306	2.5657860162281505	2.5657860162281505
35539	0.03037835827600615	0.03037835827600615
29427	0.6119479093190202	0.6119479093190202
27806	3.383158678241207	3.383158678241207
41417	0.77429670017043	0.77429670017043
33509	0.014946259723767171	0.014946259723767171
3560	4.119977337272443	4.119977337272443
14955	0.2647903598637115	0.2647903598637115
24605	3.60427007493353	3.60427007493353
26436	2.869548784517972	2.869548784517972
6409	2.2862120058662763	2.2862120058662763
22332	0.07894451252881338	0.07894451252881338
18689	1.334389392347073	1.334389392347073
15594	0.7726485787867455	0.7726485787867455
3053	0.4920376184440622	0.4920376184440622
5582	1.7015461526463138	1.7015461526463138
13337	2.665305810396325	2.665305810396325
10674	0.388612006236504	0.388612006236504
35560	2.872232195988189	2.872232195988189
6958	0.07081868584458034	0.07081868584458034
15855	1.2321317621449783	1.2321317621449783
35501	6.3023168164244705	6.3023168164244705
12443	1.1621570023328656	1.1621570023328656
614	0.38532316456798726	0.38532316456798726
9005	1.5526173475107683	1.5526173475107683
37861	1.7080743896772932	1.7080743896772932
42983	1.4380399087845348	1.4380399087845348
42954	1.0088328881568234	1.0088328881568234
17915	1.9579923659489076	1.9579923659489076
12783	8.381120937051165	8.381120937051165
17020	3.5252352348391067	3.5252352348391067
13652	5.016997322430676	5.016997322430676
2266	1.2018801806690262	1.2018801806690262
6833	1.884322567294117	1.884322567294117
14272	0.1640752021103023	0.1640752021103023
43387	0.5414776422126162	0.5414776422126162
16388	0.28367229392077303	0.28367229392077303
14599	0.5740260506270732	0.5740260506270732
35567	4.681813813878213	4.681813813878213
28637	3.652743982069164	3.652743982069164
4947	0.3426874773569298	0.3426874773569298
17910	1.4842687093892557	1.4842687093892557
6968	8.117326525616853	8.117326525616853
24599	1.4658285596754512	1.4658285596754512
31129	4.757823310853238	4.757823310853238
43833	6.629951223013316	6.629951223013316
32689	1.550075123960904	1.550075123960904
18213	0.8035835817635356	0.8035835817635356
14066	6.314777944902702	6.314777944902702
22492	0.7393889181839468	0.7393889181839468
37071	0.9119629863863508	0.9119629863863508
41313	1.0796268702782221	1.0796268702782221
7539	0.017819240396620882	0.017819240396620882
45301	0.9409553439963968	0.9409553439963968
28448	2.1226691308266097	2.1226691308266097
39056	3.182930699811872	3.182930699811872
39916	4.776808699075544	4.776808699075544
42390	1.945290038098902	1.945290038098902
15915	2.5991999423090104	2.5991999423090104
8835	0.6420483432736227	0.6420483432736227
6695	1.0937094929554374	1.0937094929554374
9318	1.5749901782070461	1.5749901782070461
42817	0.10576189573881735	0.10576189573881735
29356	0.4622194972103399	0.4622194972103399
28121	0.02059446856023965	0.02059446856023965
19875	3.163722030200031	3.163722030200031
42219	6.311073002389767	6.311073002389767
13064	2.3687602184151926	2.3687602184151926
1634	1.7236445518909285	1.7236445518909285
40714	0.55196172655189	0.55196172655189
42690	1.4190244089868682	1.4190244089868682
14765	0.85979418326621	0.85979418326621
29928	0.27908992480686223	0.27908992480686223
26699	0.06175511605578063	0.06175511605578063
18234	6.13577062069958	6.13577062069958
3687	1.13017694057081	1.13017694057081
20059	2.1983944095247008	2.1983944095247008
33009	5.61060942016797	5.61060942016797
23841	7.2316228333059325	7.2316228333059325
45105	0.6898404657350398	0.6898404657350398
15983	5.12093242856113	5.12093242856113
39460	1.1253452626576605	1.1253452626576605
45002	0.6655180425907524	0.6655180425907524
38420	0.9212790387716432	0.9212790387716432
31799	7.70585062474185	7.70585062474185
40366	1.5970125252816565	1.5970125252816565
21558	4.233035771125486	4.233035771125486
7498	2.2133005250740068	2.2133005250740068
27092	2.017025371247863	2.017025371247863
39293	0.6939342371363986	0.6939342371363986
31062	0.7494185720380304	0.7494185720380304
16404	6.897820816311498	6.897820816311498
32948	0.18854019692508608	0.18854019692508608
19281	1.8309567297361538	1.8309567297361538
9044	1.169811098756039	1.169811098756039
41440	0.2485574493862582	0.2485574493862582
41902	14.155231506290496	14.155231506290496
5233	2.53779151382252	2.53779151382252
39148	4.195149337429516	4.195149337429516
22359	2.6971385888071664	2.6971385888071664
42947	2.846915149953007	2.846915149953007
7499	4.343390238152573	4.343390238152573
1751	5.222950026497572	5.222950026497572
43540	1.2253970402783598	1.2253970402783598
43939	0.34159890594062087	0.34159890594062087
23297	6.210989940116934	6.210989940116934
42904	0.16845663761931162	0.16845663761931162
40332	1.9071464883719804	1.9071464883719804
38966	11.373628380193507	11.373628380193507
3471	3.8298592173142367	3.8298592173142367
40644	0.3571280965182772	0.3571280965182772
12537	2.0113472611132934	2.0113472611132934
7192	0.7424588271048808	0.7424588271048808
19872	0.90161351820611	0.90161351820611
6307	2.346743252824632	2.346743252824632
10921	0.7512811380130187	0.7512811380130187
3504	0.3565981713835882	0.3565981713835882
13388	1.400658567457654	1.400658567457654
24243	0.4005306508855768	0.4005306508855768
10238	3.3622703288003266	3.3622703288003266
28164	3.9291745676902434	3.9291745676902434
22203	0.13346547406796577	0.13346547406796577
31386	0.8817918925152444	0.8817918925152444
902	0.6352719254245988	0.6352719254245988
18116	4.056023692797689	4.056023692797689
2211	0.9820603906056438	0.9820603906056438
14248	0.35239100007863616	0.35239100007863616
27137	2.065691897175473	2.065691897175473
42742	0.09772349839002235	0.09772349839002235
44300	5.22643211429417	5.22643211429417
15797	3.5443662208071918	3.5443662208071918
7858	1.212467869788671	1.212467869788671
26532	0.15731881774186685	0.15731881774186685
44353	2.831735812685369	2.831735812685369
22894	4.386324839026992	4.386324839026992
28970	7.395351263749243	7.395351263749243
15120	4.5360820882709	4.5360820882709
6117	1.3530763452283616	1.3530763452283616
36832	1.1677884550338817	1.1677884550338817
879	0.08017630445701221	0.08017630445701221
20505	2.2560635655655674	2.2560635655655674
8328	2.272812509925482	2.272812509925482
37029	2.14687052673991	2.14687052673991
2532	4.616257985421286	4.616257985421286
14035	0.10407157792525137	0.10407157792525137
19950	1.564681558367431	1.564681558367431
42046	3.6989021847802968	3.6989021847802968
38159	4.274075274408118	4.274075274408118
6122	0.5580359508906394	0.5580359508906394
17237	4.935873333742401	4.935873333742401
44716	2.311801328354132	2.311801328354132
39656	1.9712645234831225	1.9712645234831225
44792	2.1673887615666434	2.1673887615666434
16308	1.925780216821127	1.925780216821127
13057	2.4299005106487446	2.4299005106487446
9545	0.18322653421423452	0.18322653421423452
7196	2.2619627712039954	2.2619627712039954
19948	2.7515562053870157	2.7515562053870157
16412	6.880708944422606	6.880708944422606
43863	5.863133524626558	5.863133524626558
25683	2.99071375310038	2.99071375310038
10009	0.1537812269756077	0.1537812269756077
22615	2.475839213118127	2.475839213118127
42267	0.4282344692202649	0.4282344692202649
38456	2.1051016211928477	2.1051016211928477
42286	0.06345789625113923	0.06345789625113923
19336	0.5408773837600728	0.5408773837600728
33578	0.27765362009672884	0.27765362009672884
13507	0.9566923660324601	0.9566923660324601
33453	2.052989717919756	2.052989717919756
30227	0.2429686817941297	0.2429686817941297
42453	1.5416725349821272	1.5416725349821272
4263	3.8037085493805693	3.8037085493805693
20681	2.400785581123245	2.400785581123245
4776	7.284525796143771	7.284525796143771
7808	1.6001599618731885	1.6001599618731885
32130	0.902633744259498	0.902633744259498
9908	1.8480843045405544	1.8480843045405544
18908	0.6213120577133708	0.6213120577133708
20453	1.8433460499313499	1.8433460499313499
22499	1.393260778030486	1.393260778030486
20592	0.625722121824143	0.625722121824143
84	5.28308277172445	5.28308277172445
18236	3.1957809198094767	3.1957809198094767
41103	0.2039170389217546	0.2039170389217546
6068	0.4848954519834233	0.4848954519834233
38498	3.7232859783750656	3.7232859783750656
25838	0.1428455453909896	0.1428455453909896
34293	1.3524815415336977	1.3524815415336977
1565	1.272022830092845	1.272022830092845
12058	0.590508821418587	0.590508821418587
5215	1.5961376147081217	1.5961376147081217
34320	0.7995262586321736	0.7995262586321736
26787	0.1686587221967391	0.1686587221967391
42760	1.776299388272118	1.776299388272118
1664	3.6621643866980085	3.6621643866980085
3156	5.053130934207502	5.053130934207502
14342	0.6086365712651516	0.6086365712651516
40282	0.9726102033639709	0.9726102033639709
15410	4.743402369755184	4.743402369755184
28781	3.8569368765361665	3.8569368765361665
37731	9.586107850649274	9.586107850649274
19362	1.8162397343514234	1.8162397343514234
40390	1.172648701010369	1.172648701010369
27028	1.2408606482695579	1.2408606482695579
4777	0.32469664487756594	0.32469664487756594
11237	3.250378501793181	3.250378501793181
32129	2.0558822983137777	2.0558822983137777
25682	0.02099419686736733	0.02099419686736733
16256	0.07912846433774443	0.07912846433774443
44637	0.9322570693370714	0.9322570693370714
30750	0.4177360288990261	0.4177360288990261
20027	2.5809713787614617	2.5809713787614617
41122	1.9537720174045936	1.9537720174045936
2530	8.781956350067679	8.781956350067679
4874	2.3148236015268866	2.3148236015268866
19784	0.3532113100146948	0.3532113100146948
34134	4.394300891867118	4.394300891867118
12116	0.253536738877489	0.253536738877489
24360	1.6088320499700641	1.6088320499700641
19696	2.446800487518044	2.446800487518044
12945	1.012610525374606	1.012610525374606
20857	1.0612761093567464	1.0612761093567464
45170	1.7322656786945905	1.7322656786945905
4822	3.220936534996355	3.220936534996355
42981	0.5543014704966732	0.5543014704966732
19137	1.1309854027690032	1.1309854027690032
39294	0.33807374159917875	0.33807374159917875
21977	2.8577410527793465	2.8577410527793465
35228	0.05338831372684251	0.05338831372684251
13450	2.1289695926717815	2.1289695926717815
12866	2.791389351587113	2.791389351587113
13270	1.7830609146120595	1.7830609146120595
9174	2.251941644883464	2.251941644883464
41358	7.817791007705409	7.817791007705409
11942	1.4872822324608355	1.4872822324608355
18210	1.548851401511974	1.548851401511974
39326	0.02156444239789425	0.02156444239789425
12053	0.7406644412592721	0.7406644412592721
9928	3.8907475177647832	3.8907475177647832
12063	5.068259381217453	5.068259381217453
21144	3.493968263243008	3.493968263243008
11156	9.322498324152333	9.322498324152333
26139	5.53681271548141	5.53681271548141
2074	0.11703651295972488	0.11703651295972488
32591	4.139018085661221	4.139018085661221
20697	2.6897212481262596	2.6897212481262596
12093	2.5350016809649656	2.5350016809649656
27841	1.3185710998831495	1.3185710998831495
38922	0.8391858890626113	0.8391858890626113
26883	6.994021358536336	6.994021358536336
18905	2.041913541512827	2.041913541512827
2814	2.848735740841595	2.848735740841595
32042	0.8470917645169145	0.8470917645169145
19660	1.2447871853781411	1.2447871853781411
20477	1.2452066498003689	1.2452066498003689
39151	3.9385890848748852	3.9385890848748852
19285	0.5072553830714288	0.5072553830714288
13838	0.40899274640920835	0.40899274640920835
25366	0.15999717331785965	0.15999717331785965
42576	0.8663115148439119	0.8663115148439119
17717	0.854100471095981	0.854100471095981
3284	1.4890809010159707	1.4890809010159707
21838	2.4149430413548205	2.4149430413548205
35011	6.532786220632276	6.532786220632276
27318	3.448029958561975	3.448029958561975
16575	0.13705132555775892	0.13705132555775892
33719	3.398005401745348	3.398005401745348
43254	2.783302390731668	2.783302390731668
29420	0.1316562621637201	0.1316562621637201
8036	1.609573016747656	1.609573016747656
39143	4.754769345118465	4.754769345118465
10363	7.691217300724527	7.691217300724527
21621	1.592828753704838	1.592828753704838
24842	0.2084612051882626	0.2084612051882626
42387	2.76454201164223	2.76454201164223
30914	0.226623528952655	0.226623528952655
30994	0.09642404226391775	0.09642404226391775
12451	0.2854952114315126	0.2854952114315126
24697	5.202035374278347	5.202035374278347
25841	0.7382260837434609	0.7382260837434609
7849	9.589714548151978	9.589714548151978
16772	2.4549262407313623	2.4549262407313623
33433	0.23972051936426927	0.23972051936426927
6194	0.3833395888406457	0.3833395888406457
31539	1.5182014655736986	1.5182014655736986
28992	3.3407548232351054	3.3407548232351054
33920	4.274692251381438	4.274692251381438
4760	2.0376132483985567	2.0376132483985567
43384	3.4664060756286172	3.4664060756286172
25864	5.203103908330979	5.203103908330979
11020	0.34055928392754287	0.34055928392754287
2973	0.746809575138043	0.746809575138043
6651	4.552706385536138	4.552706385536138
11946	2.9343118082895274	2.9343118082895274
11216	0.589104206939446	0.589104206939446
6193	2.935635683937762	2.935635683937762
15914	0.4342119292705185	0.4342119292705185
12371	0.7600916261858554	0.7600916261858554
44327	1.7710746255608032	1.7710746255608032
23581	0.48051300882594417	0.48051300882594417
41252	2.026833478479026	2.026833478479026
10384	1.4546750219067672	1.4546750219067672
41576	1.3796708787693042	1.3796708787693042
35303	0.7219602746465086	0.7219602746465086
32892	0.49979839294509726	0.49979839294509726
2787	0.1990976284688879	0.1990976284688879
39594	0.38215331665924734	0.38215331665924734
7475	7.332550878989051	7.332550878989051
2840	11.790432540419456	11.790432540419456
9429	3.0661568180210645	3.0661568180210645
41167	1.1500930255167308	1.1500930255167308
26104	4.98704586982468	4.98704586982468
30881	0.1889090906812874	0.1889090906812874
34665	1.5551903772496511	1.5551903772496511
12643	2.048199334738938	2.048199334738938
33137	0.13832703834823754	0.13832703834823754
35562	2.5771032506098	2.5771032506098
45441	2.837153082283833	2.837153082283833
26445	1.0318040949956142	1.0318040949956142
43230	0.18152945489243852	0.18152945489243852
6002	1.703017746141639	1.703017746141639
24202	0.369483216563661	0.369483216563661
6000	1.7705213926147734	1.7705213926147734
17146	3.0702935036400074	3.0702935036400074
28515	0.3784794603945935	0.3784794603945935
5230	0.29578832053361465	0.29578832053361465
7879	0.43264114484797056	0.43264114484797056
26753	1.1227399977061543	1.1227399977061543
16728	6.036091750249994	6.036091750249994
13389	1.312100025409762	1.312100025409762
18514	0.8101537662642654	0.8101537662642654
17686	0.8473215470496004	0.8473215470496004
6285	1.2569782475667555	1.2569782475667555
15338	1.21224123864558	1.21224123864558
18696	3.4432696771297033	3.4432696771297033
20504	3.8378617127926735	3.8378617127926735
22493	2.3487255208499422	2.3487255208499422
14769	5.328406173215809	5.328406173215809
15366	3.927431543328012	3.927431543328012
13832	4.516520957092074	4.516520957092074
12203	0.3004941379110125	0.3004941379110125
16799	3.4018584851992433	3.4018584851992433
22451	1.9238281066267109	1.9238281066267109
10924	0.529758157684273	0.529758157684273
6729	2.962196831949965	2.962196831949965
30125	2.4249495317072727	2.4249495317072727
34854	4.281592135984752	4.281592135984752
32400	3.4623504748774656	3.4623504748774656
13476	5.492524709248746	5.492524709248746
9459	2.029509073657395	2.029509073657395
8133	2.249051094539552	2.249051094539552
36360	3.0351987404715666	3.0351987404715666
2459	0.7873982959762943	0.7873982959762943
17363	0.9673034350715088	0.9673034350715088
39048	2.502617953300386	2.502617953300386
45068	4.170307215639424	4.170307215639424
43161	0.9357193305629167	0.9357193305629167
17364	0.3955662350936555	0.3955662350936555
25730	3.0640754303548907	3.0640754303548907
20727	1.5541784625128732	1.5541784625128732
810	4.212621073461803	4.212621073461803
19456	0.19784163472597993	0.19784163472597993
15799	0.12579720183216447	0.12579720183216447
32313	4.73104550637672	4.73104550637672
16155	0.8313970971403856	0.8313970971403856
17283	1.873274538764203	1.873274538764203
19843	1.1582068693786975	1.1582068693786975
12644	1.6710553901312613	1.6710553901312613
31128	2.433610420627553	2.433610420627553
24286	0.423420603100351	0.423420603100351
21585	2.150554398010034	2.150554398010034
36728	1.0213745500231772	1.0213745500231772
5680	0.4819537720341919	0.4819537720341919
23518	16.08641455048928	16.08641455048928
18620	0.36221136345308763	0.36221136345308763
34817	0.9836446367770033	0.9836446367770033
36416	1.0036201956690987	1.0036201956690987
28780	7.271950837176363	7.271950837176363
4462	1.364934939658803	1.364934939658803
30787	0.8190607847911742	0.8190607847911742
22646	3.2657883601917197	3.2657883601917197
45435	2.157236475786444	2.157236475786444
12370	3.5823462256061616	3.5823462256061616
15041	0.38669113626538937	0.38669113626538937
25903	2.245300564367918	2.245300564367918
28833	8.78607393454804	8.78607393454804
21523	0.0983469701520157	0.0983469701520157
3951	2.377656266743605	2.377656266743605
31986	1.5294541339735441	1.5294541339735441
557	0.8911828315828618	0.8911828315828618
27445	0.4115018416630525	0.4115018416630525
5144	0.12586454711854933	0.12586454711854933
15264	3.858510615887951	3.858510615887951
4759	1.765923636173368	1.765923636173368
5118	1.4621845199166301	1.4621845199166301
42087	5.561376511966179	5.561376511966179
41283	4.8807236065070665	4.8807236065070665
41308	1.6431051225945896	1.6431051225945896
13976	0.05059224656204034	0.05059224656204034
2387	0.48198883493679556	0.48198883493679556
27597	0.7747952046012292	0.7747952046012292
38990	2.551681235186229	2.551681235186229
16661	0.2840046817627989	0.2840046817627989
23770	0.14069395998998954	0.14069395998998954
5974	1.7148689052390547	1.7148689052390547
5391	0.4581129854803635	0.4581129854803635
2504	2.26237783256608	2.26237783256608
9692	2.8810459390878735	2.8810459390878735
29617	3.5481076168618713	3.5481076168618713
37155	2.4922970410496355	2.4922970410496355
17739	3.6662563501147005	3.6662563501147005
8079	1.4888814620625372	1.4888814620625372
32167	0.43178492326959944	0.43178492326959944
45174	1.8068913895987024	1.8068913895987024
42932	0.6475492901082052	0.6475492901082052
16254	0.3491302929673514	0.3491302929673514
8078	2.654486889238594	2.654486889238594
5791	2.909365519586777	2.909365519586777
1775	2.8952109869792575	2.8952109869792575
6217	4.043938647075665	4.043938647075665
25264	0.8914650948689112	0.8914650948689112
25769	2.2222692410782487	2.2222692410782487
1873	1.4971696066651565	1.4971696066651565
19748	4.907447255356824	4.907447255356824
8832	0.7081693736123466	0.7081693736123466
13570	2.484973393461859	2.484973393461859
19664	1.0764125028157772	1.0764125028157772
34507	0.7713769346863717	0.7713769346863717
847	1.3528914295410064	1.3528914295410064
38691	1.4716713873356144	1.4716713873356144
10410	9.042253005783698	9.042253005783698
28669	1.3166585158240989	1.3166585158240989
8126	2.527239132191805	2.527239132191805
23263	2.4811511270162647	2.4811511270162647
11604	0.9956280436852046	0.9956280436852046
22489	2.8882859965939156	2.8882859965939156
4471	3.725564142539022	3.725564142539022
25022	3.4053590110448866	3.4053590110448866
38272	0.5849339040336551	0.5849339040336551
24168	4.436744457977142	4.436744457977142
38394	5.425567524390007	5.425567524390007
45451	2.472167560713489	2.472167560713489
21891	5.125258097944101	5.125258097944101
36320	1.7758725503232171	1.7758725503232171
24934	0.9273952406648999	0.9273952406648999
25368	5.11243221414909	5.11243221414909
35472	1.4155497075527226	1.4155497075527226
13698	5.889078720756788	5.889078720756788
25167	1.72659337802695	1.72659337802695
22716	9.974544750142265	9.974544750142265
31681	3.514923518841624	3.514923518841624
16666	3.499741769787539	3.499741769787539
33987	0.8242596845973814	0.8242596845973814
42669	5.60563749356828	5.60563749356828
31133	4.172973983260562	4.172973983260562
1308	0.6813276167873376	0.6813276167873376
15445	7.592406867083442	7.592406867083442
6353	0.023201795606208254	0.023201795606208254
38589	0.08746874819013964	0.08746874819013964
44914	1.0153056741008817	1.0153056741008817
13776	2.4764731628290892	2.4764731628290892
35200	14.543859008715721	14.543859008715721
8333	3.6944362216940774	3.6944362216940774
10622	2.6751171413756807	2.6751171413756807
11693	5.7672521806133945	5.7672521806133945
25486	2.7012796807946207	2.7012796807946207
33605	3.4614403589683644	3.4614403589683644
9862	1.8906418704754153	1.8906418704754153
32337	0.5703404602644092	0.5703404602644092
757	0.3528120092732387	0.3528120092732387
14229	0.7015823074224204	0.7015823074224204
42201	15.038311075943426	15.038311075943426
42744	5.132669721787956	5.132669721787956
19780	3.5187184892510706	3.5187184892510706
39596	1.2220076717712443	1.2220076717712443
1417	1.3543997845306601	1.3543997845306601
34414	4.907501874850703	4.907501874850703
43841	1.2705653052797445	1.2705653052797445
929	1.3157648103304882	1.3157648103304882
14519	1.7360687104140018	1.7360687104140018
28032	5.0487865498221645	5.0487865498221645
16594	5.967833122571616	5.967833122571616
15266	3.6532753539408636	3.6532753539408636
3246	1.0976917151295325	1.0976917151295325
17482	2.1372877597018705	2.1372877597018705
2632	0.9864926801328092	0.9864926801328092
23517	1.3512141843764358	1.3512141843764358
3181	3.7354149101813663	3.7354149101813663
2849	0.8712758376968267	0.8712758376968267
27919	5.945307524425153	5.945307524425153
16664	1.069087157612689	1.069087157612689
26793	1.080603843379376	1.080603843379376
43414	0.7555927968324643	0.7555927968324643
24593	2.103605368341714	2.103605368341714
9260	0.2416364548928728	0.2416364548928728
30258	2.4902580633047804	2.4902580633047804
4715	6.1065097678595395	6.1065097678595395
41744	9.625231844427548	9.625231844427548
40119	7.350967325818327	7.350967325818327
42555	1.1020671910281854	1.1020671910281854
28163	8.652566270152363	8.652566270152363
36698	0.01999812054777439	0.01999812054777439
26226	1.6989752970305343	1.6989752970305343
2176	0.7811884527461459	0.7811884527461459
26758	1.344622035374348	1.344622035374348
20429	2.5867090248908973	2.5867090248908973
29950	6.015959248585575	6.015959248585575
27450	1.0283583786843922	1.0283583786843922
33847	0.2989056900055213	0.2989056900055213
12535	4.1556112520511075	4.1556112520511075
24241	0.13370334753177812	0.13370334753177812
29348	0.7434833890067001	0.7434833890067001
17098	2.128525982675849	2.128525982675849
38797	0.3026139967392109	0.3026139967392109
5660	1.961244949969709	1.961244949969709
33240	2.931847326826822	2.931847326826822
7358	0.06416991819216401	0.06416991819216401
931	7.082375970811954	7.082375970811954
5454	1.5124599027126855	1.5124599027126855
11404	3.637671092086609	3.637671092086609
10485	0.8425295634616046	0.8425295634616046
44487	1.037384596926067	1.037384596926067
22027	0.583448619067406	0.583448619067406
4411	3.507785631971223	3.507785631971223
10788	1.5904327515143808	1.5904327515143808
24990	1.1363138703491351	1.1363138703491351
12753	3.445779246202089	3.445779246202089
16192	6.049700687001574	6.049700687001574
9910	3.289788389813604	3.289788389813604
4920	1.263530509066079	1.263530509066079
41020	0.9816525210076545	0.9816525210076545
32312	0.695130011918965	0.695130011918965
9424	2.364758309152308	2.364758309152308
42000	2.047050829399469	2.047050829399469
15971	0.43453959527142083	0.43453959527142083
36894	1.0275437595824126	1.0275437595824126
7106	0.4651863165873851	0.4651863165873851
16604	12.218305627331072	12.218305627331072
32921	1.5626220547704521	1.5626220547704521
18398	1.4626830575295429	1.4626830575295429
25640	0.7571545542238282	0.7571545542238282
2945	0.677429850341926	0.677429850341926
32623	1.870564341035701	1.870564341035701
37295	6.449397959521397	6.449397959521397
12292	0.7648855332410167	0.7648855332410167
26012	4.282827774067517	4.282827774067517
812	4.531546070102683	4.531546070102683
7059	0.9422060435264259	0.9422060435264259
25450	4.71442267732989	4.71442267732989
16822	5.02644562171337	5.02644562171337
37455	0.2566003093973266	0.2566003093973266
10235	0.7941636175107011	0.7941636175107011
15003	2.491220144497267	2.491220144497267
36835	6.652989959692185	6.652989959692185
11432	0.023158517069340825	0.023158517069340825
225	2.113979432356563	2.113979432356563
31890	1.6705492745132187	1.6705492745132187
40527	2.084323748304027	2.084323748304027
4644	2.4450099806633574	2.4450099806633574
3713	4.580557770004216	4.580557770004216
13873	6.236268558476096	6.236268558476096
24126	0.3990640766790661	0.3990640766790661
19985	1.9799326811871854	1.9799326811871854
29023	0.5879896841875066	0.5879896841875066
35930	1.538916709539296	1.538916709539296
4548	0.7247155272641137	0.7247155272641137
28185	2.3180100416624834	2.3180100416624834
6426	3.989516119157528	3.989516119157528
26194	0.8246711757850084	0.8246711757850084
23497	9.812019094056664	9.812019094056664
27128	1.7417498822355355	1.7417498822355355
123	1.1854754704999257	1.1854754704999257
23618	1.0339341140860778	1.0339341140860778
11736	0.49400660360885956	0.49400660360885956
29313	3.5105349429393797	3.5105349429393797
29547	4.593780780684843	4.593780780684843
10739	0.1505120985613374	0.1505120985613374
33785	4.099721531647832	4.099721531647832
3867	0.6863671053771493	0.6863671053771493
7317	0.9468653687592693	0.9468653687592693
16160	1.2675870804678904	1.2675870804678904
33843	3.9835797643528017	3.9835797643528017
36071	0.5238533304273132	0.5238533304273132
3950	8.25315246879387	8.25315246879387
6279	3.1136524255214653	3.1136524255214653
37488	1.4008251170199357	1.4008251170199357
43812	2.4338390398679524	2.4338390398679524
20724	0.4951035513682568	0.4951035513682568
17048	0.07326963199497769	0.07326963199497769
37860	0.10714982902326	0.10714982902326
601	3.629703904328978	3.629703904328978
40933	2.3569161403669954	2.3569161403669954
38043	1.5648983022573988	1.5648983022573988
15858	0.5904169472068201	0.5904169472068201
28723	0.7969127891739942	0.7969127891739942
20654	4.656476488517513	4.656476488517513
10118	5.102141621604328	5.102141621604328
28869	3.787963407068925	3.787963407068925
14541	3.3796764096952834	3.3796764096952834
32858	3.1502701774235065	3.1502701774235065
26791	5.64598343919834	5.64598343919834
11433	0.9828749549855431	0.9828749549855431
2660	0.1051046906266275	0.1051046906266275
16550	7.499220753186635	7.499220753186635
2846	0.6452486985678383	0.6452486985678383
11540	4.700011076271358	4.700011076271358
2265	7.138069690580383	7.138069690580383
20370	1.933143110429396	1.933143110429396
45438	4.777581375619356	4.777581375619356
17592	2.6211256586562497	2.6211256586562497
18843	0.678516682631972	0.678516682631972
38671	0.7913494811177018	0.7913494811177018
9110	1.4053303384383988	1.4053303384383988
42758	1.7666503935923743	1.7666503935923743
36173	2.8565307410258916	2.8565307410258916
32284	2.2855183504058747	2.2855183504058747
33303	0.9680851209077211	0.9680851209077211
14593	2.690149385522348	2.690149385522348
43732	3.2207779012577893	3.2207779012577893
40553	1.1611768119749681	1.1611768119749681
21680	0.48556589894447205	0.48556589894447205
22454	1.687268596757436	1.687268596757436
43141	0.3547547259461241	0.3547547259461241
4495	2.19661795701848	2.19661795701848
23348	3.0895632965132305	3.0895632965132305
1246	5.014159866028942	5.014159866028942
1965	3.0867362185723906	3.0867362185723906
32626	0.1244006640306145	0.1244006640306145
25399	1.4900636365851943	1.4900636365851943
31687	1.4104335599469708	1.4104335599469708
35840	2.694490479610225	2.694490479610225
6121	0.05376415253013894	0.05376415253013894
10097	9.933628225630896	9.933628225630896
32374	2.9475179809059617	2.9475179809059617
10049	0.9014283303285594	0.9014283303285594
41996	2.869405797863295	2.869405797863295
32315	2.9553992853525872	2.9553992853525872
20855	3.273865319351921	3.273865319351921
17093	1.2177251735098953	1.2177251735098953
4130	0.21506771543199443	0.21506771543199443
19810	2.124215456839167	2.124215456839167
32888	3.2615898655232196	3.2615898655232196
23649	0.2649230005365615	0.2649230005365615
28751	1.0631836586575327	1.0631836586575327
10512	0.4435487182414692	0.4435487182414692
5044	0.5497348741764317	0.5497348741764317
23295	0.03341634365050111	0.03341634365050111
1386	0.23304387829677523	0.23304387829677523
31763	1.9134497046718617	1.9134497046718617
45071	0.1728408489160848	0.1728408489160848
2291	4.440266812106199	4.440266812106199
31136	0.6749380199460508	0.6749380199460508
24600	2.7016843962763444	2.7016843962763444
24059	1.5201123777227097	1.5201123777227097
27227	0.43930875765795585	0.43930875765795585
35965	0.5156831199542833	0.5156831199542833
2634	5.890139562162543	5.890139562162543
14225	1.4700622903968417	1.4700622903968417
3503	8.54347608114408	8.54347608114408
24455	4.765950040586667	4.765950040586667
27061	1.8011412318399358	1.8011412318399358
1730	0.19533034584779696	0.19533034584779696
16281	4.107899413324206	4.107899413324206
30028	7.345375927478161	7.345375927478161
24809	0.702060216448771	0.702060216448771
10516	2.6427172258401455	2.6427172258401455
15482	1.3273845044436987	1.3273845044436987
5334	3.4015633662522773	3.4015633662522773
28307	3.1638522442221615	3.1638522442221615
10673	1.6846503033059452	1.6846503033059452
14273	2.12671603352546	2.12671603352546
25267	6.321911148978083	6.321911148978083
10120	2.901099355905495	2.901099355905495
32307	1.180316182370183	1.180316182370183
5563	0.16228510925212994	0.16228510925212994
23123	0.2601895234622776	0.2601895234622776
37768	4.032973021249583	4.032973021249583
16026	7.518854521164672	7.518854521164672
17145	1.6230127690025666	1.6230127690025666
31282	3.2690154093736727	3.2690154093736727
33752	0.6622981390405791	0.6622981390405791
4520	1.7906635708102037	1.7906635708102037
32311	0.6412615421192266	0.6412615421192266
11720	0.5124409526713269	0.5124409526713269
40246	0.41781465020968644	0.41781465020968644
41208	0.7457622110958113	0.7457622110958113
40038	5.930361142092425	5.930361142092425
28420	1.389801859646431	1.389801859646431
5364	1.297591648828879	1.297591648828879
3673	0.19161982491764926	0.19161982491764926
4572	6.655268807364494	6.655268807364494
17365	0.7267731010482565	0.7267731010482565
5830	4.629647222664192	4.629647222664192
27031	2.1141273228641966	2.1141273228641966
29355	3.608864079841549	3.608864079841549
31417	3.8288323765306846	3.8288323765306846
6934	3.187588993699806	3.187588993699806
14170	5.1094912639667065	5.1094912639667065
19961	1.9915651984334608	1.9915651984334608
41998	1.2537149322573486	1.2537149322573486
23203	0.2039399727865137	0.2039399727865137
5480	1.9361047516050494	1.9361047516050494
2553	0.9078333517914439	0.9078333517914439
32277	0.7201294642826596	0.7201294642826596
13625	0.735586052653602	0.735586052653602
4581	2.4054039539087237	2.4054039539087237
28892	2.768880424139407	2.768880424139407
22928	3.9700562576028697	3.9700562576028697
2850	0.9232002957862698	0.9232002957862698
17770	0.29129631563898273	0.29129631563898273
35010	1.8919144744793386	1.8919144744793386
2923	2.347222091304886	2.347222091304886
34661	0.6088948959474191	0.6088948959474191
36515	0.685529717122399	0.685529717122399
3268	0.552144931505011	0.552144931505011
44476	5.321364379041152	5.321364379041152
42045	1.3524225518143143	1.3524225518143143
15187	6.906666133964456	6.906666133964456
24096	0.7621469508911598	0.7621469508911598
44297	4.4753920257647986	4.4753920257647986
41524	1.1328143353414917	1.1328143353414917
10240	1.741821158992797	1.741821158992797
11079	0.7267123571199352	0.7267123571199352
10509	3.1393761423941084	3.1393761423941084
44414	0.1076637713901688	0.1076637713901688
22806	3.0895502591473027	3.0895502591473027
3138	7.5874721505468425	7.5874721505468425
45004	0.9617914496247483	0.9617914496247483
32335	5.783645081057207	5.783645081057207
40497	1.789784971423699	1.789784971423699
38454	2.010539570332238	2.010539570332238
13190	5.244020725421485	5.244020725421485
31852	3.1523063891376717	3.1523063891376717
21861	8.586377845937118	8.586377845937118
38864	0.7159971874692349	0.7159971874692349
4797	2.4611958033275556	2.4611958033275556
11776	2.114350729393894	2.114350729393894
2420	2.9087524833611096	2.9087524833611096
13835	2.4336527800157572	2.4336527800157572
11898	0.046261061969400226	0.046261061969400226
4522	4.319253146382234	4.319253146382234
30536	2.41492319272154	2.41492319272154
8429	4.006376561175972	4.006376561175972
3081	2.547701079271858	2.547701079271858
1101	0.012140211543751615	0.012140211543751615
29390	2.910635684179333	2.910635684179333
16658	8.608481540557555	8.608481540557555
20197	2.125599745545855	2.125599745545855
16025	0.9554406156795461	0.9554406156795461
45376	3.426967469684137	3.426967469684137
22118	1.4292328679834045	1.4292328679834045
16824	0.6418523371411999	0.6418523371411999
43355	4.498531560894923	4.498531560894923
19749	2.4698626469951237	2.4698626469951237
8204	1.1172653213512418	1.1172653213512418
12889	1.8302814556082794	1.8302814556082794
26501	0.2954662523515328	0.2954662523515328
32489	3.427453727505167	3.427453727505167
39975	0.6092420607937823	0.6092420607937823
15236	0.036677614295820574	0.036677614295820574
7545	8.821158775284037	8.821158775284037
13750	3.7176218901249847	3.7176218901249847
16154	2.6456441570442326	2.6456441570442326
7104	2.846937403416573	2.846937403416573
28717	0.6702283344832204	0.6702283344832204
21522	7.998871544347484	7.998871544347484
14169	8.324658384393947	8.324658384393947
40795	9.696373620181463	9.696373620181463
13626	0.05159796568393751	0.05159796568393751
14300	0.09589423171568573	0.09589423171568573
9216	3.5586763174202054	3.5586763174202054
37676	1.7681860127811904	1.7681860127811904
24882	0.8259613447274134	0.8259613447274134
3707	1.1552085180812872	1.1552085180812872
43382	1.348460063466528	1.348460063466528
9787	0.06161844376309269	0.06161844376309269
16571	0.34457923843303373	0.34457923843303373
3712	0.5503592678171767	0.5503592678171767
13510	1.009049026043856	1.009049026043856
9618	1.0065456720869295	1.0065456720869295
17633	0.1583867394750464	0.1583867394750464
14492	2.567929715538221	2.567929715538221
32071	11.800053569050906	11.800053569050906
20589	5.360104521334836	5.360104521334836
6759	3.4028116891333964	3.4028116891333964
3780	3.1887223951014256	3.1887223951014256
18206	0.6892299289235523	0.6892299289235523
45213	0.41665645626098924	0.41665645626098924
13063	2.7203004352038787	2.7203004352038787
28482	9.384473022564277	9.384473022564277
5072	0.05907776897068003	0.05907776897068003
36594	7.6578981581914585	7.6578981581914585
20539	1.2521106229752628	1.2521106229752628
17182	0.5268924236600762	0.5268924236600762
5503	3.5673432604395505	3.5673432604395505
29842	4.869689564094914	4.869689564094914
18180	0.32401516442616296	0.32401516442616296
9377	3.1268212445061416	3.1268212445061416
19665	1.2066309929445804	1.2066309929445804
40642	3.0503096082778627	3.0503096082778627
16689	2.969525330553622	2.969525330553622
45409	2.2596774047397727	2.2596774047397727
38041	4.465905971492744	4.465905971492744
11940	5.145701246735089	5.145701246735089
5048	2.6330467817195515	2.6330467817195515
24124	1.3808964729821027	1.3808964729821027
32590	1.697841517804487	1.697841517804487
23708	1.0130441016012395	1.0130441016012395
1328	4.720401273447848	4.720401273447848
31533	0.5549387960099114	0.5549387960099114
36732	0.7894169971939409	0.7894169971939409
14301	0.201754295980355	0.201754295980355
28212	4.579732542382159	4.579732542382159
15055	1.3834566387857128	1.3834566387857128
10965	2.4023917398594126	2.4023917398594126
2108	0.9104026928257822	0.9104026928257822
32018	0.1485504018031055	0.1485504018031055
17690	4.314790262284257	4.314790262284257
36518	2.1817120415889746	2.1817120415889746
41826	2.845786174764357	2.845786174764357
15333	1.303779900942696	1.303779900942696
15259	0.10396297401193759	0.10396297401193759
11183	0.5968947724742333	0.5968947724742333
42386	0.848033761451613	0.848033761451613
17475	2.664941318270203	2.664941318270203
398	3.2946039464079724	3.2946039464079724
15570	1.7756296205063342	1.7756296205063342
21387	2.191506977389389	2.191506977389389
9812	1.7763416780603125	1.7763416780603125
20019	0.8367842379601509	0.8367842379601509
15341	0.7163667532023571	0.7163667532023571
3401	0.3266496466252357	0.3266496466252357
2689	10.0977715609321	10.0977715609321
24631	0.2924479497080113	0.2924479497080113
9667	0.09097949683789587	0.09097949683789587
37460	7.842896138991704	7.842896138991704
5583	0.44304378843447745	0.44304378843447745
206	0.9631149852846408	0.9631149852846408
23272	1.429308220046722	1.429308220046722
14482	2.3843365200015834	2.3843365200015834
207	4.471795241813443	4.471795241813443
13089	4.186501416926004	4.186501416926004
6885	3.783438848588	3.783438848588
40958	3.0844638283750867	3.0844638283750867
35933	10.611311683954614	10.611311683954614
37462	5.398063068013012	5.398063068013012
8104	1.292928565522652	1.292928565522652
34449	7.797057954525021	7.797057954525021
13903	4.406781968361101	4.406781968361101
23766	1.5621790247677434	1.5621790247677434
30749	5.517627680288501	5.517627680288501
35263	0.651396914426207	0.651396914426207
14167	0.3128235929997491	0.3128235929997491
41042	1.9751961059274636	1.9751961059274636
29778	0.2075563317541854	0.2075563317541854
16900	2.5879069835514907	2.5879069835514907
6652	1.4924938045440939	1.4924938045440939
43789	1.5219528793324868	1.5219528793324868
17281	4.043100516099169	4.043100516099169
7084	2.7696993976554296	2.7696993976554296
11377	3.4254530976737847	3.4254530976737847
42955	0.07196294360877803	0.07196294360877803
17357	3.3950560398835603	3.3950560398835603
26009	4.5729106092121325	4.5729106092121325
31987	0.643830723975786	0.643830723975786
23844	0.41235996842128314	0.41235996842128314
40474	1.9274205862765716	1.9274205862765716
8939	4.572007921237024	4.572007921237024
11468	4.507734035444416	4.507734035444416
42223	3.8785237572658544	3.8785237572658544
25403	9.249455601754326	9.249455601754326
16976	3.1572587592745918	3.1572587592745918
22694	1.0044336929363828	1.0044336929363828
1163	0.30734294857881805	0.30734294857881805
45085	1.7200611633518534	1.7200611633518534
39936	3.3048866529620464	3.3048866529620464
32219	2.2087462794665114	2.2087462794665114
8040	0.18113757620781212	0.18113757620781212
17403	1.3890642879427257	1.3890642879427257
41783	1.3635145531556583	1.3635145531556583
39516	0.9665284677199798	0.9665284677199798
31503	0.626204175188746	0.626204175188746
16189	3.5695778004152254	3.5695778004152254
34233	3.576173893879829	3.576173893879829
30255	1.1441437897973088	1.1441437897973088
33866	3.4617715905792092	3.4617715905792092
19539	0.3209600451240964	0.3209600451240964
12671	1.566978367968996	1.566978367968996
39411	2.204582332204014	2.204582332204014
13087	1.177591653679413	1.177591653679413
10643	1.545652193271444	1.545652193271444
22809	3.320446549926556	3.320446549926556
36361	0.3913331483803208	0.3913331483803208
41145	0.2757051595770712	0.2757051595770712
36699	5.875187659224819	5.875187659224819
4846	2.180069298137605	2.180069298137605
17094	3.7894463675953847	3.7894463675953847
25175	7.328104454246373	7.328104454246373
39438	2.044414595812044	2.044414595812044
36105	1.385677126816517	1.385677126816517
13364	0.35607992154222906	0.35607992154222906
26880	0.8780993709692495	0.8780993709692495
14832	3.627134015785069	3.627134015785069
41233	1.0957093216034375	1.0957093216034375
20055	1.972111551061231	1.972111551061231
6147	2.0900999956452346	2.0900999956452346
19930	1.6844936875332603	1.6844936875332603
1303	0.20157782951405392	0.20157782951405392
40421	1.7210406097653492	1.7210406097653492
555	1.2162501885205452	1.2162501885205452
9193	0.40888990102426603	0.40888990102426603
4971	1.5731890240473139	1.5731890240473139
11899	1.7607196904345563	1.7607196904345563
42271	13.185951826417075	13.185951826417075
9857	0.16968269395665755	0.16968269395665755
37326	9.439394434673895	9.439394434673895
17366	2.415533041601928	2.415533041601928
25230	0.24813270350205743	0.24813270350205743
21426	0.37407693176451146	0.37407693176451146
22112	1.070336395074497	1.070336395074497
10367	1.1591604540390452	1.1591604540390452
4463	3.546742632609054	3.546742632609054
22616	3.913669564357369	3.913669564357369
30821	3.6038490362614803	3.6038490362614803
19304	1.2254547528104	1.2254547528104
35592	2.4528350038905042	2.4528350038905042
20056	2.2949972937490997	2.2949972937490997
42714	3.709153107342397	3.709153107342397
23524	5.662689218609087	5.662689218609087
1691	1.0618282836148174	1.0618282836148174
15022	3.4756190068038264	3.4756190068038264
34482	0.384505453354874	0.384505453354874
41918	0.028809605158722662	0.028809605158722662
25102	11.311321159578917	11.311321159578917
33684	6.2558187579866855	6.2558187579866855
36966	0.9329276087364698	0.9329276087364698
29080	2.640586607521239	2.640586607521239
28115	1.3483196221417495	1.3483196221417495
19723	0.02124873985656276	0.02124873985656276
29923	0.07397881329976315	0.07397881329976315
19372	0.676809059567341	0.676809059567341
7197	5.430609163698802	5.430609163698802
24242	1.7726465862998697	1.7726465862998697
3924	1.4113696688776898	1.4113696688776898
18085	10.931600581118804	10.931600581118804
39547	5.282800668978145	5.282800668978145
13239	1.9289859662054554	1.9289859662054554
41523	0.6848374994268454	0.6848374994268454
15689	6.587190142442755	6.587190142442755
43229	3.2898389570063737	3.2898389570063737
824	0.6059666021905042	0.6059666021905042
34371	3.529522127764056	3.529522127764056
20659	2.6964360156887497	2.6964360156887497
5861	5.699492974816939	5.699492974816939
15771	0.02019868270228799	0.02019868270228799
12144	4.425753662492578	4.425753662492578
20372	21.95999531984301	21.95999531984301
2342	6.834517547549289	6.834517547549289
39687	3.493030457687623	3.493030457687623
4175	2.5041280153597527	2.5041280153597527
45052	0.32840449821076056	0.32840449821076056
31220	4.501293221507305	4.501293221507305
32370	1.1184112458969053	1.1184112458969053
37355	3.5784656765840848	3.5784656765840848
26280	1.1619752244675556	1.1619752244675556
512	1.9808218924086185	1.9808218924086185
31028	0.8995853788013565	0.8995853788013565
35497	1.0384256427932705	1.0384256427932705
8103	2.0470473009170824	2.0470473009170824
37214	3.522774507346438	3.522774507346438
82	0.3853562376977917	0.3853562376977917
34204	2.836861682291578	2.836861682291578
13275	3.8757557830570453	3.8757557830570453
8624	1.2829139321412657	1.2829139321412657
13986	0.06803937315659629	0.06803937315659629
41829	0.7667816500872835	0.7667816500872835
34660	2.254091733087031	2.254091733087031
13977	1.344451359371262	1.344451359371262
36288	0.7104535845116553	0.7104535845116553
29354	1.5300048423561319	1.5300048423561319
40210	2.165017290825309	2.165017290825309
17766	0.034095371281289706	0.034095371281289706
1687	1.0312326792203816	1.0312326792203816
13235	4.1370042271472425	4.1370042271472425
6005	2.2116545304129804	2.2116545304129804
36899	0.6850490945012258	0.6850490945012258
28450	0.27572593699807935	0.27572593699807935
8674	1.4904774385085378	1.4904774385085378
36795	3.371686924853525	3.371686924853525
3473	4.800514556319369	4.800514556319369
18556	1.5733302891850496	1.5733302891850496
40341	1.5013912428845047	1.5013912428845047
560	5.1809318419962045	5.1809318419962045
8150	2.238003922556158	2.238003922556158
37253	3.9882533635424533	3.9882533635424533
8394	2.2317694310348313	2.2317694310348313
683	4.236017858039542	4.236017858039542
23179	2.142173605308067	2.142173605308067
26641	1.649619838263175	1.649619838263175
44485	3.9977929631585964	3.9977929631585964
22812	1.6104332097129932	1.6104332097129932
14744	0.7686917068070274	0.7686917068070274
36619	4.446057935534888	4.446057935534888
1456	1.3987151522751389	1.3987151522751389
339	0.17059892855203962	0.17059892855203962
3674	3.8215256936075264	3.8215256936075264
15888	3.427216302783633	3.427216302783633
30628	2.028476019554592	2.028476019554592
34939	11.060006240722464	11.060006240722464
21892	2.5027614652942463	2.5027614652942463
37952	2.3087600214494994	2.3087600214494994
1966	0.11813008476444942	0.11813008476444942
23525	2.0915503949721295	2.0915503949721295
2338	3.6311745693521966	3.6311745693521966
44769	2.4160780902488423	2.4160780902488423
17207	1.4735524440069885	1.4735524440069885
39221	0.06239496031678988	0.06239496031678988
36136	2.4272326587308366	2.4272326587308366
32555	0.19396518226635162	0.19396518226635162
26228	4.304613109925878	4.304613109925878
21973	2.0895212259422546	2.0895212259422546
8699	0.37288391391771897	0.37288391391771897
16789	1.8917885342911285	1.8917885342911285
26533	8.282290150524217	8.282290150524217
2183	2.4003835400242917	2.4003835400242917
2904	0.7484662178847814	0.7484662178847814
30911	6.460968742375863	6.460968742375863
35014	0.9854785649019283	0.9854785649019283
7965	0.3630328043309194	0.3630328043309194
17737	1.2933866623943269	1.2933866623943269
44631	1.8718041374291432	1.8718041374291432
11571	0.29348078115489057	0.29348078115489057
24131	5.648130612155438	5.648130612155438
37922	1.7639169748942591	1.7639169748942591
10812	0.25783957528865464	0.25783957528865464
37892	0.3960763691767658	0.3960763691767658
16876	0.09188507666284523	0.09188507666284523
2366	1.1823704243503692	1.1823704243503692
36829	0.7692002265603859	0.7692002265603859
19576	0.8960196056879142	0.8960196056879142
14629	2.752237104272138	2.752237104272138
15001	1.3156579918191855	1.3156579918191855
481	0.9336510772647251	0.9336510772647251
11187	1.7469801768226327	1.7469801768226327
35125	0.14677386677053894	0.14677386677053894
13545	2.4996132227868557	2.4996132227868557
21307	0.7252394496723586	0.7252394496723586
40450	0.0395920353159995	0.0395920353159995
41470	6.15976483729566	6.15976483729566
37916	0.43546115601043595	0.43546115601043595
16850	3.423736407946954	3.423736407946954
5807	2.782630392105224	2.782630392105224
43987	1.8806667923273352	1.8806667923273352
38765	4.338940679438208	4.338940679438208
662	1.1483072604024185	1.1483072604024185
26504	5.1065663551420535	5.1065663551420535
42547	0.6397713377137024	0.6397713377137024
170	2.0021776544756102	2.0021776544756102
8335	4.026077399187162	4.026077399187162
7338	2.857178121205765	2.857178121205765
7080	0.6003904454266219	0.6003904454266219
43446	0.3109304676082662	0.3109304676082662
16213	0.983853190205956	0.983853190205956
5532	2.129279259598589	2.129279259598589
30372	1.8348497426612833	1.8348497426612833
18117	0.9242079433730872	0.9242079433730872
20510	0.03406995266344375	0.03406995266344375
4575	6.281654136098386	6.281654136098386
7895	6.160927774461063	6.160927774461063
20502	2.4282382362366643	2.4282382362366643
11612	3.0018285624130354	3.0018285624130354
11795	1.4976370491962487	1.4976370491962487
36798	2.235068144194392	2.235068144194392
45072	3.9231201425932185	3.9231201425932185
6732	1.4882371120315336	1.4882371120315336
36567	6.001218458312979	6.001218458312979
7259	1.6134980660780784	1.6134980660780784
3671	1.422124763925881	1.422124763925881
21685	0.5558948782546432	0.5558948782546432
12621	2.8276458370350395	2.8276458370350395
27323	1.2396584916741378	1.2396584916741378
27448	5.118021234635854	5.118021234635854
27254	2.821108778965928	2.821108778965928
32946	3.901944385842347	3.901944385842347
5122	1.9097424627872783	1.9097424627872783
26751	0.6047644936217533	0.6047644936217533
25770	17.15527196419559	17.15527196419559
23528	2.4519627108290942	2.4519627108290942
29699	2.6371810049319495	2.6371810049319495
28864	1.2986030583868788	1.2986030583868788
9988	3.6024376602857915	3.6024376602857915
31981	3.5159360104271644	3.5159360104271644
17612	0.274003972766681	0.274003972766681
14362	0.45533951429814007	0.45533951429814007
45054	2.806645971479418	2.806645971479418
21767	0.8665266580820623	0.8665266580820623
12022	11.041037335107545	11.041037335107545
12272	0.8354585258848383	0.8354585258848383
30027	2.125295746567092	2.125295746567092
43625	2.275506502273505	2.275506502273505
12348	1.4957868930675449	1.4957868930675449
1929	2.100394812903416	2.100394812903416
11939	0.37499814004336957	0.37499814004336957
14727	8.00038444486254	8.00038444486254
23965	1.6483091692912335	1.6483091692912335
3800	1.0430064306563982	1.0430064306563982
10897	0.7860326435118513	0.7860326435118513
11975	1.5472861236417228	1.5472861236417228
33988	4.010424686079138	4.010424686079138
20225	0.8665544599526509	0.8665544599526509
5416	0.4984227719183945	0.4984227719183945
36004	0.19357490057702342	0.19357490057702342
7383	2.919015412066873	2.919015412066873
27345	2.368839617776707	2.368839617776707
43630	12.79625072401311	12.79625072401311
20507	0.2931050590884983	0.2931050590884983
7064	1.7497663887119093	1.7497663887119093
42266	0.05276194314888409	0.05276194314888409
7405	3.83441715769545	3.83441715769545
33882	0.21448339169078287	0.21448339169078287
42743	4.9887300173293205	4.9887300173293205
5437	2.615343320072778	2.615343320072778
45222	0.9267999564521091	0.9267999564521091
1926	0.1914893101205435	0.1914893101205435
30877	0.048563143466545645	0.048563143466545645
45008	1.3962437643162866	1.3962437643162866
45194	1.8524359646175454	1.8524359646175454
5166	0.30805375114458233	0.30805375114458233
3470	1.6300227538984124	1.6300227538984124
37251	0.984270630393194	0.984270630393194
10428	2.3448076160053484	2.3448076160053484
25233	0.5699022916018774	0.5699022916018774
28891	1.589458290951687	1.589458290951687
26005	1.122184313794272	1.122184313794272
7695	1.3540717671162639	1.3540717671162639
10373	0.26467212758474584	0.26467212758474584
414	3.5737438552997434	3.5737438552997434
11513	2.9515554129710693	2.9515554129710693
26670	0.737514644733502	0.737514644733502
25905	0.4503396898332074	0.4503396898332074
8560	0.5621731342250413	0.5621731342250413
13219	0.4440814242291418	0.4440814242291418
43508	0.527182832552904	0.527182832552904
5719	0.5954802127731005	0.5954802127731005
20827	1.659646948107633	1.659646948107633
8039	2.4636641805252797	2.4636641805252797
38239	2.767389731168032	2.767389731168032
28092	3.4301000943299234	3.4301000943299234
27525	1.0192696685187714	1.0192696685187714
33957	0.10412019857160891	0.10412019857160891
5727	7.381460191675864	7.381460191675864
40902	1.0086750770341169	1.0086750770341169
13112	1.3632339925615047	1.3632339925615047
10486	2.153821373087425	2.153821373087425
15623	0.35019401512052195	0.35019401512052195
24995	4.981937302772527	4.981937302772527
45207	1.4520746490515533	1.4520746490515533
14707	7.730147771015555	7.730147771015555
127	1.9962007901408703	1.9962007901408703
37828	4.627634600604178	4.627634600604178
8558	4.855243849188446	4.855243849188446
29804	1.5956376567725585	1.5956376567725585
32196	1.8283605308578104	1.8283605308578104
10811	0.3773442717142111	0.3773442717142111
12187	6.150415718970771	6.150415718970771
21972	4.349417815230917	4.349417815230917
13311	0.99663022912603	0.99663022912603
42884	3.0039843501631567	3.0039843501631567
43197	6.5475638415446635	6.5475638415446635
44176	0.041929485774968	0.041929485774968
11951	1.9083249876722976	1.9083249876722976
44800	1.500127238875345	1.500127238875345
2077	3.738118824243849	3.738118824243849
128	2.840429967001741	2.840429967001741
5363	0.5910135466309037	0.5910135466309037
9886	0.7551312127011848	0.7551312127011848
31952	2.525934886869305	2.525934886869305
16972	9.165683074072666	9.165683074072666
24283	0.6413181284236131	0.6413181284236131
14681	3.3191168324531652	3.3191168324531652
5462	6.928021690011593	6.928021690011593
15528	2.0467627922755076	2.0467627922755076
9714	0.3896078312559963	0.3896078312559963
31711	3.053282538680759	3.053282538680759
30818	2.7524180145618686	2.7524180145618686
36901	6.207066735396691	6.207066735396691
23084	0.21343726821696585	0.21343726821696585
11576	7.437396769749823	7.437396769749823
41282	1.011522413685882	1.011522413685882
29620	0.6459178217736035	0.6459178217736035
16410	1.4201486661028397	1.4201486661028397
29740	2.3552668296377477	2.3552668296377477
31591	0.23492235330279135	0.23492235330279135
3319	0.2228068659364439	0.2228068659364439
25899	0.7620126890278884	0.7620126890278884
42029	6.433892349548324	6.433892349548324
44835	0.7634936982973566	0.7634936982973566
35300	3.6507682050211097	3.6507682050211097
7957	0.04498636485350166	0.04498636485350166
38991	12.135330681399237	12.135330681399237
42502	1.2056685385013852	1.2056685385013852
28749	1.0251207542241485	1.0251207542241485
28809	2.183033047186914	2.183033047186914
35997	1.6296052787376853	1.6296052787376853
16843	3.971811740812156	3.971811740812156
484	0.6040098316506334	0.6040098316506334
41053	0.07450115965971936	0.07450115965971936
23706	2.687776066144544	2.687776066144544
24089	0.7214660686426329	0.7214660686426329
28187	1.8892882459531792	1.8892882459531792
12589	1.564573659853359	1.564573659853359
36201	5.796514231804097	5.796514231804097
12701	0.9553331200891547	0.9553331200891547
19171	7.857200164781196	7.857200164781196
22453	7.596812525733064	7.596812525733064
12188	3.657228228718679	3.657228228718679
4666	0.2954605525977639	0.2954605525977639
44554	0.7729296157164118	0.7729296157164118
34202	0.8877806521357934	0.8877806521357934
28249	0.9199529257486622	0.9199529257486622
23767	1.5843366895255444	1.5843366895255444
2363	4.855492969284421	4.855492969284421
34317	3.95857623070951	3.95857623070951
19135	2.002908864831711	2.002908864831711
29024	0.020421844434792225	0.020421844434792225
26174	0.1020802328661093	0.1020802328661093
37186	0.578893246011137	0.578893246011137
20253	3.627706147031843	3.627706147031843
23118	2.766526249022696	2.766526249022696
41717	0.6818399449966956	0.6818399449966956
41443	5.032721608703754	5.032721608703754
45133	15.214349907592254	15.214349907592254
17401	1.3451954832288706	1.3451954832288706
416	0.5890127245065583	0.5890127245065583
15145	7.201125407889972	7.201125407889972
4284	0.8863591224375696	0.8863591224375696
44359	2.249864771930746	2.249864771930746
13062	4.20280808110026	4.20280808110026
8279	1.4607508086675065	1.4607508086675065
35376	0.4985584617937139	0.4985584617937139
39292	0.19207503810050808	0.19207503810050808
6171	1.974481636616747	1.974481636616747
32860	0.2266468230674516	0.2266468230674516
17427	0.9273205923266232	0.9273205923266232
4442	1.5785282222440664	1.5785282222440664
42764	2.3507265790268	2.3507265790268
40211	0.8575740655852937	0.8575740655852937
22486	0.43471611932126947	0.43471611932126947
14701	0.09204013147652872	0.09204013147652872
37730	1.7393213167830395	1.7393213167830395
44177	4.018551542964637	4.018551542964637
26945	1.4728678553703884	1.4728678553703884
10407	1.0609991285537215	1.0609991285537215
39434	0.505030661136159	0.505030661136159
10172	0.62484683988805	0.62484683988805
26171	5.783143146856687	5.783143146856687
3582	5.335009444313557	5.335009444313557
7540	0.20234639545308888	0.20234639545308888
2944	0.9359376409070468	0.9359376409070468
740	1.3812582398626598	1.3812582398626598
32784	0.17683802939476134	0.17683802939476134
38100	0.9779159232389026	0.9779159232389026
37982	0.8956970964295026	0.8956970964295026
9861	12.119321786508243	12.119321786508243
2369	3.4698961864085303	3.4698961864085303
13330	2.1657452418204635	2.1657452418204635
10922	3.2528728253349866	3.2528728253349866
16212	1.2660639722174292	1.2660639722174292
22123	3.174898047531298	3.174898047531298
2733	9.819088970351551	9.819088970351551
9086	2.0902820998265215	2.0902820998265215
42718	0.35711360678556714	0.35711360678556714
45212	1.2938265011749197	1.2938265011749197
23820	6.873805920148267	6.873805920148267
6094	2.989976911167173	2.989976911167173
36480	1.8101366144270012	1.8101366144270012
43420	1.6263785652045188	1.6263785652045188
40472	2.3648261980968712	2.3648261980968712
42244	0.6393005629956925	0.6393005629956925
27452	6.714687615845837	6.714687615845837
38240	0.1884386092010684	0.1884386092010684
14525	0.25984646590497307	0.25984646590497307
20314	0.8911661633309572	0.8911661633309572
37428	1.66203128978995	1.66203128978995
39943	4.190736613376826	4.190736613376826
9264	5.939246902741599	5.939246902741599
24204	2.1644019709846667	2.1644019709846667
43016	0.7426081996158537	0.7426081996158537
34235	0.37990973732774713	0.37990973732774713
33380	2.9850688718686853	2.9850688718686853
6469	0.8827659304194585	0.8827659304194585
25974	5.666735375563777	5.666735375563777
1690	4.4498685826024715	4.4498685826024715
27713	3.963683693140573	3.963683693140573
14420	0.4677968186554187	0.4677968186554187
13958	9.279388542429352	9.279388542429352
43226	2.614862484459977	2.614862484459977
25235	1.3546385874238545	1.3546385874238545
18337	3.590053582535008	3.590053582535008
38198	2.717982368224747	2.717982368224747
2240	2.447616501780691	2.447616501780691
33690	2.758540553292711	2.758540553292711
37795	1.5536980480517546	1.5536980480517546
16472	6.420811591459324	6.420811591459324
38580	2.3263868277092543	2.3263868277092543
18212	3.0015380839860204	3.0015380839860204
17129	0.05052516238846803	0.05052516238846803
31652	1.2776011290639226	1.2776011290639226
45121	1.5746390372077201	1.5746390372077201
27159	0.46144596238068863	0.46144596238068863
2140	5.297806003825561	5.297806003825561
1418	2.520884415143348	2.520884415143348
34818	3.208099017114846	3.208099017114846
13842	0.956727221675689	0.956727221675689
42333	1.6143769013760234	1.6143769013760234
39084	2.9024640987781547	2.9024640987781547
37762	1.9456519937225585	1.9456519937225585
10035	0.5459792665682138	0.5459792665682138
21518	2.017260513478773	2.017260513478773
32375	0.18927025025439814	0.18927025025439814
13866	0.18904946857828445	0.18904946857828445
20699	0.1179120172376202	0.1179120172376202
41314	0.2133557496758779	0.2133557496758779
12911	1.434697690791154	1.434697690791154
6234	0.08565077620533264	0.08565077620533264
20361	2.7443613169938574	2.7443613169938574
23036	5.234203358386863	5.234203358386863
4055	0.9595792260232457	0.9595792260232457
40371	0.13895596822541767	0.13895596822541767
13537	1.2820344618585218	1.2820344618585218
31312	0.13185080057175064	0.13185080057175064
36964	4.70599154003407	4.70599154003407
26230	0.05400471939987386	0.05400471939987386
32073	1.1246511979782574	1.1246511979782574
40799	2.3689800777639025	2.3689800777639025
40882	10.903648262140866	10.903648262140866
14902	1.736310059972776	1.736310059972776
3829	4.513821056216464	4.513821056216464
2949	3.0034850046330805	3.0034850046330805
8261	0.27509766157708704	0.27509766157708704
22936	1.1801220565618993	1.1801220565618993
28359	2.0908362827905718	2.0908362827905718
43843	0.9224573774239925	0.9224573774239925
4261	1.8754274703918998	1.8754274703918998
17718	0.7538998833363698	0.7538998833363698
43836	4.210269713288993	4.210269713288993
23007	2.3290366630474075	2.3290366630474075
6092	0.4161588129113077	0.4161588129113077
18617	4.7283208159325865	4.7283208159325865
33682	2.8354880921684362	2.8354880921684362
35320	1.3255520645587668	1.3255520645587668
42184	0.42327320541519453	0.42327320541519453
34744	0.20465065582916736	0.20465065582916736
16930	0.11896167667487016	0.11896167667487016
42598	2.1755724164575283	2.1755724164575283
44121	0.5679012669581719	0.5679012669581719
24285	2.420548328660046	2.420548328660046
28941	0.2237166129315378	0.2237166129315378
35542	3.1464167964484986	3.1464167964484986
2537	0.875745599838225	0.875745599838225
40937	2.9475231941490265	2.9475231941490265
8838	2.2614337344381332	2.2614337344381332
38068	1.3041737746464697	1.3041737746464697
35498	2.6526067278700247	2.6526067278700247
4057	3.9521149626608323	3.9521149626608323
4967	3.0471487915750592	3.0471487915750592
10507	3.9131658484300007	3.9131658484300007
3405	0.13073671680681517	0.13073671680681517
20511	6.195206620858985	6.195206620858985
29995	2.535167512858208	2.535167512858208
26437	0.017413101943492867	0.017413101943492867
22884	1.6729533690123866	1.6729533690123866
36001	0.3331556911580541	0.3331556911580541
42048	2.255811009160826	2.255811009160826
16714	3.280506351408197	3.280506351408197
396	0.9179396402479364	0.9179396402479364
40901	8.341591301868482	8.341591301868482
27882	0.8540431368783212	0.8540431368783212
33101	3.8542691809050273	3.8542691809050273
4996	0.2705327550955616	0.2705327550955616
10830	0.4745717936225824	0.4745717936225824
3079	0.31111354501909844	0.31111354501909844
31646	3.074678143825913	3.074678143825913
14394	1.6015947575610936	1.6015947575610936
41214	0.012523063776566137	0.012523063776566137
39074	3.5211101167321646	3.5211101167321646
37700	2.096367493882927	2.096367493882927
31538	2.5003493358612636	2.5003493358612636
15859	0.39779848076941315	0.39779848076941315
19900	3.486202695951428	3.486202695951428
25758	1.697368825918698	1.697368825918698
37529	0.2175221884666859	0.2175221884666859
6283	1.763961711708907	1.763961711708907
31592	5.891679090794134	5.891679090794134
40030	5.430094466047192	5.430094466047192
26135	1.9914694788079	1.9914694788079
9262	3.434354671562883	3.434354671562883
19991	1.0214751159340507	1.0214751159340507
5390	6.101021113575094	6.101021113575094
17266	2.0464519303450444	2.0464519303450444
36702	10.852629010507407	10.852629010507407
14808	9.294799869815588	9.294799869815588
44726	1.9513725193051783	1.9513725193051783
37158	3.6320349137102883	3.6320349137102883
38271	2.780281856138289	2.780281856138289
8963	0.22076645795055172	0.22076645795055172
