I2446	2375	579	0	1509	0
I1701	4360	30	0	73	0
I5870	3216	326	0	921	0
I3719	3519	250	0	694	0
I3716	3951	155	0	357	0
I5872	3871	166	0	426	0
Darra.I.Kur_noUDG_d	4095	110	0	258	0
ARM001	1521	782	0	2160	0
DA35_noUDG.SG	1134	831	0	2498	0
RISE408_noUDG.SG	3982	128	0	353	0
I5069	829	1034	0	2600	0
I6913	4434	11	0	18	0
ALX002	2721	480	0	1262	0
MTT001	634	1144	0	2685	0
POT002	1041	986	0	2436	0
I0781	2392	555	0	1516	0
I0785	4125	81	0	257	0
I2423	1949	674	0	1840	0
I2424	1408	898	0	2157	0
I2425	3471	298	0	694	0
I2427	1352	848	0	2263	0
I2430	1600	868	0	1995	0
I2431	1024	967	0	2472	0
I2509	521	1146	0	2796	0
I2519	817	1042	0	2604	0
I2526	2490	542	0	1431	0
I2181	4087	104	0	272	0
I2426	4304	47	0	112	0
I2175	2405	605	0	1453	0
Bul10	4061	116	0	286	0
I2510	681	1086	0	2696	0
I2165	659	1120	0	2684	0
I2176	1551	785	0	2127	0
Bul4	2369	539	0	1555	0
I5769	881	994	0	2588	0
I0679_d	2172	635	0	1656	0
I2163	766	1042	0	2655	0
I2521	713	1084	0	2666	0
I0706	3286	336	0	841	0
I0704	3998	113	0	352	0
I1298	3883	155	0	425	0
I2529	1429	851	0	2183	0
ANI159-ANI181	2522	512	0	1429	0
ANI153	4343	28	0	92	0
I10052	3688	221	0	554	0
I10272	3088	413	0	962	0
I10293	843	1028	0	2592	0
I3313	752	1094	0	2617	0
I5071	2329	646	0	1488	0
I5072	1778	790	0	1895	0
I3499	2272	612	0	1579	0
I4331	1031	1004	0	2428	0
I4332	988	933	0	2542	0
I3498	2201	585	0	1677	0
I4168	3554	244	0	665	0
I5077	865	1063	0	2535	0
I5078	888	999	0	2576	0
I3433	801	1011	0	2651	0
I3947	936	980	0	2547	0
I3948	908	1045	0	2510	0
I4167	4147	96	0	220	0
I5079	908	1036	0	2519	0
I2792	3610	197	0	656	0
I7949	587	1149	0	2727	0
HOP001	401	1159	0	2903	0
HOP002	3849	193	0	421	0
I4145	4028	137	0	298	0
I4885	877	1059	0	2527	0
I4886	723	1019	0	2721	0
I4888	746	1084	0	2633	0
I4889	711	1097	0	2655	0
I4891	703	1000	0	2760	0
I4895	802	979	0	2682	0
I4896	748	1031	0	2684	0
I4945	2396	562	0	1505	0
I4946	3020	414	0	1029	0
I5514	673	1106	0	2684	0
I7211	897	1050	0	2516	0
I7212	958	977	0	2528	0
I7213	890	1059	0	2514	0
I7249	848	1110	0	2505	0
I7278	833	992	0	2638	0
I7281	914	972	0	2577	0
I7286	804	995	0	2664	0
KO1003	618	1038	0	2807	0
KO1004	787	1006	0	2670	0
KO1005	1354	879	0	2230	0
KOP003	1906	758	0	1799	0
PRU002	1336	907	0	2220	0
PRU003	1660	808	0	1995	0
TIS001	4051	123	0	289	0
VLI022	3254	363	0	846	0
I4887	807	942	0	2714	0
I7210	929	1015	0	2519	0
PRU001	1906	775	0	1782	0
HOP004	835	1045	0	2583	0
PRU004	1489	826	0	2148	0
TIS002	776	981	0	2706	0
I7289	905	1007	0	2551	0
I7186	646	1006	0	2811	0
I7187	694	1117	0	2652	0
I7188	643	1026	0	2794	0
I7189	670	1024	0	2769	0
I7191	607	1060	0	2796	0
I7192	681	1022	0	2760	0
I7194	704	1153	0	2606	0
I7193	707	995	0	2761	0
BUT003	2379	602	0	1482	0
CAH005	1294	907	0	2262	0
CAH010	965	989	0	2509	0
DRO001	1456	854	0	2153	0
I7207	1058	1018	0	2387	0
I7208	1030	928	0	2505	0
I7209	646	1122	0	2695	0
KO1002	321	1229	0	2913	0
KON001	2564	506	0	1393	0
KON004	1035	958	0	2470	0
KON005	4180	63	0	220	0
OBR001	3533	295	0	635	0
OBR003	2559	558	0	1346	0
OBR004	2413	564	0	1486	0
OHR002	943	1009	0	2511	0
PNL001	1642	812	0	2009	0
PNL002	899	968	0	2596	0
RDV001	998	977	0	2488	0
STD002	1427	898	0	2138	0
TRM003	958	998	0	2507	0
TRM006	898	1058	0	2507	0
VLI007	788	1039	0	2636	0
VLI010	1452	839	0	2172	0
VLI011	1262	943	0	2258	0
VLI016	1266	931	0	2266	0
VLI017	1192	830	0	2441	0
VLI020	1446	879	0	2138	0
VLI067	1132	971	0	2360	0
VLI070	2816	452	0	1195	0
VLI071	964	1008	0	2491	0
VLI076	1109	1060	0	2294	0
VLI085	2881	471	0	1111	0
VLI088	3316	324	0	823	0
VLI090	2846	447	0	1170	0
VLI092	989	1051	0	2423	0
OBR002	4029	131	0	303	0
STD003	2723	508	0	1232	0
VLI008	1029	886	0	2548	0
VLI009	2387	627	0	1449	0
VLI079	1881	746	0	1836	0
RISE569_noUDG.SG	1469	829	0	2165	0
I4884	727	1039	0	2697	0
I4892	737	1043	0	2683	0
I7198	854	1066	0	2543	0
I7199	813	1055	0	2595	0
BNL003	1174	870	0	2419	0
BNL005	991	931	0	2541	0
BNL008	1075	934	0	2454	0
BNL009	3384	323	0	756	0
BNL010	3256	360	0	847	0
CHL003	1613	779	0	2071	0
CHL006	2464	585	0	1414	0
KNE001	1693	824	0	1946	0
KNE002	1790	779	0	1894	0
KNE003	880	959	0	2624	0
KNE007	1946	745	0	1772	0
KO1006	1112	909	0	2442	0
KO1007	1642	777	0	2044	0
KO1009	1451	888	0	2124	0
KO1010	2185	635	0	1643	0
KO1011	2219	620	0	1624	0
KO1013	1594	841	0	2028	0
KO1015	1840	703	0	1920	0
KO7001	1857	807	0	1799	0
KO7003	4034	130	0	299	0
MIB001	2133	651	0	1679	0
MIB004	2133	631	0	1699	0
MIB005	2494	584	0	1385	0
MIB006	3297	362	0	804	0
MIB007	1062	964	0	2437	0
MIB008	1608	785	0	2070	0
MIB009	1319	926	0	2218	0
MIB013	2150	688	0	1625	0
MIB019	1921	687	0	1855	0
MIB020	1282	943	0	2238	0
MIB021	709	1124	0	2630	0
MIB026	3174	360	0	929	0
MIB028	916	966	0	2581	0
MIB031	706	1165	0	2592	0
MIB032	1239	848	0	2376	0
MIB034	818	980	0	2665	0
MIB035	979	946	0	2538	0
MIB036	744	1031	0	2688	0
MIB037	846	1049	0	2568	0
MIB039	807	1056	0	2600	0
MIB040	1000	987	0	2476	0
MIB042	762	1038	0	2663	0
MIB045	890	940	0	2633	0
MIB046	839	987	0	2637	0
MIB047	1825	695	0	1943	0
MIB048	1247	873	0	2343	0
MIB049	2524	614	0	1325	0
MIB051	3003	440	0	1020	0
MIB052	740	996	0	2727	0
MIB054	690	1012	0	2761	0
MIB055	3972	144	0	347	0
MIB057	703	1034	0	2726	0
MIB058	625	1072	0	2766	0
MIB060	1434	920	0	2109	0
MIB062	1066	924	0	2473	0
MIB063	621	1154	0	2688	0
MIB067	2190	633	0	1640	0
MIB068	1784	779	0	1900	0
MIB069	2015	677	0	1771	0
MIB071	1020	952	0	2491	0
MIB072	1773	723	0	1967	0
MIB075	1772	743	0	1948	0
MIB077	3988	136	0	339	0
MIB078	4103	106	0	254	0
MIB079	3782	182	0	499	0
MIB082	2392	582	0	1489	0
MIB083	1257	890	0	2316	0
MIB084	1529	821	0	2113	0
MIB087	1732	752	0	1979	0
MIG009	4232	72	0	159	0
MIG010	2962	442	0	1059	0
MIG011	2350	564	0	1549	0
MIS001	713	1079	0	2671	0
MIS002	807	1027	0	2629	0
MIS004	3131	398	0	934	0
MIS005	3031	434	0	998	0
MIS006	3711	195	0	557	0
MIS007	4272	47	0	144	0
PDA002	1213	982	0	2268	0
PMI001	1311	903	0	2249	0
PMI003	2575	537	0	1351	0
PMI004	2190	672	0	1601	0
PMI006	2800	460	0	1203	0
PMI009	3611	258	0	594	0
PMI010	2084	690	0	1689	0
PMI012	2875	449	0	1139	0
VLI042	3337	332	0	794	0
VLI045	1450	878	0	2135	0
VLI046	3708	229	0	526	0
VLI050	1225	940	0	2298	0
VLI058	2215	669	0	1579	0
VLI065	2564	570	0	1329	0
MIB014	3519	265	0	679	0
MIG008	4272	48	0	143	0
MIB015	2385	610	0	1468	0
MIB018	1334	872	0	2257	0
MIB030	2606	509	0	1348	0
MIB010	1288	942	0	2233	0
MIB043	1965	670	0	1828	0
MIB041	2518	561	0	1384	0
MIB022	765	935	0	2763	0
MIB061	1416	906	0	2141	0
MIB073	2319	598	0	1546	0
MIB027	1534	848	0	2081	0
MIB002	1202	879	0	2382	0
MIB012	2883	461	0	1119	0
MIB016	3087	409	0	967	0
MIB056	3217	376	0	870	0
MIB064	1725	721	0	2017	0
MIB066	1082	919	0	2462	0
MIB076	3960	140	0	363	0
MIB086	2256	679	0	1528	0
PDA005	1272	883	0	2308	0
KNE004	2806	487	0	1170	0
MIB044	1014	916	0	2533	0
MIB038	1453	881	0	2129	0
MIB065	3571	245	0	647	0
MIB074	2142	631	0	1690	0
MIB029	2108	698	0	1657	0
MIB024	3354	304	0	805	0
ROU002	2470	581	0	1412	0
VLI064	2853	472	0	1138	0
PMI002	4075	119	0	269	0
VLI051	2248	640	0	1575	0
BNL001	3480	277	0	706	0
KNE005	3509	284	0	670	0
MIB011	2259	588	0	1616	0
MIB033	976	967	0	2520	0
MIB003	3368	283	0	812	0
MIB070	1640	787	0	2036	0
PDA001	1781	763	0	1919	0
PDA003	1632	826	0	2005	0
PDA004	1491	891	0	2081	0
MIB053	1118	1038	0	2307	0
MIB059	859	1092	0	2512	0
MIB017	1783	791	0	1889	0
I7272	842	1010	0	2611	0
DA111_noUDG.SG	2527	471	0	1465	0
DA112_noUDG.SG	3375	270	0	818	0
I7197	974	1051	0	2438	0
kol2BE_noUDG.SG	4102	100	0	261	0
kol6_noUDG.SG	1042	933	0	2488	0
I4893	702	978	0	2783	0
I4894	805	1050	0	2608	0
HOL004	1785	784	0	1894	0
BLS002	1140	918	0	2405	0
PRE001	867	1033	0	2563	0
VLI031	2667	530	0	1266	0
VLI032	2884	463	0	1116	0
VLI033_noUDG	3807	192	0	464	0
BLS001	1549	789	0	2125	0
NER001	1893	739	0	1831	0
TUC007	848	1087	0	2528	0
VLI004	1337	874	0	2252	0
BRZ001	4136	103	0	224	0
TOU001	853	969	0	2641	0
TUC005	1780	808	0	1875	0
TUC006	1722	834	0	1907	0
VPR001	1036	945	0	2482	0
KO1001	3039	399	0	1025	0
TUC002	1807	757	0	1899	0
BRZ002	1480	910	0	2073	0
HOL001	613	1099	0	2751	0
KOB002	1509	865	0	2089	0
KOB005	4160	86	0	217	0
VLI006_noUDG	4047	109	0	307	0
KOB007	3479	295	0	689	0
RISE21_noUDG.SG	4312	34	0	117	0
RISE47_noUDG.SG	3741	172	0	550	0
RISE71_noUDG.SG	3063	360	0	1040	0
RISE61_noUDG.SG	2829	397	0	1237	0
I2418	1271	877	0	2315	0
I2443	542	1054	0	2867	0
I2447	526	1182	0	2755	0
I2453	1515	793	0	2155	0
I2455	3779	175	0	509	0
I2565	4141	88	0	234	0
I3255	623	1104	0	2736	0
I5382	2828	467	0	1168	0
I1767	1059	993	0	2411	0
I5379	1163	952	0	2348	0
I1765_d	4262	55	0	146	0
I2454	649	1048	0	2766	0
I2459	1837	748	0	1878	0
I5376	3834	182	0	447	0
I6774	1589	787	0	2087	0
I6680	653	1122	0	2688	0
I6679	3652	241	0	570	0
I2421	2601	576	0	1286	0
I2460	4346	28	0	89	0
I2463	3277	322	0	864	0
I2464	4201	102	0	160	0
I2566	1702	779	0	1982	0
I2597	783	1029	0	2651	0
I2598	3594	260	0	609	0
I2601	1914	751	0	1798	0
I2602	1326	886	0	2251	0
I2604	938	912	0	2613	0
I2609	2994	379	0	1090	0
I2610	4083	119	0	261	0
I2612	4142	94	0	227	0
I2618	1505	878	0	2080	0
I5377	737	1104	0	2622	0
I7570	890	977	0	2596	0
I7573	1061	933	0	2469	0
I7630	4364	25	0	74	0
I7635	2143	619	0	1701	0
I7638	1595	890	0	1978	0
I7639	4142	95	0	226	0
I2600	1681	762	0	2020	0
I2462	730	1013	0	2720	0
I5373	3422	289	0	752	0
I2596	1851	718	0	1894	0
I0157.SG	100	1260	0	3103	0
I0159.SG	194	1190	0	3079	0
I0161.SG	1858	660	0	1945	0
I0769.SG	465	1184	0	2814	0
I0773.SG	742	1041	0	2680	0
I0774.SG	47	1259	0	3157	0
I0777.SG	80	1290	0	3093	0
I0156.SG	1750	775	0	1938	0
I0160.SG	12	1277	0	3174	0
I0789.SG	1852	732	0	1879	0
I7576	915	1000	0	2548	0
I7628	2485	524	0	1454	0
I2639	1390	865	0	2208	0
I3082	1316	929	0	2218	0
I7571	880	1040	0	2543	0
I7572	1472	846	0	2145	0
I7574	787	1058	0	2618	0
I7575	803	1066	0	2594	0
I7577	872	1050	0	2541	0
I7578	829	1103	0	2531	0
I7626	868	954	0	2641	0
I7627	783	1037	0	2643	0
I7640	781	985	0	2697	0
I2458	740	1072	0	2651	0
I7580	797	974	0	2692	0
I7579	875	991	0	2597	0
I3005	1185	922	0	2356	0
I3068	1786	804	0	1873	0
I5366	1742	732	0	1989	0
I5374	4262	50	0	151	0
I6746	1637	781	0	2045	0
I6747	706	1028	0	2729	0
I6755	2427	534	0	1502	0
I6757	772	980	0	2711	0
I6760	1890	749	0	1824	0
I6746_noUDG.SG	718	1070	0	2675	0
I6747_noUDG.SG	6	1212	0	3245	0
I6755_noUDG.SG	2113	614	0	1736	0
I6760_noUDG.SG	1177	959	0	2327	0
I5374_contam_noUDG.SG	4359	26	0	78	0
I4949	4136	102	0	225	0
SB338B2_lib.SG	1180	937	0	2346	0
SB379D2_lib.SG	1773	785	0	1905	0
SB603A_lib.SG	1720	715	0	2028	0
I5374.SG	4259	50	0	154	0
I6746.SG	790	1056	0	2617	0
I6747.SG	580	1067	0	2816	0
I6755.SG	2155	607	0	1701	0
I6757.SG	668	1016	0	2779	0
I6760.SG	1255	930	0	2278	0
TRPTN_613_noUDG.SG	1637	736	0	2090	0
TRPTN_611_noUDG.SG	1082	882	0	2499	0
s19_X16_1_noUDG.SG	4402	16	0	45	0
s19_X06_1_noUDG.SG	4447	4	0	12	0
s19_X13_1_noUDG.SG	4410	14	0	39	0
s19_X09_1_noUDG.SG	4395	13	0	55	0
s19_0LS11_1_noUDG.SG	3749	229	0	485	0
s19_V14_2_noUDG.SG	3267	339	0	857	0
s19_V16_1_noUDG.SG	3756	187	0	520	0
s19_V9_2_noUDG.SG	3241	285	0	937	0
s19_X02_1_noUDG.SG	4376	22	0	65	0
s19_X08_1_noUDG.SG	3572	241	0	650	0
s19_X10_1_noUDG.SG	3860	150	0	453	0
s19_X11_1_noUDG.SG	3826	145	0	492	0
s19_X12_1_noUDG.SG	4396	12	0	55	0
s19_X14_1_noUDG.SG	3578	216	0	669	0
s19_X15_2_noUDG.SG	3560	213	0	690	0
s19_X17_2_noUDG.SG	3426	300	0	737	0
s19_X20_1_noUDG.SG	4230	64	0	169	0
s19_X05_1_noUDG.SG	4364	23	0	76	0
Kunila2	2793	464	0	1206	0
MA968.MA976_noUDG.SG	3822	172	0	469	0
EKA1_noUDG.SG	724	967	0	2772	0
MA973_noUDG.SG	1145	881	0	2437	0
MA826.RISE00_noUDG.SG	2257	552	0	1654	0
MA969_noUDG.SG	2247	588	0	1628	0
VK490_noUDG.SG	2050	608	0	1805	0
VK485_noUDG.SG	2503	529	0	1431	0
VK483_noUDG.SG	1085	903	0	2475	0
VK506_noUDG.SG	1690	696	0	2077	0
VK507_noUDG.SG	2286	622	0	1555	0
VK554_noUDG.SG	1968	689	0	1806	0
s19_0LS09_1_noUDG.SG	4435	13	0	15	0
s19_V7_1_noUDG.SG	4403	17	0	43	0
s19_V8_1_noUDG.SG	4434	7	0	22	0
s19_VII3_1_noUDG.SG	4436	5	0	22	0
s19_0LS10_1_noUDG.SG	3515	237	0	711	0
s19_V10_2_noUDG.SG	3291	338	0	834	0
s19_V11_1_noUDG.SG	3685	222	0	556	0
s19_V12_1_noUDG.SG	3656	191	0	616	0
s19_VII4_1_noUDG.SG	3412	257	0	794	0
s19_X04_1_noUDG.SG	3837	159	0	467	0
SOP002_noUDG.SG	4137	84	0	242	0
Tamula1	3636	243	0	584	0
MA974_noUDG.SG	4275	45	0	143	0
MA975_noUDG.SG	4101	88	0	274	0
DA237_noUDG.SG	4185	69	0	209	0
TU918_SX32	2574	491	0	1398	0
TU916_SX30	2157	667	0	1639	0
TU919_SX33	1686	741	0	2036	0
I1382	1507	859	0	2097	0
I1388	2545	581	0	1337	0
I1392	1495	856	0	2112	0
I1391	3937	148	0	378	0
I2575	4287	43	0	133	0
I3874	1335	855	0	2273	0
I3875	821	1029	0	2613	0
PEN001_real2	1330	886	0	2247	0
PEN003	1454	832	0	2177	0
LBR001	1403	948	0	2112	0
LBR002	1500	811	0	2152	0
LBR003	1405	824	0	2234	0
LBR004	1350	846	0	2267	0
LBR005	1023	958	0	2482	0
PEN001_real1	514	1086	0	2863	0
OBE3626-1.SG	3261	291	0	911	0
PSS4170.SG	2739	512	0	1212	0
RIX4.SG	3413	289	0	761	0
Mor6.SG	3685	229	0	549	0
Schw432.SG	3713	216	0	534	0
BERG02-2.SG	3017	384	0	1062	0
BERG157-7.SG	3328	310	0	825	0
PSS4693.SG	1929	702	0	1832	0
ROS45.SG	3256	364	0	843	0
ROS82.SG	3956	138	0	369	0
WET370.SG	3367	309	0	787	0
MDV248.SG	3791	204	0	468	0
CBV95.SG	3590	230	0	643	0
BLP10.SG	3527	291	0	645	0
TORTF.SG	1574	850	0	2039	0
TORTC.SG	3751	183	0	529	0
TORTD.SG	3832	170	0	461	0
TORTE.SG	1823	789	0	1851	0
GBVPL.SG	2068	610	0	1785	0
GBVPK.SG	1803	743	0	1917	0
GBVPO.SG	1350	905	0	2208	0
ROUQCC.SG	3159	366	0	938	0
ROUQEE.SG	1673	734	0	2056	0
ROUQFF.SG	2377	619	0	1467	0
ROUQHH.SG	2523	529	0	1411	0
ROUQV.SG	1830	780	0	1853	0
ROUQW.SG	2855	469	0	1139	0
MAS15.SG	3892	188	0	383	0
FLR001	2192	606	0	1665	0
FLR002	2102	641	0	1720	0
FLR003	1420	897	0	2146	0
FLR004	1313	882	0	2268	0
FLR005	1680	762	0	2021	0
FLR007	1197	882	0	2384	0
FLR010	2995	408	0	1060	0
FLR013	2794	482	0	1187	0
FLR014	2812	494	0	1157	0
GRG016	1561	811	0	2091	0
GRG018	2825	466	0	1172	0
GRG027	1180	928	0	2355	0
GRG028	1618	784	0	2061	0
GRG032	1291	879	0	2293	0
GRG049	4074	117	0	272	0
GRG057	1973	729	0	1761	0
OBN004	2131	679	0	1653	0
OBN005	2350	541	0	1572	0
OBN006	1983	689	0	1791	0
OBN007	1980	710	0	1773	0
OBN008	829	1064	0	2570	0
OBN009	1502	860	0	2101	0
OBN011	2125	619	0	1719	0
PRI001	1805	742	0	1916	0
I4303	1005	1025	0	2433	0
I4304	757	1068	0	2638	0
I4305	900	989	0	2574	0
OBN001	3214	359	0	890	0
OBN003	1703	793	0	1967	0
1H06.SG	2543	539	0	1381	0
2H17.SG	1733	742	0	1988	0
2H06.SG	4444	5	0	14	0
2H11.SG	3	1308	0	3152	0
1H07.SG	3468	259	0	736	0
1H13.SG	2421	541	0	1501	0
1H14.SG	2850	448	0	1165	0
2H07.SG	3105	414	0	944	0
2H10.SG	12	1266	0	3185	0
EUG11.SG	3787	182	0	494	0
PIR3037AB.SG	4066	92	0	305	0
PIR3116B.SG	3853	180	0	430	0
PEI10.SG	4184	66	0	213	0
Pir6.SG	4059	101	0	303	0
Pir4.SG	4084	102	0	277	0
RISE471_noUDG.SG	3861	140	0	462	0
I0108	1542	804	0	2117	0
I0111	2106	637	0	1720	0
I0112	642	1112	0	2709	0
I0113	2196	627	0	1640	0
I0806	3891	175	0	397	0
I3590	2365	608	0	1490	0
I4143	3872	165	0	426	0
I4144	3946	138	0	379	0
I1530	4301	43	0	119	0
I3593	4002	120	0	341	0
I0805	3533	270	0	660	0
I3592	4382	22	0	59	0
RISE562_noUDG.SG	4189	79	0	195	0
RISE563_noUDG.SG	3059	343	0	1061	0
I4249	4271	49	0	143	0
I4250	4296	49	0	118	0
I0059	1343	871	0	2249	0
I0171	3860	166	0	437	0
I1594	3887	172	0	404	0
I0103	329	1210	0	2924	0
RISE435_noUDG.SG	4186	60	0	217	0
RISE436_noUDG.SG	4077	120	0	266	0
RISE434_noUDG.SG	3778	157	0	528	0
RISE446_noUDG.SG	3494	250	0	719	0
I0115	3012	416	0	1035	0
I0116	1669	750	0	2044	0
I0164	1132	957	0	2374	0
I0803	3600	272	0	591	0
I0804	4162	95	0	206	0
I0018	692	1035	0	2736	0
I0054	347	1180	0	2936	0
I0056	2896	379	0	1188	0
I0100	352	1098	0	3013	0
I0795	4015	127	0	321	0
I2014	4378	21	0	64	0
SCH016	2853	456	0	1154	0
SCH018	4217	73	0	173	0
SMH004	2875	481	0	1107	0
XN164	2683	526	0	1254	0
XN165	2015	644	0	1804	0
XN167	2429	627	0	1407	0
XN168	2983	421	0	1059	0
XN169	2578	543	0	1342	0
XN170	2563	581	0	1319	0
XN171	2196	630	0	1637	0
XN172	2516	553	0	1394	0
XN173	3740	205	0	518	0
XN175	2762	455	0	1246	0
XN180	3569	230	0	664	0
XN183	3861	156	0	446	0
XN188	3510	283	0	670	0
XN191	4338	37	0	88	0
XN206	4287	54	0	122	0
XN211	4090	129	0	244	0
XN215	4269	56	0	138	0
XN224	4278	47	0	138	0
I0046	885	964	0	2614	0
I0048	2740	506	0	1217	0
I0057	3356	291	0	816	0
I0659	2111	662	0	1690	0
I0821	2818	470	0	1175	0
I2008	4219	80	0	164	0
I2029	3810	181	0	472	0
I2037	4035	117	0	311	0
I2005	4421	13	0	29	0
Stuttgart.DG	79	590	1291	2503	0
AMP_1_d	4416	14	0	33	0
HUGO_167	4366	23	0	74	0
HUGO_168_d	4159	72	0	232	0
HUGO_169Sk1_d	4434	7	0	22	0
HUGO_171_d	4450	6	0	7	0
HUGO_180Sk1_d	4361	25	0	77	0
HUGO_190_d	4385	17	0	61	0
UNTA58_68Sk2_d	4325	37	0	101	0
UNTA85_1343	727	1034	0	2702	0
WEHR_1192SkA	402	1195	0	2866	0
AMP_1	956	963	0	2544	0
HUGO_180Sk1	1324	890	0	2249	0
UNTA58_67_d	4457	1	0	5	0
UNTA85_1336_d	4454	3	0	6	0
HUGO_168	394	1056	0	3013	0
HUGO_171	3311	333	0	819	0
HUGO_190	1165	898	0	2400	0
UNTA58_68Sk2	751	1016	0	2696	0
UNTA85_1336	3924	158	0	381	0
HUGO_180Sk2_d	4444	1	0	18	0
HUGO_180Sk2	2979	398	0	1086	0
UNTA121_FK61	4338	34	0	91	0
UNTA89_FK231	4294	59	0	110	0
AITI_119	1780	762	0	1921	0
AITI_120	1762	763	0	1938	0
AITI_2	934	1007	0	2522	0
AITI_36_noUDG	4338	38	0	87	0
AITI_40_noUDG	3305	340	0	818	0
AITI_43	611	1041	0	2811	0
AITI_50_noUDG	2956	396	0	1111	0
AITI_62A_noUDG	4376	26	0	61	0
AITI_65adult_d	4406	8	0	49	0
AITI_66_d	4330	34	0	99	0
AITI_70	2378	574	0	1511	0
AITI_72	1092	955	0	2416	0
AITI_77B_d	4430	8	0	25	0
AITI_78	1366	850	0	2247	0
AITI_92_d	4380	23	0	60	0
AITI_95_d	4354	26	0	83	0
AITI_98	2963	421	0	1079	0
OBKR_117_d	4418	11	0	34	0
OBKR_2_d	4443	4	0	16	0
OBKR_50_d	4329	45	0	89	0
OBKR_6	4295	40	0	128	0
OBKR_76	4351	34	0	78	0
OBKR_80	1104	922	0	2437	0
OBKR_84	4363	27	0	73	0
POST_16	4330	37	0	96	0
POST_2	4341	36	0	86	0
POST_28	2351	627	0	1485	0
POST_35_d	4321	43	0	99	0
POST_47	4178	90	0	195	0
POST_6	458	1063	0	2942	0
POST_85	4342	27	0	94	0
POST_99_d	3988	121	0	354	0
UNTA58_149	4323	44	0	96	0
UNTA58_153	3661	224	0	578	0
UNTA85_1412	2969	468	0	1026	0
WEHR_1192SkB	3242	322	0	899	0
WEHR_1586_d	4189	79	0	195	0
OBKR_86	2324	572	0	1567	0
WEHR_1564	3046	371	0	1046	0
WEHR_1474	2150	656	0	1657	0
OBKR_117	1846	786	0	1831	0
OBKR_47	4242	56	0	165	0
OBKR_67	2766	477	0	1220	0
POST_44	673	991	0	2799	0
POST_50	1066	951	0	2446	0
WEHR_1415child	2099	654	0	1710	0
AITI_55_d	4463	0	0	0	0
AITI_32_d	4457	1	0	5	0
AITI_37_d	4461	1	0	1	0
AITI_5_d	4458	0	0	5	0
AITI_86	4453	7	0	3	0
OBKR_47_d	4463	0	0	0	0
OBKR_73_d	4448	6	0	9	0
OBKR_82	4381	21	0	61	0
OBKR_96_d	4463	0	0	0	0
OBKR_9A_d	4396	16	0	51	0
POST_131_d	4461	1	0	1	0
POST_32_d	4459	1	0	3	0
UNTA58_147_d	4451	3	0	9	0
UNTA58_152_d	4455	5	0	3	0
WEHR_1414_d	4461	0	0	2	0
OBKR_86_d	4441	7	0	15	0
WEHR_1564_d	4451	1	0	11	0
WEHR_1474_d	4427	5	0	31	0
WEHR_1192SkB_d	4450	5	0	8	0
POST_140_d	4452	4	0	7	0
AITI_87_d	4441	8	0	14	0
AITI_87	3244	328	0	891	0
WEHR_1415adult_d	4334	35	0	94	0
WEHR_1415adult	615	1098	0	2750	0
OBKR_67_d	4445	2	0	16	0
OBKR_66_d	4448	4	0	11	0
OBKR_93_d	4445	6	0	12	0
AITI_65adult	1972	670	0	1821	0
AITI_66	1160	959	0	2344	0
AITI_77B	2993	415	0	1055	0
AITI_92	1986	677	0	1800	0
AITI_95	1425	782	0	2256	0
OBKR_2	2792	491	0	1180	0
OBKR_50	1294	852	0	2317	0
OBKR_66	2754	493	0	1216	0
OBKR_73	3969	141	0	353	0
OBKR_81	4132	91	0	240	0
OBKR_93	3357	331	0	775	0
OBKR_95	4302	52	0	109	0
OBKR_96	3918	162	0	383	0
OBKR_9A	1825	690	0	1948	0
POST_32	3911	165	0	387	0
POST_35	725	1074	0	2664	0
POST_99	258	1125	0	3080	0
UNTA58_147	3607	236	0	620	0
UNTA58_152	4114	103	0	246	0
WEHR_1193	4153	94	0	216	0
WEHR_1414	3659	226	0	578	0
WEHR_1586	383	1179	0	2901	0
AITI_77A_d	4436	6	0	21	0
AITI_77A	3076	412	0	975	0
OTTM_151ind2_d	4338	26	0	99	0
OTTM_154_noUDG	4243	59	0	161	0
OTTM_156_noUDG	3620	238	0	605	0
OTTM_152_d	4462	0	0	1	0
OTTM_152_noUDG	4193	90	0	180	0
OTTM_141_d	4385	16	0	62	0
OTTM_141A_noUDG	4441	8	0	14	0
OTTM_142_d	4462	0	0	1	0
OTTM_151ind1_d	4440	3	0	20	0
OTTM_165_d	4453	0	0	10	0
OTTM_84_d	4462	1	0	0	0
OTTM_87_d	4460	2	0	1	0
OTTM_91_d	4463	0	0	0	0
POST_1_d	4460	0	0	3	0
POST_12_d	4458	1	0	4	0
OTTM_142_noUDG	3103	388	0	972	0
OTTM_151ind2_noUDG	1445	800	0	2218	0
POST_1	4217	59	0	187	0
POST_12	4075	107	0	281	0
POST_131	4258	60	0	145	0
TGM008	4412	13	0	38	0
I0559	3807	187	0	469	0
I0560	2847	450	0	1166	0
I0807	4127	110	0	226	0
I0172	639	1051	0	2773	0
I0800	4327	40	0	96	0
MX259	2969	443	0	1051	0
MX252	2369	589	0	1505	0
MX256	4150	88	0	225	0
MX257	2348	620	0	1495	0
MX258	3400	330	0	733	0
MX277	2391	584	0	1488	0
MX279	2692	495	0	1276	0
MX280	1529	893	0	2041	0
MX288	1459	892	0	2112	0
MX283_d	3864	167	0	432	0
MX283	1339	865	0	2259	0
MX275	2315	624	0	1524	0
MX251	3893	148	0	422	0
MX286_d	4048	119	0	296	0
MX286	1938	670	0	1855	0
MX265	2200	678	0	1585	0
ALT_1_noUDG	4332	40	0	91	0
ALT_4_d	4458	1	0	4	0
ALT_4_noUDG	3389	249	0	825	0
I9006	2866	407	0	1190	0
I9033	3240	316	0	907	0
Klei10_noUDG.SG	1053	909	0	2501	0
Pal7_noUDG.SG	1751	694	0	2018	0
I5427	1164	1016	0	2283	0
Rev5_noUDG.SG	2367	516	0	1580	0
I2318	2454	559	0	1450	0
I2937	1465	834	0	2164	0
I3709	725	1056	0	2682	0
I3920	514	1126	0	2823	0
I2937_noUDG	999	960	0	2504	0
CO1_noUDG.SG	1818	798	0	1847	0
I1909	2188	625	0	1650	0
I2394	4184	97	0	182	0
I1907	851	994	0	2618	0
I2793	947	1030	0	2486	0
I2741	847	916	0	2700	0
I2786	1118	971	0	2374	0
I2787	1556	789	0	2118	0
I3528	3545	287	0	631	0
I4131	3815	185	0	463	0
I7045	852	1008	0	2603	0
I1502	748	1028	0	2687	0
BR1_noUDG.SG	2223	622	0	1618	0
I7043	785	1069	0	2609	0
I11683	641	1006	0	2816	0
I2794	347	1171	0	2945	0
I0174	3469	279	0	715	0
I1876	3624	208	0	631	0
I1878	1333	877	0	2253	0
I1877_noUDG	1266	992	0	2205	0
I2783	1714	714	0	2035	0
I20752	440	1130	0	2893	0
IR1_noUDG.SG	1544	880	0	2039	0
DA198_noUDG.SG	2547	505	0	1411	0
DA191_noUDG.SG	2612	451	0	1400	0
DA194_noUDG.SG	2344	597	0	1522	0
DA195_noUDG.SG	2214	561	0	1688	0
DA197_noUDG.SG	3148	379	0	936	0
KO2_noUDG.SG	4107	106	0	250	0
I1497	662	1166	0	2635	0
I2369	1133	966	0	2364	0
I2370	674	1060	0	2729	0
I2371	1845	743	0	1875	0
I2753	930	979	0	2554	0
I2754	3066	395	0	1002	0
I2763	4336	37	0	90	0
I2366	1020	1016	0	2427	0
I2367	894	949	0	2620	0
I5119	1209	895	0	2359	0
I2788	977	1051	0	2435	0
I2790	511	1068	0	2884	0
I2791	1029	968	0	2466	0
I1504	1243	890	0	2330	0
BR2_noUDG.SG	3	1220	0	3240	0
I1495	685	1084	0	2694	0
I1900	4167	77	0	219	0
NE7_noUDG.SG	1677	797	0	1989	0
I1905	2717	505	0	1241	0
I1891	2639	538	0	1286	0
I1893	4169	99	0	195	0
I4184	2463	586	0	1414	0
I4185	4275	55	0	133	0
I4183	4413	15	0	35	0
RISE371_noUDG.SG	4246	62	0	155	0
RISE373_noUDG.SG	3144	384	0	935	0
RISE374_noUDG.SG	3824	170	0	469	0
RISE247_noUDG.SG	2889	402	0	1172	0
DA199_noUDG.SG	2952	384	0	1127	0
I7042	882	1050	0	2531	0
I1498	736	1021	0	2706	0
I1500	700	1111	0	2652	0
I1505	820	986	0	2657	0
I1506	1119	981	0	2363	0
I3535_noUDG	3439	285	0	739	0
I1499	696	1117	0	2650	0
NE3_noUDG.SG	4121	97	0	245	0
I2384	1248	857	0	2358	0
NE2_noUDG.SG	3829	167	0	467	0
I3537_noUDG	3428	305	0	730	0
I2377	1424	814	0	2225	0
I2379	1722	742	0	1999	0
NE5_noUDG.SG	1956	754	0	1753	0
NE4_noUDG.SG	4162	78	0	223	0
I0176	4148	78	0	237	0
I1496	719	1011	0	2733	0
I1904	920	1057	0	2486	0
I1883	4164	75	0	224	0
I2739	1277	856	0	2330	0
NE6_noUDG.SG	2030	644	0	1789	0
NE1_noUDG.SG	3	1288	0	3172	0
I1889	2527	603	0	1333	0
I1896	3379	309	0	775	0
I1885	4240	57	0	166	0
I1895	1602	839	0	2022	0
I2868	1744	727	0	1992	0
I2871	2242	587	0	1634	0
I2872	3411	266	0	786	0
I3342	2364	628	0	1471	0
I3343	3254	323	0	886	0
I3344	3833	174	0	456	0
I3346	3024	389	0	1050	0
I3349	3653	262	0	548	0
I3351	4166	89	0	208	0
I3352	1482	788	0	2193	0
I3402	3791	183	0	489	0
I3406	3063	371	0	1029	0
I3407	3824	181	0	458	0
I6934	1780	755	0	1928	0
I6938	2608	541	0	1314	0
I6941	2320	589	0	1554	0
I6942	2268	598	0	1597	0
I6943	3791	184	0	488	0
I6944	3000	397	0	1066	0
I6945	4291	50	0	122	0
I6946	2956	453	0	1054	0
I7035	2336	622	0	1505	0
I7036	2887	409	0	1167	0
I2869	1814	736	0	1913	0
I2870	4325	38	0	100	0
I3345	1145	913	0	2405	0
I3348	2683	518	0	1262	0
I3350	1475	840	0	2148	0
I3403	2472	606	0	1385	0
I3404	1723	769	0	1971	0
I3405	2522	537	0	1404	0
I6936	1282	910	0	2271	0
I6937	1991	709	0	1763	0
I6939	2266	587	0	1610	0
I6947	4338	31	0	94	0
I6935	2292	606	0	1565	0
I2337	2068	690	0	1705	0
I2513	1256	836	0	2371	0
I2514	907	1033	0	2523	0
I2918	4233	59	0	171	0
I2922	3089	358	0	1016	0
I2923	1598	865	0	2000	0
I2924	1347	812	0	2304	0
I2927	2513	540	0	1410	0
I2928	3448	290	0	725	0
I2921	3520	263	0	680	0
I1955	782	1017	0	2664	0
I4243	658	1042	0	2763	0
I2327	2074	673	0	1716	0
I2323	2256	647	0	1560	0
I2328	4378	21	0	64	0
I4241	826	989	0	2648	0
I4349_noUDG	581	1074	0	2808	0
I4351_noUDG	1158	938	0	2367	0
F38_noUDG.SG	501	1124	0	2838	0
I11462	1254	944	0	2265	0
I11483	4106	101	0	256	0
I8725	1382	905	0	2176	0
I11459	2793	438	0	1232	0
WC1_noUDG.SG	8	1285	0	3170	0
rath1_noUDG.SG	4	1314	0	3145	0
rath2_noUDG.SG	1219	918	0	2326	0
rath3_noUDG.SG	2198	614	0	1651	0
ASH3.SG	882	1045	0	2536	0
PN02.SG	1147	970	0	2346	0
PN112.SG	1755	779	0	1929	0
PN13.SG	2176	625	0	1662	0
PN04.SG	1130	984	0	2349	0
PN05.SG	1501	855	0	2107	0
PN10_PN113.SG	430	1143	0	2890	0
PN107.SG	1092	946	0	2425	0
CAK530.SG	1570	844	0	2049	0
CAK531.SG	1768	794	0	1901	0
CAK532.SG	361	1207	0	2895	0
CAK533.SG	615	1099	0	2749	0
CAK68.SG	670	1053	0	2740	0
car004_noUDG.SG	4380	18	0	65	0
prs002_noUDG.SG	115	1166	0	3182	0
prs003_noUDG.SG	4087	134	0	242	0
prs006_noUDG.SG	3899	173	0	391	0
prs010_noUDG.SG	4055	106	0	302	0
prs012_noUDG.SG	3931	158	0	374	0
prs013_noUDG.SG	66	1237	0	3160	0
prs016_noUDG.SG	64	1264	0	3135	0
prs018_noUDG.SG	4258	61	0	144	0
prs017_noUDG.SG	4023	122	0	318	0
ANN1.SG	864	943	0	2656	0
ANN2.SG	2891	441	0	1131	0
ARD2.SG	493	1123	0	2847	0
ASH1.SG	1486	806	0	2171	0
BG72.SG	940	882	0	2641	0
CH448.SG	845	1039	0	2579	0
GNM1007.SG	2069	690	0	1704	0
GNM1076.SG	1598	796	0	2069	0
MB6.SG	1080	865	0	2518	0
NG10.SG	5	1256	0	3202	0
NGZ1.SG	2291	561	0	1611	0
PB1327.SG	1917	706	0	1840	0
PB1794.SG	2486	625	0	1352	0
PB186.SG	671	1101	0	2691	0
PB2031.SG	1484	827	0	2152	0
PB443.SG	349	1236	0	2878	0
PB581.SG	593	1069	0	2801	0
PB754.SG	2795	483	0	1185	0
PB768.SG	1305	888	0	2270	0
PN03.SG	1013	991	0	2459	0
PN06.SG	1171	911	0	2381	0
PN07.SG	960	956	0	2547	0
PN12.SG	1758	705	0	2000	0
PN16.SG	2404	580	0	1479	0
bally_noUDG.SG	8	1248	0	3207	0
ASH066	3591	258	0	614	0
ASH067	3626	233	0	604	0
ASH2-3	4048	113	0	302	0
ASH068	3293	331	0	839	0
ASH008	2524	554	0	1385	0
ASH029	3889	168	0	406	0
ASH033	3946	125	0	392	0
I4517	2233	676	0	1554	0
I2201	1627	813	0	2023	0
I4521	1827	772	0	1864	0
KFH2_KFH002.A0101	3933	164	0	366	0
I10264	2999	398	0	1066	0
I10266	3261	351	0	851	0
I10268	2270	620	0	1573	0
I2062	1534	865	0	2064	0
I2195	3260	361	0	842	0
I2198	2936	394	0	1133	0
I4519	3754	200	0	509	0
I10267	4426	12	0	25	0
I10100	3272	313	0	878	0
I10359	4063	118	0	282	0
R1014_oEEF.SG	2205	570	0	1688	0
R16.SG	2594	517	0	1352	0
R17.SG	2537	533	0	1393	0
R18.SG	2443	519	0	1501	0
R80.SG	485	1134	0	2844	0
R1551.SG	1804	800	0	1859	0
R42.SG	67	1172	0	3224	0
R123.SG	1978	699	0	1786	0
R126.SG	1372	887	0	2204	0
R39.SG	622	1008	0	2833	0
R47.SG	1265	903	0	2295	0
R50.SG	1002	1001	0	2460	0
R31.SG	436	1132	0	2895	0
R104.SG	1705	799	0	1959	0
R1219.SG	809	899	0	2755	0
R1286.SG	1305	852	0	2306	0
R1283.SG	1430	912	0	2121	0
R1285.SG	1483	829	0	2151	0
R1290.SG	1220	915	0	2328	0
I2478	1529	819	0	2115	0
Iceman_noUDG.SG	34	1038	0	3391	0
RISE487_noUDG.SG	3603	173	0	687	0
RISE489_noUDG.SG	2586	461	0	1416	0
RISE486_noUDG.SG	3728	168	0	567	0
SUA001_d	4023	105	0	335	0
SUA003	3553	260	0	650	0
ORC001	1025	917	0	2521	0
ORC003	817	1060	0	2586	0
ORC004	2229	626	0	1608	0
ORC005	898	981	0	2584	0
ORC006	963	995	0	2505	0
ORC007	825	996	0	2642	0
ORC008	906	1006	0	2551	0
ORC009	841	1070	0	2552	0
SUA006	2833	462	0	1168	0
MA82_noUDG	1884	682	0	1897	0
MA110_noUDG	422	1130	0	2911	0
MA112_renamed_noUDG	3897	155	0	411	0
MA138_noUDG	4119	94	0	250	0
FIL004	3940	129	0	394	0
I16164	1894	703	0	1866	0
SID006	3918	135	0	410	0
R22.SG	2029	705	0	1729	0
I14675	877	1068	0	2518	0
I14677	850	1063	0	2550	0
I14678	755	1007	0	2701	0
I14676	801	1035	0	2627	0
MA89_noUDG	975	948	0	2540	0
COR002	756	1125	0	2582	0
COR001	1100	1037	0	2326	0
I12221	4073	112	0	278	0
SUC009	1111	957	0	2395	0
I3743	950	974	0	2539	0
SUA002	1237	933	0	2293	0
LON001	945	943	0	2575	0
ISB001	875	961	0	2627	0
PJU002	3751	204	0	508	0
SUA005	4252	70	0	141	0
SUA007	3255	332	0	876	0
SUC001	1194	970	0	2299	0
SUC003	1187	830	0	2446	0
SUC004	1052	941	0	2470	0
SUC005	1058	952	0	2453	0
SUC006	1587	800	0	2076	0
SUC007	1361	880	0	2222	0
R28.SG	1992	674	0	1797	0
R26.SG	2585	498	0	1380	0
ISC001	757	991	0	2715	0
SUC002	1381	848	0	2234	0
R25.SG	2529	555	0	1379	0
MA78_noUDG	3929	136	0	398	0
MA85_noUDG	3676	248	0	539	0
MA88_noUDG	1470	746	0	2247	0
I10366	1248	960	0	2255	0
I16163	1587	738	0	2138	0
ORC002	610	1111	0	2742	0
I12223	4194	73	0	196	0
SEC005	835	1041	0	2587	0
SEC002	553	1092	0	2818	0
SEC001	732	1027	0	2704	0
SEC004	1424	885	0	2154	0
SEC006	966	1065	0	2432	0
I10552	783	1104	0	2576	0
I10553	841	1085	0	2537	0
I10554	869	1009	0	2585	0
I3642	3917	183	0	363	0
I3741	1041	995	0	2427	0
I10502	4267	56	0	140	0
I16161	1095	946	0	2422	0
I16170	1611	745	0	2107	0
I10365	1778	812	0	1873	0
SNN001	3812	212	0	439	0
SNN002	3779	183	0	501	0
SNN003	2489	571	0	1403	0
SNN004	3327	310	0	826	0
I15941	1018	1028	0	2417	0
I15942	1616	737	0	2110	0
I15945	3575	271	0	617	0
I15946	2073	661	0	1729	0
I16165	1868	765	0	1830	0
I16166	3815	189	0	459	0
I16168	2296	632	0	1535	0
I16169	2203	604	0	1656	0
I16183	3636	226	0	601	0
LON003	2469	560	0	1434	0
NOE001	4240	72	0	151	0
NOE002	4124	111	0	228	0
SID005	3841	161	0	461	0
SUC008	959	993	0	2511	0
MA79_noUDG	1672	751	0	2040	0
R24.SG	2553	571	0	1339	0
I15943	3791	212	0	460	0
AMC014	2701	488	0	1274	0
AMC001	3710	202	0	551	0
I4930	4290	60	0	113	0
I3122	555	1091	0	2817	0
I3123	530	1051	0	2882	0
I3124	567	1028	0	2868	0
I7796	3703	223	0	537	0
I7800	4258	67	0	138	0
I7805	4204	71	0	188	0
I7807	3614	227	0	622	0
I8561	580	1068	0	2815	0
I11443	948	990	0	2525	0
I10372	889	947	0	2627	0
I3876	923	912	0	2628	0
I3878	690	1049	0	2724	0
I3125	508	1113	0	2842	0
I4109	714	1100	0	2649	0
I4062	543	1193	0	2727	0
I4063	193	1216	0	3054	0
I4064	912	981	0	2570	0
I4065	611	1082	0	2770	0
R4.SG	75	1253	0	3135	0
R6.SG	2601	541	0	1321	0
R10.SG	935	979	0	2549	0
R2.SG	54	1290	0	3119	0
R3.SG	39	1211	0	3213	0
R9.SG	35	1239	0	3189	0
I3705	646	1035	0	2782	0
I3706	756	1032	0	2675	0
I3707	821	1001	0	2641	0
I3985	718	1110	0	2635	0
I3987	607	1059	0	2797	0
I6459	785	1072	0	2606	0
I6571	801	1036	0	2626	0
I3767	942	1009	0	2512	0
DA231_noUDG.SG	2922	406	0	1135	0
BOT15_noUDG.SG	676	1051	0	2736	0
DA11_noUDG.SG	2965	445	0	1053	0
DA13_noUDG.SG	1057	940	0	2466	0
DA14_noUDG.SG	2657	505	0	1301	0
DA15_noUDG.SG	3680	233	0	550	0
DA16_noUDG.SG	1765	740	0	1958	0
EBA1_noUDG.SG	294	1176	0	2993	0
EBA2_noUDG.SG	35	1295	0	3133	0
DA17_noUDG.SG	3623	244	0	596	0
DA19_noUDG.SG	3282	303	0	878	0
I11538	905	1024	0	2534	0
I1153	1051	956	0	2456	0
Damgaard2018Yamnaya_noUDG.SG	5	1256	0	3202	0
I11541	1383	893	0	2187	0
IS2.SG	3970	116	0	377	0
I3451	1907	703	0	1853	0
I6708	3867	179	0	417	0
DA121_noUDG.SG	2744	498	0	1221	0
DA229_noUDG.SG	2545	506	0	1412	0
DA206_noUDG.SG	882	1032	0	2549	0
DA125_noUDG.SG	3841	182	0	440	0
DA230_noUDG.SG	1726	688	0	2049	0
DA87_noUDG.SG	3651	218	0	594	0
DA23_noUDG.SG	962	964	0	2537	0
I4323	962	1008	0	2493	0
I11540	945	1050	0	2468	0
I6709	2572	507	0	1384	0
I6789	772	1088	0	2603	0
I6790	748	1021	0	2694	0
I6791	706	1174	0	2583	0
I6793	736	1110	0	2617	0
I6794	708	1118	0	2637	0
I6796	868	1041	0	2554	0
I6797	707	1038	0	2718	0
I6792	724	1047	0	2692	0
I6795	693	1122	0	2648	0
DA124_noUDG.SG	3731	216	0	516	0
DA126_noUDG.SG	3711	203	0	549	0
DA93_noUDG.SG	1478	797	0	2188	0
I11735	808	1009	0	2646	0
I11736	804	1017	0	2642	0
I4264	773	1075	0	2615	0
I4265	756	1060	0	2647	0
I4773	761	1069	0	2633	0
I4774	780	1008	0	2675	0
I6788	3413	301	0	749	0
I6800	1297	846	0	2320	0
I6799	692	1182	0	2589	0
I6707	765	1046	0	2652	0
I0507	965	935	0	2563	0
I1931	2923	422	0	1118	0
I4318	621	1162	0	2680	0
I4568	3518	235	0	710	0
I4776	826	1074	0	2563	0
I4779	1046	1006	0	2411	0
I4566	3015	400	0	1048	0
I4780	3307	341	0	815	0
I4319	4438	7	0	18	0
I5761	4234	67	0	162	0
I4567	3648	237	0	578	0
I4262	864	1074	0	2525	0
I4263	1945	683	0	1835	0
I4778	1129	924	0	2410	0
I4321	960	1032	0	2471	0
I4322	1962	698	0	1803	0
I4782	801	1045	0	2617	0
I4783	979	960	0	2524	0
I4784	774	1067	0	2622	0
I3788	2927	431	0	1105	0
I3861	2308	657	0	1498	0
I4789	647	1024	0	2792	0
I4790	753	1133	0	2577	0
I4791	3887	180	0	396	0
I7060	1506	813	0	2144	0
I3860	3125	353	0	985	0
RISE391_noUDG.SG	4206	57	0	200	0
I3864	2396	564	0	1503	0
I3763	1161	910	0	2392	0
DA18_noUDG.SG	3482	273	0	708	0
DA129_noUDG.SG	1790	734	0	1939	0
DA92_noUDG.SG	3254	344	0	865	0
DA30_noUDG.SG	2048	545	0	1870	0
DA202_noUDG.SG	3538	245	0	680	0
I10111	708	994	0	2761	0
I10112	678	1079	0	2706	0
I4787	801	1108	0	2554	0
DA130_noUDG.SG	4203	67	0	193	0
DA89_noUDG.SG	3704	151	0	608	0
DA201_noUDG.SG	3526	263	0	674	0
DA223_noUDG.SG	470	1063	0	2930	0
I3770	1490	756	0	2217	0
I3753	1031	972	0	2460	0
I3772	996	1011	0	2456	0
I3977	986	972	0	2505	0
I4267	854	960	0	2649	0
I4295	895	1030	0	2538	0
I3976	1063	956	0	2444	0
I11526	1815	739	0	1909	0
I11527	902	1029	0	2532	0
DA106_noUDG.SG	2616	515	0	1332	0
DA117_noUDG.SG	1640	762	0	2061	0
DA70_noUDG.SG	2483	542	0	1438	0
DA81_noUDG.SG	1027	930	0	2506	0
DA85_noUDG.SG	1028	959	0	2476	0
DA98_noUDG.SG	3197	334	0	932	0
DA100_noUDG.SG	918	1049	0	2496	0
DA101_noUDG.SG	331	1131	0	3001	0
DA385_noUDG.SG	863	973	0	2627	0
DA52_noUDG.SG	3163	331	0	969	0
DA54_noUDG.SG	3877	142	0	444	0
DA65_noUDG.SG	3729	186	0	548	0
DA66_noUDG.SG	3336	280	0	847	0
DA68_noUDG.SG	4169	67	0	227	0
DA69_noUDG.SG	2537	540	0	1386	0
DA72_noUDG.SG	1853	712	0	1898	0
DA73_noUDG.SG	2842	415	0	1206	0
DA74_noUDG.SG	1895	788	0	1780	0
DA80_noUDG.SG	1977	705	0	1781	0
DA82_noUDG.SG	3896	147	0	420	0
DA96_noUDG.SG	2015	668	0	1780	0
DA71_noUDG.SG	2442	536	0	1485	0
DA105_noUDG.SG	2876	452	0	1135	0
DA56_noUDG.SG	1368	845	0	2250	0
DA53_noUDG.SG	3356	274	0	833	0
DA47_noUDG.SG	1725	725	0	2013	0
DA49_noUDG.SG	3401	253	0	809	0
DA51_noUDG.SG	2589	517	0	1357	0
DA55_noUDG.SG	2914	386	0	1163	0
DA57_noUDG.SG	2016	717	0	1730	0
DA58_noUDG.SG	2232	605	0	1626	0
DA59_noUDG.SG	2697	487	0	1279	0
DA86_noUDG.SG	3072	389	0	1002	0
Kivutkalns153	3005	422	0	1036	0
Kivutkalns164	3970	137	0	356	0
Kivutkalns19	532	1152	0	2779	0
Kivutkalns194	3739	212	0	512	0
Kivutkalns207	385	1180	0	2898	0
Kivutkalns215	659	1116	0	2688	0
Kivutkalns222	1423	844	0	2196	0
Kivutkalns25	1310	901	0	2252	0
Kivutkalns42	1594	828	0	2041	0
I4629	3118	397	0	948	0
Latvia_LN1_noUDG.SG	3801	160	0	502	0
I4436	968	1011	0	2484	0
I4435	939	1038	0	2486	0
I4554	999	1000	0	2464	0
SFI-11_noUDG.SG	4058	112	0	293	0
SFI-15_noUDG.SG	1486	812	0	2165	0
SFI-24_noUDG.SG	351	1202	0	2910	0
SFI-33_noUDG.SG	366	1064	0	3033	0
SFI-12_noUDG.SG	4170	79	0	214	0
SFI-20_noUDG.SG	2340	617	0	1506	0
SFI-5_noUDG.SG	4099	96	0	268	0
SFI-42_noUDG.SG	3197	298	0	968	0
Turlojiske1	3788	214	0	461	0
Turlojiske1932	4063	112	0	288	0
Turlojiske3	2283	626	0	1554	0
RISE598_noUDG.SG	4376	21	0	66	0
Plinkaigalis241	3473	260	0	730	0
Plinkaigalis242	618	1051	0	2794	0
Spiginas2	628	1119	0	2716	0
I0676	678	1018	0	2767	0
Ma911.WGC	3930	155	0	378	0
cim357_noUDG.SG	3748	219	0	496	0
cim358_noUDG.SG	4208	57	0	198	0
cim359_noUDG.SG	3006	436	0	1021	0
scy303_noUDG.SG	2575	554	0	1334	0
scy300_noUDG.SG	3364	310	0	789	0
scy301_noUDG.SG	2342	637	0	1484	0
scy304_noUDG.SG	4204	68	0	191	0
scy305_noUDG.SG	3903	151	0	409	0
scy311_noUDG.SG	3646	217	0	600	0
OLN003	3316	325	0	822	0
DEE001	603	1142	0	2718	0
TSB001	1645	741	0	2077	0
TMI001	3161	381	0	921	0
BUR001	3717	222	0	524	0
BUR004	1771	803	0	1889	0
TUK001	748	969	0	2746	0
SHT001	1485	867	0	2111	0
SHT002	706	1055	0	2702	0
I6221	783	994	0	2686	0
I6222	3707	217	0	539	0
I13965	868	1035	0	2560	0
I6263	717	1120	0	2626	0
I12970	689	1048	0	2726	0
I6224	752	1056	0	2655	0
I6226	764	1051	0	2648	0
I6230	811	1133	0	2519	0
I6231	1839	756	0	1868	0
I6232	724	1088	0	2651	0
I6233	687	1027	0	2749	0
I7022	620	1080	0	2763	0
I7023	1008	1065	0	2390	0
I7024	638	1055	0	2770	0
I7028	4296	49	0	118	0
I7030	719	1092	0	2652	0
I12956	4416	14	0	33	0
I7026	4394	24	0	45	0
DUU001	1308	829	0	2326	0
DUU002	3741	201	0	521	0
BER002	1631	821	0	2011	0
SBG001	1405	803	0	2255	0
ULI001	291	1183	0	2989	0
ULI002	3682	225	0	556	0
ULI003	1097	1019	0	2347	0
KHI001	1148	973	0	2342	0
UUS002	569	1200	0	2694	0
AST001	2213	647	0	1603	0
SKT002	885	1014	0	2564	0
SKT006	3131	404	0	928	0
I6262	702	1045	0	2716	0
I6347	631	1035	0	2797	0
I7033	637	1118	0	2708	0
I6348	370	1211	0	2882	0
UGU001	1212	931	0	2320	0
UGU005	519	1068	0	2876	0
UGU010	3044	470	0	949	0
DEL001	645	1107	0	2711	0
CHN001	631	1173	0	2659	0
CHN003	2427	602	0	1434	0
CHN014	486	1111	0	2866	0
DA38_noUDG.SG	596	997	0	2870	0
DA41_noUDG.SG	2806	339	0	1318	0
BIL001	1252	951	0	2260	0
I4068	1904	682	0	1877	0
I4069	1000	1020	0	2443	0
I4073	860	949	0	2654	0
I4074	833	904	0	2726	0
I4075	762	1056	0	2645	0
I4076	2116	664	0	1683	0
I5748	1078	935	0	2450	0
I4067	4305	52	0	106	0
I4070	1045	963	0	2455	0
I4071	796	970	0	2697	0
VK531_noUDG.SG	1498	786	0	2179	0
I6888	1419	804	0	2240	0
I8219	1220	935	0	2308	0
I6545	1957	724	0	1782	0
I6546	1632	777	0	2054	0
I7715	590	1118	0	2755	0
I12450	1432	843	0	2188	0
I8193	1866	741	0	1856	0
I8218	362	1211	0	2890	0
I8220	685	1018	0	2760	0
I8245	926	924	0	2613	0
I6889	614	1042	0	2807	0
I6890	873	976	0	2614	0
I7714	1432	864	0	2167	0
I6549	1745	776	0	1942	0
I6550	1151	912	0	2400	0
I7717	689	1041	0	2733	0
I2954	4436	11	0	16	0
I6893	1675	798	0	1990	0
I12147	2227	619	0	1617	0
I5396	1598	853	0	2012	0
I5397	839	1026	0	2598	0
I10974	1681	778	0	2004	0
I12457	1526	810	0	2127	0
I13226	2105	650	0	1708	0
I5400	1061	937	0	2465	0
I6292	834	1015	0	2614	0
I6553	2268	630	0	1565	0
I6556	1317	883	0	2263	0
I8999	921	965	0	2577	0
I6555	744	997	0	2722	0
I12138	1146	940	0	2377	0
I6554	879	964	0	2620	0
I1808	4047	127	0	289	0
I7716	578	990	0	2895	0
I1805	2019	681	0	1763	0
I2959	1453	879	0	2131	0
I6195	4159	97	0	207	0
I6900	1103	952	0	2408	0
I3262	861	988	0	2614	0
I1992	4244	57	0	162	0
I4253	2385	544	0	1534	0
I6534	4121	92	0	250	0
I6538	4333	46	0	84	0
I6582	781	1077	0	2605	0
I6583	699	1114	0	2650	0
I6581	1519	809	0	2135	0
I4252	4339	33	0	91	0
N42_noUDG.SG	2795	469	0	1199	0
N26_noUDG.SG	828	1002	0	2633	0
N31_noUDG.SG	1104	850	0	2509	0
I6531	842	946	0	2675	0
I6537	1979	678	0	1806	0
N44_noUDG.SG	984	959	0	2520	0
RISE431_noUDG.SG	3805	134	0	524	0
poz44_noUDG.SG	4125	98	0	240	0
poz81_noUDG.SG	1272	882	0	2309	0
I6579	843	997	0	2623	0
RISE109_noUDG.SG	3107	402	0	954	0
RISE139_noUDG.SG	4267	58	0	138	0
RISE145_noUDG.SG	4293	60	0	110	0
RISE150_noUDG.SG	961	1049	0	2453	0
N17_noUDG.SG	682	975	0	2806	0
I2403	2903	450	0	1110	0
I2407	4426	9	0	28	0
I2405	4022	126	0	315	0
N38_noUDG.SG	917	1100	0	2446	0
pcw260_noUDG.SG	1403	853	0	2207	0
pcw191_noUDG.SG	4190	72	0	201	0
pcw040_noUDG.SG	1006	898	0	2559	0
pcw061_noUDG.SG	3087	376	0	1000	0
pcw070_noUDG.SG	2695	528	0	1240	0
pcw160_noUDG.SG	4361	32	0	70	0
pcw212_noUDG.SG	4182	80	0	201	0
pcw350_noUDG.SG	3889	157	0	417	0
pcw362_noUDG.SG	283	1154	0	3026	0
pcw041_noUDG.SG	3677	207	0	579	0
N19_noUDG.SG	945	954	0	2564	0
N18_noUDG.SG	1131	860	0	2472	0
N20_noUDG.SG	2252	605	0	1606	0
VK200_noUDG.SG	4383	21	0	59	0
VK212_noUDG.SG	3357	298	0	808	0
I0839	4062	118	0	283	0
I0840	3885	165	0	413	0
I1970	3649	231	0	583	0
I3432	1645	844	0	1974	0
I5076	951	1024	0	2488	0
I5428	2712	510	0	1241	0
I5429	663	1078	0	2722	0
LD270_noUDG.SG	318	1216	0	2929	0
LU339_noUDG.SG	456	1127	0	2880	0
I4088	1116	1000	0	2347	0
I4089	822	1011	0	2630	0
GB_noUDG.SG	530	1054	0	2879	0
I2532	1027	968	0	2468	0
I2533	764	1132	0	2567	0
I2069	632	1006	0	2825	0
I3950	857	1075	0	2531	0
I3952	479	1089	0	2895	0
I3954	676	1023	0	2764	0
I5269	918	1003	0	2542	0
I5271	3648	215	0	600	0
I5272	1777	790	0	1896	0
I5273	930	989	0	2544	0
I5278	2782	470	0	1211	0
I5279	1002	1024	0	2437	0
I3951	878	969	0	2616	0
I6712	1344	876	0	2243	0
I6714	753	1125	0	2585	0
I6714.DG	3	1331	0	3129	0
I6714.SG	3	1335	0	3125	0
I3949	889	1053	0	2521	0
I3949.DG	11	1333	0	3119	0
I3949.SG	11	1330	0	3122	0
I3950.DG	5	1313	0	3145	0
I3950.SG	5	1306	0	3152	0
RISE512_noUDG.SG	3065	345	0	1053	0
RISE503_noUDG.SG	1643	708	0	2112	0
RISE505_noUDG.SG	61	1149	0	3253	0
irk032_noUDG.SG	3173	408	0	882	0
RISE664_noUDG.SG	284	1188	0	2991	0
RISE718_noUDG.SG	2297	582	0	1584	0
RISE662_noUDG.SG	3113	332	0	1018	0
RISE515_noUDG.SG	2597	481	0	1385	0
RISE670_noUDG.SG	2394	579	0	1490	0
RISE674_noUDG.SG	458	1088	0	2917	0
RISE675_noUDG.SG	2974	357	0	1132	0
RISE677_noUDG.SG	3474	276	0	713	0
RISE683_noUDG.SG	1084	880	0	2499	0
RISE684_noUDG.SG	2891	423	0	1149	0
RISE516_noUDG.SG	1797	756	0	1910	0
RK1001	1264	910	0	2289	0
RK1007	3458	301	0	704	0
I2056	1108	969	0	2386	0
I1722	3345	355	0	763	0
I2055	3397	326	0	740	0
MK5008	4240	62	0	161	0
OSS001	2384	587	0	1492	0
I6266	2011	722	0	1730	0
I6267	3439	269	0	755	0
I6268	2679	467	0	1317	0
SA6010	2499	507	0	1457	0
NEO250_noUDG.SG	3436	258	0	769	0
RISE504_noUDG.SG	736	990	0	2737	0
s19_VII15_1_noUDG.SG	3717	196	0	550	0
I0247	775	1073	0	2615	0
MIL001_noUDG.SG	3989	106	0	368	0
MIL002_noUDG.SG	4100	71	0	292	0
TIM006_noUDG.SG	4086	93	0	284	0
TIM008_noUDG.SG	4101	92	0	270	0
RISE492_noUDG.SG	3741	180	0	542	0
RISE494_noUDG.SG	3129	296	0	1038	0
RISE493_noUDG.SG	59	1213	0	3191	0
RISE496_noUDG.SG	339	1008	0	3116	0
RISE502_noUDG.SG	898	916	0	2649	0
SA6002	956	948	0	2559	0
SIJ003	942	976	0	2545	0
SIJ002	1059	954	0	2450	0
chy001_noUDG.SG	3460	312	0	691	0
chy002_noUDG.SG	2535	542	0	1386	0
tem001_noUDG.SG	4084	110	0	269	0
tem002_noUDG.SG	3442	306	0	715	0
tem003_noUDG.SG	2151	664	0	1648	0
RISE553_noUDG.SG	4156	84	0	223	0
RISE554_noUDG.SG	3788	178	0	497	0
I6047	3165	395	0	903	0
N5a.SG	2673	503	0	1287	0
M9984_noUDG.SG	1641	737	0	2085	0
I6294	1626	803	0	2034	0
I7671	1123	943	0	2397	0
I0432	1937	738	0	1788	0
RISE523_noUDG.SG	300	1161	0	3002	0
I11214	3991	126	0	346	0
I1821	2483	548	0	1432	0
I1828	3785	207	0	471	0
I1851	2343	616	0	1504	0
I1852	2791	449	0	1223	0
I1853	3859	190	0	414	0
I1856	1098	948	0	2417	0
I6718	772	1012	0	2679	0
I6717	729	990	0	2744	0
I7670	2300	559	0	1604	0
I6048	4344	37	0	82	0
I0984	1526	783	0	2154	0
I1027	498	1163	0	2802	0
I1029	1971	662	0	1830	0
I1053	883	958	0	2622	0
I1064	1030	1047	0	2386	0
I1054	933	982	0	2548	0
I1020	1563	877	0	2023	0
I1057	1050	967	0	2446	0
I1058	2195	589	0	1679	0
I1056	2624	510	0	1329	0
I1028	1529	837	0	2097	0
RISE386_noUDG.SG	2619	474	0	1370	0
RISE392_noUDG.SG	2125	583	0	1755	0
RISE394_noUDG.SG	2853	419	0	1191	0
RISE395_noUDG.SG	593	983	0	2887	0
RDT002_noUDG.SG	4401	16	0	46	0
HAN002_noUDG.SG	1830	679	0	1954	0
BU2001	2940	459	0	1064	0
GW1001	1641	813	0	2009	0
I1723_noUDG	4095	114	0	254	0
LYG001	1613	893	0	1957	0
MK5009	2247	655	0	1561	0
PG2002	2892	446	0	1125	0
RK1003	3485	279	0	699	0
KBD001	440	1018	0	3005	0
KBD002	884	1027	0	2552	0
I0944	4189	66	0	208	0
I0946	4027	125	0	311	0
I0246	3581	232	0	650	0
DA188_noUDG.SG	4355	13	0	95	0
DA190_noUDG.SG	4204	49	0	210	0
I7489	1586	795	0	2082	0
kzb005_noUDG.SG	2885	503	0	1075	0
kzb004_noUDG.SG	4404	17	0	42	0
kzb001_noUDG.SG	3805	169	0	489	0
kzb002.SG	520	1071	0	2872	0
kzb003_noUDG.SG	4161	85	0	217	0
kzb006_noUDG.SG	2222	655	0	1586	0
kzb007_noUDG.SG	1129	981	0	2353	0
kzb008_noUDG.SG	2358	597	0	1508	0
kzb009_noUDG.SG	2998	401	0	1064	0
mur001_noUDG.SG	4321	36	0	106	0
mur002_noUDG.SG	4391	11	0	61	0
mur003_noUDG.SG	1313	863	0	2287	0
mur004_noUDG.SG	2151	613	0	1699	0
MK3003	2133	702	0	1628	0
RK4001	1655	817	0	1991	0
RK4002	1370	877	0	2216	0
SA6003	2457	583	0	1423	0
PG2001	567	1071	0	2825	0
PG2004	591	1196	0	2676	0
VJ1001	740	1034	0	2689	0
NV3001	758	1073	0	2632	0
SA6013	2305	560	0	1598	0
DA2_noUDG.SG	1930	713	0	1820	0
BOL001_noUDG.SG	4096	97	0	270	0
BOL002_noUDG.SG	4120	84	0	259	0
BOL003_noUDG.SG	2078	591	0	1794	0
KAR001_noUDG.SG	3953	134	0	376	0
GOL001_noUDG.SG	4133	65	0	265	0
HAL001_noUDG.SG	1747	763	0	1953	0
NAU001_noUDG.SG	1695	696	0	2072	0
NAU002_noUDG.SG	2170	600	0	1693	0
NIK002_noUDG.SG	4078	96	0	289	0
NIK003_noUDG.SG	4103	91	0	269	0
VORONKOVO003_noUDG.SG	4118	104	0	241	0
VOR004_noUDG.SG	1782	694	0	1987	0
VOR005_noUDG.SG	4109	78	0	276	0
BER001_noUDG.SG	4134	98	0	231	0
I5367	911	983	0	2569	0
I5385	1792	755	0	1916	0
I3132	927	1116	0	2420	0
I5515	3630	252	0	581	0
I5516	3196	359	0	908	0
I5469	4442	6	0	15	0
I2568	1430	957	0	2076	0
I5471	1759	818	0	1886	0
I2569	4320	37	0	106	0
I5470	4423	16	0	24	0
I2859	741	929	0	2793	0
I2860	700	1028	0	2735	0
I2861	1399	899	0	2165	0
I3130	730	1014	0	2719	0
I2573	1560	748	0	2155	0
I2653	1803	715	0	1945	0
I2654	2001	684	0	1778	0
I2655	717	1069	0	2677	0
I2656_d	4264	71	0	128	0
bal004_noUDG.SG	1480	841	0	2142	0
lai001_noUDG.SG	3979	135	0	349	0
mid001_noUDG.SG	3681	224	0	558	0
mid002_noUDG.SG	3703	191	0	569	0
I2630	429	1123	0	2911	0
I2631	548	1116	0	2799	0
I2633	909	991	0	2563	0
I2634	2144	687	0	1632	0
I2635	939	890	0	2634	0
I2636	596	1041	0	2826	0
I2657	3707	214	0	542	0
I2659	795	1021	0	2647	0
I2932	790	1008	0	2665	0
I2933	953	1007	0	2503	0
I2934	904	994	0	2565	0
I2935	710	1070	0	2683	0
I2977	872	1006	0	2585	0
I2978	818	1086	0	2559	0
I2979	802	1037	0	2624	0
I2980	791	1067	0	2605	0
I2988	802	1047	0	2614	0
I3085	997	897	0	2569	0
I3133	806	1062	0	2595	0
I3134	769	1003	0	2691	0
I3136	774	1025	0	2664	0
I3138	749	1032	0	2682	0
I7554	821	1000	0	2642	0
I3135	873	1032	0	2558	0
I2660	708	1030	0	2725	0
I2691	838	1039	0	2586	0
I0633_noUDG	2302	585	0	1576	0
I0634_noUDG	1078	1005	0	2380	0
I1131	919	974	0	2570	0
ATP9_noUDG.SG	3375	296	0	792	0
COV20126_noUDG.SG	4083	105	0	275	0
I0257	3895	157	0	411	0
I0455	4249	61	0	153	0
I0460	3049	400	0	1014	0
I0825	4230	73	0	160	0
I0826	3935	137	0	391	0
I1272	1758	744	0	1961	0
I1277	1835	747	0	1881	0
I1281	1307	871	0	2285	0
I1838	635	1059	0	2769	0
I1975	4020	115	0	328	0
I1976	3846	188	0	429	0
I1981	3817	185	0	461	0
I2467	3795	207	0	461	0
I2473	3756	218	0	489	0
I3272	3609	222	0	632	0
I4245	4334	42	0	87	0
I4247	3446	295	0	722	0
I4565	1424	911	0	2128	0
I6604	3555	261	0	647	0
I8131	4032	107	0	324	0
I8569	1611	809	0	2043	0
I0458	3925	161	0	377	0
I6585	4415	12	0	36	0
I6605	4389	25	0	49	0
I6610	4434	8	0	21	0
atp002_noUDG.SG	13	1241	0	3209	0
EHU001	1831	681	0	1951	0
EHU002	1334	964	0	2165	0
I0461	1419	864	0	2180	0
I0462	4301	54	0	108	0
I5665	2321	571	0	1571	0
I0581_d	3020	360	0	1083	0
I3276	882	932	0	2649	0
I6608	3925	146	0	392	0
I8140_d	4199	70	0	194	0
atp016_noUDG.SG	8	1259	0	3196	0
atp12-1420_noUDG.SG	779	1024	0	2660	0
ATP17_noUDG.SG	4366	30	0	67	0
ATP20_noUDG.SG	4398	24	0	41	0
ATP3_noUDG.SG	4357	24	0	82	0
ATP7_noUDG.SG	4355	23	0	85	0
por002_noUDG.SG	2427	562	0	1474	0
por004_noUDG.SG	4101	92	0	270	0
I1836	2979	389	0	1095	0
I1840	1565	841	0	2057	0
I1977	3915	150	0	398	0
I1982	4391	20	0	52	0
I2471	3572	263	0	628	0
I3484	4111	110	0	242	0
I3487	4027	113	0	323	0
I3494	1326	807	0	2330	0
I3756	1618	782	0	2063	0
I3997	592	1015	0	2856	0
I4562	1061	1024	0	2378	0
I6470	1436	812	0	2215	0
I6618	2139	651	0	1673	0
I8136	1995	658	0	1810	0
I8144	4020	139	0	304	0
VAD001	1792	799	0	1872	0
VAD005	2344	641	0	1478	0
I4329	2958	425	0	1080	0
I12171	2694	494	0	1275	0
CHA001_merged	2853	423	0	1187	0
CHA002_merged	3753	170	0	540	0
CHA003_merged	2700	487	0	1276	0
CHA004.A0102	4089	98	0	276	0
FUC003_merged	2396	590	0	1477	0
I0409	2220	612	0	1631	0
I0410	1896	664	0	1903	0
I0412	434	1058	0	2971	0
I0413	1389	794	0	2280	0
I1972	2491	594	0	1378	0
I2199	2808	531	0	1124	0
I0411	3941	151	0	371	0
TOR.11_noUDG.WGC	4296	44	0	123	0
atp005_noUDG.SG	4180	82	0	201	0
CB13_noUDG.SG	1854	646	0	1963	0
mur_noUDG.SG	641	1142	0	2680	0
I8215	963	1097	0	2403	0
I8209	918	935	0	2610	0
I8208	2848	441	0	1174	0
I8206	2799	471	0	1193	0
I8204	3954	132	0	377	0
I8130	4410	16	0	37	0
I12410	732	1068	0	2663	0
I12641	4103	92	0	268	0
I12878	3717	201	0	545	0
I12879	3215	377	0	871	0
I3323	3009	395	0	1059	0
I3758	611	1063	0	2789	0
I3759	1064	988	0	2411	0
I12642	4402	22	0	39	0
I12643	4432	12	0	19	0
I3324	3162	343	0	958	0
I12514	2189	679	0	1595	0
I12516	2539	538	0	1386	0
I2469_enhanced	3511	310	0	642	0
c40331_noUDG.SG	3478	266	0	719	0
san216_noUDG.SG	3693	201	0	569	0
I2472	3713	209	0	541	0
I3493	2947	434	0	1082	0
I2470	2305	589	0	1569	0
I10895	1608	762	0	2093	0
I10851	4165	76	0	222	0
I10852	2945	422	0	1096	0
I10853	3129	363	0	971	0
I10897	3924	145	0	394	0
I10854	4442	2	0	19	0
I3315	817	1071	0	2575	0
ELT002_merged	781	1038	0	2644	0
ELT006_merged	1156	897	0	2410	0
I0408	570	1004	0	2889	0
I7594	3786	206	0	471	0
I7598	2867	458	0	1138	0
I7601	3711	215	0	537	0
I7642	1825	767	0	1871	0
I7643	3806	212	0	445	0
I7644	3097	395	0	971	0
I7645	4346	26	0	91	0
I7646	3895	147	0	421	0
I7647	4360	28	0	75	0
I8568	2502	535	0	1426	0
I7595	4370	39	0	54	0
I3273	3814	196	0	453	0
I7160	4433	8	0	22	0
LD1174_noUDG.SG	300	1083	0	3080	0
I3983	1116	889	0	2458	0
I8338	4245	56	0	162	0
I8339	3138	400	0	925	0
I10866	887	1016	0	2560	0
I8216	4269	68	0	126	0
I8343	4046	121	0	296	0
I3576	860	1026	0	2577	0
I3585	1030	909	0	2524	0
ans003_noUDG.SG	4009	128	0	326	0
ans005_noUDG.SG	4126	101	0	236	0
ans008_noUDG.SG	1118	947	0	2398	0
ans014_noUDG.SG	814	1142	0	2507	0
ans016_noUDG.SG	3858	162	0	443	0
ans017_noUDG.SG	171	1196	0	3096	0
RISE207_noUDG.SG	4345	34	0	84	0
RISE175_noUDG.SG	3758	185	0	520	0
RISE210_noUDG.SG	4125	84	0	254	0
ber1M_noUDG.SG	655	1107	0	2701	0
ber2F_noUDG.SG	3560	274	0	629	0
oll007_noUDG.SG	1793	752	0	1918	0
RISE94_noUDG.SG	1489	784	0	2190	0
ros005_renamed_noUDG.SG	2845	496	0	1122	0
ros3_noUDG.SG	3441	307	0	715	0
ajv36_noUDG.SG	2714	475	0	1274	0
vbj015.SG	4415	15	0	33	0
vbj014_noUDG.SG	4296	44	0	123	0
vbj015_noUDG.SG	4402	20	0	41	0
vbj003_noUDG.SG	4331	31	0	101	0
vbj003.SG	4377	24	0	62	0
vbj012.SG	960	1012	0	2491	0
vbj018.SG	3101	361	0	1001	0
RISE174_noUDG.SG	986	963	0	2514	0
oll009_noUDG.SG	2702	507	0	1254	0
oll010_noUDG.SG	3891	155	0	417	0
RISE97_noUDG.SG	1747	759	0	1957	0
Gokhem2_noUDG.SG	944	938	0	2581	0
Gokhem4_noUDG.SG	4292	41	0	130	0
Gokhem5_noUDG.SG	4332	29	0	102	0
vik_84035_noUDG.SG	3826	185	0	452	0
vik_2072_noUDG.SG	4421	9	0	33	0
vik_84001_noUDG.SG	282	1183	0	2998	0
vik_grt035_noUDG.SG	951	961	0	2551	0
vik_grt036_noUDG.SG	1300	863	0	2300	0
vik_stg021_noUDG.SG	249	1102	0	3112	0
vik_stg026_noUDG.SG	2465	512	0	1486	0
vik_urm035_noUDG.SG	3622	210	0	631	0
vik_urm160_noUDG.SG	1270	860	0	2333	0
vik_urm161_noUDG.SG	4200	74	0	189	0
MX193	1959	748	0	1756	0
RA54	3860	185	0	418	0
TU904_SX17	3408	285	0	770	0
TU908_SX21	1553	834	0	2076	0
TU910_SX22	1767	765	0	1931	0
TU914_SX26	2042	634	0	1787	0
MX188	1446	855	0	2162	0
MX189	1946	749	0	1768	0
MX191	1591	854	0	2018	0
MX196	1731	780	0	1952	0
MX197	1853	757	0	1853	0
MX198	1833	756	0	1874	0
MX199	1604	776	0	2083	0
MX298	4373	18	0	72	0
RA64	2123	673	0	1667	0
TU905_SX18	1544	837	0	2082	0
TU907_SX20	1494	786	0	2183	0
TU911_SX23	1797	756	0	1910	0
MX195	1976	695	0	1792	0
MX192	2079	719	0	1665	0
MX190	1972	697	0	1794	0
RA63	2291	613	0	1559	0
Aes1	2199	567	0	1697	0
Aes10	2672	464	0	1327	0
Aes13	1863	701	0	1899	0
Aes14	2132	692	0	1639	0
Aes16	3607	251	0	605	0
Aes17	1918	695	0	1850	0
Aes18	1669	779	0	2015	0
Aes2	2732	453	0	1278	0
Aes20	1958	662	0	1843	0
Aes22	2316	637	0	1510	0
Aes23	1750	751	0	1962	0
Aes24	1786	699	0	1978	0
Aes3	1783	708	0	1972	0
Aes4	2035	648	0	1780	0
Aes5	2175	700	0	1588	0
Aes6_d	4361	23	0	79	0
Aes8	2127	592	0	1744	0
Aes9	2593	533	0	1337	0
MX150	3541	276	0	646	0
MX182	2746	475	0	1242	0
MX211	2140	659	0	1664	0
MX212	2813	452	0	1198	0
MX213	2509	544	0	1410	0
RA42	3679	184	0	600	0
RA43	4288	54	0	121	0
RA44	3541	242	0	680	0
RA45	3507	234	0	722	0
RA57	2558	553	0	1352	0
RA58	2793	482	0	1188	0
RA61	2026	667	0	1770	0
RA62	1937	716	0	1810	0
TU875_SX9	1881	671	0	1911	0
TU877_SX11	1099	935	0	2429	0
Aes15	2781	496	0	1186	0
MX219	4179	65	0	219	0
MX183	2189	657	0	1617	0
MX299	4108	97	0	258	0
Aes11	1848	709	0	1906	0
Aes12	2304	562	0	1597	0
MX187	2338	635	0	1490	0
Aes25	1483	894	0	2086	0
ETM012	1276	871	0	2316	0
ETM016	2589	495	0	1379	0
ETM018	4134	73	0	256	0
I4257	905	1015	0	2543	0
I4258	901	948	0	2614	0
I4910	1088	984	0	2391	0
I12292	1856	710	0	1897	0
I12294	2799	483	0	1181	0
ALA001_d	3641	244	0	578	0
ALA002	1125	924	0	2414	0
ALA004	1287	897	0	2279	0
ALA008	1165	913	0	2385	0
ALA011	1239	959	0	2265	0
ALA013	478	1097	0	2888	0
ALA014_d	3907	166	0	390	0
ALA015	2448	552	0	1463	0
ALA016	2644	498	0	1321	0
ALA017	1782	788	0	1893	0
ALA018	1436	874	0	2153	0
ALA020	1388	823	0	2252	0
ALA023	3762	190	0	511	0
ALA024	4110	86	0	267	0
ALA025	1229	850	0	2384	0
ALA026	464	1078	0	2921	0
ALA028	724	1055	0	2684	0
ALA029	1304	842	0	2317	0
ALA030	1041	925	0	2497	0
ALA034	858	1017	0	2588	0
ALA035	3356	315	0	792	0
ALA037	3350	314	0	799	0
ALA039	1033	965	0	2465	0
ALA084	3948	156	0	359	0
ALA095	1825	749	0	1889	0
ALA038	4169	87	0	207	0
ALA019	996	965	0	2502	0
ART001	907	1013	0	2543	0
ART009	285	1206	0	2972	0
ART010	821	1042	0	2600	0
ART011	1325	841	0	2297	0
ART004	3974	143	0	346	0
ART005	2077	690	0	1696	0
ART012	551	1168	0	2744	0
ART014	952	1000	0	2511	0
ART015	214	1169	0	3080	0
ART017	1075	891	0	2497	0
ART018	762	1041	0	2660	0
ART019	2230	586	0	1647	0
ART020_d	2601	509	0	1353	0
ART022	775	1058	0	2630	0
ART023	2656	508	0	1299	0
ART026	717	985	0	2761	0
ART027_d	3495	280	0	688	0
ART032	550	1001	0	2912	0
ART038	2853	480	0	1130	0
ART039	4026	131	0	306	0
ART042	414	1222	0	2827	0
ART024	1159	878	0	2426	0
Ash040_noUDG.SG	4445	4	0	14	0
I1584	1687	775	0	2001	0
CBT001	1520	909	0	2034	0
CBT004	1687	761	0	2015	0
CBT005	2122	632	0	1709	0
CBT014	1253	896	0	2314	0
CBT015	1541	844	0	2078	0
CBT016	1141	864	0	2458	0
CBT013	1869	793	0	1801	0
CBT002	2992	411	0	1060	0
CCH290_noUDG.SG	4441	6	0	16	0
cth842_noUDG.SG	4325	43	0	95	0
CCH289_noUDG.SG	4342	29	0	92	0
cth217_noUDG.SG	4375	29	0	59	0
cth728_noUDG.SG	4298	52	0	113	0
cth739_noUDG.SG	4209	72	0	182	0
I2495	251	1144	0	3068	0
I2499	2509	511	0	1443	0
I2683	469	1100	0	2894	0
IKI002	4109	90	0	264	0
IKI009	4042	112	0	309	0
IKI012	3873	168	0	422	0
IKI016	3502	279	0	682	0
IKI017	4165	74	0	224	0
IKI024	3853	155	0	455	0
IKI030	4279	48	0	136	0
IKI034	3793	169	0	501	0
IKI036	4122	88	0	253	0
IKI037	3989	120	0	354	0
IKI038	4261	51	0	151	0
I0709	471	1087	0	2905	0
I0744	830	934	0	2699	0
I0746	443	1091	0	2929	0
I1097	1012	983	0	2468	0
I0854	1358	859	0	2246	0
I1583.DG	9	1293	0	3161	0
Bar31_noUDG.SG	656	1067	0	2740	0
Bar8_noUDG.SG	136	1138	0	3189	0
I1583.SG	9	1285	0	3169	0
KRD001	3287	337	0	839	0
KRD003	2450	542	0	1471	0
KRD004	4124	106	0	233	0
KRD005	4276	61	0	126	0
KRD002	3625	258	0	580	0
Tep006_noUDG.WGC	4236	55	0	172	0
Tep001_noUDG.WGC	4435	10	0	18	0
Tep002_noUDG.WGC	3682	210	0	571	0
Tep003_noUDG.WGC	2760	420	0	1283	0
Tep004_noUDG.WGC	3682	218	0	563	0
TIT021	3906	175	0	382	0
I6124	3966	104	0	393	0
I8504	2917	447	0	1099	0
I8510	2954	414	0	1095	0
I8525	4062	93	0	308	0
DA379_noUDG.SG	4308	38	0	117	0
DA380_noUDG.SG	3269	271	0	923	0
DA381_noUDG.SG	2814	386	0	1263	0
I4259	1241	926	0	2296	0
I6669	1071	1025	0	2367	0
I1781	2981	398	0	1084	0
I1782	3357	271	0	835	0
I1784	1235	893	0	2335	0
I1787	4323	29	0	111	0
I1788	3137	364	0	962	0
I1790	3539	261	0	663	0
I1793	3875	146	0	442	0
I2085	3771	171	0	521	0
I2087	4118	101	0	244	0
I2116	3052	418	0	993	0
I2121	3426	244	0	793	0
I2125	4104	96	0	263	0
I2128	4333	39	0	91	0
I3374	3731	188	0	544	0
I6119	4208	70	0	185	0
I6217	4387	21	0	55	0
I1783	3540	255	0	668	0
I1789	4281	49	0	133	0
I2122	4356	29	0	78	0
I1792	4233	52	0	178	0
I2123	2992	461	0	1010	0
I10409	3988	132	0	343	0
I11041	3885	179	0	399	0
DA382_noUDG.SG	707	1027	0	2729	0
I6667	908	991	0	2564	0
I6674	957	992	0	2514	0
ILK002	497	1155	0	2811	0
I5882	2168	623	0	1672	0
I2111	4129	89	0	245	0
ILK001	566	1102	0	2795	0
ILK003	564	1109	0	2790	0
I3715	2199	691	0	1573	0
I4111	1045	1025	0	2393	0
I5883	3587	253	0	623	0
I5892	3877	177	0	409	0
I5869	3846	193	0	424	0
I5879	3739	201	0	523	0
I3712	4179	82	0	202	0
I3713	4190	80	0	193	0
I5873	4327	39	0	97	0
I5886	3992	128	0	343	0
I5889	4181	82	0	200	0
I5957	4112	99	0	252	0
I1917	1706	789	0	1968	0
scy009_noUDG.SG	1358	882	0	2223	0
scy010_noUDG.SG	3210	338	0	915	0
scy011_noUDG.SG	3684	195	0	584	0
I11027	1084	967	0	2412	0
I5604	1139	942	0	2382	0
I11520	909	1112	0	2442	0
I4163	1758	725	0	1980	0
I4312	1239	945	0	2279	0
I4313	922	1078	0	2463	0
I4315	1062	951	0	2450	0
I7411	1450	843	0	2170	0
I4314	4443	5	0	15	0
I7412	1697	771	0	1995	0
I12499	761	1084	0	2618	0
I8506	2135	648	0	1680	0
I4285	2947	443	0	1073	0
I4286	1003	945	0	2515	0
I4289	1302	917	0	2244	0
I7414	650	1072	0	2741	0
I7416	774	1036	0	2653	0
I7419	903	979	0	2581	0
I7421	1018	1029	0	2416	0
I7492	705	980	0	2778	0
I7542	2376	597	0	1490	0
I7494	1410	837	0	2216	0
I7495	1044	997	0	2422	0
I8508	4407	15	0	41	0
I1775	2478	595	0	1390	0
I5364	4338	37	0	88	0
I2574	2835	432	0	1196	0
I3033	4032	137	0	294	0
I5358	3331	316	0	816	0
I3033_noUDG.SG	3974	148	0	341	0
SB462A2_lib.SG	4033	134	0	296	0
SB568A_lib.SG	3947	156	0	360	0
SB570A_lib.SG	3325	325	0	813	0
I7569	3453	266	0	744	0
