120000115	2371	1012	0	1502	0
120004002	2790	983	0	1112	0
120005101	1901	1306	0	1678	0
120008136	2385	1408	1	1091	0
120009049	2358	192	0	2335	0
120011322	2864	1	0	2020	0
120011751	2441	17	0	2427	0
120014607	1704	890	1	2290	0
120017900	1540	2271	1	1073	0
120018155	1534	2264	1	1086	0
120019818	1778	93	1	3013	0
120023450	1487	2228	1	1169	0
120023971	2118	1988	2	777	0
120025735	1924	51	1	2909	0
120029287	2751	62	1	2071	0
120033087	2433	1705	1	746	0
120033713	1798	7	0	3080	0
120033866	2884	51	1	1949	0
120037391	1844	1	0	3040	0
120047647	1638	75	1	3171	0
120049735	2424	56	1	2404	0
120051446	1784	2053	1	1047	0
120052043	2500	59	1	2325	0
120054658	2080	59	1	2745	0
120054775	1595	2404	1	885	0
120056401	2288	62	1	2534	0
120058648	2061	0	0	2824	0
120059283	1642	4	0	3239	0
120059599	1630	4	0	3251	0
120073303	1755	2158	1	971	0
120083340	1771	2226	1	887	0
120088317	2781	1484	1	619	0
120088934	2719	1613	2	551	0
120091434	1827	756	1	2301	0
120093312	2799	1	0	2085	0
120099044	2383	32	0	2470	0
120099980	2738	1080	1	1066	0
120101480	1731	0	0	3154	0
120107483	1583	77	1	3224	0
120115235	1476	513	0	2896	0
120115384	1820	523	1	2541	0
120123179	1899	1933	2	1051	0
120123422	2154	1138	0	1593	0
120126990	1991	1178	0	1716	0
120131597	1685	222	1	2977	0
120138083	2299	1099	2	1485	0
120138931	1608	817	0	2460	0
120139494	1677	5	0	3203	0
120139662	1969	206	1	2709	0
120143753	2935	1001	1	948	0
120144172	1854	3	0	3028	0
120145883	2535	1301	0	1049	0
120149702	1868	1	0	3016	0
120154603	1622	368	2	2893	0
120160789	1936	1596	0	1353	0
120161037	1353	1719	0	1813	0
120161760	2791	1	0	2093	0
120162787	1985	1791	1	1108	0
120164303	1938	1086	1	1860	0
120164738	1757	1813	1	1314	0
120169052	2791	399	0	1695	0
120175342	1881	20	0	2984	0
120177454	2999	1138	1	747	0
120180034	2103	375	0	2407	0
120180126	1789	314	0	2782	0
120182906	2887	1415	1	582	0
120188180	1413	2147	1	1324	0
120195042	1694	2257	1	933	0
120197685	2108	1434	0	1343	0
120200843	1942	1798	0	1145	0
120202298	1908	910	0	2067	0
120206840	2199	24	0	2662	0
120208472	2134	1108	1	1642	0
120208503	1987	945	0	1953	0
120213766	1588	3	0	3294	0
120216287	1969	291	1	2624	0
120217081	1646	2221	0	1018	0
120217133	1815	2030	0	1040	0
120217330	2985	1267	0	633	0
120217414	2663	1466	0	756	0
120217995	1963	242	1	2679	0
120222582	1511	2282	0	1092	0
120224469	2765	1493	0	627	0
120229117	2234	552	1	2098	0
120229865	1759	613	1	2512	0
120242537	2668	714	0	1503	0
120246888	2049	11	0	2825	0
120247355	1732	2121	0	1032	0
120247782	1719	358	1	2807	0
120255126	2989	1433	0	463	0
120257576	2762	1655	0	468	0
120258970	1806	2049	1	1029	0
120259154	1336	1157	0	2392	0
120259169	1501	4	0	3380	0
120260969	2448	1204	1	1232	0
120263018	2562	461	0	1862	0
120263643	1754	1090	0	2041	0
120267431	1923	367	1	2594	0
120271077	2702	560	1	1622	0
120271265	1546	96	0	3243	0
120272477	2182	1668	1	1034	0
120272726	2074	732	1	2078	0
120274130	2311	66	0	2508	0
120275063	1986	456	0	2443	0
120275647	1395	554	0	2936	0
120278487	1553	2444	1	887	0
120280554	1795	272	0	2818	0
120282232	2441	260	1	2183	0
120282481	1996	7	0	2882	0
120284988	2042	1499	2	1342	0
120286945	1541	9	0	3335	0
120287490	2537	77	0	2271	0
120287800	1681	2178	0	1026	0
120288463	2244	1854	1	786	0
120289617	1975	1500	2	1408	0
120291498	2632	0	0	2253	0
120292279	1884	1545	2	1454	0
120292489	2825	1	0	2059	0
120293169	2168	206	0	2511	0
120293568	2529	351	0	2005	0
120297163	2399	232	1	2253	0
120298703	1588	2323	1	973	0
120301432	1470	2049	2	1364	0
120303332	2706	197	1	1981	0
120308975	2212	1082	2	1589	0
120309148	2572	846	2	1465	0
120309868	1678	1123	2	2082	0
120310292	2211	832	1	1841	0
120311041	1594	1216	1	2074	0
120318021	1745	756	2	2382	0
120318231	1614	60	0	3211	0
120320995	2552	1105	2	1226	0
120322054	1575	63	0	3247	0
120322961	1979	666	2	2238	0
120323506	2963	1	0	1921	0
120323893	1570	843	2	2470	0
120324319	2607	1125	2	1151	0
120324995	1793	2145	0	947	0
120328254	2422	1	0	2462	0
120333398	2638	1077	2	1168	0
120333728	1592	790	2	2501	0
120333930	2139	1333	2	1411	0
120334484	2639	1128	2	1116	0
120334585	1640	1558	2	1685	0
120334853	3134	879	2	870	0
120334976	1793	695	2	2395	0
120335834	2683	1595	0	607	0
120336182	1889	1449	2	1545	0
120336785	1699	1586	2	1598	0
120337403	2378	1136	2	1369	0
120338608	1931	1399	2	1553	0
120338691	1390	1682	2	1811	0
120339471	1606	1606	2	1671	0
120339494	1605	813	2	2465	0
120342167	2432	1150	2	1301	0
120342326	2126	0	0	2759	0
120344044	2209	1453	2	1221	0
120344146	2075	1929	0	881	0
120344398	1553	1399	1	1932	0
120344880	1988	484	1	2412	0
120344900	1758	1640	1	1486	0
120347136	1825	1947	1	1112	0
120347137	1815	14	0	3056	0
120347971	1980	8	0	2897	0
120350073	1670	8	0	3207	0
120350309	1664	2549	1	671	0
120351977	2085	2381	1	418	0
120353364	2651	1643	1	590	0
120354019	1625	389	1	2870	0
120355513	2089	2124	1	671	0
120359998	2374	1925	1	585	0
120363117	2924	9	0	1952	0
120366055	2588	1265	2	1030	0
120369593	1541	54	0	3290	0
120378678	1433	2704	1	747	0
120406583	2705	1652	1	527	0
120406847	2693	207	0	1985	0
120408549	2770	1567	1	547	0
120409578	1696	2512	1	676	0
120409703	2291	1767	2	825	0
120410030	2577	4	0	2304	0
120411183	1953	24	0	2908	0
120412885	1748	2168	0	969	0
120418844	2081	133	1	2670	0
120422705	1540	611	1	2733	0
120422838	1810	324	0	2751	0
120425404	1918	1994	1	972	0
120425577	1914	2530	0	441	0
120428796	1801	2910	0	174	0
120429512	1528	54	0	3303	0
120435163	2342	129	1	2413	0
120435771	1810	144	0	2931	0
120437718	2150	492	1	2242	0
120437884	1836	371	1	2677	0
120440193	2547	2	0	2336	0
120441998	2485	412	1	1987	0
120447463	3056	311	1	1517	0
120451190	1855	347	1	2682	0
120451352	2411	456	1	2017	0
120451390	2467	12	0	2406	0
120453618	1484	151	0	3250	0
120455441	2949	320	1	1615	0
120457501	1589	172	0	3124	0
120458924	1942	114	0	2829	0
120460916	2278	122	0	2485	0
120463230	1730	501	1	2653	0
120464001	2212	5	0	2668	0
120464165	2225	471	1	2188	0
120466108	2351	486	1	2047	0
120469077	1668	328	0	2889	0
120470445	2065	422	1	2397	0
120474899	2601	292	1	1991	0
120478285	1711	2609	1	564	0
120479944	1833	2	0	3050	0
120480394	2285	2594	0	6	0
120483327	1714	4	0	3167	0
120485335	3142	53	0	1690	0
120485891	2883	1	0	2001	0
120489057	2866	1684	0	335	0
120498086	2521	1984	1	379	0
120499717	1746	1	0	3138	0
120501764	1714	11	0	3160	0
120505996	1819	2565	1	500	0
120506945	3064	1	0	1820	0
120508524	1796	435	1	2653	0
120508803	2485	383	1	2016	0
120511386	1912	140	0	2833	0
120513117	1848	476	1	2560	0
120513447	2677	97	0	2111	0
120515760	2609	1	0	2275	0
120517959	1383	418	1	3083	0
120523902	1837	364	1	2683	0
120526982	2073	368	1	2443	0
120528568	2065	116	0	2704	0
120530764	1806	9	0	3070	0
120531059	2830	2054	0	1	0
121164607	1749	1856	0	1280	0
121200490	2121	1056	0	1708	0
121207335	1698	1092	0	2095	0
121221334	3199	1547	0	139	0
121236110	2408	254	0	2223	0
121239763	1658	2	0	3225	0
121280613	1782	1043	1	2059	0
121286203	2416	875	0	1594	0
121305321	2834	1112	0	939	0
121311799	1877	1678	0	1330	0
