90044863	2920	1614	0	351	0
90077496	3549	843	0	493	0
90106160	1714	198	0	2973	0
90107940	2081	1762	2	1040	0
90109538	1948	168	0	2769	0
90112745	1734	255	0	2896	0
90116107	2353	2293	0	239	0
90120151	2429	2063	0	393	0
90237441	2026	697	1	2161	0
90240473	1740	259	1	2885	0
91782469	1159	114	0	3612	0
91788696	1016	1588	1	2280	0
91794926	1358	1521	1	2005	0
91800445	946	2144	1	1794	0
91819253	698	1923	1	2263	0
91820554	785	1554	1	2545	0
91821412	790	2035	1	2059	0
92174772	1815	334	1	2735	0
95429424	1620	379	1	2885	0
95444917	1746	268	1	2870	0
95459413	2779	954	2	1150	0
95535544	1480	1358	2	2045	0
95537501	2100	100	0	2685	0
95586249	2898	578	1	1408	0
95595941	2934	571	1	1379	0
95615157	2902	139	1	1843	0
95628045	2464	1713	1	707	0
95639504	2615	1607	1	662	0
95647366	1923	7	0	2955	0
95667621	1680	1580	2	1623	0
95671747	1623	82	0	3180	0
95675477	1579	2941	1	364	0
95676438	1981	484	0	2420	0
95680267	1742	1527	2	1614	0
95687924	1603	0	0	3282	0
95690258	1909	233	1	2742	0
95692774	1838	1899	2	1146	0
95698646	1912	370	0	2603	0
95700730	1616	2256	1	1012	0
95707519	1637	2164	2	1082	0
95715867	2595	1626	1	663	0
95722909	1554	2405	1	925	0
95729053	1808	2206	1	870	0
95731727	2965	52	0	1868	0
95734623	2042	2046	1	796	0
95735422	1802	6	0	3077	0
95737679	1876	2176	0	833	0
95739363	1729	3	0	3153	0
95769197	1893	1	0	2991	0
95773411	1862	0	0	3023	0
95778365	1852	375	0	2658	0
95778413	1391	0	0	3494	0
95780442	2777	2	0	2106	0
95806969	2469	176	0	2240	0
95809604	2925	64	0	1896	0
95812929	1871	2	0	3012	0
95818151	1883	2124	0	878	0
95822447	2786	1097	1	1001	0
95822881	1659	0	0	3226	0
95833873	2694	2	0	2189	0
95856611	1862	2223	0	800	0
95858169	1750	1	0	3134	0
95862274	1883	83	0	2919	0
95862736	2528	1401	0	956	0
95865066	1418	48	0	3419	0
95888434	2923	244	0	1718	0
95897767	2887	1417	0	581	0
95903174	2003	26	0	2856	0
95926154	1399	2512	0	974	0
95926648	1909	2116	0	860	0
95931218	1659	314	0	2912	0
95937962	3021	1	0	1863	0
95955680	2147	1321	1	1416	0
95957920	1720	1	0	3164	0
95968205	1490	2263	0	1132	0
95971422	1671	2328	0	886	0
95976912	1231	2584	0	1070	0
95977591	1795	2139	0	951	0
95980340	1653	2234	0	998	0
95988849	1644	1665	1	1575	0
95999856	2582	1652	0	651	0
96003762	2014	2075	0	796	0
96007303	1507	2331	0	1047	0
96015741	1888	2013	0	984	0
96023664	2609	1205	0	1071	0
96034363	1920	2325	0	640	0
96037247	2886	390	0	1609	0
96038093	1349	619	0	2917	0
96053409	1527	992	0	2366	0
96056112	1597	939	0	2349	0
96057011	1725	1519	0	1641	0
96141809	4885	0	0	0	0
96195730	1881	891	1	2112	0
96244225	2839	634	1	1411	0
96333543	2486	4	0	2395	0
96344454	2343	0	0	2542	0
96345518	2070	880	1	1934	0
96363682	1648	1016	1	2220	0
96385848	1912	2588	0	385	0
96391109	1581	1077	2	2225	0
96392191	2050	757	1	2077	0
96423982	1767	2376	0	742	0
96495846	1522	0	0	3363	0
96672001	2009	943	2	1931	0
96675166	1689	1242	2	1952	0
96683378	1584	1059	2	2240	0
96741944	1663	906	2	2314	0
96753149	2850	1538	0	497	0
96758317	1664	66	0	3155	0
96767183	1824	35	0	3026	0
96775626	1477	30	0	3378	0
96777055	1733	0	0	3152	0
96777168	1772	2099	2	1012	0
96792914	1911	4	0	2970	0
96795714	2029	1133	1	1722	0
96795857	1860	2550	0	475	0
96795944	1406	1268	1	2210	0
96809331	2069	1616	1	1199	0
96814075	1986	961	1	1937	0
96816606	1681	993	1	2210	0
96825363	1492	1097	1	2295	0
96836512	1840	591	2	2452	0
96839917	1657	3	0	3225	0
96841793	1338	937	1	2609	0
96851383	2420	111	0	2354	0
96858914	1905	602	1	2377	0
96859034	1627	513	1	2744	0
96860971	2566	143	0	2176	0
96890745	2929	390	2	1564	0
96898296	1750	2712	0	423	0
96903360	1613	659	1	2612	0
96905568	2183	499	1	2202	0
96912147	1508	104	0	3273	0
96912401	1467	63	0	3355	0
96917588	1976	1720	2	1187	0
96920893	1969	544	1	2371	0
96925269	1621	1448	1	1815	0
96934504	1708	1333	1	1843	0
96936254	2963	733	1	1188	0
96944553	1581	1029	1	2274	0
96945712	2521	916	1	1447	0
96945819	1795	23	0	3067	0
96950355	1742	11	0	3132	0
96952601	1356	84	0	3445	0
96952833	1951	1117	1	1816	0
96956914	1653	4	0	3228	0
96963684	2237	842	1	1805	0
96965359	2829	18	0	2038	0
96978317	1809	2417	0	659	0
96981369	1975	156	0	2754	0
96991345	2737	62	0	2086	0
96991492	1782	2458	0	645	0
96993477	1878	21	0	2986	0
96993757	1536	1404	1	1944	0
96993884	1902	1126	1	1856	0
96999580	2119	977	1	1788	0
97001378	2695	7	0	2183	0
97006685	2975	669	1	1240	0
97015073	2100	888	1	1896	0
97020049	1696	1067	1	2121	0
97025779	1818	0	0	3067	0
97030247	2618	932	1	1334	0
97033940	2822	768	1	1294	0
97036535	1998	0	0	2887	0
97039666	2692	1787	0	406	0
97040229	2172	5	0	2708	0
97043803	2758	1501	0	626	0
97058660	1533	1242	1	2109	0
97061654	2746	68	0	2071	0
97070353	1640	2419	0	826	0
97075052	1661	2319	0	905	0
97076642	1592	2401	0	892	0
97076712	1593	4	0	3288	0
97077532	2151	0	0	2734	0
97089912	1936	1073	1	1875	0
97114152	2703	195	0	1987	0
97115542	1665	265	0	2955	0
97116953	2368	208	0	2309	0
97118957	1571	262	0	3052	0
97132514	1834	730	1	2320	0
97133947	1761	268	0	2856	0
97139171	2960	179	1	1745	0
97144267	2814	3	0	2068	0
97152446	3006	1416	0	463	0
97156082	2785	0	0	2100	0
97160382	2043	2087	0	755	0
97162972	1940	1106	1	1838	0
97164943	1594	234	1	3056	0
97176634	2436	664	0	1785	0
97184160	1896	810	0	2179	0
97187605	1373	1413	1	2098	0
97190497	1455	1278	1	2151	0
97198800	1468	2501	0	916	0
97199694	1655	2699	0	531	0
97218367	1701	124	1	3059	0
97228039	1713	1288	1	1883	0
97237093	2680	207	1	1997	0
97237714	1440	193	1	3251	0
97238770	2288	1065	1	1531	0
97243305	1786	1195	1	1903	0
97243532	1675	879	0	2331	0
97249593	1677	186	1	3021	0
97250623	2127	0	0	2758	0
97257528	1899	158	1	2827	0
97260518	1575	0	0	3310	0
97261593	2163	539	0	2183	0
97267293	1697	1134	1	2053	0
97270651	1541	1	0	3343	0
97273113	1743	1234	1	1907	0
97274188	1700	1	0	3184	0
97278369	1936	1	0	2948	0
97298222	2353	0	0	2532	0
97298290	2256	1963	0	666	0
97301028	1860	1	0	3024	0
97315570	2124	692	0	2069	0
97318581	1451	2	0	3432	0
97333492	1529	63	0	3293	0
97338740	1765	1	0	3119	0
97349953	2782	1	0	2102	0
97351840	1914	1068	1	1902	0
97366303	1733	1973	1	1178	0
97377883	1483	272	0	3130	0
97384886	2729	0	0	2156	0
97390953	1900	778	1	2206	0
97399579	1575	0	0	3310	0
97405440	1738	734	1	2412	0
97409378	2085	2	0	2798	0
97410949	1906	810	2	2167	0
97413488	1520	941	2	2422	0
97413555	1840	233	0	2812	0
97419289	1927	7	0	2951	0
97419560	2442	0	0	2443	0
97420335	2543	165	0	2177	0
97423626	1431	1256	2	2196	0
97431161	2193	222	0	2470	0
97431399	2090	0	0	2795	0
97436390	2283	6	0	2596	0
97438967	1776	9	0	3100	0
97448474	2846	162	0	1877	0
97454650	2226	843	2	1814	0
97459920	1517	1159	2	2207	0
97473929	1628	322	1	2934	0
97476219	1850	236	0	2799	0
97476947	2053	5	0	2827	0
97477374	1889	341	1	2654	0
97484814	1581	1176	2	2126	0
97486315	1552	281	0	3052	0
97486473	1634	56	0	3195	0
97488698	2110	268	1	2506	0
97489870	2785	253	1	1846	0
97491238	1904	6	0	2975	0
97495705	1522	133	0	3230	0
97501032	2509	13	0	2363	0
97503542	1596	39	0	3250	0
97510561	1653	9	0	3223	0
97512059	2452	171	0	2262	0
97513556	1941	1	0	2943	0
97520903	1662	2	0	3221	0
97521820	2596	168	0	2121	0
97525099	1429	390	1	3065	0
97529396	1478	24	0	3383	0
97533452	1524	13	0	3348	0
97536853	1783	7	0	3095	0
97539621	2178	11	0	2696	0
97539980	1829	76	0	2980	0
97544458	2479	6	0	2400	0
97549668	1373	1582	0	1930	0
97554581	1547	1156	0	2182	0
97554615	1619	1076	0	2190	0
97555960	2509	14	0	2362	0
97556543	1839	1066	0	1980	0
97560913	2420	841	1	1623	0
97567389	1623	553	1	2708	0
97569305	1819	10	0	3056	0
97572772	2092	403	0	2390	0
97574592	2568	293	0	2024	0
97577343	1696	435	0	2754	0
97577495	1332	454	0	3099	0
97577661	1698	3000	0	187	0
97579507	1942	470	1	2472	0
97583684	1852	2	0	3031	0
97585936	1643	183	0	3059	0
97591359	1806	6	0	3073	0
97591670	1608	158	0	3119	0
97595991	2925	1044	1	915	0
97596234	1590	1652	1	1642	0
97605748	2147	432	0	2306	0
97611396	2140	1876	1	868	0
97614894	1949	33	1	2902	0
97618953	1769	2130	1	985	0
97621998	2159	1837	1	888	0
97623010	2117	1905	1	862	0
97623109	1964	1943	1	977	0
97623312	1474	465	0	2946	0
97623413	1680	1705	1	1499	0
97627097	1991	5	0	2889	0
97630540	1642	2279	1	963	0
97631982	1633	1785	1	1466	0
97635314	1499	1982	1	1403	0
97639135	1473	2573	1	838	0
97640502	2762	1441	1	681	0
97643435	1781	8	0	3096	0
97643576	1613	1871	1	1400	0
97654678	2061	2013	1	810	0
97655882	2031	2046	1	807	0
97655963	2059	1679	1	1146	0
97660528	3087	1123	1	674	0
97660619	2061	203	0	2621	0
97667450	3100	897	1	887	0
97669032	2739	1199	1	946	0
97669386	1515	2447	1	922	0
97683329	2546	284	0	2055	0
97715154	1817	0	0	3068	0
97757509	2085	1641	1	1158	0
97845100	2110	381	0	2394	0
97846850	2494	1615	1	775	0
98013814	2817	970	1	1097	0
98017804	2203	433	0	2249	0
98018281	1564	477	0	2844	0
98019683	2936	844	1	1104	0
98021637	2595	1414	1	875	0
98024837	2113	1378	1	1393	0
98166928	2972	871	1	1041	0
98261636	1852	69	0	2964	0
98263645	2422	49	0	2414	0
98264857	1741	1487	1	1656	0
98265491	2846	1123	1	915	0
98266948	2652	1	0	2232	0
98269110	1693	65	0	3127	0
98271946	1773	1807	1	1304	0
98275354	1489	143	0	3253	0
98277090	1880	212	0	2793	0
98286235	1781	1719	1	1384	0
98289997	2492	186	0	2207	0
98306221	1505	7	0	3373	0
98306727	2612	80	0	2193	0
98307712	1819	55	0	3011	0
98309882	2461	1061	1	1362	0
98312470	1772	27	0	3086	0
98314445	1886	25	0	2974	0
98317771	1710	1890	1	1284	0
98325563	2481	27	0	2377	0
98327875	2819	314	0	1752	0
98330052	2694	687	1	1503	0
98330826	1935	925	1	2024	0
98331521	1809	540	0	2536	0
98333290	1516	413	1	2955	0
98334450	1627	2042	1	1215	0
98334679	1683	944	1	2257	0
98336433	1375	1287	1	2222	0
98337713	2592	3	0	2290	0
98339513	1655	796	0	2434	0
98345086	1557	1475	1	1852	0
98347139	1751	2	0	3132	0
98347965	1748	5	0	3132	0
98350346	1754	218	0	2913	0
98353847	1793	858	0	2234	0
98354511	1635	932	0	2318	0
98356250	2704	275	1	1905	0
98356617	2542	0	0	2343	0
98356846	2657	806	1	1421	0
98357163	1545	825	0	2515	0
98362907	1741	397	1	2746	0
98363007	1996	36	0	2853	0
98364513	1689	24	0	3172	0
98365250	2087	1806	1	991	0
98372980	1728	601	0	2556	0
98373006	2135	1376	1	1373	0
98375722	1545	1062	1	2277	0
98384636	1921	927	0	2037	0
98384867	2519	506	0	1860	0
98391272	2562	37	0	2286	0
98391355	1798	1772	1	1314	0
98391887	1689	923	0	2273	0
98393231	2772	491	0	1622	0
98394211	1787	0	0	3098	0
98402286	2726	74	0	2085	0
98403683	2659	417	0	1809	0
98405695	1560	953	0	2372	0
98405929	2472	718	1	1694	0
98407350	2574	610	1	1700	0
98412282	2684	91	1	2109	0
98413063	2752	544	0	1589	0
98416117	1727	94	0	3064	0
98416132	1702	828	0	2355	0
98419980	1956	72	0	2857	0
98424286	2809	185	0	1891	0
98424802	2189	856	1	1839	0
98427382	2068	856	1	1960	0
98432090	1902	80	0	2903	0
98433912	2483	1421	1	980	0
98447521	1641	123	0	3121	0
98448732	2935	0	0	1950	0
98456168	1601	2053	1	1230	0
98461802	1709	912	0	2264	0
98471378	1670	2048	1	1166	0
98477690	1805	860	0	2220	0
98483578	2759	548	0	1578	0
98495661	1704	1010	1	2170	0
98499812	2768	188	0	1929	0
98500217	3286	34	0	1565	0
98528689	2000	702	0	2183	0
98528889	2610	56	0	2219	0
98530266	1677	2	0	3206	0
98536360	2152	89	0	2644	0
98538433	2748	330	0	1807	0
98540186	3014	490	0	1381	0
98548122	2559	30	0	2296	0
98553652	2741	57	0	2087	0
98561153	2481	721	1	1682	0
98562116	1757	870	0	2258	0
98566368	2407	1480	1	997	0
98569591	2890	52	0	1943	0
98570387	2761	525	0	1599	0
98574185	2488	54	0	2343	0
98579729	2847	472	0	1566	0
98580724	2941	570	1	1373	0
98586842	1849	0	0	3036	0
98587288	1473	919	0	2493	0
98590495	1587	300	0	2998	0
98606770	3044	441	0	1400	0
98610113	1505	907	0	2473	0
98610621	1538	2	0	3345	0
98610625	1527	1	0	3357	0
98611994	2956	1251	1	677	0
98618567	2347	186	0	2352	0
98620765	1637	244	0	3004	0
98622697	1642	635	0	2608	0
98629966	1542	1436	0	1907	0
98631419	1698	255	0	2932	0
98633237	2439	17	0	2429	0
98634194	3075	177	0	1633	0
98636132	1716	315	0	2854	0
98637504	1826	325	0	2734	0
98640981	2701	1038	0	1146	0
98642160	2578	737	0	1570	0
98653406	1693	302	0	2890	0
98658823	1761	135	0	2989	0
98664952	1848	347	1	2689	0
98673494	1883	1	0	3001	0
98674011	2330	1324	0	1231	0
98675606	2056	1432	0	1397	0
98677164	1969	362	0	2554	0
98677252	2876	1092	0	917	0
98680342	2069	111	0	2705	0
98686167	2528	1263	0	1094	0
98686445	2012	1657	0	1216	0
98686948	2209	1593	1	1082	0
98699888	1693	842	0	2350	0
98701043	2212	790	0	1883	0
98703659	2231	917	0	1737	0
98704378	2358	194	0	2333	0
98708691	1786	5	0	3094	0
98710243	1690	846	0	2349	0
98715864	2759	203	0	1923	0
98717094	1620	2737	0	528	0
98726903	2983	329	0	1573	0
98730815	1913	1387	0	1585	0
98736225	2492	251	0	2142	0
98741054	1540	713	0	2632	0
98743130	2416	955	1	1513	0
98744409	1779	559	0	2547	0
98745224	1787	1256	1	1841	0
98746210	2585	1141	1	1158	0
98749890	1557	244	0	3084	0
98755252	1937	1187	1	1760	0
98757467	2040	193	0	2652	0
98758505	2040	1012	1	1832	0
98758847	2250	1428	1	1206	0
98761589	1683	415	0	2787	0
98773361	2290	456	1	2138	0
98775298	1820	1243	0	1822	0
98777992	2072	474	1	2338	0
98780962	2790	2	0	2093	0
98781847	1977	1188	0	1720	0
98784275	1764	1827	1	1293	0
98789352	2487	49	0	2349	0
98790763	1894	372	1	2618	0
98791433	2131	1685	1	1068	0
98799055	2811	3	0	2071	0
98803025	1484	3009	0	392	0
98803892	1707	4	0	3174	0
98804342	1900	11	0	2974	0
98807030	2216	1108	1	1560	0
98813511	2235	1399	0	1251	0
98814054	3161	664	0	1060	0
98824193	1789	116	1	2979	0
98826203	2204	1694	1	986	0
98827156	1772	2796	0	317	0
98828807	2551	347	0	1987	0
98835962	1578	168	0	3139	0
98839064	2248	1737	1	899	0
98839367	2090	309	0	2486	0
98846233	2646	1495	1	743	0
98850287	2714	1499	1	671	0
98851573	2213	1718	1	953	0
98853173	1875	1908	1	1101	0
98855497	2002	1985	1	897	0
98857893	1664	2026	1	1194	0
98862097	2312	2072	1	500	0
98864281	2914	1313	1	657	0
98866775	1611	229	1	3044	0
98868298	1820	2454	1	610	0
98868978	1487	2177	1	1220	0
98869914	1753	235	1	2896	0
98871037	1657	2649	1	578	0
98871211	1904	23	0	2958	0
98872039	1462	2150	1	1272	0
98872291	2728	12	0	2145	0
98886112	1592	1	0	3292	0
98886666	2770	738	1	1376	0
98888310	2008	305	0	2572	0
98889961	1524	2580	0	781	0
98891487	1392	0	0	3493	0
98891519	1574	1107	1	2203	0
98893761	1497	361	0	3027	0
98894608	1734	1098	1	2052	0
98896038	2196	405	0	2284	0
98898220	1794	1183	1	1907	0
98898672	1556	613	1	2715	0
98900750	2337	124	0	2424	0
98901335	2464	893	1	1527	0
98910858	1612	607	1	2665	0
98912271	1862	882	1	2140	0
98919820	1692	564	0	2629	0
98921826	1721	672	1	2491	0
98924921	2281	981	1	1622	0
98941836	2319	1457	1	1108	0
98949400	1665	902	1	2317	0
98950106	2323	241	0	2321	0
98955040	2636	505	1	1743	0
98956400	2073	1	0	2811	0
98961589	1494	1382	1	2008	0
98965080	1486	5	0	3394	0
98965410	1825	127	0	2933	0
98966130	1756	357	0	2772	0
98967254	2497	399	0	1989	0
98967383	1779	598	0	2508	0
98967474	1735	576	0	2574	0
98973747	1685	712	1	2487	0
98974389	1727	690	1	2467	0
98974577	1997	719	1	2168	0
98975294	2219	393	1	2272	0
98975985	1592	1306	1	1986	0
98976376	2278	586	1	2020	0
98986510	1373	436	0	3076	0
98988451	2001	0	0	2884	0
98989062	1695	752	1	2437	0
98989700	2779	866	1	1239	0
98989956	1655	467	0	2763	0
98992113	2516	621	1	1747	0
98993626	1491	24	0	3370	0
98993635	1377	1436	0	2072	0
98994134	2298	196	0	2391	0
98994309	1966	178	0	2741	0
98994414	1629	1935	1	1320	0
98994641	1390	575	0	2920	0
98997682	2183	2286	0	416	0
98997731	1815	1569	0	1501	0
98997808	1915	753	0	2217	0
98998009	2036	916	0	1933	0
99000793	1759	0	0	3126	0
99000814	1653	2723	1	508	0
99001403	2568	707	0	1610	0
99002448	1432	235	0	3218	0
99007282	1890	3	0	2992	0
99016975	2482	589	0	1814	0
99017358	2251	666	0	1968	0
99028695	1823	1003	0	2059	0
99031351	1617	697	0	2571	0
99036683	1933	928	0	2024	0
99041269	1679	996	0	2210	0
99043337	2777	658	0	1450	0
99046084	2454	5	0	2426	0
99056667	1668	5	0	3212	0
99065464	2170	764	0	1951	0
99069815	2230	852	0	1803	0
99070902	1978	897	0	2010	0
99078367	1605	1077	0	2203	0
99083892	1646	1076	0	2163	0
99086495	1654	2	0	3229	0
99090524	2011	2051	1	822	0
99094013	1409	4	0	3472	0
99095979	2095	2	0	2788	0
99096133	2531	12	0	2342	0
99100716	1746	920	0	2219	0
99102923	1653	1	0	3231	0
99103001	1827	960	0	2098	0
99104966	1460	45	0	3380	0
99105071	1886	1	0	2998	0
99105156	1733	979	0	2173	0
99105666	2022	6	0	2857	0
99107677	2258	837	0	1790	0
99107752	2468	1	0	2416	0
99108277	2399	1089	1	1396	0
99111591	2529	736	0	1620	0
99115515	1571	4	0	3310	0
99123626	2029	21	0	2835	0
99123724	2657	0	0	2228	0
99124404	1585	1094	0	2206	0
99124857	1692	0	0	3193	0
99128595	1711	3129	0	45	0
99133305	2335	811	0	1739	0
99135738	2166	850	0	1869	0
99136127	2725	103	0	2057	0
99147872	2639	504	1	1741	0
99148078	2354	806	0	1725	0
99149474	1702	29	0	3154	0
99150198	2094	466	0	2325	0
99153443	2427	747	0	1711	0
99154229	1674	993	0	2218	0
99155827	2030	10	0	2845	0
99156296	1532	777	0	2576	0
99157009	2296	835	0	1754	0
99158665	2877	15	0	1993	0
99164636	2167	18	0	2700	0
99165220	1784	2	0	3099	0
99166964	1773	4	0	3108	0
99171566	1558	1	0	3326	0
99172244	1455	1064	0	2366	0
99177727	1994	15	0	2876	0
99184019	1960	777	0	2148	0
99185867	1812	495	0	2578	0
99188243	1886	0	0	2999	0
99188550	1800	15	0	3070	0
99191356	1902	1	0	2982	0
99202537	2389	20	0	2476	0
99203008	2442	1824	1	618	0
99208209	2086	548	1	2250	0
99209314	1735	846	0	2304	0
99221088	1609	1157	0	2119	0
99221939	2236	1898	1	750	0
99222916	1655	986	0	2244	0
99225645	1824	879	0	2182	0
99226021	1731	968	0	2186	0
99232312	1608	965	0	2312	0
99232873	1548	565	1	2771	0
99237439	1904	948	0	2033	0
99237792	1971	841	0	2073	0
99239931	2713	320	0	1852	0
99254031	2088	1116	0	1681	0
99254213	1711	3	0	3171	0
99258927	1650	513	0	2722	0
99259346	2681	313	0	1891	0
99264217	2414	1225	0	1246	0
99271652	1594	90	0	3201	0
99271712	2060	1200	0	1625	0
99272057	3102	929	0	854	0
99272428	2503	2353	0	29	0
99273854	2107	1337	0	1441	0
99275102	2736	465	0	1684	0
99279354	2606	1179	0	1100	0
99283348	1613	619	0	2653	0
99289143	2325	0	0	2560	0
99293697	2963	415	0	1507	0
99304794	2637	989	0	1259	0
99306504	1586	880	0	2419	0
99312106	1576	841	0	2468	0
99315067	1921	922	0	2042	0
99317689	3036	455	0	1394	0
99319508	2631	39	0	2215	0
99320574	2011	822	0	2052	0
99324049	2093	21	0	2771	0
99327311	3036	494	0	1355	0
99334805	2511	4	0	2370	0
99336044	1571	587	0	2727	0
99337309	2380	472	0	2033	0
99340126	1734	87	0	3064	0
99340684	2724	499	0	1662	0
99351854	1965	679	0	2241	0
99353527	2164	642	0	2079	0
99354474	1639	600	0	2646	0
99357165	1716	721	0	2448	0
99362181	2244	462	1	2178	0
99362400	1722	723	0	2440	0
99363790	2838	655	0	1392	0
99365015	2356	47	0	2482	0
99365533	2202	771	0	1912	0
99366486	2839	255	0	1791	0
99366626	2039	2013	1	832	0
99369757	2670	535	0	1680	0
99369845	1542	638	0	2705	0
99369995	2871	138	0	1876	0
99373720	1987	1378	0	1520	0
99378801	1796	797	0	2292	0
99382537	2533	237	0	2115	0
99382892	2126	818	0	1941	0
99383330	2021	898	1	1965	0
99384299	1713	807	1	2364	0
99384371	1358	1546	1	1980	0
99385033	1680	234	0	2971	0
99386960	1989	1509	1	1386	0
99387569	1381	2	0	3502	0
99388889	2424	263	0	2198	0
99389707	1941	1158	1	1785	0
99389850	1687	225	0	2973	0
99394816	1789	293	0	2803	0
99403694	2266	35	0	2584	0
99403933	2127	1336	1	1421	0
99405799	2618	553	1	1713	0
99406142	2117	9	0	2759	0
99413257	1542	46	0	3297	0
99414021	2186	136	0	2563	0
99417433	2639	479	1	1766	0
99422558	2328	181	0	2376	0
99422683	1846	225	0	2814	0
99431805	2416	86	0	2383	0
99432237	2482	3	0	2400	0
99434758	1479	238	0	3168	0
99434872	1619	839	1	2426	0
99440917	2106	118	0	2661	0
99442434	1807	0	0	3078	0
99449174	2216	1034	1	1634	0
99450831	1778	1461	1	1645	0
99451309	2338	210	0	2337	0
99454227	2933	766	1	1185	0
99456861	2625	95	0	2165	0
99462114	3059	308	1	1517	0
99463025	1579	916	1	2389	0
99464275	2039	1200	1	1645	0
99464530	1737	1160	1	1987	0
99464718	1656	1287	1	1941	0
99465502	1825	1605	1	1454	0
99467991	1883	1010	1	1991	0
99468341	2312	840	1	1732	0
99471399	2857	553	1	1474	0
99479429	3401	204	0	1280	0
99486318	1675	954	1	2255	0
99487972	1576	149	0	3160	0
99491635	1780	927	1	2177	0
99492193	1899	118	0	2868	0
99493735	1851	404	0	2630	0
99496830	1820	130	0	2935	0
99498774	1873	52	0	2960	0
99500750	1378	1359	1	2147	0
99501698	1760	1085	1	2039	0
99504103	1812	35	0	3038	0
99508012	3024	458	1	1402	0
99510817	1431	1433	1	2020	0
99514488	2334	1	0	2550	0
99518319	1503	1010	1	2371	0
99520608	1875	1299	1	1710	0
99523394	2123	26	0	2736	0
99531842	2155	811	1	1918	0
99533729	2510	923	1	1451	0
99537569	2491	990	1	1403	0
99541038	1923	0	0	2962	0
99543105	1429	721	2	2733	0
99543444	1980	1216	1	1688	0
99544341	1701	0	0	3184	0
99546355	1598	618	0	2669	0
99546423	1550	1049	2	2284	0
99547270	2904	748	2	1231	0
99548333	1347	435	0	3103	0
99549154	1451	1149	2	2283	0
99558970	1807	992	2	2084	0
99560872	3172	222	1	1490	0
99573471	1871	1561	2	1451	0
99575715	2220	2467	0	198	0
99577827	2591	645	1	1648	0
99590397	2412	590	1	1882	0
99602832	1982	763	1	2139	0
99602929	1527	880	1	2477	0
99611768	2761	404	1	1719	0
99612712	1975	176	1	2733	0
99651963	2727	125	0	2033	0
99681465	2188	1	0	2696	0
99683330	1395	1184	2	2304	0
99684929	1769	789	1	2326	0
99688646	1878	1	0	3006	0
99705903	1957	1929	1	998	0
99725025	3106	1261	1	517	0
99725223	2745	1486	1	653	0
99730657	2476	1723	1	685	0
99737273	1628	2212	0	1045	0
99753829	1788	2063	1	1033	0
99753834	1721	2155	1	1008	0
99756941	2738	1345	1	801	0
99772395	2177	0	0	2708	0
99773905	1839	5	0	3041	0
99779131	1996	1834	2	1053	0
99782304	2227	1	0	2657	0
99784141	1602	1	0	3282	0
99784307	2922	401	1	1561	0
99795149	2072	1702	2	1109	0
99799360	2784	37	0	2064	0
99800814	1777	2137	1	970	0
99803998	2478	1619	1	787	0
99810055	2474	410	1	2000	0
99818612	2581	378	1	1925	0
99827733	2192	2366	0	327	0
99838203	2002	2565	0	318	0
99847890	2561	1907	1	416	0
99854284	2466	1401	2	1016	0
99857670	1810	2774	0	301	0
99857904	2458	409	1	2017	0
99858556	1981	547	1	2356	0
99859863	2242	529	1	2113	0
99872861	1500	1717	2	1666	0
99875018	1608	607	1	2669	0
99876244	3048	384	1	1452	0
99881228	1729	2768	0	388	0
99886301	1469	1296	2	2118	0
99887162	1950	627	1	2307	0
99898998	2148	2425	0	312	0
99899463	2917	997	2	969	0
99900248	2012	1425	2	1446	0
99900622	1876	0	0	3009	0
99909958	1953	545	1	2386	0
99910126	1578	2940	0	367	0
99911110	2029	2569	0	287	0
99913998	2524	2105	0	256	0
99922967	1732	2098	1	1054	0
99930569	1550	14	0	3321	0
99932255	2350	1690	1	844	0
99934713	1833	796	1	2255	0
99935106	1533	7	0	3345	0
99939031	2648	792	2	1443	0
99942848	1740	1046	2	2097	0
99945970	1698	2	0	3185	0
99947071	1900	0	0	2985	0
99952086	2499	2104	0	282	0
99965464	2162	1359	2	1362	0
99976291	2366	899	2	1618	0
99977342	2819	129	0	1937	0
99982201	2049	1095	2	1739	0
99998953	1821	73	0	2991	0
