sim	exp	nam	typ	gro	ind	idx	snp	run	true_lat	true_lon	pred_lat	pred_lon	diff_space	true_tim	pred_tim	diff_time
europe	63	dropout	gt	0	41517	44	1344	3.440144145488739	57.5975768739416	35.8414074795135	56.181385	33.83563	199.08267	5468.0	6494.58	-1026.580078125
europe	63	dropout	gt	0	37861	118	1344	3.440144145488739	47.6666244743717	3.39797248970252	46.474895	20.685663	1313.1959	9250.0	5136.0312	4113.96875
europe	63	dropout	gt	0	5791	511	1344	3.440144145488739	29.9269557257894	51.2378383782838	31.625145	47.644176	391.79044	43807.0	44228.348	-421.34765625
europe	63	dropout	gt	1	10238	212	1344	2.4269967913627624	40.4796735690085	57.7028001632235	38.719948	58.66019	212.16628	38132.0	39093.215	-961.21484375
europe	63	dropout	gt	1	6002	414	1344	2.4269967913627624	32.505825223989	52.1199928476129	31.632547	47.60159	436.65134	43543.0	44363.28	-820.28125
europe	63	dropout	gt	1	24096	812	1344	2.4269967913627624	55.8107399249241	35.1358329463194	50.333046	35.287025	609.1753	22740.0	24582.848	-1842.84765625
europe	63	dropout	gt	2	35501	114	1344	3.4299700895945233	38.0222815780417	38.1263306403452	38.54924	36.325016	167.77965	11513.0	16477.895	-4964.89453125
europe	63	dropout	gt	2	32167	506	1344	3.4299700895945233	39.6266680318994	34.4866881035754	40.548405	36.76195	219.00966	14869.0	22639.49	-7770.490234375
europe	63	dropout	gt	2	45376	843	1344	3.4299700895945233	39.0347939040604	-2.54539501818286	48.76558	21.803555	2216.8328	771.0	3682.5059	-2911.505859375
europe	63	dropout	gt	3	32783	63	1344	3.420964582761129	47.9716303305564	23.5268834814022	45.590897	18.442417	468.85135	14253.0	12351.329	1901.6708984375
europe	63	dropout	gt	3	27031	787	1344	3.420964582761129	38.1917168596371	34.1380915796521	41.19561	26.257282	752.08026	19931.0	19331.92	599.080078125
europe	63	dropout	gt	3	14167	946	1344	3.420964582761129	41.1733359052756	59.0806298327452	40.07883	60.58657	175.96097	33376.0	32456.053	919.947265625
europe	63	dropout	gt	4	38456	257	1344	3.429505960146586	38.5987428412494	35.4420214621576	42.543842	31.543215	548.3827	8681.0	9916.243	-1235.2431640625
europe	63	dropout	gt	4	9174	326	1344	3.429505960146586	41.8499460399477	56.8615219497753	39.91372	59.15013	288.71967	39467.0	38299.562	1167.4375
europe	63	dropout	gt	4	38068	1456	1344	3.429505960146586	48.4693675860482	12.1069691204493	49.313198	21.596735	699.63135	9031.0	3435.4653	5595.53466796875
europe	63	dropout	gt	5	42576	353	1344	3.4296366771062217	44.4680168446108	18.3710671340034	43.451904	22.415972	342.86102	4162.0	3700.9294	461.070556640625
europe	63	dropout	gt	5	11736	667	1344	3.4296366771062217	39.6359597497797	64.3181039884999	39.51526	60.832195	299.0507	36279.0	36061.84	217.16015625
europe	63	dropout	gt	5	27061	754	1344	3.4296366771062217	57.0931123841306	53.07852135555	59.047546	46.120293	463.01926	19899.0	18232.078	1666.921875
europe	63	dropout	gt	6	14248	219	1344	3.4361595153808593	39.0935802129445	61.9388608792826	39.74854	60.00099	181.68848	33287.0	32474.043	812.95703125
europe	63	dropout	gt	6	8328	234	1344	3.4361595153808593	38.4952504696221	57.5518963903799	38.136314	57.67646	41.364994	40522.0	40344.27	177.73046875
europe	63	dropout	gt	6	29420	362	1344	3.4361595153808593	54.6894321288411	51.3870324676535	59.357235	46.98922	583.0109	17563.0	19562.936	-1999.935546875
europe	63	dropout	gt	7	13698	541	1344	2.4456644574801127	39.7878993465107	56.7472923618419	40.693127	57.460323	117.44957	33902.0	31033.104	2868.896484375
europe	63	dropout	gt	7	4442	1338	1344	2.4456644574801127	30.0023654354624	42.3177685565776	32.01334	45.632626	387.01343	45493.0	44664.93	828.0703125
europe	63	dropout	gt	7	2240	1394	1344	2.4456644574801127	29.3103256455832	38.8152264154067	30.580292	37.50319	189.52783	48221.0	48047.977	173.0234375
europe	63	dropout	gt	8	4572	784	1344	2.4297267238299054	32.2107071188628	44.2145705091229	32.843117	49.38091	489.3844	45352.0	43795.64	1556.359375
europe	63	dropout	gt	8	43789	951	1344	2.4297267238299054	50.4703016185216	15.9972365866472	48.489662	24.603983	659.177	2856.0	3174.3416	-318.341552734375
europe	63	dropout	gt	8	17718	1438	1344	2.4297267238299054	41.2676107985385	61.4908655562683	40.343105	53.156315	708.70215	28917.0	28948.154	-31.154296875
europe	63	dropout	gt	9	39916	149	1344	3.4376938303311664	53.7005236094667	49.2496085737833	54.345673	31.557377	1154.8751	7236.0	6375.7256	860.2744140625
europe	63	dropout	gt	9	45071	743	1344	3.4376938303311664	47.4761251101504	23.5974050959309	47.07682	19.830496	287.5989	1351.0	2488.5317	-1137.53173828125
europe	63	dropout	gt	9	44800	1265	1344	3.4376938303311664	42.7127682634756	22.615858010325	47.151207	21.075994	508.17096	1743.0	2680.3728	-937.372802734375
europe	63	dropout	gt	10	18843	704	1344	3.4290082891782125	58.8884548521039	42.4091434519272	40.812595	47.67255	2043.5311	27913.0	25914.639	1998.361328125
europe	63	dropout	gt	10	7197	1035	1344	3.4290082891782125	34.0842242550324	51.6718074463212	35.447483	54.25543	280.47498	41997.0	41839.18	157.8203125
europe	63	dropout	gt	10	8335	1152	1344	3.4290082891782125	35.1410545835864	58.5785073388961	37.27171	56.618057	295.05814	40506.0	41215.71	-709.7109375
europe	63	dropout	gt	11	6958	112	1344	2.4324251929918925	31.2006759405829	55.1215619693074	36.27445	53.200985	591.4278	42321.0	41762.133	558.8671875
europe	63	dropout	gt	11	14593	711	1344	2.4324251929918925	37.5253955694613	61.8679915925219	39.34398	59.64747	279.80045	32864.0	31759.246	1104.75390625
europe	63	dropout	gt	11	20253	1321	1344	2.4324251929918925	39.8841100646229	61.7434576079314	44.021534	44.6687	1481.828	26471.0	25850.814	620.185546875
europe	63	dropout	gt	12	5391	499	1344	3.439747428894043	31.8066945939006	50.1656911909317	32.22903	48.72258	143.93205	44307.0	43564.03	742.96875
europe	63	dropout	gt	12	25368	539	1344	3.439747428894043	56.9964098763196	58.3583282706988	50.094536	55.903416	784.27234	21578.0	25392.305	-3814.3046875
europe	63	dropout	gt	12	40527	651	1344	3.439747428894043	51.7582150933054	40.2136627225098	57.908356	34.9333	762.367	6603.0	8238.759	-1635.7587890625
europe	63	dropout	gt	13	4495	717	1344	3.4278220931688943	27.2392454851372	46.4261353683186	30.411877	42.165237	544.6522	45418.0	46554.766	-1136.765625
europe	63	dropout	gt	13	16689	894	1344	3.4278220931688943	40.9007328923811	61.8864364009685	40.977604	59.856987	170.67853	30214.0	30351.766	-137.765625
europe	63	dropout	gt	13	32860	1336	1344	3.4278220931688943	47.6541625833349	23.9408972014245	49.00811	22.294512	193.58505	14156.0	14110.141	45.859375
europe	63	dropout	gt	14	33987	546	1344	3.4350684762001036	38.9495468339423	31.2937899710193	38.74433	35.17989	337.28812	13013.0	14679.548	-1666.5478515625
europe	63	dropout	gt	14	3138	820	1344	3.4350684762001036	30.098955670498	43.5342202655114	30.402912	40.893784	255.85843	47155.0	47004.496	150.50390625
europe	63	dropout	gt	14	15570	920	1344	3.4350684762001036	40.4608842388757	61.0805604499696	39.027695	60.141193	178.4544	31541.0	33389.34	-1848.33984375
europe	63	dropout	gt	15	4175	1053	1344	2.42048530181249	26.8596151584228	46.5954393441919	29.904367	44.33705	404.24417	45817.0	46020.227	-203.2265625
europe	63	dropout	gt	15	8103	1062	1344	2.42048530181249	38.2773182241327	58.0659533933643	38.919098	58.769848	93.99142	40836.0	39405.56	1430.44140625
europe	63	dropout	gt	15	17612	1186	1344	2.42048530181249	39.6497563666324	58.4891940565177	40.540028	59.715874	143.82787	29060.0	31934.678	-2874.677734375
europe	63	dropout	gt	16	27841	341	1344	2.4275760491689047	60.9228437170131	43.2247583169473	59.008717	38.759357	327.08365	19145.0	17232.459	1912.541015625
europe	63	dropout	gt	16	31987	958	1344	2.4275760491689047	40.0883709184305	35.1865034448227	39.616333	30.692932	387.12112	15052.0	16254.936	-1202.935546875
europe	63	dropout	gt	16	29740	1285	1344	2.4275760491689047	41.1287267632951	35.5889805175688	37.657368	38.417645	456.09183	17273.0	16155.876	1117.1240234375
europe	63	dropout	gt	17	42954	120	1344	3.4273460030555727	53.039752654526	24.7008968320247	50.092693	24.565481	327.83154	3686.0	3682.777	3.222900390625
europe	63	dropout	gt	17	29313	668	1344	3.4273460030555727	48.1542102534225	0.323681116947311	43.119442	25.79883	2047.6064	17640.0	18470.445	-830.4453125
europe	63	dropout	gt	17	44631	1124	1344	3.4273460030555727	42.6813117344114	24.7149514246735	45.239693	20.469452	443.05887	1941.0	1732.9567	208.0433349609375
europe	63	dropout	gt	18	15797	223	1344	2.426405668258667	42.7599316478913	57.0801751338074	40.526466	59.396202	314.16162	31299.0	31241.266	57.734375
europe	63	dropout	gt	18	43230	413	1344	2.426405668258667	42.5414680085358	23.3973173471527	49.815422	22.263014	813.50104	3434.0	2927.1956	506.804443359375
europe	63	dropout	gt	18	7965	1122	1344	2.426405668258667	37.9301503809517	54.8227926963746	36.93328	58.913692	377.80228	40980.0	39839.41	1140.58984375
europe	63	dropout	gt	19	3284	355	1344	2.4290605505307514	29.0049520909327	44.0601571404228	29.888557	44.967262	131.78842	46984.0	45312.02	1671.98046875
europe	63	dropout	gt	19	12451	371	1344	2.4290605505307514	37.3966377810528	62.1440912718244	38.800507	60.365704	220.41077	35308.0	35145.324	162.67578125
europe	63	dropout	gt	19	8261	1433	1344	2.4290605505307514	37.4853315166887	56.1487061259151	37.27717	58.14993	178.32718	40612.0	39682.652	929.34765625
europe	63	dropout	gt	20	38966	201	1344	2.4164570530255634	59.862226177942	58.2178121381502	55.665054	34.689182	1462.3202	8189.0	7795.297	393.703125
europe	63	dropout	gt	20	5532	1157	1344	2.4164570530255634	32.0652887834136	51.9520905503001	31.135492	46.949875	484.84558	44149.0	45100.22	-951.21875
europe	63	dropout	gt	20	42029	1289	1344	2.4164570530255634	55.5651798123675	36.9190893583756	50.137177	27.82962	857.0817	4827.0	4601.0054	225.99462890625
europe	63	dropout	gt	21	26787	286	1344	2.4223341226577757	44.9185514762032	4.0544720597662	48.5235	25.639832	1687.3733	20166.0	18700.969	1465.03125
europe	63	dropout	gt	21	9787	869	1344	2.4223341226577757	37.8942457031233	62.2438100780812	39.186916	61.235535	168.37376	38653.0	36443.047	2209.953125
europe	63	dropout	gt	21	14701	1342	1344	2.4223341226577757	40.7737875513231	57.6388944887385	40.14483	58.614902	108.210526	32714.0	32896.754	-182.75390625
europe	63	dropout	gt	22	12398	2	1344	3.430128101507823	37.8928083391232	62.8855568099032	40.492947	58.99827	442.42807	35375.0	32085.66	3289.33984375
europe	63	dropout	gt	22	35497	1061	1344	3.430128101507823	43.5444757661429	26.2906066511456	45.439365	25.104221	230.75496	11497.0	11991.963	-494.962890625
europe	63	dropout	gt	22	32946	1177	1344	3.430128101507823	45.8658245912951	22.8988279321058	47.800556	23.347635	217.82335	14082.0	13692.711	389.2890625
europe	63	dropout	gt	23	3707	867	1344	2.41831929286321	29.7370682161472	39.7349427362737	32.698368	49.700764	1002.7556	46398.0	43645.824	2752.17578125
europe	63	dropout	gt	23	22809	985	1344	2.41831929286321	37.0000413994579	33.6051930211286	42.66551	34.42079	633.7992	24011.0	23085.803	925.197265625
europe	63	dropout	gt	23	7259	1170	1344	2.41831929286321	35.0489457941201	51.2123813616227	34.71369	53.556114	217.0098	41934.0	41950.574	-16.57421875
europe	63	dropout	gt	24	23581	393	1344	2.420918575922648	36.5073861563494	40.3240019625088	42.152252	57.444927	1597.0817	23274.0	28555.895	-5281.89453125
europe	63	dropout	gt	24	29842	889	1344	2.420918575922648	57.442602365508	40.3324160059173	58.891617	43.27008	235.85217	17163.0	18981.047	-1818.046875
europe	63	dropout	gt	24	824	1044	1344	2.420918575922648	28.7439940654516	33.9582496587757	29.206406	38.912495	484.62985	49980.0	48096.19	1883.80859375
europe	63	dropout	gt	25	812	640	1344	1.4029403487841288	29.3189300742952	35.8971269110075	30.02128	39.238625	332.13995	49998.0	49415.312	582.6875
europe	63	dropout	gt	25	12889	849	1344	1.4029403487841288	42.1953612313936	59.3701250853255	39.5689	61.46829	341.15646	34816.0	37160.91	-2344.91015625
europe	63	dropout	gt	25	24204	1380	1344	1.4029403487841288	38.1094846530522	33.1046526007912	40.2868	31.293957	288.0135	22674.0	17877.326	4796.673828125
europe	63	dropout	gt	26	35567	131	1344	1.40782896677653	55.5550858296316	55.7055368223132	58.51166	40.513466	973.6758	11430.0	11037.015	392.9853515625
europe	63	dropout	gt	26	44359	1330	1344	1.40782896677653	50.134759592963	4.57441028411522	46.3282	20.55295	1253.942	2215.0	2238.4253	-23.42529296875
europe	63	dropout	gt	26	26945	1345	1344	1.40782896677653	49.306586734097	3.87883557505204	46.482113	21.563423	1351.9648	20019.0	21776.42	-1757.419921875
europe	63	dropout	gt	27	25450	642	1344	2.4066735466321307	38.6545559850178	36.9360585183485	40.30902	29.8927	631.6497	21501.0	18842.67	2658.330078125
europe	63	dropout	gt	27	1730	755	1344	2.4066735466321307	30.7931930225153	38.2598695319389	29.56525	37.294502	165.08638	48884.0	48523.812	360.1875
europe	63	dropout	gt	27	43229	1043	1344	2.4066735466321307	49.5288157834728	25.2306748204435	47.845154	22.024435	300.69504	3417.0	2782.801	634.198974609375
europe	63	dropout	gt	28	3687	168	1344	1.4032960772514342	30.5634476661995	42.8890106540521	32.289562	47.3826	467.5195	46416.0	44306.027	2109.97265625
europe	63	dropout	gt	28	45170	316	1344	1.4032960772514342	46.2128342163623	10.4197343270622	48.505013	21.327957	859.3938	1182.0	3119.877	-1937.876953125
europe	63	dropout	gt	28	9086	1364	1344	1.4032960772514342	40.094181123295	62.7728414102351	39.747513	59.1939	307.61118	39580.0	38726.15	853.8515625
europe	63	dropout	gt	29	37825	40	1344	1.407041331132253	57.3192390131375	28.3558878359928	50.967945	28.198002	706.30615	9283.0	7249.917	2033.0830078125
europe	63	dropout	gt	29	41902	189	1344	1.407041331132253	49.4961974305701	20.8211675627391	50.270046	23.644066	219.78104	5019.0	3141.7456	1877.25439453125
europe	63	dropout	gt	29	1965	720	1344	1.407041331132253	30.2951785697669	36.2047911628619	29.767956	37.718876	157.10228	48550.0	48816.86	-266.859375
europe	63	dropout	gt	30	18213	140	1344	1.402137855688731	37.2867753730074	60.2287062548792	43.45375	51.33878	1017.45593	28352.0	25977.848	2374.15234375
europe	63	dropout	gt	30	9618	873	1344	1.402137855688731	39.9732798710599	59.5760491858753	39.33542	61.626778	189.3423	38883.0	37698.4	1184.6015625
europe	63	dropout	gt	30	40474	960	1344	1.402137855688731	52.5549817901685	38.8102154156313	54.48567	27.484495	777.9287	6656.0	4604.013	2051.98681640625
europe	63	dropout	gt	31	20027	305	1344	2.408956448237101	38.844216559936	63.532082628515	41.880505	54.716454	819.1443	26704.0	27764.244	-1060.244140625
europe	63	dropout	gt	31	9910	622	1344	2.408956448237101	43.4080165045691	60.4794293095517	38.377106	59.62591	563.98395	38486.0	38824.305	-338.3046875
europe	63	dropout	gt	31	11540	699	1344	2.408956448237101	41.0189855448563	57.9476441163655	39.79481	59.727943	203.09583	36569.0	33011.043	3557.95703125
europe	63	dropout	gt	32	28970	228	1344	1.4081361373265584	38.0415465042751	29.7525621613549	37.594006	34.237568	397.05362	18011.0	12066.716	5944.2841796875
europe	63	dropout	gt	32	40958	937	1344	1.4081361373265584	43.963852002117	4.51986010200089	52.235764	26.422548	1857.9237	6140.0	5187.8994	952.1005859375
europe	63	dropout	gt	32	20510	1160	1344	1.4081361373265584	61.0708590216556	35.7954262629384	53.313705	50.774883	1242.9723	26200.0	23738.627	2461.373046875
europe	63	dropout	gt	33	3608	46	1344	2.403920090198517	31.6671216170332	41.4352911257506	29.93796	41.630966	193.18007	46534.0	46882.938	-348.9375
europe	63	dropout	gt	33	4760	381	1344	2.403920090198517	29.4696542375928	45.8584430539363	30.321047	43.602665	237.16219	45092.0	46102.195	-1010.1953125
europe	63	dropout	gt	33	5048	898	1344	2.403920090198517	32.9384695766704	47.4571626360757	31.002323	46.570152	230.97383	44737.0	44698.863	38.13671875
europe	63	dropout	gt	34	32623	636	1344	1.407218074798584	51.0661269732994	16.2926963368971	45.228653	26.464602	993.82153	14406.0	12015.603	2390.3974609375
europe	63	dropout	gt	34	17094	990	1344	1.407218074798584	39.7660708145085	58.3465891949218	41.084164	56.893913	191.30968	29716.0	29044.85	671.150390625
europe	63	dropout	gt	34	17766	1075	1344	1.407218074798584	38.537185296817	60.5115555335946	41.58391	57.434235	428.13968	28871.0	29073.719	-202.71875
europe	63	dropout	gt	35	6968	135	1344	1.4025195360183715	34.1280961161117	49.7441161920597	34.370132	52.174313	224.97772	42300.0	42509.29	-209.2890625
europe	63	dropout	gt	35	29023	657	1344	1.4025195360183715	39.407321742185	34.8404714207673	38.72586	31.367535	309.23444	17961.0	18050.004	-89.00390625
europe	63	dropout	gt	35	39943	1378	1344	1.4025195360183715	51.8682472942717	11.340270986062	54.880585	33.660397	1511.0903	7195.0	7043.093	151.9072265625
europe	63	dropout	gt	36	22716	543	1344	1.4075111269950866	37.9177821018626	31.960318000661	43.47968	19.49068	1217.7416	24109.0	21883.533	2225.466796875
europe	63	dropout	gt	36	29699	1182	1344	1.4075111269950866	52.7772160194142	12.475087199989	47.253788	16.763021	686.05676	17276.0	13507.905	3768.0947265625
europe	63	dropout	gt	36	20827	1238	1344	1.4075111269950866	40.1881492226444	58.7719653396085	40.817963	46.501266	1038.9885	25857.0	24945.07	911.9296875
europe	63	dropout	gt	37	41417	97	1344	1.4068369189898173	38.5371889848687	32.2982975635039	39.36673	27.497942	425.17038	5594.0	7853.857	-2259.85693359375
europe	63	dropout	gt	37	23518	467	1344	1.4068369189898173	48.624414145636	15.7701519661394	46.805176	24.669544	695.38	23309.0	20109.436	3199.564453125
europe	63	dropout	gt	37	23084	1280	1344	1.4068369189898173	56.7111684374824	53.5244892534217	58.82354	46.58809	473.38025	23771.0	21441.713	2329.287109375
europe	63	dropout	gt	38	16160	674	1344	1.4028586228688558	42.4701371923765	59.6442086716036	39.87738	58.904568	294.86954	30835.0	30821.436	13.564453125
europe	63	dropout	gt	38	32284	709	1344	1.4028586228688558	38.0436179398776	37.5614480062224	39.733948	31.76144	535.8968	14745.0	16356.325	-1611.3251953125
europe	63	dropout	gt	38	17770	803	1344	1.4028586228688558	40.6609897936912	61.140059143674	39.78055	57.810272	299.16037	28861.0	31000.957	-2139.95703125
europe	63	dropout	gt	39	34293	281	1344	1.4063661138216654	57.8447346218322	57.4046444968106	57.744278	34.870163	1329.3065	12692.0	13952.007	-1260.0068359375
europe	63	dropout	gt	39	37214	1063	1344	1.4063661138216654	54.3725498299168	46.8443091755263	59.56335	37.704933	798.6692	9841.0	10316.771	-475.771484375
europe	63	dropout	gt	39	5363	1268	1344	1.4063661138216654	31.9580869320177	49.4770866273395	30.7974	45.315845	415.55154	44339.0	44967.586	-628.5859375
europe	63	dropout	gt	40	41228	41	1344	1.4019786755243937	55.2381350436215	37.4670919315262	57.838856	33.09785	394.0396	5799.0	6738.594	-939.59423828125
europe	63	dropout	gt	40	24243	211	1344	1.4019786755243937	38.3938590509022	29.0503960385467	44.235943	36.014626	871.2859	22639.0	24913.799	-2274.798828125
europe	63	dropout	gt	40	40421	1002	1344	1.4019786755243937	45.0957485715603	20.9296532534105	48.601948	21.663408	393.83917	6730.0	8254.404	-1524.404296875
europe	63	dropout	gt	41	1308	549	1344	2.410386335849762	29.9239460377425	33.3898606552031	29.867334	41.085503	741.738	49408.0	47077.344	2330.65625
europe	63	dropout	gt	41	37460	929	1344	2.410386335849762	41.9786536818092	0.10996956724538	51.614624	18.838028	1774.7516	9628.0	17433.252	-7805.251953125
europe	63	dropout	gt	41	3674	1099	1344	2.410386335849762	30.6542097909327	40.5863647192968	30.437904	45.54111	475.0538	46450.0	45475.492	974.5078125
europe	63	dropout	gt	42	13669	27	1344	2.408170839150747	42.3983953918645	60.8453688842901	39.975883	60.153984	275.51117	33938.0	31837.69	2100.310546875
europe	63	dropout	gt	42	33578	260	1344	2.408170839150747	59.9400082439797	34.108865796616	58.989445	39.575115	326.28717	13414.0	12821.675	592.3251953125
europe	63	dropout	gt	42	3951	481	1344	2.408170839150747	27.2496862051241	43.4202792282665	29.922918	42.179028	320.99973	46075.0	46422.05	-347.05078125
europe	63	dropout	gt	43	38669	83	1344	1.4026904543240866	36.1473903457824	37.9264784152636	39.202747	31.559593	655.0452	8469.0	10739.968	-2270.9677734375
europe	63	dropout	gt	43	1246	719	1344	1.4026904543240866	29.3284450437507	30.6226688989019	29.630266	35.3358	457.42627	49490.0	49032.85	457.1484375
europe	63	dropout	gt	43	7383	1206	1344	1.4026904543240866	37.2005455744135	55.7816330774376	35.81502	55.125774	164.83658	41781.0	41932.74	-151.73828125
europe	63	dropout	gt	44	37071	143	1344	1.4065769155820211	55.6748113597961	54.33591031685	59.138084	36.251072	1145.3538	9974.0	9149.985	824.0146484375
europe	63	dropout	gt	44	13835	832	1344	1.4065769155820211	37.7561374652921	59.8284993772756	37.746975	60.812614	86.527885	33769.0	32287.55	1481.44921875
europe	63	dropout	gt	44	4463	1015	1344	1.4065769155820211	29.980627536301	46.6530395433573	28.256937	40.940285	587.02094	45468.0	47339.387	-1871.38671875
europe	63	dropout	gt	45	2846	698	1344	2.4028530875841776	30.0678762072653	39.4998442513729	30.81334	39.980022	94.815796	47489.0	47005.77	483.23046875
europe	63	dropout	gt	45	42266	1211	1344	2.4028530875841776	53.2524696165944	33.7914171683136	51.441864	24.992136	630.2078	4541.0	4404.7715	136.228515625
europe	63	dropout	gt	45	34317	1316	1344	2.4028530875841776	36.0731608118679	38.7254320209636	39.4682	33.431587	598.9918	12680.0	16470.41	-3790.41015625
europe	63	dropout	gt	46	17283	459	1344	1.4087015549341837	37.9000863101754	56.6437490515101	40.118153	55.398045	269.0923	29437.0	28789.322	647.677734375
europe	63	dropout	gt	46	32315	730	1344	1.4087015549341837	38.5525167918675	30.3895301941145	37.518795	37.60515	642.13367	14709.0	17708.213	-2999.212890625
europe	63	dropout	gt	46	36899	1079	1344	1.4087015549341837	45.7839163408973	1.5966681352435	44.60317	21.028639	1524.5647	10108.0	11782.888	-1674.8876953125
europe	63	dropout	gt	47	35324	37	1344	1.4091299533843995	39.8186013649101	33.7105589131166	39.478672	33.897793	41.056976	11674.0	18587.795	-6913.794921875
europe	63	dropout	gt	47	19576	1133	1344	1.4091299533843995	42.4012977809682	61.9545606978955	44.00822	54.863415	601.65094	27146.0	26993.758	152.2421875
europe	63	dropout	gt	47	28864	1183	1344	1.4091299533843995	40.5866472774199	37.994168154985	38.256092	37.94855	259.17548	18137.0	18563.518	-426.517578125
europe	63	dropout	gt	48	33719	360	1344	1.4041903416315715	39.4813897269994	35.513591789614	38.833904	33.166645	214.77599	13282.0	15270.801	-1988.80078125
europe	63	dropout	gt	48	27525	1242	1344	1.4041903416315715	46.2562571899274	15.3766789234186	46.464916	37.9757	1728.4203	19417.0	25552.35	-6135.349609375
europe	63	dropout	gt	48	26171	1349	1344	1.4041903416315715	39.4914797441092	33.4621716003017	41.393105	28.482233	471.39993	20837.0	14434.448	6402.5517578125
europe	63	dropout	gt	49	31128	462	1344	1.4073248744010924	43.5243138590634	16.9080645459211	45.69177	20.184761	354.01926	15898.0	15117.284	780.7158203125
europe	63	dropout	gt	49	7358	610	1344	1.4073248744010924	35.879052304637	58.1745964614186	36.955864	54.48025	351.5556	41814.0	41498.484	315.515625
europe	63	dropout	gt	49	28749	1295	1344	1.4073248744010924	56.5873214092718	48.22271082944	59.88556	39.15721	644.1882	18260.0	17937.19	322.810546875
europe	63	dropout	gt	50	2265	700	1344	1.4037627855936685	29.8096906741168	37.1076366417861	30.417355	38.620075	160.40132	48195.0	47900.887	294.11328125
europe	63	dropout	gt	50	2420	831	1344	1.4037627855936685	29.7217558257891	39.194221488985	30.678596	38.756783	114.39961	48007.0	47826.26	180.73828125
europe	63	dropout	gt	50	5719	1237	1344	1.4037627855936685	31.9503818505106	50.8618111448785	33.690437	50.756783	193.73402	43914.0	43391.805	522.1953125
europe	63	dropout	gt	51	3156	289	1344	1.4085758964220683	31.0456631856041	38.3844422267715	30.132338	36.052853	245.19412	47147.0	48576.24	-1429.23828125
europe	63	dropout	gt	51	44297	813	1344	1.4085758964220683	49.7228502767608	21.0351107436926	46.500744	21.369616	359.1406	2297.0	2019.2638	277.7362060546875
europe	63	dropout	gt	51	16658	840	1344	1.4085758964220683	41.9048767716217	58.4709747142494	40.88313	58.788963	116.66827	30249.0	31298.236	-1049.236328125
europe	63	dropout	gt	52	42758	707	1344	1.4087111194928488	44.9050407413113	3.86788440615629	48.8237	20.828642	1357.6713	3914.0	3479.463	434.537109375
europe	63	dropout	gt	52	2183	1118	1344	1.4087111194928488	27.060506161638	36.6072875780568	29.393013	36.934505	261.3361	48270.0	48529.258	-259.2578125
europe	63	dropout	gt	52	10812	1128	1344	1.4087111194928488	37.6449655842233	63.2924921219095	38.48632	58.178257	457.3256	37409.0	37941.37	-532.37109375
europe	63	dropout	gt	53	27445	484	1344	1.4040581027666728	48.8190543544055	17.9732424450043	47.358627	16.015442	217.96953	19503.0	20397.412	-894.412109375
europe	63	dropout	gt	53	37455	644	1344	1.4040581027666728	57.0368710966394	32.995493031091	56.87208	36.717632	226.40668	9649.0	9446.301	202.69921875
europe	63	dropout	gt	53	29354	1073	1344	1.4040581027666728	49.5981084834829	13.5562568280747	48.21531	17.562176	330.6392	17611.0	19460.33	-1849.330078125
europe	63	dropout	gt	54	16789	1116	1344	1.4072635809580485	38.6547028635066	62.9250837664835	40.270107	57.14056	527.9463	30085.0	30731.281	-646.28125
europe	63	dropout	gt	54	2944	1352	1344	1.4072635809580485	28.0235125682626	42.0354568331213	30.683292	43.80579	341.9048	47391.0	45480.05	1910.94921875
europe	63	dropout	gt	54	2537	1453	1344	1.4072635809580485	27.2965339316751	38.2251913385464	30.228476	40.788704	410.7299	47847.0	46782.375	1064.625
europe	63	dropout	gt	55	20319	19	1344	1.403454339504242	40.1841913506379	58.9323482314784	41.683796	53.54965	481.82758	26407.0	26959.018	-552.017578125
europe	63	dropout	gt	55	24286	463	1344	1.403454339504242	47.6694497998946	3.57544779882376	48.577732	15.029899	855.3675	22587.0	20667.93	1919.0703125
europe	63	dropout	gt	55	8939	961	1344	1.403454339504242	39.1808497551777	59.7652983907721	39.132957	58.620636	98.83872	39783.0	38528.35	1254.6484375
europe	63	dropout	gt	56	43939	197	1344	1.408205246925354	46.4626033733088	24.0917232816806	49.620476	21.843134	388.856	2678.0	2771.2927	-93.292724609375
europe	63	dropout	gt	56	20504	429	1344	1.408205246925354	40.4214331829931	58.7426170584084	41.554058	51.926266	585.6599	26194.0	27451.098	-1257.09765625
europe	63	dropout	gt	56	5437	1215	1344	1.408205246925354	30.8334357621735	52.6142398574082	32.022152	49.00248	367.27362	44261.0	43549.547	711.453125
europe	63	dropout	gt	57	614	116	1344	1.409129540125529	30.6592303443916	29.7464217427556	28.745382	33.666023	434.24368	50245.0	49788.906	456.09375
europe	63	dropout	gt	57	14342	290	1344	1.409129540125529	37.7722030658983	60.3984569383438	39.95979	59.94643	246.37564	33164.0	32469.322	694.677734375
europe	63	dropout	gt	57	24242	1036	1344	1.409129540125529	57.9936462771047	51.1127010762339	53.36843	53.652264	538.2816	22632.0	22907.588	-275.587890625
europe	63	dropout	gt	58	30914	369	1344	1.4040493885676066	54.0538447626591	48.8098256773811	58.649902	37.473293	863.65686	16118.0	14222.763	1895.2373046875
europe	63	dropout	gt	58	8126	526	1344	1.4040493885676066	38.5850481629365	54.3072594716743	38.36901	56.56796	198.24904	40824.0	40874.035	-50.03515625
europe	63	dropout	gt	58	9862	561	1344	1.4040493885676066	41.9767691903289	59.9023024487892	38.28686	57.51764	457.60147	38557.0	39946.242	-1389.2421875
europe	63	dropout	gt	59	35560	111	1344	1.4078901886940003	38.3382164606435	38.9490912407123	39.091232	30.351414	750.3487	11448.0	11135.039	312.9609375
europe	63	dropout	gt	59	12272	1191	1344	1.4078901886940003	40.793486383194	61.4930289799497	39.74273	61.49372	116.83902	35530.0	35385.168	144.83203125
europe	63	dropout	gt	59	4284	1329	1344	1.4078901886940003	32.677828351082	44.0947854286361	30.605278	43.583336	235.48706	45682.0	45544.773	137.2265625
europe	63	dropout	gt	60	7808	268	1344	1.4036659399668376	36.8920244663837	54.7884771199743	37.926365	55.017246	116.774605	41189.0	40802.727	386.2734375
europe	63	dropout	gt	60	38454	824	1344	1.4036659399668376	48.8393262942235	9.90151374449749	45.98972	22.742254	1015.3501	8666.0	9266.597	-600.5966796875
europe	63	dropout	gt	60	16212	1361	1344	1.4036659399668376	39.287974106335	64.317222076522	40.676857	57.73186	581.789	30782.0	30307.408	474.591796875
europe	63	dropout	gt	61	42742	221	1344	2.4085225820541383	54.5522599718956	33.7485035291215	53.224316	27.098154	459.94653	3939.0	4067.1155	-128.115478515625
europe	63	dropout	gt	61	3470	1222	1344	2.4085225820541383	28.8393673687414	42.1441509481027	30.048395	39.50302	288.91666	46718.0	47372.977	-654.9765625
europe	63	dropout	gt	61	27882	1471	1344	2.4085225820541383	38.3262201204768	36.0195497460217	39.936604	29.846497	561.60767	19129.0	21191.951	-2062.951171875
europe	63	dropout	gt	62	6149	85	1344	2.4082009474436443	33.5239613128816	48.1939244715332	34.15076	51.796276	339.91772	43348.0	42105.12	1242.87890625
europe	63	dropout	gt	62	19696	313	1344	2.4082009474436443	60.4237639400631	38.0893971120982	44.4538	51.464954	1985.1028	27030.0	27224.473	-194.47265625
europe	63	dropout	gt	62	21680	714	1344	2.4082009474436443	38.6956275131793	35.406279978665	37.650944	36.79263	167.86646	25103.0	24940.22	162.779296875
europe	63	dropout	gt	63	36763	48	1344	2.4041499495506287	59.4062482058229	39.4062672356537	56.901035	33.61531	439.09702	10229.0	6956.163	3272.8369140625
europe	63	dropout	gt	63	28780	471	1344	2.4041499495506287	45.9736373080727	6.34077903618231	47.159744	16.124279	758.9351	18218.0	19014.525	-796.525390625
europe	63	dropout	gt	63	5563	768	1344	2.4041499495506287	32.1814457867461	47.4966355590317	32.863365	50.324165	275.72217	44098.0	43138.51	959.48828125
europe	63	dropout	gt	64	39148	191	1344	2.406965498129527	56.3858279534795	56.8776406880613	58.453827	43.215805	848.04156	8025.0	10868.2295	-2843.2294921875
europe	63	dropout	gt	64	22806	819	1344	2.406965498129527	56.3147808499144	51.6102829937124	58.20323	47.52521	323.08762	24008.0	21216.115	2791.884765625
europe	63	dropout	gt	64	18206	880	1344	2.406965498129527	38.583742198595	60.7615887149824	49.371696	54.08404	1311.9032	28369.0	25699.451	2669.548828125
europe	63	dropout	gt	65	16550	697	1344	1.4037933429082234	41.929790045762	58.5093698927776	41.95417	56.664337	152.62231	30376.0	28607.516	1768.484375
europe	63	dropout	gt	65	25770	1180	1344	1.4037933429082234	48.1653612870039	-0.89922859532587	40.55804	27.99572	2430.4326	21179.0	22828.924	-1649.923828125
europe	63	dropout	gt	65	14394	1477	1344	1.4037933429082234	39.1246928584518	62.870853667753	40.27894	60.43767	244.53381	33091.0	32422.516	668.484375
europe	63	dropout	gt	66	16256	302	1344	1.4104464968045554	42.2377966483683	61.617101855413	40.53875	58.444683	325.13077	30739.0	31166.783	-427.783203125
europe	63	dropout	gt	66	7104	857	1344	1.4104464968045554	34.3986196843035	58.6235681740933	37.08182	57.41957	317.5221	42128.0	40020.0	2108.0
europe	63	dropout	gt	66	30818	1278	1344	1.4104464968045554	47.4006052665605	23.8887100180359	46.413445	24.42718	117.14058	16207.0	13966.146	2240.853515625
europe	63	dropout	gt	67	9318	154	1344	1.409320859114329	39.419047351088	57.9124112413997	40.064827	60.12374	202.24095	39289.0	39135.98	153.01953125
europe	63	dropout	gt	67	20056	1020	1344	1.409320859114329	57.0848491249935	30.6564661125161	51.81588	52.17628	1501.4658	26681.0	24037.895	2643.10546875
europe	63	dropout	gt	67	29620	1283	1344	1.409320859114329	51.3831200594489	18.8174867758209	52.021614	31.189445	854.492	17370.0	19916.168	-2546.16796875
europe	63	dropout	gt	68	36698	595	1344	1.4050136129061381	38.2588977663363	27.3657043934015	40.063343	31.992067	446.41357	10310.0	11996.465	-1686.46484375
europe	63	dropout	gt	68	41524	814	1344	1.4050136129061381	46.9737142372247	19.5118291268948	46.99846	21.510439	151.62437	5482.0	4755.079	726.9208984375
europe	63	dropout	gt	68	32071	876	1344	1.4050136129061381	38.9708103501024	35.3107180080906	40.285336	33.436268	217.09802	14954.0	13979.778	974.2216796875
europe	63	dropout	gt	69	16308	246	1344	2.408637885252635	37.9553487952806	63.0052883930909	40.828995	58.134468	526.44824	30669.0	30317.33	351.669921875
europe	63	dropout	gt	69	20697	339	1344	2.408637885252635	36.9167535081999	60.761223711425	47.980312	55.13334	1313.1018	25994.0	26143.287	-149.287109375
europe	63	dropout	gt	69	15341	924	1344	2.408637885252635	40.1574256577991	59.104244053058	40.83174	57.513237	154.01558	31828.0	30330.918	1497.08203125
europe	63	dropout	gt	70	43540	196	1344	2.410171953837077	51.874253397936	25.2288650413003	50.52182	24.66988	155.34428	3122.0	3468.014	-346.013916015625
europe	63	dropout	gt	70	6759	878	1344	2.410171953837077	33.3775683144714	51.0215659212981	36.145344	56.32951	574.16223	42567.0	40778.33	1788.671875
europe	63	dropout	gt	70	26533	1117	1344	2.410171953837077	55.0714090750925	44.6681899749903	55.92591	41.235035	236.15419	20434.0	21744.959	-1310.958984375
europe	63	dropout	gt	71	32626	721	1344	2.414956001440684	44.0336656251732	19.6555315982325	46.13695	19.045462	238.7267	14400.0	16926.285	-2526.28515625
europe	63	dropout	gt	71	44414	818	1344	2.414956001440684	49.6692567821895	19.0355156249929	48.854317	21.658207	210.77495	2158.0	2793.861	-635.861083984375
europe	63	dropout	gt	71	13235	1077	1344	2.414956001440684	37.6341050396161	63.4614580507288	39.58175	60.423996	341.3717	34430.0	34856.14	-426.140625
europe	63	dropout	gt	72	41358	327	1344	1.4149738391240438	52.2791013254469	9.70563284599875	50.08826	28.136269	1303.7594	5646.0	5226.814	419.18603515625
europe	63	dropout	gt	72	560	1086	1344	1.4149738391240438	30.4653969291557	32.0121060792082	30.764488	37.585888	534.36523	50309.0	49466.34	842.66015625
europe	63	dropout	gt	72	43630	1208	1344	1.4149738391240438	51.5199878839635	23.8519628047214	48.234104	24.455034	367.91675	3030.0	3134.4792	-104.479248046875
europe	63	dropout	gt	73	41996	729	1344	1.4104181806246439	48.893595412461	28.9783301065986	45.46497	18.473282	879.7397	4885.0	4755.296	129.7041015625
europe	63	dropout	gt	73	15771	1048	1344	1.4104181806246439	40.0967399840994	59.3049000291879	40.498943	60.44317	106.38912	31325.0	31531.848	-206.84765625
europe	63	dropout	gt	73	2342	1051	1344	1.4104181806246439	26.5062192443276	38.6937400161132	31.781925	39.493053	591.7385	48097.0	48338.305	-241.3046875
europe	63	dropout	gt	74	16661	496	1344	2.4149720907211303	41.712121451075	56.2378442029786	42.65848	57.88569	171.77068	30245.0	29812.62	432.380859375
europe	63	dropout	gt	74	10516	759	1344	2.4149720907211303	38.5653111442788	61.6694741662679	40.1807	61.790367	179.92311	37801.0	38270.99	-469.98828125
europe	63	dropout	gt	74	31533	903	1344	2.4149720907211303	38.9935514917485	30.3084802007884	41.277718	26.119095	437.34573	15502.0	16519.426	-1017.42578125
europe	63	dropout	gt	75	16816	25	1344	1.4092910925547282	38.6144334889621	56.9744200363919	41.1526	57.149097	282.6243	30054.0	28817.158	1236.841796875
europe	63	dropout	gt	75	6285	426	1344	1.4092910925547282	32.3068493467227	49.7282499073238	31.11392	47.636185	238.23384	43170.0	44671.48	-1501.48046875
europe	63	dropout	gt	75	23123	769	1344	1.4092910925547282	39.0135420974688	38.4938188624319	40.272827	34.476	371.38007	23750.0	22774.553	975.447265625
europe	63	dropout	gt	76	22454	715	1344	3.416426718235016	40.905748809388	31.9188277621715	44.07044	52.50607	1719.5604	24350.0	26751.035	-2401.03515625
europe	63	dropout	gt	76	20055	998	1344	3.416426718235016	54.9037414213589	45.0878001365271	44.74511	42.92071	1140.0896	26682.0	26429.191	252.80859375
europe	63	dropout	gt	76	1418	1405	1344	3.416426718235016	30.8688700136358	35.7176946200374	30.173506	38.93615	317.8238	49297.0	48275.453	1021.546875
europe	63	dropout	gt	77	28121	157	1344	3.415561048189799	56.0990220956335	33.0538043500846	57.615887	32.9869	168.71669	18887.0	17056.24	1830.759765625
europe	63	dropout	gt	77	18908	271	1344	3.415561048189799	59.601579912272	29.8537729156525	40.737625	58.55424	2885.389	27852.0	29694.676	-1842.67578125
europe	63	dropout	gt	77	28115	1031	1344	3.415561048189799	57.7636595115783	34.8332272140819	59.453587	37.54953	245.03586	18890.0	16184.123	2705.876953125
europe	63	dropout	gt	78	7879	420	1344	2.412870800495148	38.3424496773879	54.989622842949	38.43669	58.81995	333.97357	41099.0	39404.195	1694.8046875
europe	63	dropout	gt	78	24241	604	1344	2.412870800495148	46.7494810222036	23.5763127772687	40.47893	32.464146	997.86475	22624.0	23061.81	-437.810546875
europe	63	dropout	gt	78	127	1252	1344	2.412870800495148	30.6116344145386	31.8114429721999	28.727564	34.817307	358.0668	50886.0	49510.73	1375.26953125
europe	63	dropout	gt	79	17890	76	1344	2.416843644777934	42.8991943212781	57.9543262703576	40.54063	56.044167	306.4332	28724.0	27995.336	728.6640625
europe	63	dropout	gt	79	19948	250	1344	2.416843644777934	38.3389329869541	38.2101449141647	41.027428	56.919334	1625.3834	26784.0	28762.287	-1978.287109375
europe	63	dropout	gt	79	34854	440	1344	2.416843644777934	58.0415409400303	49.2303236596422	58.886715	40.523136	514.6552	12154.0	11478.185	675.8154296875
europe	63	dropout	gt	80	4218	59	1344	2.4094926953315734	29.4660985788241	44.5203052817378	30.152185	43.20155	148.35316	45756.0	46219.21	-463.2109375
europe	63	dropout	gt	80	25403	964	1344	2.4094926953315734	57.1904272955622	33.2666291494735	60.28542	39.075268	480.07114	21546.0	20299.95	1246.05078125
europe	63	dropout	gt	80	1690	1386	1344	2.4094926953315734	29.2180377210672	38.9286349421461	28.666452	34.75454	410.75195	48937.0	49066.938	-129.9375
europe	63	dropout	gt	81	7192	205	1344	2.4148263057072956	33.4056395863909	53.4127477583585	33.808094	51.97684	140.30457	42010.0	42598.613	-588.61328125
europe	63	dropout	gt	81	11404	613	1344	2.4148263057072956	42.2704758052198	60.618646923642	39.499252	60.24502	309.74182	36728.0	38959.105	-2231.10546875
europe	63	dropout	gt	81	36901	1279	1344	2.4148263057072956	46.367607734186	7.75187684714359	47.6346	19.18482	877.5303	10107.0	10600.668	-493.66796875
europe	63	dropout	gt	82	30252	91	1344	2.421738922595978	40.8263666787524	32.1948022092947	38.441902	34.661808	338.98157	16820.0	15142.705	1677.294921875
europe	63	dropout	gt	82	22694	966	1344	2.421738922595978	37.2834854446089	39.0856074857051	39.06596	36.380554	308.5122	24123.0	23063.266	1059.734375
europe	63	dropout	gt	82	512	1059	1344	2.421738922595978	30.0639392541449	29.7424515522716	30.188805	32.478664	263.51437	50367.0	50581.527	-214.52734375
europe	63	dropout	gt	83	6000	416	1344	2.4089439193407696	30.6340413108501	52.5600337595578	35.80184	54.623764	605.80585	43549.0	41676.0	1873.0
europe	63	dropout	gt	83	8832	518	1344	2.4089439193407696	39.7511555580933	60.4091788144674	39.218636	61.021797	79.18488	39953.0	37980.41	1972.58984375
europe	63	dropout	gt	83	20511	1462	1344	2.4089439193407696	60.0886627400448	50.8834785974971	41.24702	57.130016	2138.573	26200.0	29169.168	-2969.16796875
europe	63	dropout	gt	84	22489	529	1344	2.412511150042216	50.6867858864473	25.016772639471	54.012405	54.070225	1992.963	24302.0	24270.936	31.064453125
europe	63	dropout	gt	84	15003	646	1344	2.412511150042216	39.3939958588496	61.0404819667293	39.15222	60.946205	28.082363	32279.0	33117.605	-838.60546875
europe	63	dropout	gt	84	25758	1484	1344	2.412511150042216	41.5424652299799	21.1491621836816	49.31829	16.828127	927.6541	21194.0	18922.713	2271.287109375
europe	63	dropout	gt	85	12783	122	1344	2.409701963265737	39.3050186958958	58.3956863241714	39.421318	60.4608	178.00296	34926.0	33992.48	933.51953125
europe	63	dropout	gt	85	22451	436	1344	2.409701963265737	38.4404125939192	31.1680337800479	40.752895	25.88306	520.5996	24354.0	22643.73	1710.26953125
europe	63	dropout	gt	85	16594	575	1344	2.409701963265737	38.6426771015072	60.5245188575479	41.39013	57.490147	400.07425	30320.0	31232.422	-912.421875
europe	63	dropout	gt	86	8133	444	1344	1.4124618291854858	39.5714978119557	59.3937609301873	37.001266	58.188305	304.5387	40813.0	40608.742	204.2578125
europe	63	dropout	gt	86	14420	1388	1344	1.4124618291854858	40.0284882042109	57.6779642146306	39.72606	58.851997	105.676445	33056.0	32900.52	155.48046875
europe	63	dropout	gt	86	45121	1402	1344	1.4124618291854858	51.0025341418908	10.953148408517	49.12333	26.507158	1127.5221	1267.0	3801.7927	-2534.792724609375
europe	63	dropout	gt	87	2108	909	1344	2.4134410858154296	28.0719310110859	36.681966328076	30.005026	41.121933	482.14233	48361.0	46686.074	1674.92578125
europe	63	dropout	gt	87	19135	1317	1344	2.4134410858154296	59.0925290137479	38.7181880478641	47.05478	39.48311	1339.489	27606.0	24850.418	2755.58203125
europe	63	dropout	gt	87	37700	1480	1344	2.4134410858154296	59.609401995274	48.8904269910975	58.76894	42.023533	401.9119	9404.0	9563.984	-159.984375
europe	63	dropout	gt	88	11433	695	1344	1.40730771223704	38.0373707035056	62.9053089784978	38.56295	60.12037	249.93889	36700.0	35091.957	1608.04296875
europe	63	dropout	gt	88	17690	911	1344	1.40730771223704	40.8599786693553	59.5279368634159	44.553234	50.04116	876.4472	28961.0	26348.467	2612.533203125
europe	63	dropout	gt	88	11183	916	1344	1.40730771223704	38.0852247681693	60.3264655814706	38.723206	60.013443	76.0032	36972.0	36260.47	711.53125
europe	63	dropout	gt	89	11776	830	1344	1.4136323928833008	39.3369979991895	59.918581622629	38.60107	59.529278	88.48212	36212.0	38253.41	-2041.41015625
europe	63	dropout	gt	89	20507	1209	1344	1.4136323928833008	57.1546620881454	52.3691640246555	45.155098	52.29009	1334.3019	26201.0	27265.777	-1064.77734375
europe	63	dropout	gt	89	38240	1374	1344	1.4136323928833008	37.1695770665751	35.8595302891731	40.38558	27.18908	831.82306	8896.0	15757.129	-6861.12890625
europe	63	dropout	gt	90	1367	11	1344	2.408841101328532	31.6366235888778	36.3479143846692	29.32581	41.977264	597.3978	49348.0	46281.86	3066.140625
europe	63	dropout	gt	90	10512	738	1344	2.408841101328532	38.9208975768011	62.9467993229409	38.89025	61.07819	161.72372	37805.0	38775.61	-970.609375
europe	63	dropout	gt	90	37768	770	1344	2.408841101328532	58.7913725264386	30.3543638544334	59.643368	38.755775	487.04904	9330.0	9958.537	-628.537109375
europe	63	dropout	gt	91	41744	591	1344	1.4141481876373292	48.9447584933681	17.3562232868628	46.161747	22.039455	468.1209	5223.0	2526.2107	2696.789306640625
europe	63	dropout	gt	91	37828	1253	1344	1.4141481876373292	38.8489713758556	27.6452755755861	42.979877	24.432405	532.69495	9288.0	11326.258	-2038.2578125
europe	63	dropout	gt	91	22123	1362	1344	1.4141481876373292	37.9711113229943	32.4196898216134	37.53848	38.49764	536.4068	24682.0	22115.941	2566.05859375
europe	63	dropout	gt	92	3053	107	1344	2.4117700775464375	32.2378142156357	42.5602581446502	30.637613	42.10452	183.11154	47248.0	46216.074	1031.92578125
europe	63	dropout	gt	92	8560	1234	1344	2.4117700775464375	39.4394684825426	59.4090493324524	36.44004	54.882153	518.36365	40259.0	41204.35	-945.3515625
europe	63	dropout	gt	92	26437	1464	1344	2.4117700775464375	57.1448846660861	45.8724242260313	58.5642	48.375393	216.38907	20529.0	21428.113	-899.11328125
europe	63	dropout	gt	93	28992	379	1344	2.4068726380666097	45.1951364285902	17.6763830960745	43.903835	29.961248	983.0261	17977.0	23216.791	-5239.791015625
europe	63	dropout	gt	93	11975	1201	1344	2.4068726380666097	42.1814564883432	61.8667845133972	37.941765	56.773537	640.1643	35932.0	38443.375	-2511.375
europe	63	dropout	gt	93	35997	1297	1344	2.4068726380666097	57.0473578534791	45.8259336194753	58.338562	41.181145	311.04922	10986.0	13188.069	-2202.0693359375
europe	63	dropout	gt	94	5230	419	1344	1.4105623602867126	27.7807968375251	47.4612169783369	33.082184	50.595406	661.55524	44514.0	42987.27	1526.73046875
europe	63	dropout	gt	94	225	649	1344	1.4105623602867126	28.5267824490908	30.5476467932425	29.23374	33.76862	323.3013	50751.0	49844.566	906.43359375
europe	63	dropout	gt	94	37916	1143	1344	1.4105623602867126	45.4602733760151	6.66015295749808	47.63902	22.78093	1253.9348	9188.0	5698.7607	3489.2392578125
europe	63	dropout	gt	95	810	454	1344	2.424112335840861	29.7522443454417	32.6542692398227	29.741758	32.94988	28.562498	50003.0	49335.543	667.45703125
europe	63	dropout	gt	95	25022	531	1344	2.424112335840861	56.3236504406875	38.5175540744211	58.606026	44.304546	428.92047	21906.0	22367.531	-461.53125
europe	63	dropout	gt	95	39292	1334	1344	2.424112335840861	45.5361206019841	10.7677844147459	47.3164	20.099709	741.61676	7858.0	4315.602	3542.39794921875
europe	63	dropout	gt	96	43356	73	1344	3.417118489742279	49.7002452505462	24.784820895427	50.830906	27.565704	234.23436	3296.0	3777.3228	-481.32275390625
europe	63	dropout	gt	96	15410	292	1344	3.417118489742279	41.4789564125037	60.7340740284351	39.83172	60.6263	183.39014	31762.0	33845.9	-2083.8984375
europe	63	dropout	gt	96	16850	1144	1344	3.417118489742279	42.0745217919429	57.1700775504198	40.0163	59.598106	306.30396	30003.0	31360.863	-1357.86328125
europe	63	dropout	gt	97	42241	26	1344	2.4189315319061278	49.7445034257679	35.7339465218012	56.6536	34.821243	770.6396	4568.0	6749.835	-2181.8349609375
europe	63	dropout	gt	97	31133	548	1344	2.4189315319061278	47.3610419768415	23.1737091077761	48.037853	16.248121	523.5366	15895.0	16008.698	-113.6982421875
europe	63	dropout	gt	97	3246	577	1344	2.4189315319061278	31.0281062279508	39.9219834964681	30.614456	40.186573	52.478413	47040.0	46907.11	132.890625
europe	63	dropout	gt	98	31417	789	1344	3.412062442302704	52.6173647771166	23.8355168569244	48.497265	20.100449	528.5157	15609.0	13928.835	1680.1650390625
europe	63	dropout	gt	98	36619	1096	1344	3.412062442302704	37.0115641318485	38.3590478912773	38.154686	35.918777	249.77827	10397.0	16837.105	-6440.10546875
europe	63	dropout	gt	98	9886	1269	1344	3.412062442302704	37.1972046056811	62.0240565693831	39.206787	59.35832	322.75555	38523.0	39091.49	-568.48828125
europe	63	dropout	gt	99	847	522	1344	2.41864044268926	30.7250505920953	35.7992463606865	30.353386	40.103905	414.29745	49973.0	47573.53	2399.46875
europe	63	dropout	gt	99	3712	871	1344	2.41864044268926	29.2300512566937	44.8057522096418	30.83514	41.245987	386.34442	46379.0	46547.43	-168.4296875
europe	63	dropout	gt	99	16189	976	1344	2.41864044268926	37.8884174950526	57.2668655119111	40.21125	59.036583	300.09442	30817.0	31246.6	-429.599609375
europe	63	dropout	gt	100	42267	256	1344	2.4099947492281597	47.6532811994778	19.1243234233227	46.584652	23.352556	341.23044	4541.0	4524.1235	16.87646484375
europe	63	dropout	gt	100	26139	336	1344	2.4099947492281597	56.9195665266487	51.1257216583623	58.988808	38.29834	789.5873	20857.0	18559.225	2297.775390625
europe	63	dropout	gt	100	36001	1466	1344	2.4099947492281597	38.1692818585218	29.6778798923553	38.361526	32.80676	273.98782	11000.0	10634.748	365.251953125
europe	63	dropout	gt	101	8835	152	1344	3.4157864888509115	39.2073103187383	57.0413921195276	37.65319	58.602516	219.88899	39944.0	40522.227	-578.2265625
europe	63	dropout	gt	101	5144	485	1344	3.4157864888509115	31.7626912882374	47.7660898588527	30.663965	45.675777	233.32042	44629.0	44884.38	-255.37890625
europe	63	dropout	gt	101	35320	1444	1344	3.4157864888509115	39.8284472052204	32.7414590051537	39.92943	30.417454	198.62186	11687.0	13303.75	-1616.75
europe	63	dropout	gt	102	43141	716	1344	2.419056816895803	51.5006493748399	28.2909283788017	52.24751	24.552986	269.6795	3506.0	3966.1365	-460.136474609375
europe	63	dropout	gt	102	31503	975	1344	2.419056816895803	37.9904307615999	33.937472889505	41.290928	30.861513	451.6571	15533.0	17586.646	-2053.646484375
europe	63	dropout	gt	102	3473	1083	1344	2.419056816895803	29.5901029586681	44.2598149510227	29.747204	43.766567	50.757126	46707.0	45845.215	861.78515625
europe	63	dropout	gt	103	34824	13	1344	2.4131686528523764	57.5468004911097	37.9594332794779	57.03659	36.879562	86.18752	12189.0	13095.98	-906.98046875
europe	63	dropout	gt	103	1417	569	1344	2.4131686528523764	28.7492469043981	36.3182878462154	30.679855	35.75499	221.45796	49298.0	49152.8	145.19921875
europe	63	dropout	gt	103	1101	838	1344	2.4131686528523764	27.8804900873735	33.7198717967022	30.09836	31.693773	315.66394	49650.0	50164.24	-514.23828125
europe	63	dropout	gt	104	27597	494	1344	1.4148305575052897	38.088729277741	33.04000754034	39.039352	33.591488	116.0702	19367.0	15457.826	3909.173828125
europe	63	dropout	gt	104	42932	508	1344	1.4148305575052897	52.3414196750842	31.5099806361096	56.620667	33.429825	491.67728	3718.0	6091.3525	-2373.3525390625
europe	63	dropout	gt	104	39936	969	1344	1.4148305575052897	38.0537702823739	29.231358642355	49.07103	26.901451	1239.1998	7223.0	5813.331	1409.6689453125
europe	63	dropout	gt	105	31136	745	1344	1.4105745474497478	37.3259714214122	35.6305283245333	41.719265	26.846651	897.20984	15919.0	12708.004	3210.99609375
europe	63	dropout	gt	105	34233	977	1344	1.4105745474497478	37.5392104911016	38.032672072631	43.816017	24.21204	1355.8391	12763.0	9727.564	3035.435546875
europe	63	dropout	gt	105	15001	1135	1344	1.4105745474497478	39.0929251858889	57.769916181776	41.076294	58.86535	239.41656	32299.0	30990.266	1308.734375
europe	63	dropout	gt	106	16388	129	1344	2.4179465333620707	40.8330405182383	64.296532651424	43.73019	56.05672	750.05524	30575.0	27743.166	2831.833984375
europe	63	dropout	gt	106	1751	195	1344	2.4179465333620707	29.1822975153263	38.6059060136573	29.211815	38.715317	11.115714	48854.0	48023.453	830.546875
europe	63	dropout	gt	106	15264	486	1344	2.4179465333620707	40.5133073405936	59.274239536787	40.280506	60.479805	105.320816	31926.0	32076.357	-150.357421875
europe	63	dropout	gt	107	30227	263	1344	2.4168532570203145	38.0504115788893	39.121546871438	39.03018	33.018303	541.7705	16844.0	16992.244	-148.244140625
europe	63	dropout	gt	107	42453	264	1344	2.4168532570203145	55.4762284792311	31.6993938443859	55.27333	31.731934	22.654497	4287.0	7329.3535	-3042.353515625
europe	63	dropout	gt	107	23965	1198	1344	2.4168532570203145	60.5517953126814	46.2489473498495	58.921516	45.545387	185.51405	22878.0	22810.373	67.626953125
europe	63	dropout	gt	108	12643	408	1344	2.4136364459991455	38.7947261332047	61.2387205677095	39.719685	60.81326	109.179	35088.0	34773.25	314.75
europe	63	dropout	gt	108	37922	1127	1344	2.4136364459991455	39.5697685749431	32.8679660958375	40.3447	29.105448	332.0374	9194.0	9764.953	-570.953125
europe	63	dropout	gt	108	35376	1333	1344	2.4136364459991455	55.9524847809484	37.3157331439322	60.220226	42.94847	578.2063	11610.0	9616.936	1993.064453125
europe	63	dropout	gt	109	44716	243	1344	2.415746573607127	50.4822636946185	24.4457857171946	47.118114	22.828835	392.35004	1853.0	1628.6016	224.3984375
europe	63	dropout	gt	109	31220	1055	1344	2.415746573607127	41.4502036330186	33.0026949397106	41.299057	36.721996	310.77344	15833.0	24747.248	-8914.248046875
europe	63	dropout	gt	109	31591	1286	1344	2.415746573607127	47.4738546197526	12.8958570583953	46.614895	23.311705	794.374	15422.0	14727.394	694.6064453125
europe	63	dropout	gt	110	41308	491	1344	2.412663300832113	50.4978884604691	11.8080837353307	48.716377	21.185669	703.60547	5715.0	1984.5586	3730.44140625
europe	63	dropout	gt	110	4548	659	1344	2.412663300832113	27.9058466823793	46.2433209351514	29.723988	43.535973	332.31247	45366.0	45837.55	-471.55078125
europe	63	dropout	gt	110	22936	1434	1344	2.412663300832113	37.1668379195596	38.6892360782767	40.08467	57.080433	1627.1245	23924.0	28913.395	-4989.39453125
europe	63	dropout	gt	111	40714	162	1344	2.415782864888509	56.5257588024865	34.6601574999714	56.69372	31.554693	190.93732	6407.0	6555.6157	-148.61572265625
europe	63	dropout	gt	111	21558	179	1344	2.415782864888509	57.7227153439491	52.7047691731729	53.448864	49.877296	507.25253	25199.0	24369.568	829.431640625
europe	63	dropout	gt	111	16876	1130	1344	2.415782864888509	40.7423446055978	57.8971624785825	43.165222	53.854935	429.23178	29970.0	27988.986	1981.013671875
europe	63	dropout	gt	112	24360	312	1344	2.4159736315409344	56.9851443169939	43.7906727127245	52.70583	25.74867	1244.5868	22531.0	19922.547	2608.453125
europe	63	dropout	gt	112	31852	826	1344	2.4159736315409344	56.3065392720727	38.7907922571627	59.803303	38.95023	388.9354	15166.0	18353.639	-3187.638671875
europe	63	dropout	gt	112	33380	1383	1344	2.4159736315409344	55.4360396398311	47.1480525846977	59.111416	38.71408	650.4012	13627.0	9986.682	3640.318359375
europe	63	dropout	gt	113	41252	394	1344	2.4103782137235004	46.5136947289439	24.7540348448744	47.52266	22.64426	195.35408	5784.0	3192.7937	2591.206298828125
europe	63	dropout	gt	113	9459	443	1344	2.4103782137235004	40.1887532576587	60.1136250742213	38.906002	61.07895	164.90817	39119.0	37722.223	1396.77734375
europe	63	dropout	gt	113	8674	1081	1344	2.4103782137235004	39.2061950310064	56.5130652173524	38.152153	59.430733	279.05396	40130.0	38999.984	1130.015625
europe	63	dropout	gt	114	33920	380	1344	2.415475829442342	41.0259161642257	37.0839276666244	37.32849	38.196133	422.1532	13074.0	15100.873	-2026.873046875
europe	63	dropout	gt	114	24593	587	1344	2.415475829442342	38.7029898987751	33.8225382564305	38.84237	31.78702	177.13777	22342.0	26893.709	-4551.708984375
europe	63	dropout	gt	114	20314	1376	1344	2.415475829442342	38.4805370416248	39.4004476119718	42.864807	55.1033	1408.5508	26425.0	28469.037	-2044.037109375
europe	63	dropout	gt	115	38864	828	1344	2.4141061782836912	48.3731316916738	15.5193579690486	47.134026	22.72598	555.8607	8278.0	5050.502	3227.498046875
europe	63	dropout	gt	115	25102	1027	1344	2.4141061782836912	56.47939043015	39.8550597449342	56.019318	32.832287	436.6606	21815.0	22029.424	-214.423828125
europe	63	dropout	gt	115	14681	1273	1344	2.4141061782836912	40.4688664101466	58.727140525748	40.580822	58.498238	23.006392	32742.0	31606.467	1135.533203125
europe	63	dropout	gt	116	42690	163	1344	2.4193716446558633	54.1252955676325	24.7026840630167	51.543568	25.904886	298.20602	4003.0	4145.7	-142.7001953125
europe	63	dropout	gt	116	39143	364	1344	2.4193716446558633	47.8375217367038	9.3462699295239	46.074017	19.102785	765.4314	8022.0	9137.164	-1115.1640625
europe	63	dropout	gt	116	8699	1115	1344	2.4193716446558633	40.6526010853535	57.3840244711092	38.742916	58.65425	238.53326	40088.0	39744.5	343.5
europe	63	dropout	gt	117	30417	87	1344	2.4182072480519614	45.0358215233213	29.3770203646086	47.091312	20.894175	692.81116	16617.0	12449.9795	4167.0205078125
europe	63	dropout	gt	117	44476	809	1344	2.4182072480519614	45.8125252893807	18.7422554187584	48.62941	22.528059	423.98203	2122.0	3058.8433	-936.84326171875
europe	63	dropout	gt	117	45072	1167	1344	2.4182072480519614	47.5675365321174	12.9999175925651	47.060593	22.881287	746.5559	1348.0	6195.519	-4847.51904296875
europe	63	dropout	gt	118	9429	403	1344	1.412301484743754	41.4713307969592	63.3475161637113	37.23311	61.87819	487.88644	39147.0	39099.938	47.0625
europe	63	dropout	gt	118	30536	835	1344	1.412301484743754	59.5426038513175	56.2119564597394	62.697174	43.020924	788.56104	16518.0	18998.498	-2480.498046875
europe	63	dropout	gt	118	42714	1021	1344	1.412301484743754	53.3871838634981	25.102123293392	51.96115	25.68256	163.32396	3973.0	3595.623	377.376953125
europe	63	dropout	gt	119	34320	285	1344	2.4172660231590273	40.0639567538534	39.9744973693995	37.51266	33.565876	623.4837	12670.0	12088.778	581.2216796875
europe	63	dropout	gt	119	25682	301	1344	2.4172660231590273	37.4934710602877	37.0670502494414	39.409245	31.439991	534.1805	21275.0	19899.969	1375.03125
europe	63	dropout	gt	119	18180	890	1344	2.4172660231590273	38.1020173902855	63.8489868341205	45.302006	54.085373	1137.7002	28385.0	26308.07	2076.9296875
europe	63	dropout	gt	120	36894	629	1344	2.4113629420598346	53.8810697434398	52.5208537648999	59.133385	35.275246	1203.689	10115.0	12398.561	-2283.560546875
europe	63	dropout	gt	120	5072	884	1344	2.4113629420598346	32.4923838408764	45.7475457204122	31.562195	43.942253	199.14682	44722.0	45240.594	-518.59375
europe	63	dropout	gt	120	25175	991	1344	2.4113629420598346	61.5144856529782	51.2865561628088	50.898506	42.076584	1307.7687	21755.0	23796.918	-2041.91796875
europe	63	dropout	gt	121	17020	123	1344	2.4212805072466534	39.4991720762071	58.171253907989	40.562077	59.17919	146.05736	29796.0	31245.1	-1449.099609375
europe	63	dropout	gt	121	19285	350	1344	2.4212805072466534	37.6382603423772	29.3498705456281	41.384827	43.61537	1290.909	27472.0	25157.945	2314.0546875
europe	63	dropout	gt	121	41576	396	1344	2.4212805072466534	57.052785415099	34.7827176288561	50.59314	26.20814	911.0823	5407.0	3864.2205	1542.779541015625
europe	63	dropout	gt	122	22499	273	1344	2.420021092891693	58.3748311488417	48.8529097650658	57.04577	50.792934	187.38814	24305.0	22944.984	1360.015625
europe	63	dropout	gt	122	21838	356	1344	2.420021092891693	58.0443273160943	52.2001361333504	56.368008	41.645973	661.6043	24962.0	22479.322	2482.677734375
europe	63	dropout	gt	122	21861	827	1344	2.420021092891693	47.7004248853952	5.48428185487459	53.254044	40.66435	2536.9023	24930.0	24170.27	759.73046875
europe	63	dropout	gt	123	17717	354	1344	2.4179853598276773	37.2780899220388	61.8981047788781	44.646122	55.369446	985.0192	28919.0	28450.148	468.8515625
europe	63	dropout	gt	123	10485	614	1344	2.4179853598276773	37.3725873685338	58.9737305425043	39.099148	61.35626	283.1041	37836.0	36780.793	1055.20703125
europe	63	dropout	gt	123	25267	765	1344	2.4179853598276773	39.9038801515773	-3.00960735726831	45.112553	40.921436	3602.0742	21662.0	24518.01	-2856.009765625
europe	63	dropout	gt	124	34817	469	1344	2.4238072713216146	37.1776558808871	32.2603446530807	43.45839	21.943226	1117.8406	12205.0	9535.12	2669.8798828125
europe	63	dropout	gt	124	19749	847	1344	2.4238072713216146	39.888751950728	58.029851522833	44.087093	55.551567	509.72723	26974.0	28002.812	-1028.8125
europe	63	dropout	gt	124	26504	1149	1344	2.4238072713216146	37.5107808163722	31.0910037782341	45.250797	51.91367	1931.0737	20476.0	26640.484	-6164.484375
europe	63	dropout	gt	125	32311	776	1344	2.4143239816029864	39.789569748552	37.3177208614853	40.103687	56.5121	1633.4529	14722.0	28710.617	-13988.6171875
europe	63	dropout	gt	125	21685	1172	1344	2.4143239816029864	41.0260614041852	58.9405949701546	41.347294	55.0832	324.73618	25080.0	28384.158	-3304.158203125
europe	63	dropout	gt	125	14902	1430	1344	2.4143239816029864	40.3156602167375	59.3261729639183	39.931606	59.76279	56.584904	32442.0	33199.91	-757.91015625
europe	63	dropout	gt	126	13239	1040	1344	2.4169690171877543	37.104416222493	62.1372296796364	39.790348	60.247944	340.96	34419.0	36928.17	-2509.171875
europe	63	dropout	gt	126	11513	1231	1344	2.4169690171877543	39.6484676649016	60.047891764757	39.747112	60.368645	29.553118	36620.0	36331.695	288.3046875
europe	63	dropout	gt	126	28359	1435	1344	2.4169690171877543	39.7486860549229	36.7318859958481	38.652275	36.86566	122.45922	18648.0	15998.816	2649.18359375
europe	63	dropout	gt	127	1640	14	1344	2.418184498945872	31.5389456296633	37.0170520184976	30.398165	39.33438	254.75804	48988.0	48378.445	609.5546875
europe	63	dropout	gt	127	25838	280	1344	2.418184498945872	47.9892053772228	12.273021363033	47.4003	20.090511	588.4796	21134.0	19161.65	1972.349609375
europe	63	dropout	gt	127	20659	1046	1344	2.418184498945872	56.8989095962453	44.9098203609958	53.650677	46.10739	369.05133	26040.0	24412.521	1627.478515625
europe	63	dropout	gt	128	32042	346	1344	2.417546041806539	44.5283594739701	16.6646319663103	49.34302	21.403894	644.763	14987.0	15370.405	-383.4052734375
europe	63	dropout	gt	128	45133	1325	1344	2.417546041806539	46.3135284255275	26.9928696309051	45.12493	19.695976	581.4648	1243.0	1974.3026	-731.3026123046875
europe	63	dropout	gt	128	14525	1375	1344	2.417546041806539	37.8258206393792	63.2556587715076	39.833355	60.9204	301.22345	32938.0	32283.244	654.755859375
europe	63	dropout	gt	129	39881	64	1344	2.416094728310903	44.2725527069547	22.7099028050012	45.9355	23.88297	206.55746	7275.0	3604.868	3670.132080078125
europe	63	dropout	gt	129	27137	220	1344	2.416094728310903	54.1475892905058	38.2358356239186	57.530903	42.621925	465.12482	19814.0	21264.295	-1450.294921875
europe	63	dropout	gt	129	27318	358	1344	2.416094728310903	47.6464045965592	18.8730278233427	41.927387	26.665321	883.7654	19618.0	18381.045	1236.955078125
europe	63	dropout	gt	130	11020	384	1344	2.4143897851308185	40.6650406539415	59.4102360100745	39.217587	61.024323	211.7465	37136.0	37169.62	-33.62109375
europe	63	dropout	gt	130	8204	848	1344	2.4143897851308185	36.4906372229623	59.8450870316209	36.959118	56.43331	308.48453	40687.0	40420.383	266.6171875
europe	63	dropout	gt	130	7084	953	1344	2.4143897851308185	33.8838786264146	56.0624160456094	37.11743	57.002285	369.47754	42152.0	40136.89	2015.109375
europe	63	dropout	gt	131	24599	136	1344	2.4186118841171265	59.1601072871458	47.6877292459437	57.52937	49.665096	214.91068	22336.0	23228.424	-892.423828125
europe	63	dropout	gt	131	38159	240	1344	2.4186118841171265	49.0167603271428	25.3476355246645	39.551247	32.313774	1188.4474	8945.0	14473.635	-5528.634765625
europe	63	dropout	gt	131	39434	1347	1344	2.4186118841171265	59.5618126387518	41.6327088090063	54.91574	30.834656	828.4131	7724.0	6990.273	733.72705078125
europe	63	dropout	gt	132	41440	188	1344	2.4200075387954714	45.0457597004421	5.66332198369767	46.23931	24.446672	1462.7834	5562.0	4961.039	600.9609375
europe	63	dropout	gt	132	3401	925	1344	2.4200075387954714	31.9436419165717	43.4650170977982	28.911526	38.890987	553.0729	46816.0	47608.293	-792.29296875
europe	63	dropout	gt	132	2140	1404	1344	2.4200075387954714	28.9331369699381	36.8279781779783	29.47908	35.878338	110.36553	48329.0	48999.24	-670.23828125
europe	63	dropout	gt	133	15445	550	1344	2.415650490919749	40.957066197902	58.4680162724836	39.99303	59.899326	161.69942	31717.0	32352.734	-635.734375
europe	63	dropout	gt	133	22928	801	1344	2.415650490919749	42.9327739642917	19.3299038939984	42.12194	34.03256	1206.6405	23915.0	21417.02	2497.98046875
europe	63	dropout	gt	133	13545	1139	1344	2.415650490919749	37.7007679585915	58.5061929272667	39.02982	61.01084	263.65707	34078.0	34335.652	-257.65234375
europe	63	dropout	gt	134	34412	60	1344	2.417179258664449	57.1978936617769	39.324185213038	58.736584	40.309868	180.69592	12574.0	10502.559	2071.44140625
europe	63	dropout	gt	134	11079	816	1344	2.417179258664449	39.2920038831471	59.1961651568321	39.671253	59.857605	70.71626	37092.0	36198.734	893.265625
europe	63	dropout	gt	134	7405	1212	1344	2.417179258664449	35.6413536435301	56.0322638122453	35.116276	52.209175	351.4674	41750.0	42486.953	-736.953125
europe	63	dropout	gt	135	38691	523	1344	2.412020663420359	48.9216319389869	21.1174395025409	44.728004	24.4542	530.8097	8426.0	10496.583	-2070.5830078125
europe	63	dropout	gt	135	31681	544	1344	2.412020663420359	54.1834794585663	44.0715134552406	57.99174	43.811375	423.76596	15340.0	15233.55	106.4501953125
europe	63	dropout	gt	135	40799	1428	1344	2.412020663420359	50.4402047252413	27.8122527860695	58.14502	45.364353	1418.2976	6295.0	12791.42	-6496.419921875
europe	63	dropout	gt	136	45435	475	1344	2.4187692602475486	45.8165352775558	21.9083058537132	45.79222	19.027767	223.28964	608.0	2751.6462	-2143.646240234375
europe	63	dropout	gt	136	35933	938	1344	2.4187692602475486	61.8063773070573	44.5332814168748	58.89441	39.945915	410.30835	11048.0	7707.5273	3340.47265625
europe	63	dropout	gt	136	15145	1328	1344	2.4187692602475486	41.7455451929192	55.6256164257603	39.627106	61.567226	553.4313	32072.0	32834.793	-762.79296875
europe	63	dropout	gt	137	38498	279	1344	1.4191986918449402	39.7277808947791	29.2117780528196	43.743362	22.843906	691.4099	8658.0	7812.202	845.7978515625
europe	63	dropout	gt	137	28450	1080	1344	1.4191986918449402	40.2473204561806	33.4104784219077	42.571648	43.418205	873.0834	18563.0	23708.416	-5145.416015625
europe	63	dropout	gt	137	8039	1239	1344	1.4191986918449402	38.6222454703537	56.9106321268507	36.89651	55.493946	228.75667	40905.0	40167.938	737.0625
europe	63	dropout	gt	138	7858	224	1344	2.413945504029592	40.1808201490914	58.6988960983175	37.708714	57.819805	285.2006	41132.0	39648.668	1483.33203125
europe	63	dropout	gt	138	22894	227	1344	2.413945504029592	37.2295935801137	-3.01206779561896	44.064693	59.024773	5164.5522	23935.0	28137.771	-4202.771484375
europe	63	dropout	gt	138	31952	1270	1344	2.413945504029592	59.5726290631109	43.9500269009791	57.381725	43.01451	249.60802	15078.0	13905.579	1172.4208984375
europe	63	dropout	gt	139	41103	277	1344	1.4185208837191263	54.2252145328393	41.780232565325	57.87665	34.605694	602.2054	5970.0	6199.715	-229.71484375
europe	63	dropout	gt	139	10363	365	1344	1.4185208837191263	40.6190218732308	61.2860567671242	38.122215	57.506454	427.28314	38000.0	39019.92	-1019.921875
europe	63	dropout	gt	139	41523	1041	1344	1.4185208837191263	49.4301157030907	23.4929116047862	47.286808	22.655188	246.22678	5479.0	3751.604	1727.39599609375
europe	63	dropout	gt	140	6833	126	1344	2.4131420811017352	33.3482238896629	52.3275165958723	31.902552	49.752632	289.79086	42466.0	43438.688	-972.6875
europe	63	dropout	gt	140	10118	690	1344	2.4131420811017352	39.8387473219431	61.8290726467159	39.31622	59.70116	191.3986	38267.0	38327.465	-60.46484375
europe	63	dropout	gt	140	34202	1312	1344	2.4131420811017352	58.1671838949776	29.4321678326805	58.987045	43.10821	796.6218	12792.0	12719.93	72.0703125
europe	63	dropout	gt	141	13476	442	1344	2.418047380447388	38.0800077108351	63.0284106830631	41.553864	60.600967	438.34702	34152.0	35053.98	-901.98046875
europe	63	dropout	gt	141	36699	988	1344	2.418047380447388	50.5780997294424	4.90301761307018	45.817867	22.765297	1421.3481	10294.0	7798.953	2495.046875
europe	63	dropout	gt	141	21973	1114	1344	2.418047380447388	38.326034232015	36.8056233437101	39.93237	36.93959	178.98961	24832.0	23375.36	1456.640625
europe	63	dropout	gt	142	33509	98	1344	3.416479257742564	56.7645615518985	36.4093350605688	59.011387	46.28276	634.0594	13472.0	11968.663	1503.3369140625
europe	63	dropout	gt	142	18210	329	1344	3.416479257742564	39.4603583925588	62.8687239306053	47.282352	50.846092	1301.4695	28354.0	25882.414	2471.5859375
europe	63	dropout	gt	142	3780	879	1344	3.416479257742564	29.9648585174651	42.1951073915049	30.71963	43.12525	122.51857	46307.0	45553.04	753.9609375
europe	63	dropout	gt	143	11156	335	1344	2.412141505877177	38.1207343220138	58.7933653592836	39.887615	60.61631	251.80463	37002.0	35650.812	1351.1875
europe	63	dropout	gt	143	42555	593	1344	2.412141505877177	53.314152918187	16.9256852806476	47.855816	19.94962	643.2425	4191.0	3729.4407	461.559326171875
europe	63	dropout	gt	143	26880	995	1344	2.412141505877177	46.9316844846967	1.22283960785271	46.770245	22.971348	1648.6675	20070.0	21796.799	-1726.798828125
