sim	exp	nam	typ	gro	ind	idx	snp	run	true_lat	true_lon	pred_lat	pred_lon	diff_space	true_tim	pred_tim	diff_time
europe	54	cov_loss	gp	0	41517	44	4032	2.4318725069363913	57.5975768739416	35.8414074795135	45.778568267822266	51.94886779785156	1711.6183	5468.0	29997.3984375	-24529.3984375
europe	54	cov_loss	gp	0	37861	118	4032	2.4318725069363913	47.6666244743717	3.39797248970252	39.55184555053711	40.97937774658203	3123.1157	9250.0	21477.63671875	-12227.63671875
europe	54	cov_loss	gp	0	5791	511	4032	2.4318725069363913	29.9269557257894	51.2378383782838	42.81526184082031	47.66840362548828	1467.925	43807.0	27110.10546875	16696.89453125
europe	54	cov_loss	gp	1	10238	212	4032	2.4195534865061443	40.4796735690085	57.7028001632235	43.37297821044922	46.79092025756836	957.4659	38132.0	26444.42578125	11687.57421875
europe	54	cov_loss	gp	1	6002	414	4032	2.4195534865061443	32.505825223989	52.1199928476129	39.928707122802734	41.74004364013672	1242.7283	43543.0	23424.94140625	20118.05859375
europe	54	cov_loss	gp	1	24096	812	4032	2.4195534865061443	55.8107399249241	35.1358329463194	38.967769622802734	49.887168884277344	2167.1409	22740.0	32925.0625	-10185.0625
europe	54	cov_loss	gp	2	35501	114	4032	2.4209893345832825	38.0222815780417	38.1263306403452	43.90633773803711	42.67226791381836	757.1813	11513.0	21632.884765625	-10119.884765625
europe	54	cov_loss	gp	2	32167	506	4032	2.4209893345832825	39.6266680318994	34.4866881035754	42.05995178222656	40.608787536621094	581.5327	14869.0	20647.77734375	-5778.77734375
europe	54	cov_loss	gp	2	45376	843	4032	2.4209893345832825	39.0347939040604	-2.54539501818286	44.16416549682617	43.033111572265625	3783.3967	771.0	21847.880859375	-21076.880859375
europe	54	cov_loss	gp	3	32783	63	4032	2.416782347361247	47.9716303305564	23.5268834814022	58.37392807006836	45.94649124145508	1874.4673	14253.0	17388.666015625	-3135.666015625
europe	54	cov_loss	gp	3	27031	787	4032	2.416782347361247	38.1917168596371	34.1380915796521	51.290340423583984	46.49681854248047	1748.1194	19931.0	23927.201171875	-3996.201171875
europe	54	cov_loss	gp	3	14167	946	4032	2.416782347361247	41.1733359052756	59.0806298327452	61.415714263916016	46.73466873168945	2399.5176	33376.0	16230.9521484375	17145.0478515625
europe	54	cov_loss	gp	4	38456	257	4032	2.415170741081238	38.5987428412494	35.4420214621576	43.687381744384766	55.75102996826172	1786.8561	8681.0	33194.171875	-24513.171875
europe	54	cov_loss	gp	4	9174	326	4032	2.415170741081238	41.8499460399477	56.8615219497753	45.30992126464844	55.387718200683594	402.6113	39467.0	34004.25	5462.75
europe	54	cov_loss	gp	4	38068	1456	4032	2.415170741081238	48.4693675860482	12.1069691204493	42.10102462768555	42.482460021972656	2461.2573	9031.0	22809.314453125	-13778.314453125
europe	54	cov_loss	gp	5	42576	353	4032	1.4228859861691794	44.4680168446108	18.3710671340034	45.24494934082031	54.36825942993164	2815.0366	4162.0	30026.181640625	-25864.181640625
europe	54	cov_loss	gp	5	11736	667	4032	1.4228859861691794	39.6359597497797	64.3181039884999	43.93197250366211	54.413185119628906	949.1224	36279.0	30834.890625	5444.109375
europe	54	cov_loss	gp	5	27061	754	4032	1.4228859861691794	57.0931123841306	53.07852135555	44.485626220703125	53.31917190551758	1401.9884	19899.0	29191.19140625	-9292.19140625
europe	54	cov_loss	gp	6	14248	219	4032	1.419337022304535	39.0935802129445	61.9388608792826	39.30913543701172	30.16461181640625	2723.776	33287.0	5879.45458984375	27407.54541015625
europe	54	cov_loss	gp	6	8328	234	4032	1.419337022304535	38.4952504696221	57.5518963903799	38.01179504394531	48.46464157104492	794.9838	40522.0	21701.103515625	18820.896484375
europe	54	cov_loss	gp	6	29420	362	4032	1.419337022304535	54.6894321288411	51.3870324676535	36.419307708740234	49.11398696899414	2038.9695	17563.0	22991.251953125	-5428.251953125
europe	54	cov_loss	gp	7	13698	541	4032	1.4123099088668822	39.7878993465107	56.7472923618419	47.35773849487305	41.355224609375	1494.4467	33902.0	18132.609375	15769.390625
europe	54	cov_loss	gp	7	4442	1338	4032	1.4123099088668822	30.0023654354624	42.3177685565776	53.587398529052734	46.966163635253906	2649.3306	45493.0	20458.259765625	25034.740234375
europe	54	cov_loss	gp	7	2240	1394	4032	1.4123099088668822	29.3103256455832	38.8152264154067	43.523834228515625	49.42910385131836	1840.3109	48221.0	30716.931640625	17504.068359375
europe	54	cov_loss	gp	8	4572	784	4032	2.4219260692596434	32.2107071188628	44.2145705091229	38.491607666015625	51.322296142578125	949.7791	45352.0	24822.720703125	20529.279296875
europe	54	cov_loss	gp	8	43789	951	4032	2.4219260692596434	50.4703016185216	15.9972365866472	49.18015670776367	27.28738021850586	821.655	2856.0	-1900.9886474609375	4756.9886474609375
europe	54	cov_loss	gp	8	17718	1438	4032	2.4219260692596434	41.2676107985385	61.4908655562683	39.473045349121094	46.823360443115234	1256.9309	28917.0	20311.28125	8605.71875
europe	54	cov_loss	gp	9	39916	149	4032	1.4225762327512106	53.7005236094667	49.2496085737833	42.99800491333008	50.84103012084961	1195.7816	7236.0	27303.263671875	-20067.263671875
europe	54	cov_loss	gp	9	45071	743	4032	1.4225762327512106	47.4761251101504	23.5974050959309	42.5215950012207	50.522804260253906	2175.5254	1351.0	27412.326171875	-26061.326171875
europe	54	cov_loss	gp	9	44800	1265	4032	1.4225762327512106	42.7127682634756	22.615858010325	55.322200775146484	46.76481628417969	2231.293	1743.0	16768.33984375	-15025.33984375
