sim	exp	nam	typ	gro	ind	idx	snp	run	true_lat	true_lon	pred_lat	pred_lon	diff_space	true_tim	pred_tim	diff_time
europe	43	gp_mix	gp_mix	0	41517	44	2688	1.4147209525108337	57.5975768739416	35.8414074795135	40.57618	35.67936	1892.728	5468.0	11567.35	-6099.349609375
europe	43	gp_mix	gp_mix	0	37861	118	2688	1.4147209525108337	47.6666244743717	3.39797248970252	36.78738	55.76302	4388.1875	9250.0	33981.453	-24731.453125
europe	43	gp_mix	gp_mix	0	5791	511	2688	1.4147209525108337	29.9269557257894	51.2378383782838	37.58469	46.53306	955.7954	43807.0	24294.744	19512.255859375
europe	43	gp_mix	gp_mix	1	10238	212	2688	1.4114314794540406	40.4796735690085	57.7028001632235	45.497078	49.003284	900.2017	38132.0	26736.725	11395.275390625
europe	43	gp_mix	gp_mix	1	6002	414	2688	1.4114314794540406	32.505825223989	52.1199928476129	42.27933	51.23844	1089.5326	43543.0	32704.033	10838.966796875
europe	43	gp_mix	gp_mix	1	24096	812	2688	1.4114314794540406	55.8107399249241	35.1358329463194	39.43514	38.00743	1833.1587	22740.0	19670.785	3069.21484375
europe	43	gp_mix	gp_mix	2	35501	114	2688	1.4079686601956685	38.0222815780417	38.1263306403452	41.92202	53.84076	1405.144	11513.0	28568.83	-17055.830078125
europe	43	gp_mix	gp_mix	2	32167	506	2688	1.4079686601956685	39.6266680318994	34.4866881035754	28.399843	56.790146	2394.8757	14869.0	40804.08	-25935.078125
europe	43	gp_mix	gp_mix	2	45376	843	2688	1.4079686601956685	39.0347939040604	-2.54539501818286	41.398293	56.905014	4953.73	771.0	32198.36	-31427.359375
europe	43	gp_mix	gp_mix	3	32783	63	2688	1.4127345522244772	47.9716303305564	23.5268834814022	34.144333	46.164024	2426.6597	14253.0	34694.31	-20441.30859375
europe	43	gp_mix	gp_mix	3	27031	787	2688	1.4127345522244772	38.1917168596371	34.1380915796521	38.815006	40.6708	572.54584	19931.0	24431.078	-4500.078125
europe	43	gp_mix	gp_mix	3	14167	946	2688	1.4127345522244772	41.1733359052756	59.0806298327452	40.34931	43.967693	1274.5411	33376.0	26224.027	7151.97265625
europe	43	gp_mix	gp_mix	4	38456	257	2688	1.4112606962521872	38.5987428412494	35.4420214621576	48.85094	40.101913	1199.3158	8681.0	17522.06	-8841.060546875
europe	43	gp_mix	gp_mix	4	9174	326	2688	1.4112606962521872	41.8499460399477	56.8615219497753	60.58841	45.140755	2229.9456	39467.0	15604.214	23862.7861328125
europe	43	gp_mix	gp_mix	4	38068	1456	2688	1.4112606962521872	48.4693675860482	12.1069691204493	38.392094	61.165592	4041.646	9031.0	33937.906	-24906.90625
europe	43	gp_mix	gp_mix	5	42576	353	2688	1.4069744189580282	44.4680168446108	18.3710671340034	33.73092	34.580784	1832.9496	4162.0	16742.959	-12580.958984375
europe	43	gp_mix	gp_mix	5	11736	667	2688	1.4069744189580282	39.6359597497797	64.3181039884999	42.57078	47.676918	1429.4543	36279.0	25359.375	10919.625
europe	43	gp_mix	gp_mix	5	27061	754	2688	1.4069744189580282	57.0931123841306	53.07852135555	37.54295	33.840168	2593.304	19899.0	13478.303	6420.697265625
europe	43	gp_mix	gp_mix	6	14248	219	2688	1.4128230253855387	39.0935802129445	61.9388608792826	50.00589	52.21748	1434.5828	33287.0	25464.012	7822.98828125
europe	43	gp_mix	gp_mix	6	8328	234	2688	1.4128230253855387	38.4952504696221	57.5518963903799	50.811035	30.976477	2487.5867	40522.0	3232.683	37289.31689453125
europe	43	gp_mix	gp_mix	6	29420	362	2688	1.4128230253855387	54.6894321288411	51.3870324676535	43.05313	34.103355	1799.4755	17563.0	11549.45	6013.5498046875
europe	43	gp_mix	gp_mix	7	13698	541	2688	1.4116658250490823	39.7878993465107	56.7472923618419	39.507797	43.98736	1091.9984	33902.0	40031.883	-6129.8828125
europe	43	gp_mix	gp_mix	7	4442	1338	2688	1.4116658250490823	30.0023654354624	42.3177685565776	49.249043	25.472189	2568.131	45493.0	8779.662	36713.337890625
europe	43	gp_mix	gp_mix	7	2240	1394	2688	1.4116658250490823	29.3103256455832	38.8152264154067	38.036907	40.071056	977.2544	48221.0	39314.03	8906.96875
europe	43	gp_mix	gp_mix	8	4572	784	2688	1.4074694951375326	32.2107071188628	44.2145705091229	39.18679	58.097717	1471.667	45352.0	30245.018	15106.982421875
europe	43	gp_mix	gp_mix	8	43789	951	2688	1.4074694951375326	50.4703016185216	15.9972365866472	46.65833	28.150307	988.0916	2856.0	9467.682	-6611.681640625
europe	43	gp_mix	gp_mix	8	17718	1438	2688	1.4074694951375326	41.2676107985385	61.4908655562683	36.837944	37.84133	2093.5798	28917.0	28316.752	600.248046875
europe	43	gp_mix	gp_mix	9	39916	149	2688	1.411786178747813	53.7005236094667	49.2496085737833	48.280422	47.25259	618.617	7236.0	20834.373	-13598.373046875
europe	43	gp_mix	gp_mix	9	45071	743	2688	1.411786178747813	47.4761251101504	23.5974050959309	47.178104	27.186949	272.5381	1351.0	591.89996	759.1000366210938
europe	43	gp_mix	gp_mix	9	44800	1265	2688	1.411786178747813	42.7127682634756	22.615858010325	52.37208	42.07782	1803.6924	1743.0	13256.367	-11513.3671875
europe	43	gp_mix	gp_mix	10	18843	704	2688	1.4134806235631308	58.8884548521039	42.4091434519272	33.022186	48.33911	2909.8691	27913.0	41898.242	-13985.2421875
europe	43	gp_mix	gp_mix	10	7197	1035	2688	1.4134806235631308	34.0842242550324	51.6718074463212	38.715313	49.44907	551.9911	41997.0	37981.97	4015.03125
europe	43	gp_mix	gp_mix	10	8335	1152	2688	1.4134806235631308	35.1410545835864	58.5785073388961	44.40822	25.235231	3005.307	40506.0	2988.0513	37517.94873046875
europe	43	gp_mix	gp_mix	11	6958	112	2688	1.413205333550771	31.2006759405829	55.1215619693074	55.18825	51.5915	2681.7795	42321.0	23177.742	19143.2578125
europe	43	gp_mix	gp_mix	11	14593	711	2688	1.413205333550771	37.5253955694613	61.8679915925219	52.93956	45.462296	2131.186	32864.0	18288.92	14575.080078125
europe	43	gp_mix	gp_mix	11	20253	1321	2688	1.413205333550771	39.8841100646229	61.7434576079314	39.146484	50.58377	960.17426	26471.0	36027.7	-9556.69921875
europe	43	gp_mix	gp_mix	12	5391	499	2688	1.4128767569859824	31.8066945939006	50.1656911909317	44.385956	51.664215	1404.8131	44307.0	32282.629	12024.37109375
europe	43	gp_mix	gp_mix	12	25368	539	2688	1.4128767569859824	56.9964098763196	58.3583282706988	40.052906	48.609123	2011.4868	21578.0	32188.943	-10610.943359375
europe	43	gp_mix	gp_mix	12	40527	651	2688	1.4128767569859824	51.7582150933054	40.2136627225098	56.841385	38.100445	581.5437	6603.0	9496.662	-2893.662109375
europe	43	gp_mix	gp_mix	13	4495	717	2688	1.407560439904531	27.2392454851372	46.4261353683186	24.571342	50.617535	513.5087	45418.0	36223.086	9194.9140625
europe	43	gp_mix	gp_mix	13	16689	894	2688	1.407560439904531	40.9007328923811	61.8864364009685	35.316486	28.044014	3005.72	30214.0	6948.899	23265.10107421875
europe	43	gp_mix	gp_mix	13	32860	1336	2688	1.407560439904531	47.6541625833349	23.9408972014245	51.51719	46.683365	1687.202	14156.0	15961.859	-1805.859375
europe	43	gp_mix	gp_mix	14	33987	546	2688	1.4120489915211996	38.9495468339423	31.2937899710193	40.39293	53.977585	1942.7543	13013.0	37969.883	-24956.8828125
europe	43	gp_mix	gp_mix	14	3138	820	2688	1.4120489915211996	30.098955670498	43.5342202655114	51.94178	51.88361	2523.8433	47155.0	23257.55	23897.44921875
europe	43	gp_mix	gp_mix	14	15570	920	2688	1.4120489915211996	40.4608842388757	61.0805604499696	40.224686	55.69168	457.39645	31541.0	39160.51	-7619.51171875
europe	43	gp_mix	gp_mix	15	4175	1053	2688	1.4081315954526266	26.8596151584228	46.5954393441919	37.831932	55.265972	1465.321	45817.0	36843.484	8973.515625
europe	43	gp_mix	gp_mix	15	8103	1062	2688	1.4081315954526266	38.2773182241327	58.0659533933643	42.884914	38.52861	1723.0504	40836.0	17653.5	23182.5
europe	43	gp_mix	gp_mix	15	17612	1186	2688	1.4081315954526266	39.6497563666324	58.4891940565177	48.31611	31.044245	2381.3364	29060.0	6386.458	22673.5419921875
europe	43	gp_mix	gp_mix	16	27841	341	2688	1.413633437951406	60.9228437170131	43.2247583169473	57.842236	44.7668	353.47925	19145.0	13386.896	5758.103515625
europe	43	gp_mix	gp_mix	16	31987	958	2688	1.413633437951406	40.0883709184305	35.1865034448227	45.704617	24.672039	1058.5527	15052.0	1591.1879	13460.812133789062
europe	43	gp_mix	gp_mix	16	29740	1285	2688	1.413633437951406	41.1287267632951	35.5889805175688	47.28293	51.522766	1438.8649	17273.0	28634.314	-11361.314453125
europe	43	gp_mix	gp_mix	17	42954	120	2688	1.4109194119771322	53.039752654526	24.7008968320247	54.63989	47.202763	1480.5494	3686.0	18277.986	-14591.986328125
europe	43	gp_mix	gp_mix	17	29313	668	2688	1.4109194119771322	48.1542102534225	0.323681116947311	50.4554	30.024197	2153.9043	17640.0	4793.863	12846.13720703125
europe	43	gp_mix	gp_mix	17	44631	1124	2688	1.4109194119771322	42.6813117344114	24.7149514246735	56.30378	49.015213	2296.5	1941.0	18298.705	-16357.705078125
europe	43	gp_mix	gp_mix	18	15797	223	2688	1.406976874669393	42.7599316478913	57.0801751338074	40.754112	36.368885	1727.9557	31299.0	15910.611	15388.388671875
europe	43	gp_mix	gp_mix	18	43230	413	2688	1.406976874669393	42.5414680085358	23.3973173471527	53.80544	45.188206	2030.3485	3434.0	15920.793	-12486.79296875
europe	43	gp_mix	gp_mix	18	7965	1122	2688	1.406976874669393	37.9301503809517	54.8227926963746	53.953682	36.304302	2271.4097	40980.0	5452.305	35527.69482421875
europe	43	gp_mix	gp_mix	19	3284	355	2688	1.4099772810935973	29.0049520909327	44.0601571404228	44.0804	30.385933	2068.0674	46984.0	11262.023	35721.9765625
europe	43	gp_mix	gp_mix	19	12451	371	2688	1.4099772810935973	37.3966377810528	62.1440912718244	52.691124	41.46376	2335.5303	35308.0	15549.932	19758.068359375
europe	43	gp_mix	gp_mix	19	8261	1433	2688	1.4099772810935973	37.4853315166887	56.1487061259151	54.60019	46.945923	2027.2505	40612.0	20179.72	20432.279296875
europe	43	gp_mix	gp_mix	20	38966	201	2688	1.4084448337554931	59.862226177942	58.2178121381502	44.828472	48.31466	1797.3853	8189.0	24568.217	-16379.216796875
europe	43	gp_mix	gp_mix	20	5532	1157	2688	1.4084448337554931	32.0652887834136	51.9520905503001	29.567049	54.098595	345.2113	44149.0	44088.094	60.90625
europe	43	gp_mix	gp_mix	20	42029	1289	2688	1.4084448337554931	55.5651798123675	36.9190893583756	47.000847	28.194145	1127.2961	4827.0	1813.9033	3013.0966796875
europe	43	gp_mix	gp_mix	21	26787	286	2688	1.4130515019098917	44.9185514762032	4.0544720597662	43.41374	48.633812	3514.603	20166.0	32305.736	-12139.736328125
europe	43	gp_mix	gp_mix	21	9787	869	2688	1.4130515019098917	37.8942457031233	62.2438100780812	45.97601	50.968468	1292.7727	38653.0	33508.844	5144.15625
europe	43	gp_mix	gp_mix	21	14701	1342	2688	1.4130515019098917	40.7737875513231	57.6388944887385	53.134018	40.65614	1874.9117	32714.0	13702.5	19011.5
europe	43	gp_mix	gp_mix	22	12398	2	2688	1.4124701778093973	37.8928083391232	62.8855568099032	40.49669	44.848984	1578.135	35375.0	25088.908	10286.091796875
europe	43	gp_mix	gp_mix	22	35497	1061	2688	1.4124701778093973	43.5444757661429	26.2906066511456	46.42616	34.959877	752.79816	11497.0	8937.903	2559.0966796875
europe	43	gp_mix	gp_mix	22	32946	1177	2688	1.4124701778093973	45.8658245912951	22.8988279321058	48.660057	40.402958	1353.6426	14082.0	13988.931	93.0693359375
europe	43	gp_mix	gp_mix	23	3707	867	2688	1.408027744293213	29.7370682161472	39.7349427362737	35.19371	54.27965	1491.3424	46398.0	42432.76	3965.23828125
europe	43	gp_mix	gp_mix	23	22809	985	2688	1.408027744293213	37.0000413994579	33.6051930211286	53.472107	45.305954	2041.8613	24011.0	18306.92	5704.080078125
europe	43	gp_mix	gp_mix	23	7259	1170	2688	1.408027744293213	35.0489457941201	51.2123813616227	52.050148	47.547913	1912.7482	41934.0	20899.127	21034.873046875
europe	43	gp_mix	gp_mix	24	23581	393	2688	1.4116090377171835	36.5073861563494	40.3240019625088	41.217613	36.34905	626.53723	23274.0	17139.723	6134.27734375
europe	43	gp_mix	gp_mix	24	29842	889	2688	1.4116090377171835	57.442602365508	40.3324160059173	41.205833	34.644627	1850.3225	17163.0	15064.462	2098.5380859375
europe	43	gp_mix	gp_mix	24	824	1044	2688	1.4116090377171835	28.7439940654516	33.9582496587757	42.158142	50.187263	2087.0952	49980.0	28739.133	21240.8671875
europe	43	gp_mix	gp_mix	25	812	640	2688	1.406205141544342	29.3189300742952	35.8971269110075	42.586914	46.876915	1772.3008	49998.0	29636.584	20361.416015625
europe	43	gp_mix	gp_mix	25	12889	849	2688	1.406205141544342	42.1953612313936	59.3701250853255	49.068035	42.70944	1499.2758	34816.0	21076.508	13739.4921875
europe	43	gp_mix	gp_mix	25	24204	1380	2688	1.406205141544342	38.1094846530522	33.1046526007912	43.76557	34.357643	637.651	22674.0	18085.752	4588.248046875
europe	43	gp_mix	gp_mix	26	35567	131	2688	1.4133464813232421	55.5550858296316	55.7055368223132	40.14591	31.70349	2455.0588	11430.0	10811.493	618.5068359375
europe	43	gp_mix	gp_mix	26	44359	1330	2688	1.4133464813232421	50.134759592963	4.57441028411522	44.026615	47.110027	3245.2734	2215.0	25680.08	-23465.080078125
europe	43	gp_mix	gp_mix	26	26945	1345	2688	1.4133464813232421	49.306586734097	3.87883557505204	56.87401	50.24193	3141.6116	20019.0	20847.068	-828.068359375
europe	43	gp_mix	gp_mix	27	25450	642	2688	1.4112203995386758	38.6545559850178	36.9360585183485	56.57208	44.70718	2072.5952	21501.0	13025.417	8475.5830078125
europe	43	gp_mix	gp_mix	27	1730	755	2688	1.4112203995386758	30.7931930225153	38.2598695319389	41.07169	53.875824	1806.9728	48884.0	34855.402	14028.59765625
europe	43	gp_mix	gp_mix	27	43229	1043	2688	1.4112203995386758	49.5288157834728	25.2306748204435	50.388474	29.66662	331.35583	3417.0	-1156.5111	4573.5111083984375
europe	43	gp_mix	gp_mix	28	3687	168	2688	1.4075292150179546	30.5634476661995	42.8890106540521	38.493526	29.155245	1533.5662	46416.0	16594.002	29821.998046875
europe	43	gp_mix	gp_mix	28	45170	316	2688	1.4075292150179546	46.2128342163623	10.4197343270622	41.786404	55.66896	3602.9985	1182.0	36050.84	-34868.83984375
europe	43	gp_mix	gp_mix	28	9086	1364	2688	1.4075292150179546	40.094181123295	62.7728414102351	31.010477	46.308254	1794.948	39580.0	47321.15	-7741.1484375
europe	43	gp_mix	gp_mix	29	37825	40	2688	1.4122205177942913	57.3192390131375	28.3558878359928	39.14667	26.996712	2023.1027	9283.0	5751.1807	3531.8193359375
europe	43	gp_mix	gp_mix	29	41902	189	2688	1.4122205177942913	49.4961974305701	20.8211675627391	37.75181	31.214214	1547.6375	5019.0	12579.541	-7560.541015625
europe	43	gp_mix	gp_mix	29	1965	720	2688	1.4122205177942913	30.2951785697669	36.2047911628619	30.663153	44.244625	771.3721	48550.0	35668.42	12881.578125
europe	43	gp_mix	gp_mix	30	18213	140	2688	1.407474112510681	37.2867753730074	60.2287062548792	41.246956	56.87876	526.27893	28352.0	37997.723	-9645.72265625
europe	43	gp_mix	gp_mix	30	9618	873	2688	1.407474112510681	39.9732798710599	59.5760491858753	43.08733	54.722885	531.90704	38883.0	33294.11	5588.890625
europe	43	gp_mix	gp_mix	30	40474	960	2688	1.407474112510681	52.5549817901685	38.8102154156313	41.26683	43.2348	1298.768	6656.0	23129.889	-16473.888671875
europe	43	gp_mix	gp_mix	31	20027	305	2688	1.414326055844625	38.844216559936	63.532082628515	52.711853	31.080467	2914.5754	26704.0	4082.1995	22621.800537109375
europe	43	gp_mix	gp_mix	31	9910	622	2688	1.414326055844625	43.4080165045691	60.4794293095517	30.098349	45.956345	1959.8536	38486.0	43811.02	-5325.01953125
europe	43	gp_mix	gp_mix	31	11540	699	2688	1.414326055844625	41.0189855448563	57.9476441163655	46.72638	35.076744	1931.7574	36569.0	12957.409	23611.5908203125
europe	43	gp_mix	gp_mix	32	28970	228	2688	1.4118706663449605	38.0415465042751	29.7525621613549	48.99497	48.031345	1903.272	18011.0	24055.145	-6044.14453125
europe	43	gp_mix	gp_mix	32	40958	937	2688	1.4118706663449605	43.963852002117	4.51986010200089	43.714878	49.7706	3582.7803	6140.0	29976.537	-23836.537109375
europe	43	gp_mix	gp_mix	32	20510	1160	2688	1.4118706663449605	61.0708590216556	35.7954262629384	58.08775	43.296677	536.4912	26200.0	12059.831	14140.1689453125
europe	43	gp_mix	gp_mix	33	3608	46	2688	1.408062426249186	31.6671216170332	41.4352911257506	32.04997	50.41491	848.89197	46534.0	42233.055	4300.9453125
europe	43	gp_mix	gp_mix	33	4760	381	2688	1.408062426249186	29.4696542375928	45.8584430539363	41.724422	34.855988	1683.9995	45092.0	13896.455	31195.544921875
europe	43	gp_mix	gp_mix	33	5048	898	2688	1.408062426249186	32.9384695766704	47.4571626360757	43.731606	42.36934	1278.8824	44737.0	21388.666	23348.333984375
europe	43	gp_mix	gp_mix	34	32623	636	2688	1.4115262746810913	51.0661269732994	16.2926963368971	49.729607	32.87077	1181.8761	14406.0	12114.297	2291.703125
europe	43	gp_mix	gp_mix	34	17094	990	2688	1.4115262746810913	39.7660708145085	58.3465891949218	54.29308	42.53083	2001.7239	29716.0	18414.336	11301.6640625
europe	43	gp_mix	gp_mix	34	17766	1075	2688	1.4115262746810913	38.537185296817	60.5115555335946	38.424374	50.877384	838.31934	28871.0	37391.688	-8520.6875
europe	43	gp_mix	gp_mix	35	6968	135	2688	1.405607291062673	34.1280961161117	49.7441161920597	38.97791	38.283092	1155.837	42300.0	25680.87	16619.130859375
europe	43	gp_mix	gp_mix	35	29023	657	2688	1.405607291062673	39.407321742185	34.8404714207673	41.41561	38.92249	411.39932	17961.0	25062.701	-7101.701171875
europe	43	gp_mix	gp_mix	35	39943	1378	2688	1.405607291062673	51.8682472942717	11.340270986062	53.368595	39.83888	1918.2235	7195.0	16063.039	-8868.0390625
europe	43	gp_mix	gp_mix	36	22716	543	2688	1.4126086552937827	37.9177821018626	31.960318000661	50.83597	51.208183	2086.6821	24109.0	20591.367	3517.6328125
europe	43	gp_mix	gp_mix	36	29699	1182	2688	1.4126086552937827	52.7772160194142	12.475087199989	36.781357	32.187183	2347.337	17276.0	10349.322	6926.677734375
europe	43	gp_mix	gp_mix	36	20827	1238	2688	1.4126086552937827	40.1881492226444	58.7719653396085	43.35713	39.105244	1664.3802	25857.0	13091.7705	12765.2294921875
europe	43	gp_mix	gp_mix	37	41417	97	2688	1.4128108501434327	38.5371889848687	32.2982975635039	40.647144	54.641335	1923.5667	5594.0	32145.232	-26551.232421875
europe	43	gp_mix	gp_mix	37	23518	467	2688	1.4128108501434327	48.624414145636	15.7701519661394	46.958847	48.283073	2417.4497	23309.0	21480.367	1828.6328125
europe	43	gp_mix	gp_mix	37	23084	1280	2688	1.4128108501434327	56.7111684374824	53.5244892534217	38.75472	43.104446	2137.7312	23771.0	21807.113	1963.88671875
europe	43	gp_mix	gp_mix	38	16160	674	2688	1.407322891553243	42.4701371923765	59.6442086716036	44.281826	34.73326	2015.6246	30835.0	17078.746	13756.25390625
europe	43	gp_mix	gp_mix	38	32284	709	2688	1.407322891553243	38.0436179398776	37.5614480062224	32.472496	47.66944	1106.2031	14745.0	45852.875	-31107.875
europe	43	gp_mix	gp_mix	38	17770	803	2688	1.407322891553243	40.6609897936912	61.140059143674	44.480183	51.691433	881.82416	28861.0	34196.016	-5335.015625
europe	43	gp_mix	gp_mix	39	34293	281	2688	1.41082368294398	57.8447346218322	57.4046444968106	33.868835	52.03674	2696.222	12692.0	37042.37	-24350.37109375
europe	43	gp_mix	gp_mix	39	37214	1063	2688	1.41082368294398	54.3725498299168	46.8443091755263	35.666317	50.590324	2100.0312	9841.0	34201.863	-24360.86328125
europe	43	gp_mix	gp_mix	39	5363	1268	2688	1.41082368294398	31.9580869320177	49.4770866273395	38.582703	48.846134	738.84125	44339.0	30249.03	14089.970703125
europe	43	gp_mix	gp_mix	40	41228	41	2688	1.4069916009902954	55.2381350436215	37.4670919315262	53.49122	48.346237	730.2273	5799.0	19644.232	-13845.232421875
europe	43	gp_mix	gp_mix	40	24243	211	2688	1.4069916009902954	38.3938590509022	29.0503960385467	50.575893	35.392456	1443.6638	22639.0	10338.802	12300.1982421875
europe	43	gp_mix	gp_mix	40	40421	1002	2688	1.4069916009902954	45.0957485715603	20.9296532534105	40.813454	32.87573	1081.0852	6730.0	14141.816	-7411.81640625
europe	43	gp_mix	gp_mix	41	1308	549	2688	1.4121617833773294	29.9239460377425	33.3898606552031	35.869835	56.461857	2247.0466	49408.0	38375.492	11032.5078125
europe	43	gp_mix	gp_mix	41	37460	929	2688	1.4121617833773294	41.9786536818092	0.10996956724538	48.916958	27.06306	2225.392	9628.0	-658.6241	10286.624084472656
europe	43	gp_mix	gp_mix	41	3674	1099	2688	1.4121617833773294	30.6542097909327	40.5863647192968	34.47848	31.717628	933.05475	46450.0	12941.038	33508.9619140625
europe	43	gp_mix	gp_mix	42	13669	27	2688	1.4124564409255982	42.3983953918645	60.8453688842901	38.180157	49.173237	1094.2155	33938.0	29889.537	4048.462890625
europe	43	gp_mix	gp_mix	42	33578	260	2688	1.4124564409255982	59.9400082439797	34.108865796616	38.542717	32.28118	2382.7483	13414.0	12528.127	885.873046875
europe	43	gp_mix	gp_mix	42	3951	481	2688	1.4124564409255982	27.2496862051241	43.4202792282665	43.606808	47.779846	1860.5004	46075.0	25106.447	20968.552734375
europe	43	gp_mix	gp_mix	43	38669	83	2688	1.4059579690297446	36.1473903457824	37.9264784152636	33.77472	37.305992	269.818	8469.0	24013.525	-15544.525390625
europe	43	gp_mix	gp_mix	43	1246	719	2688	1.4059579690297446	29.3284450437507	30.6226688989019	39.223225	47.54627	1899.6293	49490.0	33295.734	16194.265625
europe	43	gp_mix	gp_mix	43	7383	1206	2688	1.4059579690297446	37.2005455744135	55.7816330774376	24.659174	39.572823	2076.257	41781.0	35355.016	6425.984375
europe	43	gp_mix	gp_mix	44	37071	143	2688	1.4117050766944885	55.6748113597961	54.33591031685	41.630608	30.3429	2333.1223	9974.0	7146.471	2827.52880859375
europe	43	gp_mix	gp_mix	44	13835	832	2688	1.4117050766944885	37.7561374652921	59.8284993772756	55.178593	46.366444	2185.843	33769.0	17380.318	16388.681640625
europe	43	gp_mix	gp_mix	44	4463	1015	2688	1.4117050766944885	29.980627536301	46.6530395433573	48.85415	46.26003	2098.9038	45468.0	21833.227	23634.7734375
europe	43	gp_mix	gp_mix	45	2846	698	2688	1.4077388286590575	30.0678762072653	39.4998442513729	42.104088	53.817974	1851.4344	47489.0	37757.008	9731.9921875
europe	43	gp_mix	gp_mix	45	42266	1211	2688	1.4077388286590575	53.2524696165944	33.7914171683136	30.791195	34.230244	2497.831	4541.0	32990.793	-28449.79296875
europe	43	gp_mix	gp_mix	45	34317	1316	2688	1.4077388286590575	36.0731608118679	38.7254320209636	44.52415	41.29943	964.5851	12680.0	22195.33	-9515.330078125
europe	43	gp_mix	gp_mix	46	17283	459	2688	1.413486627737681	37.9000863101754	56.6437490515101	36.50991	54.922222	217.1109	29437.0	41279.418	-11842.41796875
europe	43	gp_mix	gp_mix	46	32315	730	2688	1.413486627737681	38.5525167918675	30.3895301941145	58.074417	45.97955	2444.331	14709.0	13152.202	1556.7978515625
europe	43	gp_mix	gp_mix	46	36899	1079	2688	1.413486627737681	45.7839163408973	1.5966681352435	37.313652	55.344006	4483.4146	10108.0	40907.645	-30799.64453125
europe	43	gp_mix	gp_mix	47	35324	37	2688	1.4127990007400513	39.8186013649101	33.7105589131166	46.6785	55.86771	1941.4779	11674.0	29446.354	-17772.353515625
europe	43	gp_mix	gp_mix	47	19576	1133	2688	1.4127990007400513	42.4012977809682	61.9545606978955	43.954258	25.976063	2899.3474	27146.0	10216.859	16929.140625
europe	43	gp_mix	gp_mix	47	28864	1183	2688	1.4127990007400513	40.5866472774199	37.994168154985	47.70669	50.234222	1254.6455	18137.0	24770.297	-6633.296875
europe	43	gp_mix	gp_mix	48	33719	360	2688	1.4077069918314615	39.4813897269994	35.513591789614	48.0801	41.65341	1074.8634	13282.0	19396.287	-6114.287109375
europe	43	gp_mix	gp_mix	48	27525	1242	2688	1.4077069918314615	46.2562571899274	15.3766789234186	41.821598	42.95024	2246.3784	19417.0	31098.244	-11681.244140625
europe	43	gp_mix	gp_mix	48	26171	1349	2688	1.4077069918314615	39.4914797441092	33.4621716003017	50.27092	41.880325	1367.8602	20837.0	17982.57	2854.4296875
europe	43	gp_mix	gp_mix	49	31128	462	2688	1.4132230242093404	43.5243138590634	16.9080645459211	48.955315	47.658493	2422.619	15898.0	18850.283	-2952.283203125
europe	43	gp_mix	gp_mix	49	7358	610	2688	1.4132230242093404	35.879052304637	58.1745964614186	27.965422	48.1579	1290.0822	41814.0	33071.805	8742.1953125
europe	43	gp_mix	gp_mix	49	28749	1295	2688	1.4132230242093404	56.5873214092718	48.22271082944	39.505733	37.740135	2047.5918	18260.0	14514.453	3745.546875
europe	43	gp_mix	gp_mix	50	2265	700	2688	1.4073066711425781	29.8096906741168	37.1076366417861	47.171436	28.646667	2063.195	48195.0	4873.664	43321.3359375
europe	43	gp_mix	gp_mix	50	2420	831	2688	1.4073066711425781	29.7217558257891	39.194221488985	52.522255	47.66029	2628.349	48007.0	22360.023	25646.9765625
europe	43	gp_mix	gp_mix	50	5719	1237	2688	1.4073066711425781	31.9503818505106	50.8618111448785	45.4498	49.11149	1508.628	43914.0	28467.873	15446.126953125
europe	43	gp_mix	gp_mix	51	3156	289	2688	1.413353943824768	31.0456631856041	38.3844422267715	40.97466	52.083694	1650.7323	47147.0	41692.758	5454.2421875
europe	43	gp_mix	gp_mix	51	44297	813	2688	1.413353943824768	49.7228502767608	21.0351107436926	58.394108	48.997932	2043.1848	2297.0	21261.074	-18964.07421875
europe	43	gp_mix	gp_mix	51	16658	840	2688	1.413353943824768	41.9048767716217	58.4709747142494	54.31025	40.58533	1904.1382	30249.0	14551.533	15697.466796875
europe	43	gp_mix	gp_mix	52	42758	707	2688	1.4130823413530986	44.9050407413113	3.86788440615629	44.24923	36.91271	2600.14	3914.0	16261.738	-12347.73828125
europe	43	gp_mix	gp_mix	52	2183	1118	2688	1.4130823413530986	27.060506161638	36.6072875780568	39.2156	51.215202	1912.5614	48270.0	40716.508	7553.4921875
europe	43	gp_mix	gp_mix	52	10812	1128	2688	1.4130823413530986	37.6449655842233	63.2924921219095	48.10445	48.510906	1668.935	37409.0	27356.104	10052.896484375
europe	43	gp_mix	gp_mix	53	27445	484	2688	1.4072570602099101	48.8190543544055	17.9732424450043	53.973564	43.55815	1853.3909	19503.0	16445.596	3057.404296875
europe	43	gp_mix	gp_mix	53	37455	644	2688	1.4072570602099101	57.0368710966394	32.995493031091	39.3886	40.95936	2045.906	9649.0	21191.021	-11542.021484375
europe	43	gp_mix	gp_mix	53	29354	1073	2688	1.4072570602099101	49.5981084834829	13.5562568280747	40.22588	39.665	2288.873	17611.0	21347.93	-3736.9296875
europe	43	gp_mix	gp_mix	54	16789	1116	2688	1.4122297763824463	38.6547028635066	62.9250837664835	51.745564	40.66922	2255.3777	30085.0	17495.492	12589.5078125
europe	43	gp_mix	gp_mix	54	2944	1352	2688	1.4122297763824463	28.0235125682626	42.0354568331213	47.15387	27.02676	2494.9255	47391.0	-1050.503	48441.50305175781
europe	43	gp_mix	gp_mix	54	2537	1453	2688	1.4122297763824463	27.2965339316751	38.2251913385464	49.69619	44.992733	2556.8564	47847.0	26454.344	21392.65625
europe	43	gp_mix	gp_mix	55	20319	19	2688	1.4072193384170533	40.1841913506379	58.9323482314784	43.5629	42.823658	1383.1427	26407.0	21140.422	5266.578125
europe	43	gp_mix	gp_mix	55	24286	463	2688	1.4072193384170533	47.6694497998946	3.57544779882376	46.711155	41.09117	2809.0015	22587.0	17869.584	4717.416015625
europe	43	gp_mix	gp_mix	55	8939	961	2688	1.4072193384170533	39.1808497551777	59.7652983907721	49.049133	33.774918	2330.7512	39783.0	10660.918	29122.08203125
europe	43	gp_mix	gp_mix	56	43939	197	2688	1.4130340139071147	46.4626033733088	24.0917232816806	53.881153	46.97198	1815.2711	2678.0	19882.076	-17204.076171875
europe	43	gp_mix	gp_mix	56	20504	429	2688	1.4130340139071147	40.4214331829931	58.7426170584084	46.930355	40.485985	1631.6191	26194.0	17767.879	8426.12109375
europe	43	gp_mix	gp_mix	56	5437	1215	2688	1.4130340139071147	30.8334357621735	52.6142398574082	48.292725	41.08577	2172.8118	44261.0	17336.832	26924.16796875
europe	43	gp_mix	gp_mix	57	614	116	2688	1.4125949223836263	30.6592303443916	29.7464217427556	39.403053	36.412827	1145.3492	50245.0	11424.357	38820.642578125
europe	43	gp_mix	gp_mix	57	14342	290	2688	1.4125949223836263	37.7722030658983	60.3984569383438	50.802567	45.03192	1888.4214	33164.0	13128.3	20035.7001953125
europe	43	gp_mix	gp_mix	57	24242	1036	2688	1.4125949223836263	57.9936462771047	51.1127010762339	49.393795	27.677895	1801.17	22632.0	-1124.2368	23756.23681640625
europe	43	gp_mix	gp_mix	58	30914	369	2688	1.4074365456899007	54.0538447626591	48.8098256773811	42.63049	29.857283	1880.0056	16118.0	7197.9697	8920.0302734375
europe	43	gp_mix	gp_mix	58	8126	526	2688	1.4074365456899007	38.5850481629365	54.3072594716743	54.042587	40.190388	2023.855	40824.0	12515.32	28308.6796875
europe	43	gp_mix	gp_mix	58	9862	561	2688	1.4074365456899007	41.9767691903289	59.9023024487892	36.64912	50.340816	1012.66675	38557.0	39243.39	-686.390625
europe	43	gp_mix	gp_mix	59	35560	111	2688	1.4108624577522277	38.3382164606435	38.9490912407123	39.32984	53.408146	1255.8927	11448.0	34341.73	-22893.73046875
europe	43	gp_mix	gp_mix	59	12272	1191	2688	1.4108624577522277	40.793486383194	61.4930289799497	42.82927	52.935783	744.0614	35530.0	30131.83	5398.169921875
europe	43	gp_mix	gp_mix	59	4284	1329	2688	1.4108624577522277	32.677828351082	44.0947854286361	30.830797	55.60982	1107.3542	45682.0	42213.25	3468.75
europe	43	gp_mix	gp_mix	60	7808	268	2688	1.407546373208364	36.8920244663837	54.7884771199743	29.214277	52.634163	876.94006	41189.0	41725.28	-536.28125
europe	43	gp_mix	gp_mix	60	38454	824	2688	1.407546373208364	48.8393262942235	9.90151374449749	43.703346	36.718212	2126.4546	8666.0	12840.745	-4174.7451171875
europe	43	gp_mix	gp_mix	60	16212	1361	2688	1.407546373208364	39.287974106335	64.317222076522	47.004642	53.686176	1214.5148	30782.0	29177.82	1604.1796875
europe	43	gp_mix	gp_mix	61	42742	221	2688	1.4134525259335835	54.5522599718956	33.7485035291215	44.27309	43.960995	1357.9325	3939.0	25815.295	-21876.294921875
europe	43	gp_mix	gp_mix	61	3470	1222	2688	1.4134525259335835	28.8393673687414	42.1441509481027	52.44536	35.200462	2686.4895	46718.0	10127.878	36590.1220703125
europe	43	gp_mix	gp_mix	61	27882	1471	2688	1.4134525259335835	38.3262201204768	36.0195497460217	40.52565	39.64679	396.0141	19129.0	22962.453	-3833.453125
europe	43	gp_mix	gp_mix	62	6149	85	2688	1.4120720704396565	33.5239613128816	48.1939244715332	44.863564	50.384155	1274.8179	43348.0	26030.113	17317.88671875
europe	43	gp_mix	gp_mix	62	19696	313	2688	1.4120720704396565	60.4237639400631	38.0893971120982	39.938053	55.19725	2565.4717	27030.0	35439.973	-8409.97265625
europe	43	gp_mix	gp_mix	62	21680	714	2688	1.4120720704396565	38.6956275131793	35.406279978665	23.512074	51.33577	2262.3787	25103.0	45103.2	-20000.19921875
europe	43	gp_mix	gp_mix	63	36763	48	2688	1.4075283567110697	59.4062482058229	39.4062672356537	38.654335	34.6294	2332.2046	10229.0	16180.071	-5951.0712890625
europe	43	gp_mix	gp_mix	63	28780	471	2688	1.4075283567110697	45.9736373080727	6.34077903618231	43.314915	47.490715	3232.5503	18218.0	29619.748	-11401.748046875
europe	43	gp_mix	gp_mix	63	5563	768	2688	1.4075283567110697	32.1814457867461	47.4966355590317	41.46138	48.2274	1033.9176	44098.0	32320.193	11777.806640625
europe	43	gp_mix	gp_mix	64	39148	191	2688	1.4109558661778767	56.3858279534795	56.8776406880613	33.268578	54.517014	2576.8872	8025.0	44783.96	-36758.9609375
europe	43	gp_mix	gp_mix	64	22806	819	2688	1.4109558661778767	56.3147808499144	51.6102829937124	34.635292	55.224014	2426.2498	24008.0	43789.656	-19781.65625
europe	43	gp_mix	gp_mix	64	18206	880	2688	1.4109558661778767	38.583742198595	60.7615887149824	43.626873	28.848665	2714.37	28369.0	10388.66	17980.33984375
europe	43	gp_mix	gp_mix	65	16550	697	2688	1.4077080051104227	41.929790045762	58.5093698927776	43.8757	49.053577	799.48615	30376.0	31085.486	-709.486328125
europe	43	gp_mix	gp_mix	65	25770	1180	2688	1.4077080051104227	48.1653612870039	-0.89922859532587	44.269386	51.15299	3951.0505	21179.0	33485.31	-12306.30859375
europe	43	gp_mix	gp_mix	65	14394	1477	2688	1.4077080051104227	39.1246928584518	62.870853667753	44.76821	45.393604	1571.6261	33091.0	26035.566	7055.43359375
europe	43	gp_mix	gp_mix	66	16256	302	2688	1.4134650826454163	42.2377966483683	61.617101855413	44.179092	45.060688	1356.6895	30739.0	33886.24	-3147.23828125
europe	43	gp_mix	gp_mix	66	7104	857	2688	1.4134650826454163	34.3986196843035	58.6235681740933	60.129684	45.12711	3023.4304	42128.0	18834.318	23293.681640625
europe	43	gp_mix	gp_mix	66	30818	1278	2688	1.4134650826454163	47.4006052665605	23.8887100180359	50.246025	45.132565	1581.3546	16207.0	26983.393	-10776.392578125
europe	43	gp_mix	gp_mix	67	9318	154	2688	1.413784925142924	39.419047351088	57.9124112413997	41.036686	52.46263	496.28342	39289.0	34067.312	5221.6875
europe	43	gp_mix	gp_mix	67	20056	1020	2688	1.413784925142924	57.0848491249935	30.6564661125161	38.072655	36.687424	2159.885	26681.0	17777.234	8903.765625
europe	43	gp_mix	gp_mix	67	29620	1283	2688	1.413784925142924	51.3831200594489	18.8174867758209	43.7188	52.435917	2635.963	17370.0	31919.67	-14549.669921875
europe	43	gp_mix	gp_mix	68	36698	595	2688	1.4073889970779419	38.2588977663363	27.3657043934015	45.323154	43.30737	1533.3673	10310.0	25799.885	-15489.884765625
europe	43	gp_mix	gp_mix	68	41524	814	2688	1.4073889970779419	46.9737142372247	19.5118291268948	54.690018	30.611336	1156.5596	5482.0	5475.182	6.81787109375
europe	43	gp_mix	gp_mix	68	32071	876	2688	1.4073889970779419	38.9708103501024	35.3107180080906	57.42631	38.010197	2061.4858	14954.0	10702.555	4251.4453125
europe	43	gp_mix	gp_mix	69	16308	246	2688	1.4127073287963867	37.9553487952806	63.0052883930909	54.519165	40.66671	2497.2632	30669.0	13663.612	17005.3876953125
europe	43	gp_mix	gp_mix	69	20697	339	2688	1.4127073287963867	36.9167535081999	60.761223711425	49.142273	29.483862	2854.325	25994.0	4320.4873	21673.5126953125
europe	43	gp_mix	gp_mix	69	15341	924	2688	1.4127073287963867	40.1574256577991	59.104244053058	52.89404	39.12439	2070.7349	31828.0	13110.391	18717.609375
europe	43	gp_mix	gp_mix	70	43540	196	2688	1.4074406186739603	51.874253397936	25.2288650413003	38.712402	45.763447	2159.132	3122.0	27697.74	-24575.740234375
europe	43	gp_mix	gp_mix	70	6759	878	2688	1.4074406186739603	33.3775683144714	51.0215659212981	43.952217	63.985588	1623.8472	42567.0	38887.63	3679.37109375
europe	43	gp_mix	gp_mix	70	26533	1117	2688	1.4074406186739603	55.0714090750925	44.6681899749903	38.82722	24.021389	2373.035	20434.0	14070.674	6363.326171875
europe	43	gp_mix	gp_mix	71	32626	721	2688	1.4134833057721456	44.0336656251732	19.6555315982325	49.008793	29.688898	944.96405	14400.0	6134.879	8265.12109375
europe	43	gp_mix	gp_mix	71	44414	818	2688	1.4134833057721456	49.6692567821895	19.0355156249929	43.510715	39.73318	1716.2592	2158.0	20631.37	-18473.369140625
europe	43	gp_mix	gp_mix	71	13235	1077	2688	1.4134833057721456	37.6341050396161	63.4614580507288	46.887413	44.564243	1857.1123	34430.0	23602.967	10827.033203125
europe	43	gp_mix	gp_mix	72	41358	327	2688	1.4140488704045613	52.2791013254469	9.70563284599875	48.15701	43.657482	2435.2979	5646.0	20064.012	-14418.01171875
europe	43	gp_mix	gp_mix	72	560	1086	2688	1.4140488704045613	30.4653969291557	32.0121060792082	44.25544	50.76379	2247.7195	50309.0	27478.766	22830.234375
europe	43	gp_mix	gp_mix	72	43630	1208	2688	1.4140488704045613	51.5199878839635	23.8519628047214	52.730175	55.8283	2169.0483	3030.0	25965.033	-22935.033203125
europe	43	gp_mix	gp_mix	73	41996	729	2688	1.4078402241071066	48.893595412461	28.9783301065986	48.342686	50.225533	1557.9535	4885.0	26563.44	-21678.439453125
europe	43	gp_mix	gp_mix	73	15771	1048	2688	1.4078402241071066	40.0967399840994	59.3049000291879	52.174374	49.914852	1522.5654	31325.0	23764.99	7560.009765625
europe	43	gp_mix	gp_mix	73	2342	1051	2688	1.4078402241071066	26.5062192443276	38.6937400161132	43.470413	40.942924	1897.2267	48097.0	21018.1	27078.900390625
europe	43	gp_mix	gp_mix	74	16661	496	2688	1.4111481785774231	41.712121451075	56.2378442029786	53.383442	31.018227	2275.6545	30245.0	-1298.028	31543.027954101562
europe	43	gp_mix	gp_mix	74	10516	759	2688	1.4111481785774231	38.5653111442788	61.6694741662679	33.5514	51.11475	1099.3866	37801.0	37891.195	-90.1953125
europe	43	gp_mix	gp_mix	74	31533	903	2688	1.4111481785774231	38.9935514917485	30.3084802007884	42.87308	40.793762	979.80994	15502.0	17914.367	-2412.3671875
europe	43	gp_mix	gp_mix	75	16816	25	2688	1.408152441183726	38.6144334889621	56.9744200363919	55.088345	37.069668	2358.9119	30054.0	6635.9336	23418.06640625
europe	43	gp_mix	gp_mix	75	6285	426	2688	1.408152441183726	32.3068493467227	49.7282499073238	43.038673	50.90373	1197.7639	43170.0	35539.31	7630.69140625
europe	43	gp_mix	gp_mix	75	23123	769	2688	1.408152441183726	39.0135420974688	38.4938188624319	47.92115	50.4804	1381.3756	23750.0	30370.475	-6620.474609375
europe	43	gp_mix	gp_mix	76	22454	715	2688	1.4134692072868347	40.905748809388	31.9188277621715	47.14052	29.294195	724.22327	24350.0	8265.417	16084.5830078125
europe	43	gp_mix	gp_mix	76	20055	998	2688	1.4134692072868347	54.9037414213589	45.0878001365271	33.14523	40.68029	2443.787	26682.0	36024.09	-9342.08984375
europe	43	gp_mix	gp_mix	76	1418	1405	2688	1.4134692072868347	30.8688700136358	35.7176946200374	37.187607	47.361515	1281.0299	49297.0	38945.793	10351.20703125
europe	43	gp_mix	gp_mix	77	28121	157	2688	1.4128084341684977	56.0990220956335	33.0538043500846	37.218407	33.94014	2100.475	18887.0	21898.783	-3011.783203125
europe	43	gp_mix	gp_mix	77	18908	271	2688	1.4128084341684977	59.601579912272	29.8537729156525	42.01118	40.61205	2090.786	27852.0	22605.238	5246.76171875
europe	43	gp_mix	gp_mix	77	28115	1031	2688	1.4128084341684977	57.7636595115783	34.8332272140819	39.92162	35.64815	1984.8043	18890.0	20650.004	-1760.00390625
europe	43	gp_mix	gp_mix	78	7879	420	2688	1.4073651035626729	38.3424496773879	54.989622842949	39.536755	57.336906	242.57678	41099.0	40534.3	564.69921875
europe	43	gp_mix	gp_mix	78	24241	604	2688	1.4073651035626729	46.7494810222036	23.5763127772687	46.514717	46.115433	1715.275	22624.0	21416.441	1207.55859375
europe	43	gp_mix	gp_mix	78	127	1252	2688	1.4073651035626729	30.6116344145386	31.8114429721999	46.894474	46.819576	2221.3706	50886.0	22300.918	28585.08203125
europe	43	gp_mix	gp_mix	79	17890	76	2688	0.7278162717819214	42.8991943212781	57.9543262703576	38.808804	52.496834	645.9087	28724.0	34087.56	-5363.55859375
europe	43	gp_mix	gp_mix	79	19948	250	2688	0.7278162717819214	38.3389329869541	38.2101449141647	49.18335	51.70818	1616.5807	26784.0	25666.516	1117.484375
europe	43	gp_mix	gp_mix	79	34854	440	2688	0.7278162717819214	58.0415409400303	49.2303236596422	48.091686	27.882772	1791.9983	12154.0	1443.3494	10710.650634765625
europe	43	gp_mix	gp_mix	80	4218	59	2688	1.4036270419756571	29.4660985788241	44.5203052817378	43.309433	50.04212	1615.7299	45756.0	34227.703	11528.296875
europe	43	gp_mix	gp_mix	80	25403	964	2688	1.4036270419756571	57.1904272955622	33.2666291494735	40.453396	51.667984	2281.636	21546.0	37533.28	-15987.28125
europe	43	gp_mix	gp_mix	80	1690	1386	2688	1.4036270419756571	29.2180377210672	38.9286349421461	55.160027	50.373962	3025.8098	48937.0	21774.424	27162.576171875
europe	43	gp_mix	gp_mix	81	7192	205	2688	1.4131484150886535	33.4056395863909	53.4127477583585	50.763905	46.72945	2005.355	42010.0	24317.55	17692.44921875
europe	43	gp_mix	gp_mix	81	11404	613	2688	1.4131484150886535	42.2704758052198	60.618646923642	46.351345	42.398487	1515.0863	36728.0	22915.809	13812.19140625
europe	43	gp_mix	gp_mix	81	36901	1279	2688	1.4131484150886535	46.367607734186	7.75187684714359	51.083027	36.01332	2123.9224	10107.0	12450.886	-2343.8857421875
europe	43	gp_mix	gp_mix	82	30252	91	2688	1.413262995084127	40.8263666787524	32.1948022092947	44.477547	36.584	541.75354	16820.0	19511.852	-2691.8515625
europe	43	gp_mix	gp_mix	82	22694	966	2688	1.413262995084127	37.2834854446089	39.0856074857051	39.95748	49.33033	937.7141	24123.0	35050.32	-10927.3203125
europe	43	gp_mix	gp_mix	82	512	1059	2688	1.413262995084127	30.0639392541449	29.7424515522716	40.611828	36.862755	1337.7711	50367.0	24512.178	25854.822265625
europe	43	gp_mix	gp_mix	83	6000	416	2688	0.7225810289382935	30.6340413108501	52.5600337595578	57.11859	47.03599	2975.7905	43549.0	15410.295	28138.705078125
europe	43	gp_mix	gp_mix	83	8832	518	2688	0.7225810289382935	39.7511555580933	60.4091788144674	42.50504	44.68804	1349.7323	39953.0	22556.121	17396.87890625
europe	43	gp_mix	gp_mix	83	20511	1462	2688	0.7225810289382935	60.0886627400448	50.8834785974971	43.68816	41.53028	1928.8759	26200.0	18157.97	8042.029296875
europe	43	gp_mix	gp_mix	84	22489	529	2688	1.4101271192232767	50.6867858864473	25.016772639471	45.076862	50.56579	1993.1123	24302.0	24018.086	283.9140625
europe	43	gp_mix	gp_mix	84	15003	646	2688	1.4101271192232767	39.3939958588496	61.0404819667293	41.46425	44.003353	1457.8613	32279.0	23532.998	8746.001953125
europe	43	gp_mix	gp_mix	84	25758	1484	2688	1.4101271192232767	41.5424652299799	21.1491621836816	42.04134	34.380974	1097.2709	21194.0	21262.105	-68.10546875
europe	43	gp_mix	gp_mix	85	12783	122	2688	1.4070160508155822	39.3050186958958	58.3956863241714	51.641514	31.255362	2499.2737	34926.0	-179.4318	35105.43179321289
europe	43	gp_mix	gp_mix	85	22451	436	2688	1.4070160508155822	38.4404125939192	31.1680337800479	39.536278	35.954716	431.2165	24354.0	16899.041	7454.958984375
europe	43	gp_mix	gp_mix	85	16594	575	2688	1.4070160508155822	38.6426771015072	60.5245188575479	49.434692	50.260265	1450.7769	30320.0	24601.549	5718.451171875
europe	43	gp_mix	gp_mix	86	8133	444	2688	1.4120540698369344	39.5714978119557	59.3937609301873	43.937447	50.708153	868.03973	40813.0	28410.402	12402.59765625
europe	43	gp_mix	gp_mix	86	14420	1388	2688	1.4120540698369344	40.0284882042109	57.6779642146306	30.141647	53.300022	1168.8829	33056.0	42287.4	-9231.3984375
europe	43	gp_mix	gp_mix	86	45121	1402	2688	1.4120540698369344	51.0025341418908	10.953148408517	45.911953	29.512602	1475.933	1267.0	8933.436	-7666.435546875
europe	43	gp_mix	gp_mix	87	2108	909	2688	1.4144770701726277	28.0719310110859	36.681966328076	38.736214	36.78671	1185.8538	48361.0	26856.44	21504.560546875
europe	43	gp_mix	gp_mix	87	19135	1317	2688	1.4144770701726277	59.0925290137479	38.7181880478641	41.09844	49.294422	2132.3035	27606.0	27063.137	542.86328125
europe	43	gp_mix	gp_mix	87	37700	1480	2688	1.4144770701726277	59.609401995274	48.8904269910975	41.9854	26.615204	2483.138	9404.0	12472.345	-3068.3447265625
europe	43	gp_mix	gp_mix	88	11433	695	2688	1.4059500734011332	38.0373707035056	62.9053089784978	27.95259	50.514793	1607.3015	36700.0	38998.77	-2298.76953125
europe	43	gp_mix	gp_mix	88	17690	911	2688	1.4059500734011332	40.8599786693553	59.5279368634159	52.980167	46.371655	1672.0698	28961.0	17239.65	11721.349609375
europe	43	gp_mix	gp_mix	88	11183	916	2688	1.4059500734011332	38.0852247681693	60.3264655814706	40.658367	48.981552	1015.448	36972.0	28288.504	8683.49609375
europe	43	gp_mix	gp_mix	89	11776	830	2688	1.4119722167650859	39.3369979991895	59.918581622629	30.062479	49.75492	1386.186	36212.0	41214.926	-5002.92578125
europe	43	gp_mix	gp_mix	89	20507	1209	2688	1.4119722167650859	57.1546620881454	52.3691640246555	38.14195	45.977554	2165.3718	26201.0	29795.854	-3594.853515625
europe	43	gp_mix	gp_mix	89	38240	1374	2688	1.4119722167650859	37.1695770665751	35.8595302891731	51.51098	29.094652	1681.2029	8896.0	2530.3003	6365.69970703125
europe	43	gp_mix	gp_mix	90	1367	11	2688	1.406328511238098	31.6366235888778	36.3479143846692	39.835266	49.03994	1461.4596	49348.0	33433.484	15914.515625
europe	43	gp_mix	gp_mix	90	10512	738	2688	1.406328511238098	38.9208975768011	62.9467993229409	48.727726	33.629257	2571.2947	37805.0	8079.069	29725.93115234375
europe	43	gp_mix	gp_mix	90	37768	770	2688	1.406328511238098	58.7913725264386	30.3543638544334	41.74455	52.297405	2431.3772	9330.0	32463.623	-23133.623046875
europe	43	gp_mix	gp_mix	91	41744	591	2688	1.4135486761728921	48.9447584933681	17.3562232868628	36.71322	35.831852	2019.8577	5223.0	23580.959	-18357.958984375
europe	43	gp_mix	gp_mix	91	37828	1253	2688	1.4135486761728921	38.8489713758556	27.6452755755861	37.40369	35.088394	670.3858	9288.0	22395.992	-13107.9921875
europe	43	gp_mix	gp_mix	91	22123	1362	2688	1.4135486761728921	37.9711113229943	32.4196898216134	57.498547	43.812733	2325.2156	24682.0	15013.911	9668.0888671875
europe	43	gp_mix	gp_mix	92	3053	107	2688	1.4130038817723591	32.2378142156357	42.5602581446502	49.052017	40.79682	1875.4272	47248.0	17176.322	30071.677734375
europe	43	gp_mix	gp_mix	92	8560	1234	2688	1.4130038817723591	39.4394684825426	59.4090493324524	42.36225	48.833935	945.5487	40259.0	31836.955	8422.044921875
europe	43	gp_mix	gp_mix	92	26437	1464	2688	1.4130038817723591	57.1448846660861	45.8724242260313	44.816376	40.355236	1423.0862	20529.0	19232.684	1296.31640625
europe	43	gp_mix	gp_mix	93	28992	379	2688	1.4070883949597677	45.1951364285902	17.6763830960745	43.03316	57.48071	3154.4927	17977.0	28803.258	-10826.2578125
europe	43	gp_mix	gp_mix	93	11975	1201	2688	1.4070883949597677	42.1814564883432	61.8667845133972	39.703094	45.08882	1433.4463	35932.0	19444.338	16487.662109375
europe	43	gp_mix	gp_mix	93	35997	1297	2688	1.4070883949597677	57.0473578534791	45.8259336194753	44.683025	56.17487	1550.9675	10986.0	26688.572	-15702.572265625
europe	43	gp_mix	gp_mix	94	5230	419	2688	1.4120752811431885	27.7807968375251	47.4612169783369	52.750496	34.860645	2965.1938	44514.0	8145.3374	36368.66259765625
europe	43	gp_mix	gp_mix	94	225	649	2688	1.4120752811431885	28.5267824490908	30.5476467932425	36.05622	51.824	2162.1177	50751.0	36522.094	14228.90625
europe	43	gp_mix	gp_mix	94	37916	1143	2688	1.4120752811431885	45.4602733760151	6.66015295749808	33.25032	54.073048	4228.141	9188.0	41344.223	-32156.22265625
europe	43	gp_mix	gp_mix	95	810	454	2688	1.407231044769287	29.7522443454417	32.6542692398227	41.353252	55.40812	2417.7388	50003.0	31669.713	18333.287109375
europe	43	gp_mix	gp_mix	95	25022	531	2688	1.407231044769287	56.3236504406875	38.5175540744211	49.270763	43.605865	855.04785	21906.0	18968.639	2937.361328125
europe	43	gp_mix	gp_mix	95	39292	1334	2688	1.407231044769287	45.5361206019841	10.7677844147459	46.520283	51.55008	3115.1194	7858.0	26684.193	-18826.193359375
europe	43	gp_mix	gp_mix	96	43356	73	2688	1.4129093766212464	49.7002452505462	24.784820895427	47.208153	44.730858	1492.1686	3296.0	22049.973	-18753.97265625
europe	43	gp_mix	gp_mix	96	15410	292	2688	1.4129093766212464	41.4789564125037	60.7340740284351	47.69967	50.709213	1051.402	31762.0	26922.912	4839.087890625
europe	43	gp_mix	gp_mix	96	16850	1144	2688	1.4129093766212464	42.0745217919429	57.1700775504198	42.33065	52.969097	347.17047	30003.0	34465.664	-4462.6640625
europe	43	gp_mix	gp_mix	97	42241	26	2688	1.4139259258906047	49.7445034257679	35.7339465218012	34.000126	52.06934	2202.1304	4568.0	31313.451	-26745.451171875
europe	43	gp_mix	gp_mix	97	31133	548	2688	1.4139259258906047	47.3610419768415	23.1737091077761	55.639084	32.50275	1122.2964	15895.0	-1253.8069	17148.806884765625
europe	43	gp_mix	gp_mix	97	3246	577	2688	1.4139259258906047	31.0281062279508	39.9219834964681	22.220425	51.347725	1497.9353	47040.0	37891.523	9148.4765625
europe	43	gp_mix	gp_mix	98	31417	789	2688	1.407703940073649	52.6173647771166	23.8355168569244	46.78226	26.632938	679.17395	15609.0	1893.4519	13715.548095703125
europe	43	gp_mix	gp_mix	98	36619	1096	2688	1.407703940073649	37.0115641318485	38.3590478912773	35.316746	32.33516	572.5368	10397.0	15534.747	-5137.7470703125
europe	43	gp_mix	gp_mix	98	9886	1269	2688	1.407703940073649	37.1972046056811	62.0240565693831	43.375713	43.182224	1734.574	38523.0	22355.352	16167.6484375
europe	43	gp_mix	gp_mix	99	847	522	2688	1.4128425161043803	30.7250505920953	35.7992463606865	44.706482	26.828735	1740.8196	49973.0	10478.328	39494.671875
europe	43	gp_mix	gp_mix	99	3712	871	2688	1.4128425161043803	29.2300512566937	44.8057522096418	41.607433	55.649982	1688.0165	46379.0	29852.754	16526.24609375
europe	43	gp_mix	gp_mix	99	16189	976	2688	1.4128425161043803	37.8884174950526	57.2668655119111	55.140354	44.995346	2128.602	30817.0	16153.66	14663.33984375
europe	43	gp_mix	gp_mix	100	42267	256	2688	1.4068748792012533	47.6532811994778	19.1243234233227	43.90157	49.59527	2383.6519	4541.0	26067.846	-21526.845703125
europe	43	gp_mix	gp_mix	100	26139	336	2688	1.4068748792012533	56.9195665266487	51.1257216583623	37.421295	51.139614	2168.1091	20857.0	32978.453	-12121.453125
europe	43	gp_mix	gp_mix	100	36001	1466	2688	1.4068748792012533	38.1692818585218	29.6778798923553	39.89765	32.64972	320.6307	11000.0	15130.508	-4130.5078125
europe	43	gp_mix	gp_mix	101	8835	152	2688	1.4143969893455506	39.2073103187383	57.0413921195276	54.40691	45.670055	1893.349	39944.0	18586.068	21357.931640625
europe	43	gp_mix	gp_mix	101	5144	485	2688	1.4143969893455506	31.7626912882374	47.7660898588527	39.670055	49.422203	891.8294	44629.0	35801.57	8827.4296875
europe	43	gp_mix	gp_mix	101	35320	1444	2688	1.4143969893455506	39.8284472052204	32.7414590051537	46.75276	37.871532	874.2998	11687.0	17939.332	-6252.33203125
europe	43	gp_mix	gp_mix	102	43141	716	2688	1.4145382285118102	51.5006493748399	28.2909283788017	40.527874	32.049026	1253.7155	3506.0	9623.382	-6117.3818359375
europe	43	gp_mix	gp_mix	102	31503	975	2688	1.4145382285118102	37.9904307615999	33.937472889505	38.76275	32.40206	159.02162	15533.0	11427.492	4105.5078125
europe	43	gp_mix	gp_mix	102	3473	1083	2688	1.4145382285118102	29.5901029586681	44.2598149510227	53.109234	40.879257	2629.672	46707.0	10736.509	35970.4912109375
europe	43	gp_mix	gp_mix	103	34824	13	2688	1.4071304241816203	57.5468004911097	37.9594332794779	45.661674	40.942368	1337.1936	12189.0	18222.787	-6033.787109375
europe	43	gp_mix	gp_mix	103	1417	569	2688	1.4071304241816203	28.7492469043981	36.3182878462154	44.59262	36.730606	1762.0804	49298.0	14063.861	35234.138671875
europe	43	gp_mix	gp_mix	103	1101	838	2688	1.4071304241816203	27.8804900873735	33.7198717967022	39.23782	53.767586	2237.9683	49650.0	37866.742	11783.2578125
europe	43	gp_mix	gp_mix	104	27597	494	2688	1.412143592039744	38.088729277741	33.04000754034	40.037178	37.212574	420.30994	19367.0	16765.033	2601.966796875
europe	43	gp_mix	gp_mix	104	42932	508	2688	1.412143592039744	52.3414196750842	31.5099806361096	56.456028	45.379593	1005.18176	3718.0	15025.997	-11307.9970703125
europe	43	gp_mix	gp_mix	104	39936	969	2688	1.412143592039744	38.0537702823739	29.231358642355	49.569984	32.5293	1307.258	7223.0	3860.62	3362.3798828125
europe	43	gp_mix	gp_mix	105	31136	745	2688	1.4075963894526164	37.3259714214122	35.6305283245333	36.59505	46.670082	983.66364	15919.0	38106.062	-22187.0625
europe	43	gp_mix	gp_mix	105	34233	977	2688	1.4075963894526164	37.5392104911016	38.032672072631	36.8794	49.23058	993.7957	12763.0	37880.883	-25117.8828125
europe	43	gp_mix	gp_mix	105	15001	1135	2688	1.4075963894526164	39.0929251858889	57.769916181776	45.39823	32.24699	2203.7742	32299.0	17759.574	14539.42578125
europe	43	gp_mix	gp_mix	106	16388	129	2688	1.4141846299171448	40.8330405182383	64.296532651424	44.764004	26.469358	3088.7644	30575.0	6255.98	24319.02001953125
europe	43	gp_mix	gp_mix	106	1751	195	2688	1.4141846299171448	29.1822975153263	38.6059060136573	50.113457	40.977764	2335.978	48854.0	17886.145	30967.85546875
europe	43	gp_mix	gp_mix	106	15264	486	2688	1.4141846299171448	40.5133073405936	59.274239536787	40.48591	40.766125	1562.0482	31926.0	26420.508	5505.4921875
europe	43	gp_mix	gp_mix	107	30227	263	2688	1.4138356526692708	38.0504115788893	39.121546871438	24.057255	46.36677	1700.6602	16844.0	41495.13	-24651.12890625
europe	43	gp_mix	gp_mix	107	42453	264	2688	1.4138356526692708	55.4762284792311	31.6993938443859	45.433666	48.618317	1629.6118	4287.0	27514.385	-23227.384765625
europe	43	gp_mix	gp_mix	107	23965	1198	2688	1.4138356526692708	60.5517953126814	46.2489473498495	36.481743	47.855137	2678.893	22878.0	33630.938	-10752.9375
europe	43	gp_mix	gp_mix	108	12643	408	2688	1.4067769050598145	38.7947261332047	61.2387205677095	41.354458	48.21041	1143.2582	35088.0	37755.25	-2667.25
europe	43	gp_mix	gp_mix	108	37922	1127	2688	1.4067769050598145	39.5697685749431	32.8679660958375	43.408604	48.275627	1350.1127	9194.0	35735.215	-26541.21484375
europe	43	gp_mix	gp_mix	108	35376	1333	2688	1.4067769050598145	55.9524847809484	37.3157331439322	48.8882	30.534405	909.2453	11610.0	2216.7605	9393.239501953125
europe	43	gp_mix	gp_mix	109	44716	243	2688	1.4121896664301554	50.4822636946185	24.4457857171946	36.523518	57.281986	3033.528	1853.0	38729.04	-36876.0390625
europe	43	gp_mix	gp_mix	109	31220	1055	2688	1.4121896664301554	41.4502036330186	33.0026949397106	56.558983	38.626125	1727.9406	15833.0	11027.192	4805.8076171875
europe	43	gp_mix	gp_mix	109	31591	1286	2688	1.4121896664301554	47.4738546197526	12.8958570583953	41.94683	53.518223	3230.1458	15422.0	29625.725	-14203.724609375
europe	43	gp_mix	gp_mix	110	41308	491	2688	1.4068099935849507	50.4978884604691	11.8080837353307	52.626408	46.11286	2360.49	5715.0	18786.254	-13071.25390625
europe	43	gp_mix	gp_mix	110	4548	659	2688	1.4068099935849507	27.9058466823793	46.2433209351514	30.448204	49.03955	391.90527	45366.0	45138.223	227.77734375
europe	43	gp_mix	gp_mix	110	22936	1434	2688	1.4068099935849507	37.1668379195596	38.6892360782767	44.953014	49.64163	1259.9465	23924.0	25254.904	-1330.904296875
europe	43	gp_mix	gp_mix	111	40714	162	2688	1.4148425936698914	56.5257588024865	34.6601574999714	49.413876	50.35551	1310.2598	6407.0	26203.25	-19796.25
europe	43	gp_mix	gp_mix	111	21558	179	2688	1.4148425936698914	57.7227153439491	52.7047691731729	51.248966	39.93717	1091.5454	25199.0	13445.202	11753.7978515625
europe	43	gp_mix	gp_mix	111	16876	1130	2688	1.4148425936698914	40.7423446055978	57.8971624785825	50.654625	50.276604	1249.4803	29970.0	25305.918	4664.08203125
europe	43	gp_mix	gp_mix	112	24360	312	2688	1.4143381476402284	56.9851443169939	43.7906727127245	43.080936	29.641777	1839.0503	22531.0	9205.049	13325.951171875
europe	43	gp_mix	gp_mix	112	31852	826	2688	1.4143381476402284	56.3065392720727	38.7907922571627	55.341537	44.901203	396.31503	15166.0	16960.252	-1794.251953125
europe	43	gp_mix	gp_mix	112	33380	1383	2688	1.4143381476402284	55.4360396398311	47.1480525846977	38.128136	42.00123	1962.717	13627.0	27841.129	-14214.12890625
europe	43	gp_mix	gp_mix	113	41252	394	2688	1.4084784666697183	46.5136947289439	24.7540348448744	33.864376	49.88315	2538.847	5784.0	39629.336	-33845.3359375
europe	43	gp_mix	gp_mix	113	9459	443	2688	1.4084784666697183	40.1887532576587	60.1136250742213	42.664112	50.011753	885.41223	39119.0	29524.188	9594.8125
europe	43	gp_mix	gp_mix	113	8674	1081	2688	1.4084784666697183	39.2061950310064	56.5130652173524	41.551247	51.382267	506.6983	40130.0	31793.361	8336.638671875
europe	43	gp_mix	gp_mix	114	33920	380	2688	1.4125718315442404	41.0259161642257	37.0839276666244	34.54322	50.08735	1348.8662	13074.0	41438.223	-28364.22265625
europe	43	gp_mix	gp_mix	114	24593	587	2688	1.4125718315442404	38.7029898987751	33.8225382564305	46.688526	35.118843	894.212	22342.0	13005.057	9336.943359375
europe	43	gp_mix	gp_mix	114	20314	1376	2688	1.4125718315442404	38.4805370416248	39.4004476119718	42.498707	42.15922	503.96765	26425.0	23836.027	2588.97265625
europe	43	gp_mix	gp_mix	115	38864	828	2688	1.407290764649709	48.3731316916738	15.5193579690486	52.859898	51.05595	2529.1353	8278.0	21128.982	-12850.982421875
europe	43	gp_mix	gp_mix	115	25102	1027	2688	1.407290764649709	56.47939043015	39.8550597449342	40.46496	43.06525	1795.8857	21815.0	22135.63	-320.630859375
europe	43	gp_mix	gp_mix	115	14681	1273	2688	1.407290764649709	40.4688664101466	58.727140525748	49.14305	52.319695	1088.0125	32742.0	24790.566	7951.43359375
europe	43	gp_mix	gp_mix	116	42690	163	2688	1.414969801902771	54.1252955676325	24.7026840630167	48.34759	38.81674	1170.7662	4003.0	20162.273	-16159.2734375
europe	43	gp_mix	gp_mix	116	39143	364	2688	1.414969801902771	47.8375217367038	9.3462699295239	46.891674	39.222744	2238.58	8022.0	22059.08	-14037.080078125
europe	43	gp_mix	gp_mix	116	8699	1115	2688	1.414969801902771	40.6526010853535	57.3840244711092	44.131584	40.774227	1415.034	40088.0	28093.44	11994.560546875
europe	43	gp_mix	gp_mix	117	30417	87	2688	1.4141307989756267	45.0358215233213	29.3770203646086	48.82236	47.39961	1427.9104	16617.0	24954.156	-8337.15625
europe	43	gp_mix	gp_mix	117	44476	809	2688	1.4141307989756267	45.8125252893807	18.7422554187584	40.536148	48.8912	2498.1611	2122.0	33364.97	-31242.96875
europe	43	gp_mix	gp_mix	117	45072	1167	2688	1.4141307989756267	47.5675365321174	12.9999175925651	43.53896	33.733696	1669.735	1348.0	16245.909	-14897.9091796875
europe	43	gp_mix	gp_mix	118	9429	403	2688	1.4069498896598815	41.4713307969592	63.3475161637113	40.841457	53.80941	801.1884	39147.0	32173.293	6973.70703125
europe	43	gp_mix	gp_mix	118	30536	835	2688	1.4069498896598815	59.5426038513175	56.2119564597394	41.88065	56.60546	1964.1063	16518.0	32642.729	-16124.728515625
europe	43	gp_mix	gp_mix	118	42714	1021	2688	1.4069498896598815	53.3871838634981	25.102123293392	41.005722	48.174637	2204.3022	3973.0	30465.111	-26492.111328125
europe	43	gp_mix	gp_mix	119	34320	285	2688	1.4130319118499757	40.0639567538534	39.9744973693995	50.58876	41.551712	1176.7083	12670.0	15774.496	-3104.49609375
europe	43	gp_mix	gp_mix	119	25682	301	2688	1.4130319118499757	37.4934710602877	37.0670502494414	43.453262	56.458378	1763.7994	21275.0	37549.785	-16274.78515625
europe	43	gp_mix	gp_mix	119	18180	890	2688	1.4130319118499757	38.1020173902855	63.8489868341205	44.405792	29.490034	2933.353	28385.0	3056.3918	25328.608154296875
europe	43	gp_mix	gp_mix	120	36894	629	2688	1.4085399190584817	53.8810697434398	52.5208537648999	41.30913	56.063835	1422.4938	10115.0	33005.812	-22890.8125
europe	43	gp_mix	gp_mix	120	5072	884	2688	1.4085399190584817	32.4923838408764	45.7475457204122	39.08411	55.55838	1147.8142	44722.0	37834.33	6887.671875
europe	43	gp_mix	gp_mix	120	25175	991	2688	1.4085399190584817	61.5144856529782	51.2865561628088	36.027824	52.357655	2834.9849	21755.0	40811.64	-19056.640625
europe	43	gp_mix	gp_mix	121	17020	123	2688	1.4152812639872232	39.4991720762071	58.171253907989	39.087593	33.314487	2132.7349	29796.0	18488.695	11307.3046875
europe	43	gp_mix	gp_mix	121	19285	350	2688	1.4152812639872232	37.6382603423772	29.3498705456281	30.477844	53.66813	2369.2195	27472.0	45852.94	-18380.94140625
europe	43	gp_mix	gp_mix	121	41576	396	2688	1.4152812639872232	57.052785415099	34.7827176288561	47.99169	30.590797	1046.203	5407.0	4314.7876	1092.21240234375
europe	43	gp_mix	gp_mix	122	22499	273	2688	1.4148587505022685	58.3748311488417	48.8529097650658	42.96556	49.893593	1714.95	24305.0	35606.652	-11301.65234375
europe	43	gp_mix	gp_mix	122	21838	356	2688	1.4148587505022685	58.0443273160943	52.2001361333504	41.826733	32.498035	2271.3398	24962.0	13083.729	11878.271484375
europe	43	gp_mix	gp_mix	122	21861	827	2688	1.4148587505022685	47.7004248853952	5.48428185487459	50.65931	41.367283	2602.8809	24930.0	17401.89	7528.109375
europe	43	gp_mix	gp_mix	123	17717	354	2688	1.4074699918429057	37.2780899220388	61.8981047788781	44.510193	41.3041	1901.6509	28919.0	26515.66	2403.33984375
europe	43	gp_mix	gp_mix	123	10485	614	2688	1.4074699918429057	37.3725873685338	58.9737305425043	44.391396	37.22769	1980.0256	37836.0	18462.09	19373.91015625
europe	43	gp_mix	gp_mix	123	25267	765	2688	1.4074699918429057	39.9038801515773	-3.00960735726831	41.972042	42.584965	3791.3494	21662.0	29794.023	-8132.0234375
europe	43	gp_mix	gp_mix	124	34817	469	2688	1.4122458378473917	37.1776558808871	32.2603446530807	56.108227	51.70534	2556.415	12205.0	19926.107	-7721.107421875
europe	43	gp_mix	gp_mix	124	19749	847	2688	1.4122458378473917	39.888751950728	58.029851522833	37.90834	54.90451	348.7324	26974.0	40124.125	-13150.125
europe	43	gp_mix	gp_mix	124	26504	1149	2688	1.4122458378473917	37.5107808163722	31.0910037782341	42.64698	52.015003	1863.9065	20476.0	30702.156	-10226.15625
europe	43	gp_mix	gp_mix	125	32311	776	2688	1.407095766067505	39.789569748552	37.3177208614853	41.691765	36.800095	215.96204	14722.0	18316.953	-3594.953125
europe	43	gp_mix	gp_mix	125	21685	1172	2688	1.407095766067505	41.0260614041852	58.9405949701546	51.418373	35.89525	2102.284	25080.0	11197.755	13882.2451171875
europe	43	gp_mix	gp_mix	125	14902	1430	2688	1.407095766067505	40.3156602167375	59.3261729639183	48.25602	45.75352	1391.7375	32442.0	24278.588	8163.412109375
europe	43	gp_mix	gp_mix	126	13239	1040	2688	1.4146941423416137	37.104416222493	62.1372296796364	38.572395	56.002514	562.7774	34419.0	31941.625	2477.375
europe	43	gp_mix	gp_mix	126	11513	1231	2688	1.4146941423416137	39.6484676649016	60.047891764757	34.824787	55.591064	665.64343	36620.0	37699.594	-1079.59375
europe	43	gp_mix	gp_mix	126	28359	1435	2688	1.4146941423416137	39.7486860549229	36.7318859958481	37.280613	39.344913	356.33524	18648.0	21665.07	-3017.0703125
europe	43	gp_mix	gp_mix	127	1640	14	2688	1.4147080381711323	31.5389456296633	37.0170520184976	51.051273	48.59692	2368.9197	48988.0	22440.174	26547.826171875
europe	43	gp_mix	gp_mix	127	25838	280	2688	1.4147080381711323	47.9892053772228	12.273021363033	36.180183	52.93972	3554.2297	21134.0	39044.24	-17910.23828125
europe	43	gp_mix	gp_mix	127	20659	1046	2688	1.4147080381711323	56.8989095962453	44.9098203609958	39.09876	30.137768	2253.0024	26040.0	13256.634	12783.3662109375
europe	43	gp_mix	gp_mix	128	32042	346	2688	1.4080878138542174	44.5283594739701	16.6646319663103	43.70039	34.454082	1420.3412	14987.0	10832.118	4154.8818359375
europe	43	gp_mix	gp_mix	128	45133	1325	2688	1.4080878138542174	46.3135284255275	26.9928696309051	31.552795	47.53902	2405.597	1243.0	34460.26	-33217.26171875
europe	43	gp_mix	gp_mix	128	14525	1375	2688	1.4080878138542174	37.8258206393792	63.2556587715076	42.143024	51.301716	1124.567	32938.0	30684.719	2253.28125
europe	43	gp_mix	gp_mix	129	39881	64	2688	1.4115615328152975	44.2725527069547	22.7099028050012	52.79231	33.643787	1240.4679	7275.0	3023.0967	4251.9033203125
europe	43	gp_mix	gp_mix	129	27137	220	2688	1.4115615328152975	54.1475892905058	38.2358356239186	36.962357	35.115852	1925.8121	19814.0	15905.403	3908.5966796875
europe	43	gp_mix	gp_mix	129	27318	358	2688	1.4115615328152975	47.6464045965592	18.8730278233427	55.978123	45.413307	2028.8102	19618.0	14337.8955	5280.1044921875
europe	43	gp_mix	gp_mix	130	11020	384	2688	1.4082399050394694	40.6650406539415	59.4102360100745	47.524002	32.25346	2284.8743	37136.0	11874.1	25261.900390625
europe	43	gp_mix	gp_mix	130	8204	848	2688	1.4082399050394694	36.4906372229623	59.8450870316209	44.41761	60.44669	882.90015	40687.0	35586.023	5100.9765625
europe	43	gp_mix	gp_mix	130	7084	953	2688	1.4082399050394694	33.8838786264146	56.0624160456094	44.002346	45.27136	1459.1554	42152.0	24669.885	17482.115234375
europe	43	gp_mix	gp_mix	131	24599	136	2688	1.414799153804779	59.1601072871458	47.6877292459437	40.011127	38.763813	2219.734	22336.0	22590.43	-254.4296875
europe	43	gp_mix	gp_mix	131	38159	240	2688	1.414799153804779	49.0167603271428	25.3476355246645	49.352535	28.400532	224.98631	8945.0	39.84626	8905.1537399292
europe	43	gp_mix	gp_mix	131	39434	1347	2688	1.414799153804779	59.5618126387518	41.6327088090063	56.262848	37.85984	429.06558	7724.0	7628.1904	95.8095703125
europe	43	gp_mix	gp_mix	132	41440	188	2688	1.4134855349858602	45.0457597004421	5.66332198369767	37.145912	36.1389	2681.8394	5562.0	23068.568	-17506.568359375
europe	43	gp_mix	gp_mix	132	3401	925	2688	1.4134855349858602	31.9436419165717	43.4650170977982	30.951113	46.83187	337.89935	46816.0	41539.99	5276.01171875
europe	43	gp_mix	gp_mix	132	2140	1404	2688	1.4134855349858602	28.9331369699381	36.8279781779783	43.110928	52.841133	2127.7021	48329.0	33279.83	15049.171875
europe	43	gp_mix	gp_mix	133	15445	550	2688	1.4082557598749796	40.957066197902	58.4680162724836	49.219368	27.79444	2555.8354	31717.0	3385.0037	28331.996337890625
europe	43	gp_mix	gp_mix	133	22928	801	2688	1.4082557598749796	42.9327739642917	19.3299038939984	49.6557	43.382153	1982.5872	23915.0	20851.672	3063.328125
europe	43	gp_mix	gp_mix	133	13545	1139	2688	1.4082557598749796	37.7007679585915	58.5061929272667	31.34139	49.214077	1105.638	34078.0	43735.26	-9657.26171875
europe	43	gp_mix	gp_mix	134	34412	60	2688	1.413284134864807	57.1978936617769	39.324185213038	46.513626	27.955883	1417.5353	12574.0	2306.3906	10267.609375
europe	43	gp_mix	gp_mix	134	11079	816	2688	1.413284134864807	39.2920038831471	59.1961651568321	40.15977	32.045895	2314.886	37092.0	14023.158	23068.841796875
europe	43	gp_mix	gp_mix	134	7405	1212	2688	1.413284134864807	35.6413536435301	56.0322638122453	25.896994	45.33931	1487.1987	41750.0	43740.207	-1990.20703125
europe	43	gp_mix	gp_mix	135	38691	523	2688	1.4074432055155437	48.9216319389869	21.1174395025409	49.07865	26.937357	424.8187	8426.0	4218.291	4207.708984375
europe	43	gp_mix	gp_mix	135	31681	544	2688	1.4074432055155437	54.1834794585663	44.0715134552406	48.110893	40.148094	728.3115	15340.0	18167.014	-2827.013671875
europe	43	gp_mix	gp_mix	135	40799	1428	2688	1.4074432055155437	50.4402047252413	27.8122527860695	47.80746	33.373917	499.27817	6295.0	13403.763	-7108.7626953125
europe	43	gp_mix	gp_mix	136	45435	475	2688	1.4149874130884805	45.8165352775558	21.9083058537132	47.35124	26.692404	403.38788	608.0	8015.939	-7407.93896484375
europe	43	gp_mix	gp_mix	136	35933	938	2688	1.4149874130884805	61.8063773070573	44.5332814168748	48.7358	53.111023	1548.515	11048.0	25672.582	-14624.58203125
europe	43	gp_mix	gp_mix	136	15145	1328	2688	1.4149874130884805	41.7455451929192	55.6256164257603	36.279907	55.37548	608.13446	32072.0	40019.38	-7947.37890625
europe	43	gp_mix	gp_mix	137	38498	279	2688	1.4140182932217915	39.7277808947791	29.2117780528196	52.51342	50.400616	2150.6628	8658.0	26200.002	-17542.001953125
europe	43	gp_mix	gp_mix	137	28450	1080	2688	1.4140182932217915	40.2473204561806	33.4104784219077	42.30489	35.055435	266.89816	18563.0	14205.004	4357.99609375
europe	43	gp_mix	gp_mix	137	8039	1239	2688	1.4140182932217915	38.6222454703537	56.9106321268507	53.6999	50.176224	1753.0173	40905.0	25162.777	15742.22265625
europe	43	gp_mix	gp_mix	138	7858	224	2688	1.4069811304410298	40.1808201490914	58.6988960983175	39.199745	51.21465	649.41064	41132.0	38119.81	3012.19140625
europe	43	gp_mix	gp_mix	138	22894	227	2688	1.4069811304410298	37.2295935801137	-3.01206779561896	52.17237	30.33928	3074.9863	23935.0	2318.2637	21616.736328125
europe	43	gp_mix	gp_mix	138	31952	1270	2688	1.4069811304410298	59.5726290631109	43.9500269009791	47.228928	43.29256	1373.2316	15078.0	22488.613	-7410.61328125
europe	43	gp_mix	gp_mix	139	41103	277	2688	1.4121808807055156	54.2252145328393	41.780232565325	38.731976	49.09955	1809.2808	5970.0	39814.54	-33844.5390625
europe	43	gp_mix	gp_mix	139	10363	365	2688	1.4121808807055156	40.6190218732308	61.2860567671242	50.051853	46.300423	1567.0435	38000.0	22896.531	15103.46875
europe	43	gp_mix	gp_mix	139	41523	1041	2688	1.4121808807055156	49.4301157030907	23.4929116047862	40.450497	48.518803	2194.1423	5479.0	37962.004	-32483.00390625
europe	43	gp_mix	gp_mix	140	6833	126	2688	1.4067756136258442	33.3482238896629	52.3275165958723	49.4504	58.711433	1866.2736	42466.0	20770.932	21695.068359375
europe	43	gp_mix	gp_mix	140	10118	690	2688	1.4067756136258442	39.8387473219431	61.8290726467159	48.72174	60.690117	991.8643	38267.0	22436.656	15830.34375
europe	43	gp_mix	gp_mix	140	34202	1312	2688	1.4067756136258442	58.1671838949776	29.4321678326805	39.399273	49.628246	2536.7686	12792.0	18558.773	-5766.7734375
europe	43	gp_mix	gp_mix	141	13476	442	2688	1.414793320496877	38.0800077108351	63.0284106830631	43.097073	41.087048	1928.4851	34152.0	21767.273	12384.7265625
europe	43	gp_mix	gp_mix	141	36699	988	2688	1.414793320496877	50.5780997294424	4.90301761307018	38.936398	35.325176	2701.7715	10294.0	19448.053	-9154.052734375
europe	43	gp_mix	gp_mix	141	21973	1114	2688	1.414793320496877	38.326034232015	36.8056233437101	43.099266	26.017189	1051.6411	24832.0	5715.612	19116.38818359375
europe	43	gp_mix	gp_mix	142	33509	98	2688	1.4146276513735454	56.7645615518985	36.4093350605688	44.300243	58.045036	2047.6213	13472.0	33275.11	-19803.109375
europe	43	gp_mix	gp_mix	142	18210	329	2688	1.4146276513735454	39.4603583925588	62.8687239306053	27.591215	49.40016	1812.5692	28354.0	48052.582	-19698.58203125
europe	43	gp_mix	gp_mix	142	3780	879	2688	1.4146276513735454	29.9648585174651	42.1951073915049	45.146072	48.38333	1772.6273	46307.0	24126.506	22180.494140625
europe	43	gp_mix	gp_mix	143	11156	335	2688	1.4084580183029174	38.1207343220138	58.7933653592836	50.91178	40.727722	2008.2218	37002.0	11593.604	25408.396484375
europe	43	gp_mix	gp_mix	143	42555	593	2688	1.4084580183029174	53.314152918187	16.9256852806476	48.058018	43.867332	1972.4156	4191.0	17211.953	-13020.953125
europe	43	gp_mix	gp_mix	143	26880	995	2688	1.4084580183029174	46.9316844846967	1.22283960785271	39.22182	36.645405	2973.6292	20070.0	15196.222	4873.7783203125
europe	43	gp_mix	gp_mix	144	28781	293	2688	1.4111424644788106	47.2599863080999	4.10723203588124	46.48499	45.80431	3132.6506	18212.0	27187.383	-8975.3828125
europe	43	gp_mix	gp_mix	144	17366	1010	2688	1.4111424644788106	42.5603627935218	57.849148886923	46.080498	38.46504	1586.5721	29336.0	18042.42	11293.580078125
europe	43	gp_mix	gp_mix	144	1691	1023	2688	1.4111424644788106	30.2381791712779	32.7434539554463	53.286003	43.416958	2704.5247	48929.0	17570.135	31358.865234375
europe	43	gp_mix	gp_mix	145	35539	94	2688	1.4081517219543458	40.1198916515281	37.534571244591	39.948105	39.18144	141.50368	11475.0	22474.254	-10999.25390625
europe	43	gp_mix	gp_mix	145	26501	850	2688	1.4081517219543458	38.7375665597591	27.8738552131943	50.08194	38.05303	1495.2726	20484.0	14962.996	5521.00390625
europe	43	gp_mix	gp_mix	146	16575	359	2688	1.4145894368489584	40.0937077662939	60.8868990588292	41.58275	44.98673	1345.8685	30343.0	28544.031	1798.96875
europe	43	gp_mix	gp_mix	146	6729	438	2688	1.4145894368489584	34.8546588054135	49.7908298669372	44.309338	50.861828	1055.2834	42610.0	30827.19	11782.810546875
europe	43	gp_mix	gp_mix	146	21522	859	2688	1.4145894368489584	57.2400581030546	54.5085922013865	55.53993	49.828083	344.46097	25231.0	21901.057	3329.943359375
europe	43	gp_mix	gp_mix	147	17661	66	2688	1.4143913984298706	41.7370794004122	56.6339347991741	37.99366	35.652576	1833.4628	28991.0	23392.773	5598.2265625
europe	43	gp_mix	gp_mix	147	38394	534	2688	1.4143913984298706	37.680338547377	28.6304594854688	36.72946	52.67715	2126.4683	8750.0	39081.73	-30331.73046875
europe	43	gp_mix	gp_mix	147	40472	1371	2688	1.4143913984298706	50.2743927309073	35.6010467822661	39.042873	36.775574	1252.2944	6659.0	23963.418	-17304.41796875
europe	43	gp_mix	gp_mix	148	15983	173	2688	1.4083866675694783	40.3345706014771	62.4180740471628	43.033066	47.03103	1310.5006	31082.0	28735.654	2346.345703125
europe	43	gp_mix	gp_mix	148	37355	1057	2688	1.4083866675694783	40.7615058176402	32.832613018423	46.974094	28.577839	770.12897	9743.0	6688.9116	3054.08837890625
europe	43	gp_mix	gp_mix	148	43446	1155	2688	1.4083866675694783	45.3589646855665	25.9054927209075	45.52755	50.640747	1922.1656	3230.0	30709.547	-27479.546875
europe	43	gp_mix	gp_mix	149	45375	74	2688	1.4128930886586508	43.97108699993	21.598471361526	39.943905	32.607403	1013.3595	772.0	15748.622	-14976.6220703125
europe	43	gp_mix	gp_mix	149	15915	151	2688	1.4128930886586508	39.2473733392294	59.3069361560849	47.93309	43.573162	1588.1472	31182.0	25812.348	5369.65234375
europe	43	gp_mix	gp_mix	149	13311	1260	2688	1.4128930886586508	41.2321179994376	56.8270916787538	41.365433	33.7499	1922.1622	34337.0	16234.174	18102.826171875
europe	43	gp_mix	gp_mix	150	43194	77	2688	1.4075468222300211	48.6053276985609	25.5557370855677	36.51181	52.210358	2544.048	3463.0	30957.838	-27494.837890625
europe	43	gp_mix	gp_mix	150	32832	78	2688	1.4075468222300211	48.1993834424793	24.8995352132847	39.41253	53.89109	2504.3123	14194.0	30306.652	-16112.65234375
europe	43	gp_mix	gp_mix	150	28249	1313	2688	1.4075468222300211	56.159177070352	32.7649030066147	50.096622	50.03402	1329.5652	18764.0	20815.771	-2051.771484375
europe	43	gp_mix	gp_mix	151	7545	854	2688	1.4138020515441894	37.261691177706	56.3078206356851	36.266457	49.711475	597.79236	41549.0	33081.336	8467.6640625
europe	43	gp_mix	gp_mix	151	13364	994	2688	1.4138020515441894	39.7557306847815	61.6563299266632	49.05364	41.530567	1894.8104	34274.0	14786.184	19487.81640625
europe	43	gp_mix	gp_mix	151	662	1148	2688	1.4138020515441894	27.2482540535701	31.4255014545364	30.985119	47.049294	1572.0166	50169.0	33717.938	16451.0625
europe	43	gp_mix	gp_mix	152	39294	320	2688	1.4145045598347983	36.0387990755195	36.2669084513797	41.691284	34.501823	646.79535	7884.0	14783.156	-6899.15625
europe	43	gp_mix	gp_mix	152	42223	963	2688	1.4145045598347983	53.3505022604425	36.4372207373313	43.71038	39.508106	1095.2538	4593.0	20212.355	-15619.35546875
europe	43	gp_mix	gp_mix	152	1966	1105	2688	1.4145045598347983	32.4063163490027	38.3177228207161	33.984802	44.867123	634.04767	48549.0	35711.473	12837.52734375
europe	43	gp_mix	gp_mix	153	39048	448	2688	1.408241601785024	56.125429836423	41.9103769608567	50.99796	48.68686	724.12177	8120.0	22976.115	-14856.115234375
europe	43	gp_mix	gp_mix	153	16154	856	2688	1.408241601785024	42.7224979339758	59.3564117759157	50.952007	49.617443	1175.281	30850.0	23569.973	7280.02734375
europe	43	gp_mix	gp_mix	153	36594	885	2688	1.408241601785024	37.1124268866459	34.1901837027177	42.359127	33.983715	583.673	10432.0	16006.586	-5574.5859375
europe	43	gp_mix	gp_mix	154	42669	547	2688	1.411610480149587	47.7275377326661	6.54313912383471	55.750385	34.437805	2098.8154	4038.0	8076.794	-4038.7939453125
europe	43	gp_mix	gp_mix	154	34661	806	2688	1.411610480149587	45.8871413905391	17.414942885102	45.44189	24.489368	551.7912	12330.0	4147.6733	8182.32666015625
europe	43	gp_mix	gp_mix	154	4846	989	2688	1.411610480149587	30.194267068512	46.4881626169771	39.963863	60.49417	1670.9366	44984.0	34578.902	10405.09765625
europe	43	gp_mix	gp_mix	155	20948	55	2688	1.4077516754468282	41.247497380909	61.0452502026229	42.421345	46.531567	1208.0045	25750.0	28461.348	-2711.34765625
europe	43	gp_mix	gp_mix	155	2632	579	2688	1.4077516754468282	30.5095523127043	36.1171512270578	35.053185	38.087807	537.7322	47737.0	24711.775	23025.224609375
europe	43	gp_mix	gp_mix	155	19930	1000	2688	1.4077516754468282	42.0992245069716	58.6965425167801	39.452328	47.8772	956.60187	26804.0	32594.31	-5790.310546875
europe	43	gp_mix	gp_mix	156	7059	641	2688	1.414462927977244	33.7536917636554	54.994972398733	45.99339	40.505646	1832.9763	42198.0	17782.129	24415.87109375
europe	43	gp_mix	gp_mix	156	31687	723	2688	1.414462927977244	48.2806196046203	24.2497935355566	43.381912	51.425995	2162.3416	15327.0	33598.11	-18271.109375
europe	43	gp_mix	gp_mix	156	11571	1125	2688	1.414462927977244	42.5253993632515	60.6484192834436	51.81858	47.53785	1427.5768	36527.0	22265.967	14261.033203125
europe	43	gp_mix	gp_mix	157	31990	39	2688	1.4139901677767435	37.0935610273014	31.7764999414903	43.444866	46.80358	1454.3401	15051.0	25332.31	-10281.310546875
europe	43	gp_mix	gp_mix	157	5233	190	2688	1.4139901677767435	32.7423576490274	51.0563139082162	38.47651	47.831337	700.96704	44494.0	37964.566	6529.43359375
europe	43	gp_mix	gp_mix	157	15266	576	2688	1.4139901677767435	39.8791722696806	56.9657711014203	36.232494	49.162918	794.00665	31919.0	41621.836	-9702.8359375
europe	43	gp_mix	gp_mix	158	3713	653	2688	1.4077495257059733	27.8456173082805	41.0333292626671	39.151657	26.040316	1869.573	46376.0	15759.959	30616.041015625
europe	43	gp_mix	gp_mix	158	10373	1229	2688	1.4077495257059733	37.9600726675478	58.4547185638735	46.340332	23.382898	3009.4734	37977.0	10020.143	27956.857421875
europe	43	gp_mix	gp_mix	158	43843	1436	2688	1.4077495257059733	44.4642927367197	20.0081182311982	41.83604	24.909235	493.30194	2798.0	13301.853	-10503.8525390625
europe	43	gp_mix	gp_mix	159	27128	664	2688	1.4130457679430644	37.1438354244306	30.8350475716694	37.915455	54.90528	2118.3987	19825.0	33592.9	-13767.8984375
europe	43	gp_mix	gp_mix	159	4575	1161	2688	1.4130457679430644	30.7102838103088	48.6810376510369	39.295124	30.888979	1875.7035	45339.0	17444.48	27894.51953125
europe	43	gp_mix	gp_mix	159	13958	1389	2688	1.4130457679430644	39.8877263615298	63.2368051174839	34.528786	53.03213	1081.3844	33596.0	40766.78	-7170.78125
europe	43	gp_mix	gp_mix	160	27092	181	2688	1.407904573281606	48.6147719617215	13.279498056327	40.609577	35.45134	1958.0286	19857.0	16144.183	3712.8173828125
europe	43	gp_mix	gp_mix	160	30881	406	2688	1.407904573281606	38.6768635103388	35.5586041588105	42.97283	38.644962	543.6166	16148.0	18652.709	-2504.708984375
europe	43	gp_mix	gp_mix	160	2553	796	2688	1.407904573281606	30.950359701343	35.4662122597621	48.903133	43.318184	2102.7615	47840.0	20130.354	27709.646484375
