sim	exp	nam	typ	gro	ind	idx	snp	run	true_lat	true_lon	pred_lat	pred_lon	diff_space	true_tim	pred_tim	diff_time
europe	38	gp	gp	0	41517	44	4032	0.7253389954566956	57.5975768739416	35.8414074795135	56.63174	48.067673	744.87573	5468.0	18160.312	-12692.3125
europe	38	gp	gp	0	37861	118	4032	0.7253389954566956	47.6666244743717	3.39797248970252	50.98741	50.083805	3346.2585	9250.0	24915.39	-15665.390625
europe	38	gp	gp	0	5791	511	4032	0.7253389954566956	29.9269557257894	51.2378383782838	26.778362	49.18946	403.40326	43807.0	45249.812	-1442.8125
europe	38	gp	gp	1	10238	212	4032	0.719649096330007	40.4796735690085	57.7028001632235	44.12901	52.172016	609.28204	38132.0	30776.934	7355.06640625
europe	38	gp	gp	1	6002	414	4032	0.719649096330007	32.505825223989	52.1199928476129	38.503197	37.93762	1444.368	43543.0	19377.486	24165.513671875
europe	38	gp	gp	1	24096	812	4032	0.719649096330007	55.8107399249241	35.1358329463194	38.50883	41.369637	1978.822	22740.0	22594.197	145.802734375
europe	38	gp	gp	2	35501	114	4032	0.7212023774782816	38.0222815780417	38.1263306403452	40.79174	41.18341	404.6863	11513.0	17542.8	-6029.80078125
europe	38	gp	gp	2	32167	506	4032	0.7212023774782816	39.6266680318994	34.4866881035754	40.096622	42.27368	666.47595	14869.0	19078.838	-4209.837890625
europe	38	gp	gp	2	45376	843	4032	0.7212023774782816	39.0347939040604	-2.54539501818286	43.012886	46.76695	4100.804	771.0	21790.74	-21019.740234375
europe	38	gp	gp	3	32783	63	4032	0.717359705766042	47.9716303305564	23.5268834814022	43.977234	29.66338	649.35516	14253.0	8737.738	5515.26171875
europe	38	gp	gp	3	27031	787	4032	0.717359705766042	38.1917168596371	34.1380915796521	38.22758	33.722733	36.50912	19931.0	17639.26	2291.740234375
europe	38	gp	gp	3	14167	946	4032	0.717359705766042	41.1733359052756	59.0806298327452	38.551655	33.12932	2225.694	33376.0	16497.076	16878.923828125
europe	38	gp	gp	4	38456	257	4032	0.7201447526613871	38.5987428412494	35.4420214621576	41.535202	36.55685	340.01263	8681.0	15685.683	-7004.6826171875
europe	38	gp	gp	4	9174	326	4032	0.7201447526613871	41.8499460399477	56.8615219497753	41.611317	51.21581	469.16302	39467.0	32150.787	7316.212890625
europe	38	gp	gp	4	38068	1456	4032	0.7201447526613871	48.4693675860482	12.1069691204493	45.837143	51.261715	2942.638	9031.0	27494.387	-18463.38671875
europe	38	gp	gp	5	42576	353	4032	0.7173712690671284	44.4680168446108	18.3710671340034	47.353146	47.73929	2280.828	4162.0	25923.69	-21761.689453125
europe	38	gp	gp	5	11736	667	4032	0.7173712690671284	39.6359597497797	64.3181039884999	50.943768	46.154243	1888.0599	36279.0	22897.045	13381.955078125
europe	38	gp	gp	5	27061	754	4032	0.7173712690671284	57.0931123841306	53.07852135555	57.801422	49.188034	245.69456	19899.0	20697.303	-798.302734375
europe	38	gp	gp	6	14248	219	4032	1.4045741240183511	39.0935802129445	61.9388608792826	44.92238	24.234516	3152.2441	33287.0	5241.438	28045.56201171875
europe	38	gp	gp	6	8328	234	4032	1.4045741240183511	38.4952504696221	57.5518963903799	37.184235	52.308792	482.8602	40522.0	41370.273	-848.2734375
europe	38	gp	gp	6	29420	362	4032	1.4045741240183511	54.6894321288411	51.3870324676535	46.894997	52.971935	873.7713	17563.0	26433.854	-8870.853515625
europe	38	gp	gp	7	13698	541	4032	0.7214250961939493	39.7878993465107	56.7472923618419	47.393227	49.922955	1007.67816	33902.0	28021.281	5880.71875
europe	38	gp	gp	7	4442	1338	4032	0.7214250961939493	30.0023654354624	42.3177685565776	38.413628	33.969135	1208.8477	45493.0	17145.809	28347.19140625
europe	38	gp	gp	7	2240	1394	4032	0.7214250961939493	29.3103256455832	38.8152264154067	32.374344	47.110622	861.7901	48221.0	42262.95	5958.05078125
europe	38	gp	gp	8	4572	784	4032	0.7177339871724446	32.2107071188628	44.2145705091229	41.124817	49.58271	1100.1954	45352.0	33236.195	12115.8046875
europe	38	gp	gp	8	43789	951	4032	0.7177339871724446	50.4703016185216	15.9972365866472	51.335293	32.556408	1162.6743	2856.0	3790.3386	-934.338623046875
europe	38	gp	gp	8	17718	1438	4032	0.7177339871724446	41.2676107985385	61.4908655562683	40.693726	30.96885	2549.6965	28917.0	11674.981	17242.0185546875
europe	38	gp	gp	9	39916	149	4032	0.7207486629486084	53.7005236094667	49.2496085737833	43.89371	51.963047	1108.2163	7236.0	34874.32	-27638.3203125
europe	38	gp	gp	9	45071	743	4032	0.7207486629486084	47.4761251101504	23.5974050959309	48.50676	29.361395	443.85745	1351.0	5012.3027	-3661.302734375
europe	38	gp	gp	9	44800	1265	4032	0.7207486629486084	42.7127682634756	22.615858010325	52.895344	47.087955	2133.941	1743.0	21413.014	-19670.013671875
europe	38	gp	gp	10	18843	704	4032	0.7174082517623901	58.8884548521039	42.4091434519272	45.25065	45.617	1531.78	27913.0	22751.904	5161.095703125
europe	38	gp	gp	10	7197	1035	4032	0.7174082517623901	34.0842242550324	51.6718074463212	38.778713	52.459408	526.73047	41997.0	35613.367	6383.6328125
europe	38	gp	gp	10	8335	1152	4032	0.7174082517623901	35.1410545835864	58.5785073388961	28.955526	49.448944	1100.6531	40506.0	41013.367	-507.3671875
europe	38	gp	gp	11	6958	112	4032	1.4042970180511474	31.2006759405829	55.1215619693074	41.691628	59.360996	1226.1846	42321.0	37681.375	4639.625
europe	38	gp	gp	11	14593	711	4032	1.4042970180511474	37.5253955694613	61.8679915925219	48.69056	49.784073	1578.2599	32864.0	21965.115	10898.884765625
europe	38	gp	gp	11	20253	1321	4032	1.4042970180511474	39.8841100646229	61.7434576079314	38.363796	42.08622	1700.6356	26471.0	25496.113	974.88671875
europe	38	gp	gp	12	5391	499	4032	0.7211061398188273	31.8066945939006	50.1656911909317	29.378784	46.632366	432.68875	44307.0	43736.945	570.0546875
europe	38	gp	gp	12	25368	539	4032	0.7211061398188273	56.9964098763196	58.3583282706988	46.366596	29.184977	2306.8264	21578.0	4484.855	17093.14501953125
europe	38	gp	gp	12	40527	651	4032	0.7211061398188273	51.7582150933054	40.2136627225098	42.61738	51.54714	1326.012	6603.0	36533.344	-29930.34375
europe	38	gp	gp	13	4495	717	4032	0.7173585335413615	27.2392454851372	46.4261353683186	31.369116	46.72099	460.109	45418.0	44249.79	1168.2109375
europe	38	gp	gp	13	16689	894	4032	0.7173585335413615	40.9007328923811	61.8864364009685	43.41559	29.489637	2668.0796	30214.0	6473.613	23740.38720703125
europe	38	gp	gp	13	32860	1336	4032	0.7173585335413615	47.6541625833349	23.9408972014245	37.89398	35.158684	1416.9325	14156.0	18489.19	-4333.189453125
europe	38	gp	gp	14	33987	546	4032	1.4031492312749227	38.9495468339423	31.2937899710193	43.563725	35.14231	605.42303	13013.0	17987.934	-4974.93359375
europe	38	gp	gp	14	3138	820	4032	1.4031492312749227	30.098955670498	43.5342202655114	30.197765	42.532825	96.9121	47155.0	43692.598	3462.40234375
europe	38	gp	gp	14	15570	920	4032	1.4031492312749227	40.4608842388757	61.0805604499696	40.169113	36.50474	2077.1802	31541.0	20294.572	11246.427734375
europe	38	gp	gp	15	4175	1053	4032	1.3999049266179402	26.8596151584228	46.5954393441919	31.003403	44.042316	523.4383	45817.0	47079.406	-1262.40625
europe	38	gp	gp	15	8103	1062	4032	1.3999049266179402	38.2773182241327	58.0659533933643	32.626457	45.73829	1279.6575	40836.0	43705.58	-2869.578125
europe	38	gp	gp	15	17612	1186	4032	1.3999049266179402	39.6497563666324	58.4891940565177	51.68884	47.785595	1572.3229	29060.0	23538.191	5521.80859375
europe	38	gp	gp	16	27841	341	4032	1.4037680943806967	60.9228437170131	43.2247583169473	54.578144	38.55661	757.4608	19145.0	14123.309	5021.69140625
europe	38	gp	gp	16	31987	958	4032	1.4037680943806967	40.0883709184305	35.1865034448227	41.433968	30.955048	386.46524	15052.0	15483.776	-431.7763671875
europe	38	gp	gp	16	29740	1285	4032	1.4037680943806967	41.1287267632951	35.5889805175688	40.245846	34.29189	146.96194	17273.0	19551.38	-2278.380859375
europe	38	gp	gp	17	42954	120	4032	0.7223212401072184	53.039752654526	24.7008968320247	57.396317	37.90587	965.2639	3686.0	5560.858	-1874.85791015625
europe	38	gp	gp	17	29313	668	4032	0.7223212401072184	48.1542102534225	0.323681116947311	43.425148	47.08483	3606.6982	17640.0	27090.72	-9450.720703125
europe	38	gp	gp	17	44631	1124	4032	0.7223212401072184	42.6813117344114	24.7149514246735	54.325916	33.493248	1444.7825	1941.0	1238.7498	702.250244140625
europe	38	gp	gp	18	15797	223	4032	0.7173398454984029	42.7599316478913	57.0801751338074	42.1826	52.055496	417.02438	31299.0	37235.83	-5936.828125
europe	38	gp	gp	18	43230	413	4032	0.7173398454984029	42.5414680085358	23.3973173471527	48.699986	35.98039	1191.9735	3434.0	15236.88	-11802.8798828125
europe	38	gp	gp	18	7965	1122	4032	0.7173398454984029	37.9301503809517	54.8227926963746	41.644478	52.79656	447.79666	40980.0	38391.008	2588.9921875
europe	38	gp	gp	19	3284	355	4032	0.7207269112269084	29.0049520909327	44.0601571404228	42.850445	36.183495	1693.1061	46984.0	20059.969	26924.03125
europe	38	gp	gp	19	12451	371	4032	0.7207269112269084	37.3966377810528	62.1440912718244	42.13591	45.951256	1478.0471	35308.0	26013.049	9294.951171875
europe	38	gp	gp	19	8261	1433	4032	0.7207269112269084	37.4853315166887	56.1487061259151	45.568142	53.506172	925.1491	40612.0	31528.771	9083.228515625
europe	38	gp	gp	20	38966	201	4032	0.7177663882573445	59.862226177942	58.2178121381502	46.650425	45.05491	1703.2317	8189.0	20879.553	-12690.552734375
europe	38	gp	gp	20	5532	1157	4032	0.7177663882573445	32.0652887834136	51.9520905503001	33.63707	50.54753	218.5356	44149.0	37808.426	6340.57421875
europe	38	gp	gp	20	42029	1289	4032	0.7177663882573445	55.5651798123675	36.9190893583756	40.287918	43.016167	1756.783	4827.0	23296.094	-18469.09375
europe	38	gp	gp	21	26787	286	4032	0.7212532321612041	44.9185514762032	4.0544720597662	41.417873	55.61194	4128.685	20166.0	34166.285	-14000.28515625
europe	38	gp	gp	21	9787	869	4032	0.7212532321612041	37.8942457031233	62.2438100780812	41.173634	56.429443	617.5051	38653.0	35020.71	3632.2890625
europe	38	gp	gp	21	14701	1342	4032	0.7212532321612041	40.7737875513231	57.6388944887385	43.104813	44.959892	1079.1006	32714.0	22011.81	10702.189453125
europe	38	gp	gp	22	12398	2	4032	0.7210040728251139	37.8928083391232	62.8855568099032	28.565132	49.270485	1633.7349	35375.0	32941.63	2433.37109375
europe	38	gp	gp	22	35497	1061	4032	0.7210040728251139	43.5444757661429	26.2906066511456	58.528202	49.939117	2323.6858	11497.0	15999.434	-4502.43359375
europe	38	gp	gp	22	32946	1177	4032	0.7210040728251139	45.8658245912951	22.8988279321058	55.463585	47.34584	2010.7224	14082.0	15224.598	-1142.59765625
europe	38	gp	gp	23	3707	867	4032	0.7174331863721212	29.7370682161472	39.7349427362737	36.13573	54.911293	1582.3868	46398.0	39192.508	7205.4921875
europe	38	gp	gp	23	22809	985	4032	0.7174331863721212	37.0000413994579	33.6051930211286	50.697845	52.13366	2116.2498	24011.0	24607.898	-596.8984375
europe	38	gp	gp	23	7259	1170	4032	0.7174331863721212	35.0489457941201	51.2123813616227	40.962135	55.48164	756.22076	41934.0	35963.938	5970.0625
europe	38	gp	gp	24	23581	393	4032	0.7208661635716757	36.5073861563494	40.3240019625088	51.94441	51.452415	1926.9581	23274.0	24198.936	-924.935546875
europe	38	gp	gp	24	29842	889	4032	0.7208661635716757	57.442602365508	40.3324160059173	55.732418	50.07034	625.2087	17163.0	19640.742	-2477.7421875
europe	38	gp	gp	24	824	1044	4032	0.7208661635716757	28.7439940654516	33.9582496587757	46.552376	52.66353	2561.8442	49980.0	29776.715	20203.28515625
europe	38	gp	gp	25	812	640	4032	0.7180091738700867	29.3189300742952	35.8971269110075	39.228245	53.155727	1925.587	49998.0	40119.96	9878.0390625
europe	38	gp	gp	25	12889	849	4032	0.7180091738700867	42.1953612313936	59.3701250853255	41.094387	42.47539	1406.8508	34816.0	23835.154	10980.845703125
europe	38	gp	gp	25	24204	1380	4032	0.7180091738700867	38.1094846530522	33.1046526007912	41.834293	52.907555	1733.3077	22674.0	34610.85	-11936.8515625
europe	38	gp	gp	26	35567	131	4032	0.7219845573107402	55.5550858296316	55.7055368223132	50.820614	28.026783	1903.5002	11430.0	-2004.5835	13434.58349609375
europe	38	gp	gp	26	44359	1330	4032	0.7219845573107402	50.134759592963	4.57441028411522	46.01639	52.43709	3523.4514	2215.0	28172.188	-25957.1875
europe	38	gp	gp	26	26945	1345	4032	0.7219845573107402	49.306586734097	3.87883557505204	41.27272	43.23881	3166.1616	20019.0	21038.182	-1019.181640625
europe	38	gp	gp	27	25450	642	4032	0.7212756594022115	38.6545559850178	36.9360585183485	48.92386	53.884975	1769.1107	21501.0	19789.637	1711.36328125
europe	38	gp	gp	27	1730	755	4032	0.7212756594022115	30.7931930225153	38.2598695319389	40.07915	57.67135	2032.6912	48884.0	26736.674	22147.326171875
europe	38	gp	gp	27	43229	1043	4032	0.7212756594022115	49.5288157834728	25.2306748204435	38.23463	30.47174	1323.4034	3417.0	6550.973	-3133.97314453125
europe	38	gp	gp	28	3687	168	4032	0.7181573470433553	30.5634476661995	42.8890106540521	35.437313	52.625145	1056.5804	46416.0	38512.098	7903.90234375
europe	38	gp	gp	28	45170	316	4032	0.7181573470433553	46.2128342163623	10.4197343270622	52.180637	49.150085	2854.7937	1182.0	21850.184	-20668.18359375
europe	38	gp	gp	28	9086	1364	4032	0.7181573470433553	40.094181123295	62.7728414102351	39.676517	54.214645	731.4035	39580.0	36441.996	3138.00390625
europe	38	gp	gp	29	37825	40	4032	0.7214272220929464	57.3192390131375	28.3558878359928	50.81285	42.91984	1190.347	9283.0	12555.008	-3272.0078125
europe	38	gp	gp	29	41902	189	4032	0.7214272220929464	49.4961974305701	20.8211675627391	54.951866	49.828144	2049.8748	5019.0	16710.934	-11691.93359375
europe	38	gp	gp	29	1965	720	4032	0.7214272220929464	30.2951785697669	36.2047911628619	32.23128	54.47833	1748.0095	48550.0	34172.574	14377.42578125
europe	38	gp	gp	30	18213	140	4032	1.400851349035899	37.2867753730074	60.2287062548792	52.700676	55.565018	1751.8024	28352.0	24303.363	4048.63671875
europe	38	gp	gp	30	9618	873	4032	1.400851349035899	39.9732798710599	59.5760491858753	36.5286	58.988834	386.44492	38883.0	39562.95	-679.94921875
europe	38	gp	gp	30	40474	960	4032	1.400851349035899	52.5549817901685	38.8102154156313	42.429543	58.917583	1873.506	6656.0	30124.535	-23468.53515625
europe	38	gp	gp	31	20027	305	4032	1.4060728549957275	38.844216559936	63.532082628515	51.813316	34.2833	2675.6145	26704.0	8836.221	17867.779296875
europe	38	gp	gp	31	9910	622	4032	1.4060728549957275	43.4080165045691	60.4794293095517	41.349182	58.232983	294.01404	38486.0	37832.938	653.0625
europe	38	gp	gp	31	11540	699	4032	1.4060728549957275	41.0189855448563	57.9476441163655	45.021618	42.00452	1367.6498	36569.0	20529.855	16039.14453125
europe	38	gp	gp	32	28970	228	4032	0.7217893759409587	38.0415465042751	29.7525621613549	35.329285	46.359646	1509.0732	18011.0	30137.14	-12126.140625
europe	38	gp	gp	32	40958	937	4032	0.7217893759409587	43.963852002117	4.51986010200089	27.208735	43.943493	3971.6904	6140.0	33452.473	-27312.47265625
europe	38	gp	gp	32	20510	1160	4032	0.7217893759409587	61.0708590216556	35.7954262629384	28.758188	44.076332	3645.3616	26200.0	32392.527	-6192.52734375
europe	38	gp	gp	33	3608	46	4032	0.7186453342437744	31.6671216170332	41.4352911257506	31.122847	56.206985	1402.3009	46534.0	43403.14	3130.859375
europe	38	gp	gp	33	4760	381	4032	0.7186453342437744	29.4696542375928	45.8584430539363	34.110935	55.459724	1043.2211	45092.0	40060.6	5031.3984375
europe	38	gp	gp	33	5048	898	4032	0.7186453342437744	32.9384695766704	47.4571626360757	32.477226	56.30006	828.71606	44737.0	42500.574	2236.42578125
europe	38	gp	gp	34	32623	636	4032	0.7214126507441203	51.0661269732994	16.2926963368971	36.818443	37.183517	2288.6257	14406.0	14881.428	-475.427734375
europe	38	gp	gp	34	17094	990	4032	0.7214126507441203	39.7660708145085	58.3465891949218	30.163445	54.181313	1132.8416	29716.0	34834.76	-5118.76171875
europe	38	gp	gp	34	17766	1075	4032	0.7214126507441203	38.537185296817	60.5115555335946	35.602276	43.85243	1511.3569	28871.0	21781.201	7089.798828125
europe	38	gp	gp	35	6968	135	4032	0.7180233200391134	34.1280961161117	49.7441161920597	38.169575	45.655766	580.12115	42300.0	36818.098	5481.90234375
europe	38	gp	gp	35	29023	657	4032	0.7180233200391134	39.407321742185	34.8404714207673	45.28574	47.25621	1209.6864	17961.0	28383.445	-10422.4453125
europe	38	gp	gp	35	39943	1378	4032	0.7180233200391134	51.8682472942717	11.340270986062	45.494106	26.686518	1327.0469	7195.0	4583.6333	2611.36669921875
europe	38	gp	gp	36	22716	543	4032	0.7219376921653747	37.9177821018626	31.960318000661	39.791103	47.956554	1398.7856	24109.0	29335.271	-5226.271484375
europe	38	gp	gp	36	29699	1182	4032	0.7219376921653747	52.7772160194142	12.475087199989	39.085716	36.73465	2395.8413	17276.0	18666.62	-1390.619140625
europe	38	gp	gp	36	20827	1238	4032	0.7219376921653747	40.1881492226444	58.7719653396085	36.291336	40.446697	1654.6758	25857.0	23485.316	2371.68359375
europe	38	gp	gp	37	41417	97	4032	0.7216270605723063	38.5371889848687	32.2982975635039	41.825108	49.30248	1487.3628	5594.0	27936.848	-22342.84765625
europe	38	gp	gp	37	23518	467	4032	0.7216270605723063	48.624414145636	15.7701519661394	51.87713	30.277657	1090.836	23309.0	4119.0186	19189.9814453125
europe	38	gp	gp	37	23084	1280	4032	0.7216270605723063	56.7111684374824	53.5244892534217	40.256756	31.863369	2407.1704	23771.0	12057.015	11713.9853515625
europe	38	gp	gp	38	16160	674	4032	1.4008157849311829	42.4701371923765	59.6442086716036	41.03392	57.774006	222.63925	30835.0	37189.86	-6354.859375
europe	38	gp	gp	38	32284	709	4032	1.4008157849311829	38.0436179398776	37.5614480062224	40.338768	41.912712	453.5082	14745.0	23323.3	-8578.30078125
europe	38	gp	gp	38	17770	803	4032	1.4008157849311829	40.6609897936912	61.140059143674	44.41885	31.973108	2412.623	28861.0	14541.831	14319.1689453125
europe	38	gp	gp	39	34293	281	4032	0.7213451743125916	57.8447346218322	57.4046444968106	40.122997	50.488007	2031.6412	12692.0	31852.2	-19160.19921875
europe	38	gp	gp	39	37214	1063	4032	0.7213451743125916	54.3725498299168	46.8443091755263	41.580887	53.609795	1507.1915	9841.0	33509.613	-23668.61328125
europe	38	gp	gp	39	5363	1268	4032	0.7213451743125916	31.9580869320177	49.4770866273395	33.703213	49.752934	195.75311	44339.0	38320.703	6018.296875
europe	38	gp	gp	40	41228	41	4032	0.7179800232251485	55.2381350436215	37.4670919315262	50.377434	41.733784	611.59076	5799.0	14956.268	-9157.267578125
europe	38	gp	gp	40	24243	211	4032	0.7179800232251485	38.3938590509022	29.0503960385467	44.56056	49.341137	1818.0417	22639.0	25693.959	-3054.958984375
europe	38	gp	gp	40	40421	1002	4032	0.7179800232251485	45.0957485715603	20.9296532534105	41.81629	44.65785	1942.3044	6730.0	22887.166	-16157.166015625
europe	38	gp	gp	41	1308	549	4032	0.7224653244018555	29.9239460377425	33.3898606552031	33.06228	45.777634	1224.4053	49408.0	46598.29	2809.7109375
europe	38	gp	gp	41	37460	929	4032	0.7224653244018555	41.9786536818092	0.10996956724538	46.182663	25.47646	2069.8845	9628.0	3933.0842	5694.915771484375
europe	38	gp	gp	41	3674	1099	4032	0.7224653244018555	30.6542097909327	40.5863647192968	34.53717	40.421738	432.04068	46450.0	39892.22	6557.78125
europe	38	gp	gp	42	13669	27	4032	0.7216851592063904	42.3983953918645	60.8453688842901	45.613083	52.846104	732.3647	33938.0	30989.44	2948.560546875
europe	38	gp	gp	42	33578	260	4032	0.7216851592063904	59.9400082439797	34.108865796616	51.40615	27.846838	1025.8683	13414.0	-1956.4569	15370.456909179688
europe	38	gp	gp	42	3951	481	4032	0.7216851592063904	27.2496862051241	43.4202792282665	33.241646	53.181114	1149.2931	46075.0	42621.996	3453.00390625
europe	38	gp	gp	43	38669	83	4032	0.7181148648262023	36.1473903457824	37.9264784152636	46.226147	55.09998	1815.747	8469.0	27480.342	-19011.341796875
europe	38	gp	gp	43	1246	719	4032	0.7181148648262023	29.3284450437507	30.6226688989019	38.522434	58.20608	2729.4285	49490.0	38600.574	10889.42578125
europe	38	gp	gp	43	7383	1206	4032	0.7181148648262023	37.2005455744135	55.7816330774376	42.113625	57.545853	566.7628	41781.0	31103.732	10677.267578125
europe	38	gp	gp	44	37071	143	4032	1.4040222009023031	55.6748113597961	54.33591031685	53.797523	29.651917	1589.7124	9974.0	5575.087	4398.9130859375
europe	38	gp	gp	44	13835	832	4032	1.4040222009023031	37.7561374652921	59.8284993772756	51.247086	54.372265	1560.1825	33769.0	25576.982	8192.017578125
europe	38	gp	gp	44	4463	1015	4032	1.4040222009023031	29.980627536301	46.6530395433573	41.177917	38.12066	1463.0312	45468.0	20836.547	24631.453125
europe	38	gp	gp	45	2846	698	4032	0.7179617762565613	30.0678762072653	39.4998442513729	28.621052	51.127045	1137.9005	47489.0	37775.637	9713.36328125
europe	38	gp	gp	45	42266	1211	4032	0.7179617762565613	53.2524696165944	33.7914171683136	44.520107	50.63361	1561.597	4541.0	26736.533	-22195.533203125
europe	38	gp	gp	45	34317	1316	4032	0.7179617762565613	36.0731608118679	38.7254320209636	36.398243	38.867943	38.340538	12680.0	19438.385	-6758.384765625
europe	38	gp	gp	46	17283	459	4032	0.7220914761225382	37.9000863101754	56.6437490515101	47.017532	50.435196	1133.6605	29437.0	28698.59	738.41015625
europe	38	gp	gp	46	32315	730	4032	0.7220914761225382	38.5525167918675	30.3895301941145	39.16111	36.079086	497.19504	14709.0	17222.047	-2513.046875
europe	38	gp	gp	46	36899	1079	4032	0.7220914761225382	45.7839163408973	1.5966681352435	44.4618	47.26489	3536.8076	10108.0	26886.768	-16778.767578125
europe	38	gp	gp	47	35324	37	4032	0.7217695911725363	39.8186013649101	33.7105589131166	40.424816	44.883907	951.79974	11674.0	25682.055	-14008.0546875
europe	38	gp	gp	47	19576	1133	4032	0.7217695911725363	42.4012977809682	61.9545606978955	50.49037	31.003714	2513.9214	27146.0	922.2877	26223.712280273438
europe	38	gp	gp	47	28864	1183	4032	0.7217695911725363	40.5866472774199	37.994168154985	40.187546	37.45779	63.507023	18137.0	17828.59	308.41015625
europe	38	gp	gp	48	33719	360	4032	0.7182862480481466	39.4813897269994	35.513591789614	38.092518	38.711823	317.2911	13282.0	20524.904	-7242.904296875
europe	38	gp	gp	48	27525	1242	4032	0.7182862480481466	46.2562571899274	15.3766789234186	60.25509	49.043663	2680.9158	19417.0	16358.91	3058.08984375
europe	38	gp	gp	48	26171	1349	4032	0.7182862480481466	39.4914797441092	33.4621716003017	43.814133	42.916763	920.0346	20837.0	21616.188	-779.1875
europe	38	gp	gp	49	31128	462	4032	1.4040899952252706	43.5243138590634	16.9080645459211	38.9015	32.974747	1435.9803	15898.0	16491.387	-593.38671875
europe	38	gp	gp	49	7358	610	4032	1.4040899952252706	35.879052304637	58.1745964614186	31.823927	49.238472	939.7854	41814.0	43582.805	-1768.8046875
europe	38	gp	gp	49	28749	1295	4032	1.4040899952252706	56.5873214092718	48.22271082944	55.17734	35.250023	822.8234	18260.0	10764.835	7495.1650390625
europe	38	gp	gp	50	2265	700	4032	1.4003068566322328	29.8096906741168	37.1076366417861	32.687546	45.62837	870.5742	48195.0	46913.32	1281.6796875
europe	38	gp	gp	50	2420	831	4032	1.4003068566322328	29.7217558257891	39.194221488985	34.349422	51.948536	1306.4415	48007.0	44453.266	3553.734375
europe	38	gp	gp	50	5719	1237	4032	1.4003068566322328	31.9503818505106	50.8618111448785	39.503586	37.356552	1477.7552	43914.0	18490.629	25423.37109375
europe	38	gp	gp	51	3156	289	4032	0.7220551212628682	31.0456631856041	38.3844422267715	33.80549	47.32625	893.21045	47147.0	47084.875	62.125
europe	38	gp	gp	51	44297	813	4032	0.7220551212628682	49.7228502767608	21.0351107436926	55.877346	43.504593	1648.6426	2297.0	14785.376	-12488.3759765625
europe	38	gp	gp	51	16658	840	4032	0.7220551212628682	41.9048767716217	58.4709747142494	46.380882	53.400375	641.13025	30249.0	32480.074	-2231.07421875
europe	38	gp	gp	52	42758	707	4032	0.72172110080719	44.9050407413113	3.86788440615629	50.570614	36.04628	2466.074	3914.0	13459.939	-9545.939453125
europe	38	gp	gp	52	2183	1118	4032	0.72172110080719	27.060506161638	36.6072875780568	36.580612	52.139935	1805.5383	48270.0	41926.105	6343.89453125
europe	38	gp	gp	52	10812	1128	4032	0.72172110080719	37.6449655842233	63.2924921219095	54.491695	49.897877	2131.1282	37409.0	19739.008	17669.9921875
europe	38	gp	gp	53	27445	484	4032	0.7175320068995158	48.8190543544055	17.9732424450043	58.845978	45.1333	2080.2324	19503.0	13041.861	6461.138671875
europe	38	gp	gp	53	37455	644	4032	0.7175320068995158	57.0368710966394	32.995493031091	56.81179	46.813442	837.4722	9649.0	16279.035	-6630.03515625
europe	38	gp	gp	53	29354	1073	4032	0.7175320068995158	49.5981084834829	13.5562568280747	49.17228	45.005962	2260.301	17611.0	19140.182	-1529.181640625
europe	38	gp	gp	54	16789	1116	4032	0.7204206347465515	38.6547028635066	62.9250837664835	52.800365	50.397472	1843.2915	30085.0	21255.402	8829.59765625
europe	38	gp	gp	54	2944	1352	4032	0.7204206347465515	28.0235125682626	42.0354568331213	37.644814	53.437035	1507.3883	47391.0	41291.246	6099.75390625
europe	38	gp	gp	54	2537	1453	4032	0.7204206347465515	27.2965339316751	38.2251913385464	44.34382	58.03204	2590.528	47847.0	37081.086	10765.9140625
europe	38	gp	gp	55	20319	19	4032	0.7174584150314331	40.1841913506379	58.9323482314784	44.05884	49.859837	862.7046	26407.0	23158.13	3248.869140625
europe	38	gp	gp	55	24286	463	4032	0.7174584150314331	47.6694497998946	3.57544779882376	45.30165	54.217155	3816.5972	22587.0	26359.906	-3772.90625
europe	38	gp	gp	55	8939	961	4032	0.7174584150314331	39.1808497551777	59.7652983907721	40.923477	61.263176	231.9423	39783.0	36093.562	3689.4375
europe	38	gp	gp	56	43939	197	4032	0.7213745872179668	46.4626033733088	24.0917232816806	50.174263	34.98986	904.1823	2678.0	7478.6963	-4800.6962890625
europe	38	gp	gp	56	20504	429	4032	0.7213745872179668	40.4214331829931	58.7426170584084	37.786568	36.64648	1923.8198	26194.0	18851.78	7342.220703125
europe	38	gp	gp	56	5437	1215	4032	0.7213745872179668	30.8334357621735	52.6142398574082	44.449234	53.87685	1518.0304	44261.0	35359.58	8901.421875
europe	38	gp	gp	57	614	116	4032	0.721282136440277	30.6592303443916	29.7464217427556	33.782436	50.355385	1966.0918	50245.0	41063.547	9181.453125
europe	38	gp	gp	57	14342	290	4032	0.721282136440277	37.7722030658983	60.3984569383438	55.913605	47.94045	2220.775	33164.0	17048.688	16115.3125
europe	38	gp	gp	57	24242	1036	4032	0.721282136440277	57.9936462771047	51.1127010762339	50.523525	51.302513	830.73	22632.0	23661.531	-1029.53125
europe	38	gp	gp	58	30914	369	4032	0.7174866994222006	54.0538447626591	48.8098256773811	59.478085	45.781494	630.5852	16118.0	13433.602	2684.3984375
europe	38	gp	gp	58	8126	526	4032	0.7174866994222006	38.5850481629365	54.3072594716743	47.358883	47.531532	1119.5536	40824.0	23442.598	17381.40234375
europe	38	gp	gp	58	9862	561	4032	0.7174866994222006	41.9767691903289	59.9023024487892	43.072838	50.168156	806.4838	38557.0	29403.996	9153.00390625
europe	38	gp	gp	59	35560	111	4032	1.4031805753707887	38.3382164606435	38.9490912407123	44.629387	25.653265	1307.4768	11448.0	10343.69	1104.3095703125
europe	38	gp	gp	59	12272	1191	4032	1.4031805753707887	40.793486383194	61.4930289799497	41.251263	42.85859	1561.1011	35530.0	24117.549	11412.451171875
europe	38	gp	gp	59	4284	1329	4032	1.4031805753707887	32.677828351082	44.0947854286361	37.821712	58.478313	1423.8129	45682.0	36374.48	9307.51953125
europe	38	gp	gp	60	7808	268	4032	1.400152814388275	36.8920244663837	54.7884771199743	38.84935	51.07841	391.63748	41189.0	42658.28	-1469.28125
europe	38	gp	gp	60	38454	824	4032	1.400152814388275	48.8393262942235	9.90151374449749	42.516056	35.23871	2078.5742	8666.0	16877.13	-8211.130859375
europe	38	gp	gp	60	16212	1361	4032	1.400152814388275	39.287974106335	64.317222076522	45.764248	47.432358	1555.5016	30782.0	24176.068	6605.931640625
europe	38	gp	gp	61	42742	221	4032	1.4041351874669392	54.5522599718956	33.7485035291215	45.88694	30.41606	991.989	3939.0	12655.638	-8716.6376953125
europe	38	gp	gp	61	3470	1222	4032	1.4041351874669392	28.8393673687414	42.1441509481027	49.17182	31.918354	2422.1711	46718.0	12748.608	33969.3916015625
europe	38	gp	gp	61	27882	1471	4032	1.4041351874669392	38.3262201204768	36.0195497460217	41.492905	53.52673	1531.2808	19129.0	32854.92	-13725.921875
europe	38	gp	gp	62	6149	85	4032	0.7214480439821879	33.5239613128816	48.1939244715332	36.966904	40.420578	802.64764	43348.0	25265.334	18082.666015625
europe	38	gp	gp	62	19696	313	4032	0.7214480439821879	60.4237639400631	38.0893971120982	42.56917	50.568718	2156.6648	27030.0	27823.732	-793.732421875
europe	38	gp	gp	62	21680	714	4032	0.7214480439821879	38.6956275131793	35.406279978665	40.21426	44.668518	812.54144	25103.0	23693.232	1409.767578125
europe	38	gp	gp	63	36763	48	4032	0.7175105889638265	59.4062482058229	39.4062672356537	45.968307	47.03459	1577.7675	10229.0	25281.873	-15052.873046875
europe	38	gp	gp	63	28780	471	4032	0.7175105889638265	45.9736373080727	6.34077903618231	39.5937	51.363	3691.2349	18218.0	34905.38	-16687.37890625
europe	38	gp	gp	63	5563	768	4032	0.7175105889638265	32.1814457867461	47.4966355590317	29.742313	49.763435	346.78595	44098.0	41012.188	3085.8125
europe	38	gp	gp	64	39148	191	4032	0.7209110736846924	56.3858279534795	56.8776406880613	58.152813	44.69633	757.08856	8025.0	14385.018	-6360.017578125
europe	38	gp	gp	64	22806	819	4032	0.7209110736846924	56.3147808499144	51.6102829937124	46.175606	45.98549	1192.4913	24008.0	25362.49	-1354.490234375
europe	38	gp	gp	64	18206	880	4032	0.7209110736846924	38.583742198595	60.7615887149824	36.77901	48.121914	1129.3179	28369.0	35856.164	-7487.1640625
europe	38	gp	gp	65	16550	697	4032	0.7172797441482544	41.929790045762	58.5093698927776	53.519257	45.100918	1627.3344	30376.0	17398.693	12977.306640625
europe	38	gp	gp	65	25770	1180	4032	0.7172797441482544	48.1653612870039	-0.89922859532587	47.58783	49.198727	3669.4785	21179.0	26127.824	-4948.82421875
europe	38	gp	gp	65	14394	1477	4032	0.7172797441482544	39.1246928584518	62.870853667753	45.639904	54.115227	1019.6112	33091.0	32364.537	726.462890625
europe	38	gp	gp	66	16256	302	4032	0.7215011676152547	42.2377966483683	61.617101855413	43.38933	48.44642	1080.7734	30739.0	24947.99	5791.009765625
europe	38	gp	gp	66	7104	857	4032	0.7215011676152547	34.3986196843035	58.6235681740933	48.441685	51.83503	1659.2805	42128.0	25221.148	16906.8515625
europe	38	gp	gp	66	30818	1278	4032	0.7215011676152547	47.4006052665605	23.8887100180359	53.72463	52.378647	2114.6895	16207.0	22453.555	-6246.5546875
europe	38	gp	gp	67	9318	154	4032	0.7212432781855266	39.419047351088	57.9124112413997	42.921753	50.136578	758.02057	39289.0	28948.422	10340.578125
europe	38	gp	gp	67	20056	1020	4032	0.7212432781855266	57.0848491249935	30.6564661125161	48.581463	44.469326	1320.0629	26681.0	19056.809	7624.19140625
europe	38	gp	gp	67	29620	1283	4032	0.7212432781855266	51.3831200594489	18.8174867758209	54.761143	50.199528	2111.4128	17370.0	20916.713	-3546.712890625
europe	38	gp	gp	68	36698	595	4032	0.7176973263422648	38.2588977663363	27.3657043934015	43.43676	47.282825	1766.283	10310.0	26189.643	-15879.642578125
europe	38	gp	gp	68	41524	814	4032	0.7176973263422648	46.9737142372247	19.5118291268948	45.859814	44.58599	1917.912	5482.0	21383.67	-15901.669921875
europe	38	gp	gp	68	32071	876	4032	0.7176973263422648	38.9708103501024	35.3107180080906	39.18473	34.99316	36.2933	14954.0	15356.133	-402.1328125
europe	38	gp	gp	69	16308	246	4032	0.7207573135693868	37.9553487952806	63.0052883930909	42.22274	22.740305	3425.8135	30669.0	6154.699	24514.30078125
europe	38	gp	gp	69	20697	339	4032	0.7207573135693868	36.9167535081999	60.761223711425	60.85229	42.578552	2952.0376	25994.0	14613.87	11380.1298828125
europe	38	gp	gp	69	15341	924	4032	0.7207573135693868	40.1574256577991	59.104244053058	39.24789	38.34828	1774.5099	31828.0	22335.326	9492.673828125
europe	38	gp	gp	70	43540	196	4032	1.4002228021621703	51.874253397936	25.2288650413003	52.00933	54.464775	1990.5149	3122.0	24209.953	-21087.953125
europe	38	gp	gp	70	6759	878	4032	1.4002228021621703	33.3775683144714	51.0215659212981	37.661846	58.27895	810.9582	42567.0	38099.734	4467.265625
europe	38	gp	gp	70	26533	1117	4032	1.4002228021621703	55.0714090750925	44.6681899749903	56.6025	41.270245	271.98004	20434.0	14707.19	5726.8095703125
europe	38	gp	gp	71	32626	721	4032	0.7215950687726339	44.0336656251732	19.6555315982325	57.06732	41.92589	2121.2168	14400.0	9337.872	5062.1279296875
europe	38	gp	gp	71	44414	818	4032	0.7215950687726339	49.6692567821895	19.0355156249929	55.878036	40.08823	1567.0928	2158.0	7884.4595	-5726.45947265625
europe	38	gp	gp	71	13235	1077	4032	0.7215950687726339	37.6341050396161	63.4614580507288	37.971725	53.24673	897.7772	34430.0	35060.707	-630.70703125
europe	38	gp	gp	72	41358	327	4032	1.4040484150250754	52.2791013254469	9.70563284599875	46.853306	25.70458	1298.13	5646.0	9424.671	-3778.6708984375
europe	38	gp	gp	72	560	1086	4032	1.4040484150250754	30.4653969291557	32.0121060792082	39.114407	43.308987	1408.2156	50309.0	24845.385	25463.615234375
europe	38	gp	gp	72	43630	1208	4032	1.4040484150250754	51.5199878839635	23.8519628047214	42.811886	35.04806	1283.1943	3030.0	18946.088	-15916.087890625
europe	38	gp	gp	73	41996	729	4032	1.4002314647038778	48.893595412461	28.9783301065986	54.931335	47.94369	1457.4718	4885.0	21565.512	-16680.51171875
europe	38	gp	gp	73	15771	1048	4032	1.4002314647038778	40.0967399840994	59.3049000291879	46.282276	42.954273	1489.4238	31325.0	22435.086	8889.9140625
europe	38	gp	gp	73	2342	1051	4032	1.4002314647038778	26.5062192443276	38.6937400161132	38.658028	48.87337	1651.4202	48097.0	42231.773	5865.2265625
europe	38	gp	gp	74	16661	496	4032	0.7208816369374593	41.712121451075	56.2378442029786	46.690304	36.697083	1647.8767	30245.0	14326.935	15918.0654296875
europe	38	gp	gp	74	10516	759	4032	0.7208816369374593	38.5653111442788	61.6694741662679	34.25552	37.10628	2242.5496	37801.0	24641.664	13159.3359375
europe	38	gp	gp	74	31533	903	4032	0.7208816369374593	38.9935514917485	30.3084802007884	53.603172	46.977386	2057.837	15502.0	20203.688	-4701.6875
europe	38	gp	gp	75	16816	25	4032	0.7174623648325602	38.6144334889621	56.9744200363919	46.6091	42.617294	1469.4991	30054.0	16137.74	13916.259765625
europe	38	gp	gp	75	6285	426	4032	0.7174623648325602	32.3068493467227	49.7282499073238	31.467512	49.36701	99.36658	43170.0	32571.61	10598.390625
europe	38	gp	gp	75	23123	769	4032	0.7174623648325602	39.0135420974688	38.4938188624319	43.7771	46.90917	878.6253	23750.0	22340.307	1409.693359375
europe	38	gp	gp	76	22454	715	4032	0.7217121958732605	40.905748809388	31.9188277621715	43.866848	53.799446	1821.3726	24350.0	27905.15	-3555.150390625
europe	38	gp	gp	76	20055	998	4032	0.7217121958732605	54.9037414213589	45.0878001365271	40.908344	54.10956	1692.0305	26682.0	30832.783	-4150.783203125
europe	38	gp	gp	76	1418	1405	4032	0.7217121958732605	30.8688700136358	35.7176946200374	33.37176	51.673668	1526.5913	49297.0	44206.453	5090.546875
europe	38	gp	gp	77	28121	157	4032	0.7214156508445739	56.0990220956335	33.0538043500846	56.51565	36.825146	237.16727	18887.0	6817.5283	12069.4716796875
europe	38	gp	gp	77	18908	271	4032	0.7214156508445739	59.601579912272	29.8537729156525	45.30638	45.354454	1894.9459	27852.0	28710.701	-858.701171875
europe	38	gp	gp	77	28115	1031	4032	0.7214156508445739	57.7636595115783	34.8332272140819	58.178364	44.005623	542.45264	18890.0	15607.131	3282.869140625
europe	38	gp	gp	78	7879	420	4032	0.7175918102264405	38.3424496773879	54.989622842949	40.415104	44.91842	895.2055	41099.0	27626.557	13472.443359375
europe	38	gp	gp	78	24241	604	4032	0.7175918102264405	46.7494810222036	23.5763127772687	43.859795	45.032566	1702.9203	22624.0	25120.43	-2496.4296875
europe	38	gp	gp	78	127	1252	4032	0.7175918102264405	30.6116344145386	31.8114429721999	23.467693	41.493923	1244.2042	50886.0	42136.02	8749.98046875
europe	38	gp	gp	79	17890	76	4032	0.7204637487729391	42.8991943212781	57.9543262703576	49.194317	38.836025	1627.0562	28724.0	14422.032	14301.9677734375
europe	38	gp	gp	79	19948	250	4032	0.7204637487729391	38.3389329869541	38.2101449141647	50.804058	53.818157	1849.7054	26784.0	27604.443	-820.443359375
europe	38	gp	gp	79	34854	440	4032	0.7204637487729391	58.0415409400303	49.2303236596422	61.208996	36.18414	811.826	12154.0	3840.6353	8313.36474609375
europe	38	gp	gp	80	4218	59	4032	0.7175192276636759	29.4660985788241	44.5203052817378	44.676144	55.205517	1934.8934	45756.0	33997.883	11758.1171875
europe	38	gp	gp	80	25403	964	4032	0.7175192276636759	57.1904272955622	33.2666291494735	44.12542	54.228947	2056.1348	21546.0	33213.72	-11667.71875
europe	38	gp	gp	80	1690	1386	4032	0.7175192276636759	29.2180377210672	38.9286349421461	45.580227	51.678825	2133.7625	48937.0	29021.916	19915.083984375
europe	38	gp	gp	81	7192	205	4032	1.4047075033187866	33.4056395863909	53.4127477583585	40.288635	59.86925	956.36957	42010.0	34889.96	7120.0390625
europe	38	gp	gp	81	11404	613	4032	1.4047075033187866	42.2704758052198	60.618646923642	37.853653	56.43535	606.40845	36728.0	40041.8	-3313.80078125
europe	38	gp	gp	81	36901	1279	4032	1.4047075033187866	46.367607734186	7.75187684714359	38.22098	41.16979	2869.3218	10107.0	24393.707	-14286.70703125
europe	38	gp	gp	82	30252	91	4032	0.7214287320772806	40.8263666787524	32.1948022092947	42.04758	38.705585	559.3181	16820.0	18747.912	-1927.912109375
europe	38	gp	gp	82	22694	966	4032	0.7214287320772806	37.2834854446089	39.0856074857051	41.027504	39.94016	422.7793	24123.0	20786.445	3336.5546875
europe	38	gp	gp	82	512	1059	4032	0.7214287320772806	30.0639392541449	29.7424515522716	41.75773	53.82164	2515.4058	50367.0	36447.27	13919.73046875
europe	38	gp	gp	83	6000	416	4032	0.7178367336591085	30.6340413108501	52.5600337595578	57.02711	33.131836	3296.4497	43549.0	-73.23522	43622.23522186279
europe	38	gp	gp	83	8832	518	4032	0.7178367336591085	39.7511555580933	60.4091788144674	48.692318	49.03249	1342.6138	39953.0	30992.898	8960.1015625
europe	38	gp	gp	83	20511	1462	4032	0.7178367336591085	60.0886627400448	50.8834785974971	39.352116	34.488834	2573.1667	26200.0	17997.59	8202.41015625
europe	38	gp	gp	84	22489	529	4032	1.4032303412755331	50.6867858864473	25.016772639471	50.684128	30.969423	419.2548	24302.0	10265.4375	14036.5625
europe	38	gp	gp	84	15003	646	4032	1.4032303412755331	39.3939958588496	61.0404819667293	45.357376	43.546974	1578.2297	32279.0	20433.592	11845.408203125
europe	38	gp	gp	84	25758	1484	4032	1.4032303412755331	41.5424652299799	21.1491621836816	44.967705	45.311684	1985.721	21194.0	21588.918	-394.91796875
europe	38	gp	gp	85	12783	122	4032	1.4003016908963521	39.3050186958958	58.3956863241714	36.273	46.701077	1080.5889	34926.0	32414.648	2511.3515625
europe	38	gp	gp	85	22451	436	4032	1.4003016908963521	38.4404125939192	31.1680337800479	55.17292	46.35598	2179.843	24354.0	16873.602	7480.3984375
europe	38	gp	gp	85	16594	575	4032	1.4003016908963521	38.6426771015072	60.5245188575479	39.495857	31.82464	2468.9824	30320.0	16546.885	13773.115234375
europe	38	gp	gp	86	8133	444	4032	0.7216567595799764	39.5714978119557	59.3937609301873	32.308933	45.44558	1490.2417	40813.0	40760.785	52.21484375
europe	38	gp	gp	86	14420	1388	4032	0.7216567595799764	40.0284882042109	57.6779642146306	43.30077	49.04736	803.41644	33056.0	33137.594	-81.59375
europe	38	gp	gp	86	45121	1402	4032	0.7216567595799764	51.0025341418908	10.953148408517	47.54996	43.997116	2406.8474	1267.0	22851.441	-21584.44140625
europe	38	gp	gp	87	2108	909	4032	0.7212599635124206	28.0719310110859	36.681966328076	26.231165	48.218067	1159.1241	48361.0	43141.344	5219.65625
europe	38	gp	gp	87	19135	1317	4032	0.7212599635124206	59.0925290137479	38.7181880478641	48.527077	38.61855	1174.8424	27606.0	13118.06	14487.9404296875
europe	38	gp	gp	87	37700	1480	4032	0.7212599635124206	59.609401995274	48.8904269910975	42.120113	41.743034	2005.612	9404.0	20497.633	-11093.6328125
europe	38	gp	gp	88	11433	695	4032	0.7176883498827616	38.0373707035056	62.9053089784978	36.635307	43.76096	1696.6954	36700.0	22511.74	14188.259765625
europe	38	gp	gp	88	17690	911	4032	0.7176883498827616	40.8599786693553	59.5279368634159	48.842594	26.34828	2736.6162	28961.0	-2031.8606	30992.860595703125
europe	38	gp	gp	88	11183	916	4032	0.7176883498827616	38.0852247681693	60.3264655814706	44.398224	49.07117	1172.2529	36972.0	23110.5	13861.5
europe	38	gp	gp	89	11776	830	4032	0.7206484397252401	39.3369979991895	59.918581622629	37.788662	50.76932	813.52014	36212.0	42297.062	-6085.0625
europe	38	gp	gp	89	20507	1209	4032	0.7206484397252401	57.1546620881454	52.3691640246555	40.58909	36.058468	2182.0815	26201.0	18732.053	7468.947265625
europe	38	gp	gp	89	38240	1374	4032	0.7206484397252401	37.1695770665751	35.8595302891731	43.90995	49.770866	1391.292	8896.0	32342.508	-23446.5078125
europe	38	gp	gp	90	1367	11	4032	0.7175192793210348	31.6366235888778	36.3479143846692	29.81345	47.514584	1085.9374	49348.0	45707.66	3640.33984375
europe	38	gp	gp	90	10512	738	4032	0.7175192793210348	38.9208975768011	62.9467993229409	31.461628	47.496983	1627.306	37805.0	43323.355	-5518.35546875
europe	38	gp	gp	90	37768	770	4032	0.7175192793210348	58.7913725264386	30.3543638544334	44.46275	49.303127	2046.4729	9330.0	32397.76	-23067.759765625
europe	38	gp	gp	91	41744	591	4032	0.7219228426615397	48.9447584933681	17.3562232868628	39.61653	39.110973	2007.9784	5223.0	24130.291	-18907.291015625
europe	38	gp	gp	91	37828	1253	4032	0.7219228426615397	38.8489713758556	27.6452755755861	53.5046	47.20661	2204.4973	9288.0	22934.615	-13646.615234375
europe	38	gp	gp	91	22123	1362	4032	0.7219228426615397	37.9711113229943	32.4196898216134	42.660397	48.020515	1419.0972	24682.0	32859.734	-8177.734375
europe	38	gp	gp	92	3053	107	4032	1.4041409055391947	32.2378142156357	42.5602581446502	48.478165	25.122118	2321.781	47248.0	5022.949	42225.05078125
europe	38	gp	gp	92	8560	1234	4032	1.4041409055391947	39.4394684825426	59.4090493324524	32.058556	46.61657	1414.1127	40259.0	42892.527	-2633.52734375
europe	38	gp	gp	92	26437	1464	4032	1.4041409055391947	57.1448846660861	45.8724242260313	46.144558	24.103933	1922.3562	20529.0	5262.103	15266.89697265625
europe	38	gp	gp	93	28992	379	4032	1.4003186345100402	45.1951364285902	17.6763830960745	42.55292	54.2421	2920.4685	17977.0	34012.414	-16035.4140625
europe	38	gp	gp	93	11975	1201	4032	1.4003186345100402	42.1814564883432	61.8667845133972	32.356636	50.385468	1489.121	35932.0	43442.93	-7510.9296875
europe	38	gp	gp	93	35997	1297	4032	1.4003186345100402	57.0473578534791	45.8259336194753	42.84809	37.334778	1688.6893	10986.0	18987.273	-8001.2734375
europe	38	gp	gp	94	5230	419	4032	0.7207435925801595	27.7807968375251	47.4612169783369	34.276375	51.31209	809.94	44514.0	39652.797	4861.203125
europe	38	gp	gp	94	225	649	4032	0.7207435925801595	28.5267824490908	30.5476467932425	38.696297	53.6955	2413.749	50751.0	38191.04	12559.9609375
europe	38	gp	gp	94	37916	1143	4032	0.7207435925801595	45.4602733760151	6.66015295749808	36.526707	37.24306	2731.9028	9188.0	20415.4	-11227.400390625
europe	38	gp	gp	95	810	454	4032	0.7173734068870544	29.7522443454417	32.6542692398227	33.70564	48.59647	1568.616	50003.0	40645.418	9357.58203125
europe	38	gp	gp	95	25022	531	4032	0.7173734068870544	56.3236504406875	38.5175540744211	45.297817	51.89867	1539.3479	21906.0	29085.852	-7179.8515625
europe	38	gp	gp	95	39292	1334	4032	0.7173734068870544	45.5361206019841	10.7677844147459	48.232613	51.93058	3104.9524	7858.0	27240.732	-19382.732421875
europe	38	gp	gp	96	43356	73	4032	0.7217096606890361	49.7002452505462	24.784820895427	47.59396	46.04967	1574.2545	3296.0	20425.02	-17129.01953125
europe	38	gp	gp	96	15410	292	4032	0.7217096606890361	41.4789564125037	60.7340740284351	33.72854	52.135242	1146.1638	31762.0	37409.266	-5647.265625
europe	38	gp	gp	96	16850	1144	4032	0.7217096606890361	42.0745217919429	57.1700775504198	43.381668	50.741642	544.67035	30003.0	28471.807	1531.193359375
europe	38	gp	gp	97	42241	26	4032	0.7210204283396403	49.7445034257679	35.7339465218012	57.157898	42.72962	944.4588	4568.0	12712.874	-8144.8740234375
europe	38	gp	gp	97	31133	548	4032	0.7210204283396403	47.3610419768415	23.1737091077761	50.063206	34.037235	850.8519	15895.0	9511.413	6383.5869140625
europe	38	gp	gp	97	3246	577	4032	0.7210204283396403	31.0281062279508	39.9219834964681	43.0082	48.758953	1543.8866	47040.0	29615.1	17424.900390625
europe	38	gp	gp	98	31417	789	4032	1.400406265258789	52.6173647771166	23.8355168569244	56.744686	43.951756	1366.1748	15609.0	17142.506	-1533.505859375
europe	38	gp	gp	98	36619	1096	4032	1.400406265258789	37.0115641318485	38.3590478912773	42.38399	30.92041	872.215	10397.0	21751.98	-11354.98046875
europe	38	gp	gp	98	9886	1269	4032	1.400406265258789	37.1972046056811	62.0240565693831	38.94222	53.89169	737.5775	38523.0	37665.883	857.1171875
europe	38	gp	gp	99	847	522	4032	0.7207374850908915	30.7250505920953	35.7992463606865	37.98716	38.766506	852.0688	49973.0	24493.883	25479.1171875
europe	38	gp	gp	99	3712	871	4032	0.7207374850908915	29.2300512566937	44.8057522096418	39.63888	53.587383	1408.3679	46379.0	35830.727	10548.2734375
europe	38	gp	gp	99	16189	976	4032	0.7207374850908915	37.8884174950526	57.2668655119111	42.345646	49.69029	812.28937	30817.0	28694.354	2122.646484375
europe	38	gp	gp	100	42267	256	4032	0.7176052252451579	47.6532811994778	19.1243234233227	42.921215	45.272003	2101.1108	4541.0	26204.639	-21663.638671875
europe	38	gp	gp	100	26139	336	4032	0.7176052252451579	56.9195665266487	51.1257216583623	56.210922	41.659588	584.8055	20857.0	12291.099	8565.9013671875
europe	38	gp	gp	100	36001	1466	4032	0.7176052252451579	38.1692818585218	29.6778798923553	36.821228	33.779076	391.59116	11000.0	17509.055	-6509.0546875
