ind	co1	co2
42784	14.20688608155303	14.20688608155303
8161	15.367877657523588	15.367877657523588
12398	15.430393379604183	15.430393379604183
42047	14.267257188250296	14.267257188250296
43565	14.176864739622774	14.176864739622774
32738	14.739723480873604	14.739723480873604
43503	15.593127861958498	15.593127861958498
17147	14.568481600078707	14.568481600078707
11950	14.370842551256715	14.370842551256715
25801	15.212819760733277	15.212819760733277
9213	15.25596648699188	15.25596648699188
1367	15.128989343099445	15.128989343099445
12019	15.59789043926216	15.59789043926216
34824	15.345217987646242	15.345217987646242
1640	14.978242043068954	14.978242043068954
10621	14.657437213581673	14.657437213581673
43290	15.669824766357323	15.669824766357323
24719	14.755029910627082	14.755029910627082
40120	14.56049778775955	14.56049778775955
20319	14.362104478834754	14.362104478834754
16210	15.411164936440398	15.411164936440398
44272	14.160704805367281	14.160704805367281
37698	14.845147652813298	14.845147652813298
10482	14.2539210036814	14.2539210036814
6930	14.752141197960556	14.752141197960556
16816	15.252404592920156	15.252404592920156
42241	14.883832524880313	14.883832524880313
13669	14.836085745500649	14.836085745500649
42450	15.842508990782191	15.842508990782191
31033	14.401255893492374	14.401255893492374
8887	14.489712789572353	14.489712789572353
4578	15.244817579185098	15.244817579185098
26443	15.095896745603758	15.095896745603758
4025	15.4168002653181	15.4168002653181
3402	14.41510547240083	14.41510547240083
5788	15.87986597345537	15.87986597345537
7020	15.862172021505584	15.862172021505584
35324	15.786476467078831	15.786476467078831
17760	15.257277317693342	15.257277317693342
31990	14.579945411088822	14.579945411088822
37825	14.22294252739889	14.22294252739889
41228	15.458483140635852	15.458483140635852
21148	15.50280878641075	15.50280878641075
31419	14.611301570708825	14.611301570708825
41517	15.297149661945662	15.297149661945662
9048	15.080316282514369	15.080316282514369
3608	15.835907828342211	15.835907828342211
33452	15.769576079466596	15.769576079466596
36763	14.347484137576192	14.347484137576192
1478	15.369073984187613	15.369073984187613
31027	15.269283247238066	15.269283247238066
20360	15.692263235851055	15.692263235851055
556	16.149672485028816	16.149672485028816
45010	15.41512950499112	15.41512950499112
39491	15.505338521073824	15.505338521073824
20948	14.704568370264022	14.704568370264022
9397	15.248499233793451	15.248499233793451
35596	15.355128337663926	15.355128337663926
27745	15.021892632464203	15.021892632464203
4218	15.005172799149005	15.005172799149005
34412	15.535137408860717	15.535137408860717
20597	15.317327880987655	15.317327880987655
32045	15.25638496402713	15.25638496402713
32783	15.214398849424342	15.214398849424342
39881	14.45584598904635	14.45584598904635
26165	15.417610894388973	15.417610894388973
17661	14.969672775140253	14.969672775140253
2159	14.721997938538244	14.721997938538244
7542	14.173653051543786	14.173653051543786
23620	15.044790268216413	15.044790268216413
15622	14.840893223475401	14.840893223475401
43350	14.816691287155683	14.816691287155683
16711	14.9563710899356	14.9563710899356
43356	15.479972406736978	15.479972406736978
45375	15.19734938689107	15.19734938689107
45421	14.870356415461643	14.870356415461643
17890	15.190558166514604	15.190558166514604
43194	15.191814543877554	15.191814543877554
32832	14.623484589707077	14.623484589707077
33307	15.325475807853103	15.325475807853103
3777	14.056567625805348	14.056567625805348
33840	15.142945028381133	15.142945028381133
45210	15.518018630626866	15.518018630626866
38669	15.24505044410419	15.24505044410419
9026	16.043179580808122	16.043179580808122
6149	15.07795021812118	15.07795021812118
3823	14.592178820261553	14.592178820261553
30417	14.586990025988415	14.586990025988415
31504	14.578572028112205	14.578572028112205
24993	15.008417429322611	15.008417429322611
20503	14.74348665608415	14.74348665608415
30252	14.597024503671177	14.597024503671177
510	13.926762721644092	13.926762721644092
18306	16.082255166795374	16.082255166795374
35539	15.040688900395512	15.040688900395512
29427	15.475314231953863	15.475314231953863
27806	14.932479603155338	14.932479603155338
41417	14.19970002039166	14.19970002039166
33509	14.391658623627398	14.391658623627398
3560	15.67800097853618	15.67800097853618
14955	13.670687788712806	13.670687788712806
24605	15.366785030186627	15.366785030186627
26436	14.67367957614583	14.67367957614583
6409	15.362947517533529	15.362947517533529
22332	16.092058171489136	16.092058171489136
18689	15.074300695980558	15.074300695980558
15594	15.60990282824141	15.60990282824141
3053	15.104578228346853	15.104578228346853
5582	15.964052466860458	15.964052466860458
13337	14.32871554185404	14.32871554185404
10674	14.75050829664416	14.75050829664416
35560	15.5893100214182	15.5893100214182
6958	14.994816174037302	14.994816174037302
15855	14.288619744468624	14.288619744468624
35501	14.348421510937706	14.348421510937706
12443	15.39737371121461	15.39737371121461
614	14.753167465736906	14.753167465736906
9005	14.53348654123547	14.53348654123547
37861	14.957685055858258	14.957685055858258
42983	14.458754719774161	14.458754719774161
42954	14.64663292801106	14.64663292801106
17915	14.840689051965926	14.840689051965926
12783	15.06454949455393	15.06454949455393
17020	14.979738825462512	14.979738825462512
13652	15.214124302808427	15.214124302808427
2266	14.872497554275165	14.872497554275165
6833	14.41163189353235	14.41163189353235
14272	15.523954983576724	15.523954983576724
43387	15.21018334633432	15.21018334633432
16388	14.96522617652249	14.96522617652249
14599	14.764085093869115	14.764085093869115
35567	14.053467833529417	14.053467833529417
28637	14.90747785586521	14.90747785586521
4947	14.758157901246534	14.758157901246534
17910	14.70744044571004	14.70744044571004
6968	14.194972489152674	14.194972489152674
24599	15.032933095150977	15.032933095150977
31129	15.697643271013487	15.697643271013487
43833	14.992703533259009	14.992703533259009
32689	15.73046953637774	15.73046953637774
18213	15.134212702439408	15.134212702439408
14066	15.083880141731594	15.083880141731594
22492	15.313380719922105	15.313380719922105
37071	14.968239265194482	14.968239265194482
41313	15.416595633635728	15.416595633635728
7539	14.55562452317634	14.55562452317634
45301	15.016196626285257	15.016196626285257
28448	15.213996211141959	15.213996211141959
39056	14.079873394664467	14.079873394664467
39916	15.72339307166079	15.72339307166079
42390	15.638070434279896	15.638070434279896
15915	14.701008735738366	14.701008735738366
8835	14.841077201382385	14.841077201382385
6695	14.410018936629253	14.410018936629253
9318	15.688416045255495	15.688416045255495
42817	14.074323842399611	14.074323842399611
29356	14.815470652401654	14.815470652401654
28121	15.375218476356268	15.375218476356268
19875	15.02117210654283	15.02117210654283
42219	14.53312384673422	14.53312384673422
13064	14.682129294977761	14.682129294977761
1634	14.37643483379226	14.37643483379226
40714	14.434564803622042	14.434564803622042
42690	14.675768368185471	14.675768368185471
14765	14.718884694873562	14.718884694873562
29928	14.715488222492061	14.715488222492061
26699	15.759743059421938	15.759743059421938
18234	15.14671105485138	15.14671105485138
3687	15.291220629100778	15.291220629100778
20059	15.938110916056154	15.938110916056154
33009	14.529127668934386	14.529127668934386
23841	14.841387401431817	14.841387401431817
45105	14.69761888516457	14.69761888516457
15983	15.676697923238821	15.676697923238821
39460	13.899363070665443	13.899363070665443
45002	14.435995393360106	14.435995393360106
38420	15.554296555150861	15.554296555150861
31799	15.565784126408666	15.565784126408666
40366	15.305477240014714	15.305477240014714
21558	14.64576493037721	14.64576493037721
7498	15.43955643357756	15.43955643357756
27092	15.250014030687343	15.250014030687343
39293	14.406031001512945	14.406031001512945
31062	15.234750695332094	15.234750695332094
16404	14.853195758083812	14.853195758083812
32948	14.523185009790947	14.523185009790947
19281	14.472717085529174	14.472717085529174
9044	14.90130969405443	14.90130969405443
41440	15.694038383924486	15.694038383924486
41902	15.716406431293048	15.716406431293048
5233	15.920162740696188	15.920162740696188
39148	15.096518595247392	15.096518595247392
22359	15.528880681887054	15.528880681887054
42947	15.194685976977581	15.194685976977581
7499	14.722582481528068	14.722582481528068
1751	14.797860122155878	14.797860122155878
43540	14.997267346681692	14.997267346681692
43939	14.875233605559648	14.875233605559648
23297	15.002144639357127	15.002144639357127
42904	15.26451429121247	15.26451429121247
40332	14.599380351760667	14.599380351760667
38966	15.166378341684629	15.166378341684629
3471	15.3345213882869	15.3345213882869
40644	14.897603183784112	14.897603183784112
12537	15.365729606673362	15.365729606673362
7192	14.791882363781397	14.791882363781397
19872	14.693684728076658	14.693684728076658
6307	15.043310747978724	15.043310747978724
10921	15.666691806648444	15.666691806648444
3504	14.217811360459848	14.217811360459848
13388	15.69617445575058	15.69617445575058
24243	15.309763628833155	15.309763628833155
10238	15.025365057979386	15.025365057979386
28164	15.102679676287794	15.102679676287794
22203	14.844770963216412	14.844770963216412
31386	15.287741524007817	15.287741524007817
902	15.306553645516452	15.306553645516452
18116	15.278644848729357	15.278644848729357
2211	15.328948143000122	15.328948143000122
14248	15.234891692424025	15.234891692424025
27137	15.824071852383543	15.824071852383543
42742	15.927269946884374	15.927269946884374
44300	14.885417304254593	14.885417304254593
15797	15.160877802708365	15.160877802708365
7858	15.935867255416802	15.935867255416802
26532	14.273458431232594	14.273458431232594
44353	14.656048286145065	14.656048286145065
22894	14.902117024020614	14.902117024020614
28970	14.24947046159317	14.24947046159317
15120	14.725894594837639	14.725894594837639
6117	15.378872323721009	15.378872323721009
36832	15.18916544516964	15.18916544516964
879	14.972251376752697	14.972251376752697
20505	14.83787618946619	14.83787618946619
8328	14.958162323873742	14.958162323873742
37029	15.411520277960037	15.411520277960037
2532	14.488149455515106	14.488149455515106
14035	14.585211413661405	14.585211413661405
19950	14.62996581973987	14.62996581973987
42046	14.647771650966682	14.647771650966682
38159	15.056494146054284	15.056494146054284
6122	15.825569039310261	15.825569039310261
17237	15.198152022016624	15.198152022016624
44716	15.303545799150836	15.303545799150836
39656	14.186883792830866	14.186883792830866
44792	15.716373703765173	15.716373703765173
16308	13.921832213591014	13.921832213591014
13057	14.727268580845342	14.727268580845342
9545	15.802757422315448	15.802757422315448
7196	14.668308376612101	14.668308376612101
19948	15.18391691673955	15.18391691673955
16412	15.4800183754214	15.4800183754214
43863	15.520035659419174	15.520035659419174
25683	14.693403605788616	14.693403605788616
10009	15.361244044703641	15.361244044703641
22615	15.51464774587906	15.51464774587906
42267	15.262592496163057	15.262592496163057
38456	15.523883391589184	15.523883391589184
42286	15.540241445321954	15.540241445321954
19336	14.978150696177343	14.978150696177343
33578	15.11540620812731	15.11540620812731
13507	14.262654030372548	14.262654030372548
33453	15.139417093630708	15.139417093630708
30227	14.632286620827417	14.632286620827417
42453	14.506612546165929	14.506612546165929
4263	14.784710347576002	14.784710347576002
20681	14.77372174311109	14.77372174311109
4776	15.7574490091804	15.7574490091804
7808	14.525945828534072	14.525945828534072
32130	15.187082399451295	15.187082399451295
9908	15.742765388467928	15.742765388467928
18908	14.593901480796577	14.593901480796577
20453	15.899414042120481	15.899414042120481
22499	15.41681770086233	15.41681770086233
20592	14.858058799599	14.858058799599
84	15.888157333347241	15.888157333347241
18236	14.859297047543148	14.859297047543148
41103	15.495912316326981	15.495912316326981
6068	14.150566405136669	14.150566405136669
38498	14.971222856070067	14.971222856070067
25838	14.502667486173943	14.502667486173943
34293	14.204424625968157	14.204424625968157
1565	15.37529435319445	15.37529435319445
12058	15.139462858651651	15.139462858651651
5215	15.135273056077821	15.135273056077821
34320	15.576920493701119	15.576920493701119
26787	15.082905795864322	15.082905795864322
42760	15.90067795215062	15.90067795215062
1664	14.399494686121198	14.399494686121198
3156	14.887366697648142	14.887366697648142
14342	14.581679498836658	14.581679498836658
40282	14.951376297413194	14.951376297413194
15410	14.897010414277686	14.897010414277686
28781	14.335659770193626	14.335659770193626
37731	14.571227724381224	14.571227724381224
19362	15.418910946133217	15.418910946133217
40390	16.012338754024892	16.012338754024892
27028	15.22359548884061	15.22359548884061
4777	14.025476311111651	14.025476311111651
11237	14.89437782372176	14.89437782372176
32129	15.027046355919637	15.027046355919637
25682	15.582538456989786	15.582538456989786
16256	15.607545480633432	15.607545480633432
44637	14.372891256215153	14.372891256215153
30750	15.04818419394496	15.04818419394496
20027	14.847091364126237	14.847091364126237
41122	14.34417027230607	14.34417027230607
2530	15.255148109509227	15.255148109509227
4874	14.539924809053204	14.539924809053204
19784	14.839733854069149	14.839733854069149
34134	15.278981972533936	15.278981972533936
12116	14.391780460909372	14.391780460909372
24360	15.778534172182457	15.778534172182457
19696	15.01188715161877	15.01188715161877
12945	15.459958409786205	15.459958409786205
20857	14.087168762692635	14.087168762692635
45170	14.448806970257303	14.448806970257303
4822	16.009428246776732	16.009428246776732
42981	15.206282686956467	15.206282686956467
19137	15.564311773665532	15.564311773665532
39294	14.991835748884556	14.991835748884556
21977	15.837713399359076	15.837713399359076
35228	13.874316470359616	13.874316470359616
13450	14.386727204961513	14.386727204961513
12866	14.996259579963416	14.996259579963416
13270	15.393932211917475	15.393932211917475
9174	14.941991670002093	14.941991670002093
41358	14.625341862466795	14.625341862466795
11942	14.74909375608175	14.74909375608175
18210	14.942477878440954	14.942477878440954
39326	15.434963641669189	15.434963641669189
12053	14.721862519572971	14.721862519572971
9928	15.406102609035452	15.406102609035452
12063	15.338644777763703	15.338644777763703
21144	15.033618449547385	15.033618449547385
11156	14.94544636686019	14.94544636686019
26139	14.834832407852975	14.834832407852975
2074	16.48870545670187	16.48870545670187
32591	15.00721112567466	15.00721112567466
20697	15.52768072443495	15.52768072443495
12093	15.12321402253947	15.12321402253947
27841	15.238378810808754	15.238378810808754
38922	15.440239736882463	15.440239736882463
26883	15.325915651126442	15.325915651126442
18905	14.962841574330122	14.962841574330122
2814	14.858813367417373	14.858813367417373
32042	15.245760235420363	15.245760235420363
19660	15.452979210553279	15.452979210553279
20477	15.34337202913414	15.34337202913414
39151	14.614712539751244	14.614712539751244
19285	15.186120573001913	15.186120573001913
13838	15.230598390138464	15.230598390138464
25366	15.426736071964697	15.426736071964697
42576	14.391374928632223	14.391374928632223
17717	14.375379006288139	14.375379006288139
3284	15.499289496840227	15.499289496840227
21838	15.191918234767947	15.191918234767947
35011	14.932880377693403	14.932880377693403
27318	15.262420507018712	15.262420507018712
16575	15.520144495962711	15.520144495962711
33719	14.557862412322125	14.557862412322125
43254	15.26772610871231	15.26772610871231
29420	15.727776199245982	15.727776199245982
8036	15.496963097074138	15.496963097074138
39143	15.072053681001355	15.072053681001355
10363	14.880930207100649	14.880930207100649
21621	15.299079099636668	15.299079099636668
24842	15.742358598558607	15.742358598558607
42387	14.756986406900122	14.756986406900122
30914	13.843176741325893	13.843176741325893
30994	14.373961371086883	14.373961371086883
12451	15.084558640333784	15.084558640333784
24697	14.53717890577901	14.53717890577901
25841	14.563900140453262	14.563900140453262
7849	14.045374139088251	14.045374139088251
16772	15.285119070794165	15.285119070794165
33433	15.238042865152684	15.238042865152684
6194	14.766274343652125	14.766274343652125
31539	15.288250626456223	15.288250626456223
28992	15.044194949843579	15.044194949843579
33920	15.323317245181299	15.323317245181299
4760	15.485758026786977	15.485758026786977
43384	15.715579706839653	15.715579706839653
25864	15.231300944033034	15.231300944033034
11020	15.06683414928312	15.06683414928312
2973	15.491168022070635	15.491168022070635
6651	14.629599737726988	14.629599737726988
11946	15.412886481697258	15.412886481697258
11216	14.886716078841388	14.886716078841388
6193	14.954878847651374	14.954878847651374
15914	15.907198200303693	15.907198200303693
12371	15.513622055308517	15.513622055308517
44327	15.052228711495756	15.052228711495756
23581	14.552748524766434	14.552748524766434
41252	15.5752475843982	15.5752475843982
10384	15.087257169941639	15.087257169941639
41576	14.941354801081927	14.941354801081927
35303	14.5705970857545	14.5705970857545
32892	14.555608897013299	14.555608897013299
2787	14.48943186338491	14.48943186338491
39594	15.241569000538595	15.241569000538595
7475	15.205807217675504	15.205807217675504
2840	15.192052433234828	15.192052433234828
9429	14.815752802457864	14.815752802457864
41167	14.086450537050066	14.086450537050066
26104	14.767368886724567	14.767368886724567
30881	14.978685057165615	14.978685057165615
34665	14.918285458807716	14.918285458807716
12643	14.313409665412872	14.313409665412872
33137	15.672896781934686	15.672896781934686
35562	14.882298346406667	14.882298346406667
45441	14.435097336144707	14.435097336144707
26445	14.973874902558167	14.973874902558167
43230	13.962030334910692	13.962030334910692
6002	15.281546731417189	15.281546731417189
24202	14.802848144960466	14.802848144960466
6000	15.641055522728925	15.641055522728925
17146	14.808009272889004	14.808009272889004
28515	15.174786842171203	15.174786842171203
5230	14.203112479797824	14.203112479797824
7879	15.929547206492279	15.929547206492279
26753	14.266424680121279	14.266424680121279
16728	15.29643353291321	15.29643353291321
13389	15.214579436881165	15.214579436881165
18514	15.029862093712724	15.029862093712724
17686	14.45983775565238	14.45983775565238
6285	15.18980904542518	15.18980904542518
15338	13.652719817760985	13.652719817760985
18696	14.84545193239513	14.84545193239513
20504	15.198497134645503	15.198497134645503
22493	15.168641152236924	15.168641152236924
14769	15.227914870718283	15.227914870718283
15366	14.917316907583208	14.917316907583208
13832	14.929059929344469	14.929059929344469
12203	15.903229527076299	15.903229527076299
16799	15.176128785685602	15.176128785685602
22451	14.188553112826153	14.188553112826153
10924	15.010196244710698	15.010196244710698
6729	14.687774259041907	14.687774259041907
30125	14.08530942871212	14.08530942871212
34854	13.927753046704966	13.927753046704966
32400	14.814441729246559	14.814441729246559
13476	15.61908995877401	15.61908995877401
9459	14.765441268372589	14.765441268372589
8133	14.541884318139411	14.541884318139411
36360	15.360800758635587	15.360800758635587
2459	16.185582040098176	16.185582040098176
17363	14.932190040008713	14.932190040008713
39048	15.387191769352716	15.387191769352716
45068	14.178886310109775	14.178886310109775
43161	14.400509500035076	14.400509500035076
17364	14.878324950532274	14.878324950532274
25730	14.644533555227321	14.644533555227321
20727	15.040636628523837	15.040636628523837
810	14.762376596748693	14.762376596748693
19456	14.808611483505219	14.808611483505219
15799	14.298988156292355	14.298988156292355
32313	14.587397766643088	14.587397766643088
16155	15.1949580144079	15.1949580144079
17283	15.341338997996479	15.341338997996479
19843	14.862163225945517	14.862163225945517
12644	16.095620350021285	16.095620350021285
31128	14.897077626448095	14.897077626448095
24286	14.880242530575886	14.880242530575886
21585	16.901888401307158	16.901888401307158
36728	15.562536742185117	15.562536742185117
5680	14.802076650010793	14.802076650010793
23518	15.373400248092333	15.373400248092333
18620	14.422887336576327	14.422887336576327
34817	15.21502178033616	15.21502178033616
36416	16.222911436834995	16.222911436834995
28780	15.075105797784454	15.075105797784454
4462	15.442774733359116	15.442774733359116
30787	14.676972715278005	14.676972715278005
22646	15.152737255372207	15.152737255372207
45435	14.697516593540188	14.697516593540188
12370	15.270553608119315	15.270553608119315
15041	14.415048396402513	14.415048396402513
25903	14.454362500981768	14.454362500981768
28833	15.031490262616472	15.031490262616472
21523	15.085785286305509	15.085785286305509
3951	15.206040698186873	15.206040698186873
31986	14.466303120028373	14.466303120028373
557	15.17624955782841	15.17624955782841
27445	14.236302701717797	14.236302701717797
5144	15.621681145382347	15.621681145382347
15264	15.130008661501437	15.130008661501437
4759	15.138699833974131	15.138699833974131
5118	14.853346208119563	14.853346208119563
42087	15.188519783876409	15.188519783876409
41283	14.911640112186351	14.911640112186351
41308	14.48941684957761	14.48941684957761
13976	15.17448856255073	15.17448856255073
2387	15.918314333167517	15.918314333167517
27597	14.399186597203165	14.399186597203165
38990	15.117357663158856	15.117357663158856
16661	14.600400627163092	14.600400627163092
23770	14.838046990148491	14.838046990148491
5974	15.104592761603213	15.104592761603213
5391	14.372805456957904	14.372805456957904
2504	14.475320067248283	14.475320067248283
9692	16.492707655664	16.492707655664
29617	14.647593874623944	14.647593874623944
37155	14.72818525448346	14.72818525448346
17739	15.443345633344777	15.443345633344777
8079	14.907096947582431	14.907096947582431
32167	15.020039711619244	15.020039711619244
45174	15.135782344941951	15.135782344941951
42932	15.389835829243387	15.389835829243387
16254	15.181880290819002	15.181880290819002
8078	15.0619198844649	15.0619198844649
5791	15.499122001170864	15.499122001170864
1775	14.954103859724745	14.954103859724745
6217	15.140631753101491	15.140631753101491
25264	14.614167486218271	14.614167486218271
25769	15.351964491221068	15.351964491221068
1873	15.430897966054701	15.430897966054701
19748	14.823654050805967	14.823654050805967
8832	14.359963458984327	14.359963458984327
13570	14.568412539436137	14.568412539436137
19664	14.805175171895135	14.805175171895135
34507	14.21781090355095	14.21781090355095
847	15.009193790113095	15.009193790113095
38691	16.15505546485782	16.15505546485782
10410	14.928616298001641	14.928616298001641
28669	15.201984609842656	15.201984609842656
8126	15.154762022413804	15.154762022413804
23263	15.882270632151053	15.882270632151053
11604	14.808045872073563	14.808045872073563
22489	14.9122671632942	14.9122671632942
4471	14.948180690046454	14.948180690046454
25022	15.370632338198131	15.370632338198131
38272	15.338688478408727	15.338688478408727
24168	15.293137388454799	15.293137388454799
38394	15.92613431287836	15.92613431287836
45451	14.468607488541045	14.468607488541045
21891	14.605547915454633	14.605547915454633
36320	15.007679939577244	15.007679939577244
24934	15.008436135820517	15.008436135820517
25368	14.578164678054799	14.578164678054799
35472	14.926959851841078	14.926959851841078
13698	15.13566182083615	15.13566182083615
25167	16.268097756243527	16.268097756243527
22716	15.508929917491779	15.508929917491779
31681	15.15291505382529	15.15291505382529
16666	16.171391262527724	16.171391262527724
33987	14.311124574188595	14.311124574188595
42669	14.969652766638854	14.969652766638854
31133	14.973979175283336	14.973979175283336
1308	15.270570133322163	15.270570133322163
15445	15.10976266084793	15.10976266084793
6353	15.361041359229006	15.361041359229006
38589	15.808100418501345	15.808100418501345
44914	15.509814998239284	15.509814998239284
13776	14.961970585730985	14.961970585730985
35200	15.007081029785432	15.007081029785432
8333	14.4748469386554	14.4748469386554
10622	15.958352641970315	15.958352641970315
11693	14.817807440575338	14.817807440575338
25486	14.856115767756581	14.856115767756581
33605	14.807875909727494	14.807875909727494
9862	15.044610778479806	15.044610778479806
32337	15.924590556144786	15.924590556144786
757	15.159988201410597	15.159988201410597
14229	14.702495799689318	14.702495799689318
42201	15.272714501600534	15.272714501600534
42744	15.07533210280368	15.07533210280368
19780	14.353853075167462	14.353853075167462
39596	15.37857294796617	15.37857294796617
1417	14.873708553203224	14.873708553203224
34414	14.684523050009304	14.684523050009304
43841	15.184432451863183	15.184432451863183
929	14.964972184006491	14.964972184006491
14519	14.344593034235231	14.344593034235231
28032	15.005270746018937	15.005270746018937
16594	14.919560985102436	14.919560985102436
15266	15.190155901759196	15.190155901759196
3246	14.290821216463492	14.290821216463492
17482	15.198319607547248	15.198319607547248
2632	15.389353357952876	15.389353357952876
23517	14.923724962854534	14.923724962854534
3181	15.135500677184831	15.135500677184831
2849	15.644323016549926	15.644323016549926
27919	14.874231096381951	14.874231096381951
16664	14.793262546343547	14.793262546343547
26793	15.15530540683437	15.15530540683437
43414	15.055475397679128	15.055475397679128
24593	13.998815584365248	13.998815584365248
9260	14.611230617734218	14.611230617734218
30258	15.042586933879123	15.042586933879123
4715	14.592136919117117	14.592136919117117
41744	14.737987913476614	14.737987913476614
40119	14.935937451846376	14.935937451846376
42555	15.31144125613205	15.31144125613205
28163	15.841162279973032	15.841162279973032
36698	15.354110349804884	15.354110349804884
26226	15.604455105151205	15.604455105151205
2176	14.544210290006243	14.544210290006243
26758	14.450736869441174	14.450736869441174
20429	15.01507607737239	15.01507607737239
29950	15.534682516140212	15.534682516140212
27450	14.874770654856409	14.874770654856409
33847	15.229171110417258	15.229171110417258
12535	15.050479547412264	15.050479547412264
24241	15.12620202212483	15.12620202212483
29348	15.466761950962105	15.466761950962105
17098	16.140580589443964	16.140580589443964
38797	14.591090058982392	14.591090058982392
5660	15.783408282672397	15.783408282672397
33240	14.972286161472635	14.972286161472635
7358	15.499898944666297	15.499898944666297
931	15.61287601516889	15.61287601516889
5454	14.641109363114078	14.641109363114078
11404	14.725979700780686	14.725979700780686
10485	14.862410664694119	14.862410664694119
44487	14.628590297839677	14.628590297839677
22027	15.572974546785012	15.572974546785012
4411	15.069067421495257	15.069067421495257
10788	14.771750639363082	14.771750639363082
24990	15.640245810310784	15.640245810310784
12753	15.35549903693816	15.35549903693816
16192	15.022692799464211	15.022692799464211
9910	16.04885856196484	16.04885856196484
4920	15.738852665703067	15.738852665703067
41020	14.130124492017673	14.130124492017673
32312	14.68320417991401	14.68320417991401
9424	14.3424524283442	14.3424524283442
42000	14.953290327455719	14.953290327455719
15971	15.71178296260268	15.71178296260268
36894	14.255308602005426	14.255308602005426
7106	15.513155226934972	15.513155226934972
16604	15.202551397838617	15.202551397838617
32921	14.783423421647575	14.783423421647575
18398	14.708104261744598	14.708104261744598
25640	15.100779752142484	15.100779752142484
2945	13.773810732252707	13.773810732252707
32623	14.401012794114715	14.401012794114715
37295	15.509668512595136	15.509668512595136
12292	15.063695779131349	15.063695779131349
26012	14.478813867008961	14.478813867008961
812	15.121702238738855	15.121702238738855
7059	14.788403033847644	14.788403033847644
25450	15.061061725428992	15.061061725428992
16822	15.387566360921406	15.387566360921406
37455	14.258616270741138	14.258616270741138
10235	15.463953622218288	15.463953622218288
15003	14.023360209429297	14.023360209429297
36835	15.479780312086978	15.479780312086978
11432	14.220066405570295	14.220066405570295
225	15.10071084663038	15.10071084663038
31890	14.949628864082669	14.949628864082669
40527	14.800172736499054	14.800172736499054
4644	14.961193927553744	14.961193927553744
3713	14.302973956274203	14.302973956274203
13873	14.213727241307634	14.213727241307634
24126	15.407707401594134	15.407707401594134
19985	13.918787044135978	13.918787044135978
29023	14.104615869828166	14.104615869828166
35930	15.186688198841928	15.186688198841928
4548	15.130606834507972	15.130606834507972
28185	15.747277272268398	15.747277272268398
6426	15.437102165463285	15.437102165463285
26194	14.737022690526949	14.737022690526949
23497	15.000708567974602	15.000708567974602
27128	16.011217416913176	16.011217416913176
123	15.50886547057328	15.50886547057328
23618	14.671565958388848	14.671565958388848
11736	14.180998808954254	14.180998808954254
29313	14.987816165747729	14.987816165747729
29547	15.01477223948127	15.01477223948127
10739	14.203660745821658	14.203660745821658
33785	15.153488442407102	15.153488442407102
3867	14.957198546087016	14.957198546087016
7317	14.496274302695106	14.496274302695106
16160	15.478262633256541	15.478262633256541
33843	15.424500002553435	15.424500002553435
36071	13.815587214662349	13.815587214662349
3950	14.70493520778068	14.70493520778068
6279	15.041740450245571	15.041740450245571
37488	14.788039406937406	14.788039406937406
43812	14.890844683878568	14.890844683878568
20724	14.797141628749108	14.797141628749108
17048	14.451218881848607	14.451218881848607
37860	15.603848162849408	15.603848162849408
601	14.236602564707576	14.236602564707576
40933	15.157111427072703	15.157111427072703
38043	14.79108105269603	14.79108105269603
15858	14.479665213455448	14.479665213455448
28723	15.051789885829848	15.051789885829848
20654	15.39220107876269	15.39220107876269
10118	16.359548006961766	16.359548006961766
28869	14.410520010798193	14.410520010798193
14541	15.078588274816283	15.078588274816283
32858	14.715082968926794	14.715082968926794
26791	14.565091349907991	14.565091349907991
11433	15.293646629782483	15.293646629782483
2660	14.279451243725802	14.279451243725802
16550	15.214327752322568	15.214327752322568
2846	14.813044817361293	14.813044817361293
11540	15.575652455271099	15.575652455271099
2265	14.662346462366468	14.662346462366468
20370	14.212115272017465	14.212115272017465
45438	14.685374223536362	14.685374223536362
17592	14.569724688089781	14.569724688089781
18843	15.578176814559733	15.578176814559733
38671	14.942382653030391	14.942382653030391
9110	15.72468052073412	15.72468052073412
42758	15.183005350260565	15.183005350260565
36173	15.179117786608675	15.179117786608675
32284	14.84255816013179	14.84255816013179
33303	15.284859230145239	15.284859230145239
14593	14.954653682128077	14.954653682128077
43732	15.72590070370488	15.72590070370488
40553	15.742856450902417	15.742856450902417
21680	14.541187200078591	14.541187200078591
22454	14.697555034096675	14.697555034096675
43141	15.632000694804097	15.632000694804097
4495	13.71284808617688	13.71284808617688
23348	14.093790773872707	14.093790773872707
1246	14.681101223824387	14.681101223824387
1965	14.600912293576059	14.600912293576059
32626	15.020671823479258	15.020671823479258
25399	15.554895626092136	15.554895626092136
31687	15.579329666483277	15.579329666483277
35840	15.660848641164959	15.660848641164959
6121	14.793991129761217	14.793991129761217
10097	14.423149024342843	14.423149024342843
32374	14.425024021033167	14.425024021033167
10049	15.300269751057979	15.300269751057979
41996	14.495125866533632	14.495125866533632
32315	14.956415430738907	14.956415430738907
20855	14.527156890551352	14.527156890551352
17093	15.368508809217136	15.368508809217136
4130	15.176159493108013	15.176159493108013
19810	15.399337011913227	15.399337011913227
32888	14.57632142469225	14.57632142469225
23649	14.519376345205663	14.519376345205663
28751	15.090870554590488	15.090870554590488
10512	14.560245802158768	14.560245802158768
5044	14.423704584740289	14.423704584740289
23295	15.734121655715885	15.734121655715885
1386	15.641153125666296	15.641153125666296
31763	16.27778807913493	16.27778807913493
45071	14.884361371096661	14.884361371096661
2291	14.626938777788231	14.626938777788231
31136	14.944668117191254	14.944668117191254
24600	14.746955046104386	14.746955046104386
24059	15.185759628765629	15.185759628765629
27227	14.551285323162118	14.551285323162118
35965	15.219336931630917	15.219336931630917
2634	14.42197083785852	14.42197083785852
14225	15.446170681266384	15.446170681266384
3503	14.244900674598794	14.244900674598794
24455	14.770470430352727	14.770470430352727
27061	15.358124218934924	15.358124218934924
1730	15.090926314497583	15.090926314497583
16281	15.731693773175536	15.731693773175536
30028	15.631046093795407	15.631046093795407
24809	14.52408027311136	14.52408027311136
10516	14.964039505308989	14.964039505308989
15482	15.693073892667142	15.693073892667142
5334	14.552316440720992	14.552316440720992
28307	14.48855788243091	14.48855788243091
10673	16.14277971332551	16.14277971332551
14273	14.71828288566942	14.71828288566942
25267	15.27615884369084	15.27615884369084
10120	15.771030215321673	15.771030215321673
32307	14.318605127184743	14.318605127184743
5563	15.23137181018528	15.23137181018528
23123	14.474537899610148	14.474537899610148
37768	14.829369604068278	14.829369604068278
16026	15.662702469014144	15.662702469014144
17145	14.985216208877944	14.985216208877944
31282	14.750696600543149	14.750696600543149
33752	15.500518356144223	15.500518356144223
4520	14.799492886826602	14.799492886826602
32311	14.546503418684456	14.546503418684456
11720	13.84824602932312	13.84824602932312
40246	14.55806441744288	14.55806441744288
41208	13.992946701265078	13.992946701265078
40038	15.041887474862977	15.041887474862977
28420	14.432488768944202	14.432488768944202
5364	15.1531182265078	15.1531182265078
3673	14.845151329476828	14.845151329476828
4572	14.901119806523608	14.901119806523608
17365	15.235687105539922	15.235687105539922
5830	15.421129878904019	15.421129878904019
27031	14.679434076956834	14.679434076956834
29355	14.628228429110875	14.628228429110875
31417	14.751713655369251	14.751713655369251
6934	15.015031575897977	15.015031575897977
14170	14.375550070400928	14.375550070400928
19961	15.376202779649013	15.376202779649013
41998	14.949425050768498	14.949425050768498
23203	15.292660041223101	15.292660041223101
5480	14.333713016022735	14.333713016022735
2553	15.7369099664944	15.7369099664944
32277	15.215207725897972	15.215207725897972
13625	14.858039531090894	14.858039531090894
4581	14.617067995128508	14.617067995128508
28892	15.179194568000126	15.179194568000126
22928	14.56486481892167	14.56486481892167
2850	14.993682281572575	14.993682281572575
17770	15.007728180306628	15.007728180306628
35010	15.319644436683525	15.319644436683525
2923	14.537194970748802	14.537194970748802
34661	15.260087035257307	15.260087035257307
36515	14.397100505070432	14.397100505070432
3268	14.735069895546442	14.735069895546442
44476	14.63776152079657	14.63776152079657
42045	14.760499572239892	14.760499572239892
15187	14.417662266602015	14.417662266602015
24096	14.690707852172359	14.690707852172359
44297	14.962351432870804	14.962351432870804
41524	15.341505038034574	15.341505038034574
10240	14.521460741316911	14.521460741316911
11079	15.059229041079563	15.059229041079563
10509	14.632127667558372	14.632127667558372
44414	14.07528548517149	14.07528548517149
22806	14.97860077668772	14.97860077668772
3138	14.986637539196488	14.986637539196488
45004	15.552570369333026	15.552570369333026
32335	15.237806914785512	15.237806914785512
40497	15.417277545016344	15.417277545016344
38454	15.286243384939313	15.286243384939313
13190	15.16699549484766	15.16699549484766
31852	15.390040903761333	15.390040903761333
21861	14.88771887287347	14.88771887287347
38864	15.200480028772656	15.200480028772656
4797	15.001649545205504	15.001649545205504
11776	15.506616728769773	15.506616728769773
2420	14.662182867266187	14.662182867266187
13835	16.062208957470222	16.062208957470222
11898	15.00365808315487	15.00365808315487
4522	15.31206980024004	15.31206980024004
30536	14.520595491248733	14.520595491248733
8429	15.521776532948872	15.521776532948872
3081	14.845087134536232	14.845087134536232
1101	14.360995436746267	14.360995436746267
29390	14.300965895404548	14.300965895404548
16658	15.382250202436374	15.382250202436374
20197	14.558630305456305	14.558630305456305
16025	14.999826206131571	14.999826206131571
45376	14.58856538855646	14.58856538855646
22118	15.019493251901382	15.019493251901382
16824	15.131740319569806	15.131740319569806
43355	14.662851156291381	14.662851156291381
19749	14.845790504573714	14.845790504573714
8204	14.778799003908063	14.778799003908063
12889	14.613534711917243	14.613534711917243
26501	15.862435064987256	15.862435064987256
32489	14.525261490657464	14.525261490657464
39975	15.12170641038102	15.12170641038102
15236	15.050384796631224	15.050384796631224
7545	14.941212160456837	14.941212160456837
13750	15.324593783094686	15.324593783094686
16154	16.271950121242128	16.271950121242128
7104	14.146405798383617	14.146405798383617
28717	14.734833506187181	14.734833506187181
21522	14.032386194775013	14.032386194775013
14169	15.094457336399712	15.094457336399712
40795	14.38602059724	14.38602059724
13626	15.538042989960172	15.538042989960172
14300	15.102533910846907	15.102533910846907
9216	14.93683099902674	14.93683099902674
37676	14.717803444911414	14.717803444911414
24882	14.655947564841435	14.655947564841435
3707	15.143241811428304	15.143241811428304
43382	15.413996532553801	15.413996532553801
9787	14.690389406235044	14.690389406235044
16571	14.41162638152382	14.41162638152382
3712	14.628525252791537	14.628525252791537
13510	15.510452775477876	15.510452775477876
9618	15.203617949698888	15.203617949698888
17633	14.659857127537526	14.659857127537526
14492	14.98166720501355	14.98166720501355
32071	14.566909822935404	14.566909822935404
20589	15.88759510406431	15.88759510406431
6759	14.606262568074744	14.606262568074744
3780	14.61045265177263	14.61045265177263
18206	14.865792167845973	14.865792167845973
45213	14.014145232299148	14.014145232299148
13063	15.045165773296434	15.045165773296434
28482	14.419809367153254	14.419809367153254
5072	14.59744487989148	14.59744487989148
36594	14.114687247300832	14.114687247300832
20539	15.06922550073454	15.06922550073454
17182	15.312063833355104	15.312063833355104
5503	14.723915893359994	14.723915893359994
29842	15.088030895272215	15.088030895272215
18180	15.692972469558534	15.692972469558534
9377	14.85432784224361	14.85432784224361
19665	15.150202654571059	15.150202654571059
40642	14.907169907650125	14.907169907650125
16689	14.292756122100718	14.292756122100718
45409	16.394152419919944	16.394152419919944
38041	15.913482766149995	15.913482766149995
11940	14.931817200598283	14.931817200598283
5048	14.424799287734912	14.424799287734912
24124	15.770910613282926	15.770910613282926
32590	14.299936050561438	14.299936050561438
23708	14.843680179089235	14.843680179089235
1328	15.6814617194516	15.6814617194516
31533	15.173773907403296	15.173773907403296
36732	15.49048307452623	15.49048307452623
14301	15.50101786831498	15.50101786831498
28212	15.426105936812139	15.426105936812139
15055	15.49495140584665	15.49495140584665
10965	14.634304849248304	14.634304849248304
2108	14.950224924334274	14.950224924334274
32018	15.566737468608009	15.566737468608009
17690	14.135917098427111	14.135917098427111
36518	14.561273895720428	14.561273895720428
41826	15.547215221424759	15.547215221424759
15333	14.755803483783176	14.755803483783176
15259	15.557021776432666	15.557021776432666
11183	15.453623522477654	15.453623522477654
42386	15.474208013109967	15.474208013109967
17475	15.288338270221853	15.288338270221853
398	14.793669205917231	14.793669205917231
15570	15.162628780146962	15.162628780146962
21387	14.532076451054362	14.532076451054362
9812	15.175388676092966	15.175388676092966
20019	14.685395367969063	14.685395367969063
15341	14.11747636743075	14.11747636743075
3401	15.015778798661582	15.015778798661582
2689	15.90455632150506	15.90455632150506
24631	14.918021371027569	14.918021371027569
9667	15.237688894723549	15.237688894723549
37460	13.85683621944773	13.85683621944773
5583	15.883983014302283	15.883983014302283
206	14.713948512583693	14.713948512583693
23272	14.50604624053027	14.50604624053027
14482	15.084956908592183	15.084956908592183
207	15.087015374888667	15.087015374888667
13089	15.188926559127548	15.188926559127548
6885	14.646311222745329	14.646311222745329
40958	15.744386705536588	15.744386705536588
35933	14.1801895807204	14.1801895807204
37462	15.74335997848714	15.74335997848714
8104	15.432436547032628	15.432436547032628
34449	14.866820285403273	14.866820285403273
13903	14.425963935900747	14.425963935900747
23766	13.970048386892753	13.970048386892753
30749	15.068307736846329	15.068307736846329
35263	14.808287062259561	14.808287062259561
14167	14.407197135558912	14.407197135558912
41042	14.41918710469214	14.41918710469214
29778	14.211270326264756	14.211270326264756
16900	15.086626390281744	15.086626390281744
6652	14.415190741693058	14.415190741693058
43789	15.89313039705071	15.89313039705071
17281	14.766528245003471	14.766528245003471
7084	15.79495223328046	15.79495223328046
11377	15.037949607582197	15.037949607582197
42955	15.459754491533323	15.459754491533323
17357	14.616889643187779	14.616889643187779
26009	14.6332179710517	14.6332179710517
31987	14.849673980051945	14.849673980051945
23844	14.195805195600425	14.195805195600425
40474	15.1739518028114	15.1739518028114
8939	14.699733266840312	14.699733266840312
11468	14.559832239818864	14.559832239818864
42223	14.558217049271844	14.558217049271844
25403	14.881425543228568	14.881425543228568
16976	14.826192463937307	14.826192463937307
22694	15.288232911931779	15.288232911931779
1163	14.245009361493345	14.245009361493345
45085	15.469932618029727	15.469932618029727
39936	15.995293974489808	15.995293974489808
32219	15.262393013605765	15.262393013605765
8040	14.214906180448088	14.214906180448088
17403	16.0233398094025	16.0233398094025
41783	14.214754038311188	14.214754038311188
39516	14.119767968224785	14.119767968224785
31503	15.174286692096093	15.174286692096093
16189	15.14762145550811	15.14762145550811
34233	15.188011862088006	15.188011862088006
30255	14.624622953076162	14.624622953076162
33866	15.654624800825268	15.654624800825268
19539	14.881827297363811	14.881827297363811
12671	15.023179153639497	15.023179153639497
39411	15.831479601689598	15.831479601689598
13087	16.266407097383944	16.266407097383944
10643	13.9369874923256	13.9369874923256
22809	15.362912405915587	15.362912405915587
36361	14.427135640468125	14.427135640468125
41145	15.576148456896805	15.576148456896805
36699	15.917936338331943	15.917936338331943
4846	15.007925329200699	15.007925329200699
17094	15.38501070540435	15.38501070540435
25175	15.926338995062125	15.926338995062125
39438	14.889475886299762	14.889475886299762
36105	14.201120178509333	14.201120178509333
13364	15.17802356592274	15.17802356592274
26880	14.452555688618563	14.452555688618563
14832	15.52716817577547	15.52716817577547
41233	14.877426122319116	14.877426122319116
20055	14.401537061481337	14.401537061481337
6147	14.549111712236586	14.549111712236586
19930	15.165268338759448	15.165268338759448
1303	15.053739985604762	15.053739985604762
40421	14.755586017412924	14.755586017412924
555	14.81288592507598	14.81288592507598
9193	14.326508799315258	14.326508799315258
4971	15.180990763736059	15.180990763736059
11899	15.50871384002911	15.50871384002911
42271	14.806337437793418	14.806337437793418
9857	15.011991150747079	15.011991150747079
37326	15.052387266184887	15.052387266184887
17366	14.91012594651187	14.91012594651187
25230	13.962381938987338	13.962381938987338
21426	15.025340179762411	15.025340179762411
22112	14.1812540710941	14.1812540710941
10367	15.406713803699661	15.406713803699661
4463	15.91944011210443	15.91944011210443
22616	14.055177534424235	14.055177534424235
30821	15.274234431766256	15.274234431766256
19304	14.951743346802049	14.951743346802049
35592	14.430300043014082	14.430300043014082
20056	15.587040045735163	15.587040045735163
42714	14.944546949770734	14.944546949770734
23524	15.337892322994215	15.337892322994215
1691	14.919348656862276	14.919348656862276
15022	15.043428211618	15.043428211618
34482	14.993642574300086	14.993642574300086
41918	14.556844776701967	14.556844776701967
25102	15.224129135749687	15.224129135749687
33684	15.21600415269158	15.21600415269158
36966	14.578445691191435	14.578445691191435
29080	14.999194003772981	14.999194003772981
28115	14.831868709300684	14.831868709300684
19723	15.015043747928567	15.015043747928567
29923	15.455351936618172	15.455351936618172
19372	14.831635094918212	14.831635094918212
7197	14.596843710959847	14.596843710959847
24242	14.887462074723334	14.887462074723334
3924	15.166333549466088	15.166333549466088
18085	15.029463490675072	15.029463490675072
39547	14.748994218104725	14.748994218104725
13239	14.433913200648869	14.433913200648869
41523	14.93852974427163	14.93852974427163
15689	15.058423981243553	15.058423981243553
43229	14.80102940686603	14.80102940686603
824	14.35579374293394	14.35579374293394
34371	14.980499081027169	14.980499081027169
20659	14.475661783677022	14.475661783677022
5861	13.62576241807631	13.62576241807631
15771	14.916143061127006	14.916143061127006
12144	14.818361785530017	14.818361785530017
20372	15.295656109217319	15.295656109217319
2342	14.978845052006491	14.978845052006491
39687	14.526135083036161	14.526135083036161
4175	14.889347595512463	14.889347595512463
45052	15.435793138025307	15.435793138025307
31220	14.823477267578873	14.823477267578873
32370	14.29557393997497	14.29557393997497
37355	14.736622089749899	14.736622089749899
26280	14.517348318568049	14.517348318568049
512	13.784677821499733	13.784677821499733
31028	14.702573143409902	14.702573143409902
35497	13.908165823956747	13.908165823956747
8103	15.86648745596549	15.86648745596549
37214	14.574671609982644	14.574671609982644
82	14.977351046763292	14.977351046763292
34204	16.180599064373563	16.180599064373563
13275	15.209338667942337	15.209338667942337
8624	15.378435220319004	15.378435220319004
13986	14.326480754906118	14.326480754906118
41829	14.617210742038305	14.617210742038305
34660	15.015756286257833	15.015756286257833
13977	15.141982165145109	15.141982165145109
36288	14.746599482326952	14.746599482326952
29354	14.765529968839672	14.765529968839672
40210	14.702636617775754	14.702636617775754
17766	14.863276816281376	14.863276816281376
1687	15.040195381868237	15.040195381868237
13235	14.46513184010507	14.46513184010507
6005	15.206419104902302	15.206419104902302
36899	15.497361580977465	15.497361580977465
28450	15.401075501260639	15.401075501260639
8674	15.058417036917964	15.058417036917964
36795	14.68465053256273	14.68465053256273
3473	14.624809007472676	14.624809007472676
18556	16.002054361062722	16.002054361062722
40341	13.864386835859843	13.864386835859843
560	14.164726379390238	14.164726379390238
8150	14.527285793017105	14.527285793017105
37253	14.19582994907719	14.19582994907719
8394	15.869103299766115	15.869103299766115
683	14.063936121175393	14.063936121175393
23179	14.269061509702059	14.269061509702059
26641	15.922102743817623	15.922102743817623
44485	15.391333137953806	15.391333137953806
22812	14.841827793701247	14.841827793701247
14744	14.367716330307982	14.367716330307982
36619	14.336514742967005	14.336514742967005
1456	14.386521837640371	14.386521837640371
339	14.029938336272096	14.029938336272096
3674	15.15629398606973	15.15629398606973
15888	14.223933481946077	14.223933481946077
30628	14.929736867264179	14.929736867264179
34939	14.731372170347312	14.731372170347312
21892	14.262110416813298	14.262110416813298
37952	14.293849232643284	14.293849232643284
1966	15.169447770279518	15.169447770279518
23525	14.08341759607244	14.08341759607244
2338	15.534350014067321	15.534350014067321
44769	15.224898941360102	15.224898941360102
17207	14.950640212264233	14.950640212264233
39221	15.99041281654645	15.99041281654645
36136	15.549055869979982	15.549055869979982
32555	15.280109460928525	15.280109460928525
26228	14.944882915173912	14.944882915173912
21973	15.387391185255044	15.387391185255044
8699	15.367745272584688	15.367745272584688
16789	14.845203635902585	14.845203635902585
26533	13.440661361699323	13.440661361699323
2183	15.730517336154547	15.730517336154547
2904	15.267159344118689	15.267159344118689
30911	15.384115096740809	15.384115096740809
35014	15.058407016896929	15.058407016896929
7965	14.8032217113445	14.8032217113445
17737	15.552110093358422	15.552110093358422
44631	13.566462250610291	13.566462250610291
11571	15.02443899015753	15.02443899015753
24131	14.761794731330616	14.761794731330616
37922	14.509472160055429	14.509472160055429
10812	15.004857987514082	15.004857987514082
37892	15.233718553548371	15.233718553548371
16876	15.138032878415583	15.138032878415583
2366	15.514677442897034	15.514677442897034
36829	14.870888679212076	14.870888679212076
19576	15.026461498307262	15.026461498307262
14629	14.3028107109172	14.3028107109172
15001	14.01818054844375	14.01818054844375
481	15.115693030288977	15.115693030288977
11187	15.278238241706125	15.278238241706125
35125	15.000222863416163	15.000222863416163
13545	14.4995724178926	14.4995724178926
21307	15.106393831311808	15.106393831311808
40450	14.665361684724436	14.665361684724436
41470	14.758711148360963	14.758711148360963
37916	15.263352766931064	15.263352766931064
16850	14.327619054167814	14.327619054167814
5807	15.00703975934465	15.00703975934465
43987	15.101206711777213	15.101206711777213
38765	15.025053843483988	15.025053843483988
662	15.004180163729373	15.004180163729373
26504	15.070511745212578	15.070511745212578
42547	14.891893445661061	14.891893445661061
170	14.858065622361762	14.858065622361762
8335	14.469853544045632	14.469853544045632
7338	15.226270381735027	15.226270381735027
7080	14.809677662319215	14.809677662319215
43446	14.493204939089413	14.493204939089413
16213	14.085775364406166	14.085775364406166
5532	14.232284975238072	14.232284975238072
30372	14.228583410109579	14.228583410109579
18117	15.264491604024597	15.264491604024597
20510	14.820484773772472	14.820484773772472
4575	15.378340855103316	15.378340855103316
7895	15.720705985137624	15.720705985137624
20502	14.625720555175675	14.625720555175675
11612	14.660736331567797	14.660736331567797
11795	15.296212496752164	15.296212496752164
36798	14.93852553245154	14.93852553245154
45072	14.439978737697299	14.439978737697299
6732	14.967616664247219	14.967616664247219
36567	14.810818248845814	14.810818248845814
7259	15.082946155333715	15.082946155333715
3671	15.366888211181335	15.366888211181335
21685	15.485085792421156	15.485085792421156
12621	14.402152058495055	14.402152058495055
27323	14.431969020657002	14.431969020657002
27448	15.128714807341868	15.128714807341868
27254	15.380922601767027	15.380922601767027
32946	14.794363385253908	14.794363385253908
5122	15.87764275280599	15.87764275280599
26751	14.70576863498748	14.70576863498748
25770	14.530819857673688	14.530819857673688
23528	14.570256427506122	14.570256427506122
29699	14.90130709544899	14.90130709544899
28864	15.666706748802255	15.666706748802255
9988	15.531918496383048	15.531918496383048
31981	15.323086509487512	15.323086509487512
17612	14.84173885994244	14.84173885994244
14362	14.592036123879575	14.592036123879575
45054	16.00620301062369	16.00620301062369
21767	14.99421880941834	14.99421880941834
12022	15.415841821892762	15.415841821892762
12272	14.658848426913325	14.658848426913325
30027	14.852714384109435	14.852714384109435
43625	14.986205619163524	14.986205619163524
12348	14.09368042428314	14.09368042428314
1929	15.115139854891524	15.115139854891524
11939	14.704860134689866	14.704860134689866
14727	15.299078575238145	15.299078575238145
23965	13.821004098672542	13.821004098672542
3800	14.815155939418313	14.815155939418313
10897	15.268965951202475	15.268965951202475
11975	14.399935489415524	14.399935489415524
33988	15.507184878392955	15.507184878392955
20225	14.57168887332652	14.57168887332652
5416	14.924042819973131	14.924042819973131
36004	14.610328271060105	14.610328271060105
7383	14.066777742201706	14.066777742201706
27345	15.487915823864421	15.487915823864421
43630	14.685483268525596	14.685483268525596
20507	15.628743919903815	15.628743919903815
7064	14.707992533395085	14.707992533395085
42266	15.223475233750346	15.223475233750346
7405	15.32690176634033	15.32690176634033
33882	14.59193101772162	14.59193101772162
42743	14.537157617684121	14.537157617684121
5437	15.599030834709229	15.599030834709229
45222	13.816489335742036	13.816489335742036
1926	13.931380563638877	13.931380563638877
30877	15.032914588592016	15.032914588592016
45008	15.053101833471041	15.053101833471041
45194	15.286181748589	15.286181748589
5166	15.158713587807636	15.158713587807636
3470	15.384158132912884	15.384158132912884
37251	15.19143698810171	15.19143698810171
10428	15.452020877550675	15.452020877550675
25233	15.299955191292911	15.299955191292911
28891	14.876697945835451	14.876697945835451
26005	14.777768340524576	14.777768340524576
7695	15.152380949742339	15.152380949742339
10373	15.451382336619835	15.451382336619835
414	15.86477197017623	15.86477197017623
11513	15.628693060691894	15.628693060691894
26670	15.965936085009991	15.965936085009991
25905	14.450459548744995	14.450459548744995
8560	14.401441813519739	14.401441813519739
13219	14.695211835653046	14.695211835653046
43508	15.726846293050796	15.726846293050796
5719	14.919319593517205	14.919319593517205
20827	14.40687594290649	14.40687594290649
8039	15.048995104472903	15.048995104472903
38239	15.219012107551686	15.219012107551686
28092	15.233640439102402	15.233640439102402
27525	15.174456072968468	15.174456072968468
33957	14.476645893965195	14.476645893965195
5727	15.178884930026053	15.178884930026053
40902	14.322792510091768	14.322792510091768
13112	15.00705530567702	15.00705530567702
10486	14.421309592604	14.421309592604
15623	15.229595817665183	15.229595817665183
24995	14.232158585637665	14.232158585637665
45207	14.528826506670816	14.528826506670816
14707	14.615700952808577	14.615700952808577
127	14.456453742379859	14.456453742379859
37828	15.668461790708685	15.668461790708685
8558	15.196146933329201	15.196146933329201
29804	14.495288965066678	14.495288965066678
32196	14.968376021326787	14.968376021326787
10811	14.25541430679622	14.25541430679622
12187	15.707031691974192	15.707031691974192
21972	15.880398969823494	15.880398969823494
13311	15.261570531979698	15.261570531979698
42884	15.823435888970115	15.823435888970115
43197	14.049465201050847	14.049465201050847
44176	14.379375097115023	14.379375097115023
11951	14.877927062693175	14.877927062693175
44800	15.074341680649725	15.074341680649725
2077	15.283516193044099	15.283516193044099
128	15.61926013752104	15.61926013752104
5363	14.154396251224895	14.154396251224895
9886	15.512895785536912	15.512895785536912
31952	14.689465342647336	14.689465342647336
16972	15.109331887967882	15.109331887967882
24283	14.83892897510266	14.83892897510266
14681	15.46602696750543	15.46602696750543
5462	15.13804328843	15.13804328843
15528	15.209458500455858	15.209458500455858
9714	14.32640104945239	14.32640104945239
31711	15.048411431156813	15.048411431156813
30818	14.955150361878035	14.955150361878035
36901	15.535520559860961	15.535520559860961
23084	15.554271509834951	15.554271509834951
11576	14.556072150007994	14.556072150007994
41282	14.656826885695502	14.656826885695502
29620	14.186629959339967	14.186629959339967
16410	15.782584226510284	15.782584226510284
29740	14.714326758663926	14.714326758663926
31591	15.181972902677504	15.181972902677504
3319	14.665819636170525	14.665819636170525
25899	14.639720968963443	14.639720968963443
42029	14.56783624349138	14.56783624349138
44835	15.608474834666648	15.608474834666648
35300	16.120743672726814	16.120743672726814
7957	14.585373816340994	14.585373816340994
38991	14.532479030938037	14.532479030938037
42502	15.61182576531546	15.61182576531546
28749	15.557601713664788	15.557601713664788
28809	14.913171863632103	14.913171863632103
35997	14.675776706545314	14.675776706545314
16843	14.946774213337012	14.946774213337012
484	14.933634922485345	14.933634922485345
41053	14.006333206742068	14.006333206742068
23706	14.994233456722153	14.994233456722153
24089	14.937952548185713	14.937952548185713
28187	15.392448024242153	15.392448024242153
12589	15.627918043925655	15.627918043925655
36201	14.802344152737545	14.802344152737545
12701	15.063783198882705	15.063783198882705
19171	14.996756591772458	14.996756591772458
22453	14.883143705838394	14.883143705838394
12188	14.116294266243917	14.116294266243917
4666	14.50187006363526	14.50187006363526
44554	15.828055063458624	15.828055063458624
34202	14.416301698325096	14.416301698325096
28249	14.37042624308645	14.37042624308645
23767	14.739329846801837	14.739329846801837
2363	14.467237493646383	14.467237493646383
34317	14.74742340960021	14.74742340960021
19135	14.592125670832528	14.592125670832528
29024	15.674209255587407	15.674209255587407
26174	15.37484909229228	15.37484909229228
37186	15.104665946401832	15.104665946401832
20253	15.325883102877244	15.325883102877244
23118	15.532073406695261	15.532073406695261
41717	15.170995303731816	15.170995303731816
41443	14.399018390799137	14.399018390799137
45133	15.364287266982968	15.364287266982968
17401	15.464516370186184	15.464516370186184
416	14.96338014038856	14.96338014038856
15145	14.894247466485119	14.894247466485119
4284	14.594788187531158	14.594788187531158
44359	15.100664555947246	15.100664555947246
13062	14.764675753893492	14.764675753893492
8279	15.920937808224325	15.920937808224325
35376	15.673075390002287	15.673075390002287
39292	14.340370987594802	14.340370987594802
6171	14.711693922010765	14.711693922010765
32860	15.438830849642226	15.438830849642226
17427	15.3747185208094	15.3747185208094
4442	15.32884175086101	15.32884175086101
42764	14.684323818473647	14.684323818473647
40211	14.74286592085371	14.74286592085371
22486	14.231014984352475	14.231014984352475
14701	14.398696950423862	14.398696950423862
37730	15.135081803841578	15.135081803841578
44177	14.65182314091033	14.65182314091033
26945	14.690697252088576	14.690697252088576
10407	15.435542538301803	15.435542538301803
39434	14.453985008970303	14.453985008970303
10172	13.935240418561765	13.935240418561765
26171	14.70053785056801	14.70053785056801
3582	14.697102912549658	14.697102912549658
7540	14.86353049389609	14.86353049389609
2944	14.638728993412062	14.638728993412062
740	15.006085147405107	15.006085147405107
32784	15.358172406152192	15.358172406152192
38100	14.577757334938584	14.577757334938584
37982	14.354067609040571	14.354067609040571
9861	14.576505682115608	14.576505682115608
2369	15.444682384418783	15.444682384418783
13330	15.329597943791947	15.329597943791947
10922	15.04299117523235	15.04299117523235
16212	15.285343674858442	15.285343674858442
22123	15.160423695648822	15.160423695648822
2733	15.427248935450184	15.427248935450184
9086	15.102736718391133	15.102736718391133
42718	15.25459777264657	15.25459777264657
45212	14.61511939030105	14.61511939030105
23820	15.626240994503647	15.626240994503647
6094	14.504027844381774	14.504027844381774
36480	15.717845214899986	15.717845214899986
43420	14.82727434158984	14.82727434158984
40472	14.6590205386501	14.6590205386501
42244	15.709368668591576	15.709368668591576
27452	14.451938847595962	14.451938847595962
38240	14.918566201342026	14.918566201342026
14525	15.135214896329943	15.135214896329943
20314	15.270027085439487	15.270027085439487
37428	15.509750684752547	15.509750684752547
39943	14.824077206939512	14.824077206939512
9264	16.18922826524062	16.18922826524062
24204	15.52767505422612	15.52767505422612
43016	14.769324442893314	14.769324442893314
34235	14.558328365680632	14.558328365680632
33380	15.138680645657336	15.138680645657336
6469	14.560601475062658	14.560601475062658
25974	14.962468393346125	14.962468393346125
1690	14.201444500040955	14.201444500040955
27713	14.481703778095726	14.481703778095726
14420	15.350432315316366	15.350432315316366
13958	15.456206714484834	15.456206714484834
43226	14.153302437721905	14.153302437721905
25235	15.663963486292309	15.663963486292309
18337	15.210768719884877	15.210768719884877
38198	15.321250362448538	15.321250362448538
2240	15.16240352736908	15.16240352736908
33690	15.554954499020857	15.554954499020857
37795	14.551989818849519	14.551989818849519
16472	13.857473993640014	13.857473993640014
38580	14.78621410936434	14.78621410936434
18212	14.584877598054799	14.584877598054799
17129	15.657520831232302	15.657520831232302
31652	15.269494684264487	15.269494684264487
45121	14.174141130753974	14.174141130753974
27159	15.578523636323379	15.578523636323379
2140	14.869236511632293	14.869236511632293
1418	15.200744962310216	15.200744962310216
34818	14.917495775797116	14.917495775797116
13842	15.105695499020705	15.105695499020705
42333	15.139033827288808	15.139033827288808
39084	15.13214529377272	15.13214529377272
37762	15.080833933723925	15.080833933723925
10035	14.883158361523245	14.883158361523245
21518	14.64335373474654	14.64335373474654
32375	15.007554236756887	15.007554236756887
13866	15.135314496047597	15.135314496047597
20699	14.043191581536089	14.043191581536089
41314	15.676158079232163	15.676158079232163
12911	14.60518398917741	14.60518398917741
6234	15.511118533699078	15.511118533699078
20361	14.759808057102875	14.759808057102875
23036	15.411936816262434	15.411936816262434
4055	14.755604531992397	14.755604531992397
40371	15.647604567116574	15.647604567116574
13537	14.523616762079318	14.523616762079318
31312	15.138128110087814	15.138128110087814
36964	15.783489414119543	15.783489414119543
26230	14.622709636324183	14.622709636324183
32073	15.210106334208096	15.210106334208096
40799	15.169694177775774	15.169694177775774
40882	14.989641697308413	14.989641697308413
14902	14.691672405243787	14.691672405243787
3829	14.672785798494887	14.672785798494887
2949	14.851908855493855	14.851908855493855
8261	14.699001970725222	14.699001970725222
22936	14.527444963760772	14.527444963760772
28359	15.094868508288654	15.094868508288654
43843	16.155279026482877	16.155279026482877
4261	15.746517180059111	15.746517180059111
17718	13.658144581287766	13.658144581287766
43836	14.989415658889042	14.989415658889042
23007	14.560248142928288	14.560248142928288
6092	15.440896507463378	15.440896507463378
18617	15.72327020194836	15.72327020194836
33682	14.981704120694221	14.981704120694221
35320	15.383631955239023	15.383631955239023
42184	14.556778876439601	14.556778876439601
34744	14.839971321196806	14.839971321196806
16930	15.048841743518768	15.048841743518768
42598	15.57029381759817	15.57029381759817
44121	14.457376959753	14.457376959753
24285	15.33000343842996	15.33000343842996
28941	15.728170991346458	15.728170991346458
35542	14.663398719440709	14.663398719440709
2537	14.620348145850075	14.620348145850075
40937	14.802398162603014	14.802398162603014
8838	14.460905901205765	14.460905901205765
38068	14.801760417224804	14.801760417224804
35498	14.55605883821517	14.55605883821517
4057	15.177229472798851	15.177229472798851
4967	14.069961140432222	14.069961140432222
10507	15.743837679582606	15.743837679582606
3405	15.323229390671713	15.323229390671713
20511	15.32465877198364	15.32465877198364
29995	15.152041528912958	15.152041528912958
26437	15.590764803103154	15.590764803103154
22884	15.190590153096641	15.190590153096641
36001	14.671339572601541	14.671339572601541
42048	14.805854406970653	14.805854406970653
16714	15.514504680278112	15.514504680278112
396	14.654867534260198	14.654867534260198
40901	14.722129804141092	14.722129804141092
27882	15.77480357575209	15.77480357575209
33101	15.253620516830352	15.253620516830352
4996	15.771825221240142	15.771825221240142
10830	14.800825392498188	14.800825392498188
3079	15.407705956864366	15.407705956864366
31646	14.937480175178928	14.937480175178928
14394	14.967006912425841	14.967006912425841
41214	14.305189905492107	14.305189905492107
39074	15.916379065753771	15.916379065753771
37700	14.221130487631289	14.221130487631289
31538	15.640873291947479	15.640873291947479
15859	14.928838818369826	14.928838818369826
19900	15.290532672372613	15.290532672372613
25758	15.763407967360543	15.763407967360543
37529	16.02931828979363	16.02931828979363
6283	15.08714090861734	15.08714090861734
31592	15.211032123759988	15.211032123759988
40030	14.564075018633064	14.564075018633064
26135	14.741216783586312	14.741216783586312
9262	14.866724352606635	14.866724352606635
19991	15.218138826338816	15.218138826338816
5390	14.877622275962205	14.877622275962205
17266	15.457233830098252	15.457233830098252
36702	15.503692785132348	15.503692785132348
14808	15.299253190650687	15.299253190650687
44726	15.094101760055839	15.094101760055839
37158	14.933052462347604	14.933052462347604
38271	15.871548906667696	15.871548906667696
8963	15.448098219340968	15.448098219340968
