ind	co1	co2
42784	1.753007746910961	1.753007746910961
8161	2.853157061670231	2.853157061670231
12398	2.9209453713972495	2.9209453713972495
42047	1.8028657772634686	1.8028657772634686
43565	1.7285105937087843	1.7285105937087843
32738	2.220725936849782	2.220725936849782
43503	3.1015421253346305	3.1015421253346305
17147	2.0635829977632754	2.0635829977632754
11950	1.8902713111877187	1.8902713111877187
25801	2.6888209094169033	2.6888209094169033
9213	2.734006217505249	2.734006217505249
1367	2.602225311077603	2.602225311077603
12019	3.106917604340244	3.106917604340244
34824	2.828803804612282	2.828803804612282
1640	2.4504696843571074	2.4504696843571074
10621	2.144403438762786	2.144403438762786
43290	3.18873345042965	3.18873345042965
24719	2.235088855559014	2.235088855559014
40120	2.056414931851909	2.056414931851909
20319	1.8828072351222485	1.8828072351222485
16210	2.900001348692811	2.900001348692811
44272	1.7154055841758533	1.7154055841758533
37698	2.3207081707134294	2.3207081707134294
10482	1.791783422287641	1.791783422287641
6930	2.232374221571277	2.232374221571277
16816	2.730260182209184	2.730260182209184
42241	2.3580168466647464	2.3580168466647464
13669	2.312016851205843	2.312016851205843
42450	3.3899236873826486	3.3899236873826486
31033	1.9163812081640625	1.9163812081640625
8887	1.993478066375764	1.993478066375764
4578	2.7222904491586664	2.7222904491586664
26443	2.568475264772209	2.568475264772209
4025	2.90613082739823	2.90613082739823
3402	1.9283384570492945	1.9283384570492945
5788	3.4343372271258996	3.4343372271258996
7020	3.413261486508482	3.413261486508482
35324	3.3239005866335405	3.3239005866335405
17760	2.7353855331864163	2.7353855331864163
31990	2.073900134684216	2.073900134684216
37825	1.7661903867864783	1.7661903867864783
41228	2.951691269864052	2.951691269864052
21148	3.0005705904989073	3.0005705904989073
31419	2.1022683567708	2.1022683567708
41517	2.7775257259322728	2.7775257259322728
9048	2.552670269981593	2.552670269981593
3608	3.3821085251893988	3.3821085251893988
33452	3.3041266516292302	3.3041266516292302
36763	1.8703559967734154	1.8703559967734154
1478	2.8544460174781556	2.8544460174781556
31027	2.7480366982641873	2.7480366982641873
20360	3.21449395474155	3.21449395474155
556	3.764523810575515	3.764523810575515
45010	2.904312814705007	2.904312814705007
39491	3.003373594433924	3.003373594433924
20948	2.187934868787399	2.187934868787399
9397	2.726156204576969	2.726156204576969
35596	2.839440621210126	2.839440621210126
27745	2.493888925619069	2.493888925619069
4218	2.477207349135458	2.477207349135458
34412	3.0365002649389523	3.0365002649389523
20597	2.798987981957622	2.798987981957622
32045	2.7344465160821794	2.7344465160821794
32783	2.6904672294437244	2.6904672294437244
39881	1.963757056356767	1.963757056356767
26165	2.9070131280682485	2.9070131280682485
17661	2.4419958656418577	2.4419958656418577
2159	2.2041580642603376	2.2041580642603376
7542	1.7259015217967069	1.7259015217967069
23620	2.5168356751255296	2.5168356751255296
15622	2.3166254484732396	2.3166254484732396
43350	2.293476995318002	2.293476995318002
16711	2.4288748519862007	2.4288748519862007
43356	2.975332773982978	2.975332773982978
45375	2.672721499959145	2.672721499959145
45421	2.3449822765271673	2.3449822765271673
17890	2.665671125631279	2.665671125631279
43194	2.6669746655612876	2.6669746655612876
32832	2.113349144371043	2.113349144371043
33307	2.807680381871216	2.807680381871216
3777	1.632317712748728	1.632317712748728
33840	2.616531884778203	2.616531884778203
45210	3.0174452299058845	3.0174452299058845
38669	2.722534868176945	2.722534868176945
9026	3.6322217388989486	3.6322217388989486
6149	2.5502748659132424	2.5502748659132424
3823	2.0849419424390847	2.0849419424390847
30417	2.0802545230853005	2.0802545230853005
31504	2.0726625931288694	2.0726625931288694
24993	2.480439664284538	2.480439664284538
20503	2.224252317956133	2.224252317956133
30252	2.089324782540802	2.089324782540802
510	1.5320423899026094	1.5320423899026094
18306	3.680467854420622	3.680467854420622
35539	2.512716881708886	2.512716881708886
29427	2.970199213759184	2.970199213759184
27806	2.405407137413847	2.405407137413847
41417	1.7471260856406188	1.7471260856406188
33509	1.9081199906964814	1.9081199906964814
3560	3.198106953557379	3.198106953557379
14955	1.3448552547496169	1.3448552547496169
24605	2.851980116234499	2.851980116234499
26436	2.1593496262544503	2.1593496262544503
6409	2.8478485943872007	2.8478485943872007
22332	3.69262599187911	3.69262599187911
18689	2.54658254851335	2.54658254851335
15594	3.12049867372324	3.12049867372324
3053	2.5773054628983862	2.5773054628983862
5582	3.535587848414724	3.535587848414724
13337	1.8544406908364197	1.8544406908364197
10674	2.230840542120352	2.230840542120352
35560	3.0972366672405465	3.0972366672405465
6958	2.4669057869699054	2.4669057869699054
15855	1.820699123796178	1.820699123796178
35501	1.871152892235876	1.871152892235876
12443	2.8850310116343363	2.8850310116343363
614	2.233338432317607	2.233338432317607
9005	2.0322679866167985	2.0322679866167985
37861	2.430169210908734	2.430169210908734
42983	1.9662997958799875	1.9662997958799875
42954	2.1344937447115604	2.1344937447115604
17915	2.3164296186520965	2.3164296186520965
12783	2.536731639778126	2.536731639778126
17020	2.4519514787674064	2.4519514787674064
13652	2.690180953480656	2.690180953480656
2266	2.347050555892982	2.347050555892982
6833	1.9253355262539464	1.9253355262539464
14272	3.0240455271140645	3.0240455271140645
43387	2.686073495603922	2.686073495603922
16388	2.437605263762068	2.437605263762068
14599	2.2436103785916965	2.2436103785916965
35567	1.6298805854772165	1.6298805854772165
28637	2.3809853395872036	2.3809853395872036
4947	2.238030439785776	2.238030439785776
17910	2.1906035151291565	2.1906035151291565
6968	1.743262831240094	1.743262831240094
24599	2.504938418004883	2.504938418004883
31129	3.2206874573497313	3.2206874573497313
43833	2.464807324319269	2.464807324319269
32689	3.2586191567866094	3.2586191567866094
18213	2.6075748851337752	2.6075748851337752
14066	2.556280689555599	2.556280689555599
22492	2.794782432571632	2.794782432571632
37071	2.4405799254472833	2.4405799254472833
41313	2.905908126679036	2.905908126679036
7539	2.052046516729288	2.052046516729288
45301	2.4881989279295125	2.4881989279295125
28448	2.690047395198981	2.690047395198981
39056	1.6507079997291363	1.6507079997291363
39916	3.2504214536499427	3.2504214536499427
42390	3.152472685630205	3.152472685630205
15915	2.1846299039057704	2.1846299039057704
8835	2.3168019176820107	2.3168019176820107
6695	1.9239420169677015	1.9239420169677015
9318	3.2100690849119604	3.2100690849119604
42817	1.646318225321407	1.646318225321407
29356	2.2923129486149363	2.2923129486149363
28121	2.8610713480780037	2.8610713480780037
19875	2.493168758647347	2.493168758647347
42219	2.0319448490343017	2.0319448490343017
13064	2.167148171214017	2.167148171214017
1634	1.8950570468584336	1.8950570468584336
40714	1.9452102535505817	1.9452102535505817
42690	2.161275973121544	2.161275973121544
14765	2.2012553533910895	2.2012553533910895
29928	2.1980910218072593	2.1980910218072593
26699	3.2926515393658504	3.2926515393658504
18234	2.620400087754413	2.620400087754413
3687	2.771236821502825	2.771236821502825
20059	3.5042164891544707	3.5042164891544707
33009	2.028386433381267	2.028386433381267
23841	2.3170994745994262	2.3170994745994262
45105	2.1814851900737584	2.1814851900737584
15983	3.1966120701287855	3.1966120701287855
39460	1.5113411045024234	1.5113411045024234
45002	1.94645390358774	1.94645390358774
38420	3.0579049875667876	3.0579049875667876
31799	3.070778767909257	3.070778767909257
40366	2.7863721198478943	2.7863721198478943
21558	2.1336987395749407	2.1336987395749407
7498	2.9309553064058624	2.9309553064058624
27092	2.7277476337592055	2.7277476337592055
39293	1.92049910805771	1.92049910805771
31062	2.711735731072147	2.711735731072147
16404	2.328442488417683	2.328442488417683
32948	2.0231012836402664	2.0231012836402664
19281	1.9785312915570246	1.9785312915570246
9044	2.374981713067295	2.374981713067295
41440	3.2165367824763895	3.2165367824763895
41902	3.242338939261065	3.242338939261065
5233	3.482601070842672	3.482601070842672
39148	2.5691072050573918	2.5691072050573918
22359	3.029528178803803	3.029528178803803
42947	2.669955219191778	2.669955219191778
7499	2.20470331757852	2.20470331757852
1751	2.2755557447525976	2.2755557447525976
43540	2.469341760468267	2.469341760468267
43939	2.3496949915088767	2.3496949915088767
23297	2.4741928072962955	2.4741928072962955
42904	2.743007562398148	2.743007562398148
40332	2.091457484701961	2.091457484701961
38966	2.6406526853480226	2.6406526853480226
3471	2.817347931390965	2.817347931390965
40644	2.3713781571527264	2.3713781571527264
12537	2.8508435011017688	2.8508435011017688
7192	2.2698833319951044	2.2698833319951044
19872	2.177838728191064	2.177838728191064
6307	2.5153494345665566	2.5153494345665566
10921	3.1851457245042263	3.1851457245042263
3504	1.7619714839616107	1.7619714839616107
13388	3.21899590489893	3.21899590489893
24243	2.79093164016279	2.79093164016279
10238	2.497361250382586	2.497361250382586
28164	2.5753729448298994	2.5753729448298994
22203	2.3203465214376533	2.3203465214376533
31386	2.7675502300802046	2.7675502300802046
902	2.7875167256948354	2.7875167256948354
18116	2.7579239199421703	2.7579239199421703
2211	2.8113892937019256	2.8113892937019256
14248	2.711883403466457	2.711883403466457
27137	3.368120588917323	3.368120588917323
42742	3.491151699131932	3.491151699131932
44300	2.359552362804635	2.359552362804635
15797	2.6349797016705434	2.6349797016705434
7858	3.5015103928697395	3.5015103928697395
26532	1.808032254185215	1.808032254185215
44353	2.1431280649981126	2.1431280649981126
22894	2.3757670246825136	2.3757670246825136
28970	1.7880936816688218	1.7880936816688218
15120	2.2077942424264774	2.2077942424264774
6117	2.8650151626736267	2.8650151626736267
36832	2.6642265378989984	2.6642265378989984
879	2.4445440189067242	2.4445440189067242
20505	2.3137326245562977	2.3137326245562977
8328	2.4306394526401105	2.4306394526401105
37029	2.900387637760961	2.900387637760961
2532	1.9921005419933369	1.9921005419933369
14035	2.078649142281797	2.078649142281797
19950	2.1192573912266046	2.1192573912266046
42046	2.1355369622361966	2.1355369622361966
38159	2.528609989468917	2.528609989468917
6122	3.369888231131521	3.369888231131521
17237	2.6735554483159256	2.6735554483159256
44716	2.7843189580404073	2.7843189580404073
39656	1.7366641992517025	1.7366641992517025
44792	3.242301104355425	3.242301104355425
16308	1.5283052989038504	1.5283052989038504
13057	2.20907718630917	2.20907718630917
9545	3.3430110236048547	3.3430110236048547
7196	2.154400587019036	2.154400587019036
19948	2.658786463102466	2.658786463102466
16412	2.975383458368965	2.975383458368965
43863	3.019686957780497	3.019686957780497
25683	2.1775782951536784	2.1775782951536784
10009	2.84601567432586	2.84601567432586
22615	3.0137008768088607	3.0137008768088607
42267	2.7409823661710084	2.7409823661710084
38456	3.0239658805727894	3.0239658805727894
42286	3.04219442050612	3.04219442050612
19336	2.450379268380335	2.450379268380335
33578	2.5883426089249726	2.5883426089249726
13507	1.7990361620750348	1.7990361620750348
33453	2.6129111201883597	2.6129111201883597
30227	2.1213752802233916	2.1213752802233916
42453	2.0084036107315657	2.0084036107315657
4263	2.263088156076975	2.263088156076975
20681	2.25269912279154	2.25269912279154
4776	3.289977541455403	3.289977541455403
7808	2.025555669501996	2.025555669501996
32130	2.662066730458275	2.662066730458275
9908	3.272890229838075	3.272890229838075
18908	2.086499465176062	2.086499465176062
20453	3.4577040950532427	3.4577040950532427
22499	2.9061498029427315	2.9061498029427315
20592	2.333122920920938	2.333122920920938
84	3.4442377441673755	3.4442377441673755
18236	2.3343155141066854	2.3343155141066854
41103	2.9929364854364406	2.9929364854364406
6068	1.7072128228323744	1.7072128228323744
38498	2.443527464910993	2.443527464910993
25838	2.0049137725527637	2.0049137725527637
34293	1.750991821084295	1.750991821084295
1565	2.861153215862183	2.861153215862183
12058	2.6129580715370753	2.6129580715370753
5215	2.6086616080050717	2.6086616080050717
34320	3.0832874468586513	3.0832874468586513
26787	2.5552933315637505	2.5552933315637505
42760	3.4592179016874205	3.4592179016874205
1664	1.9148636647939714	1.9148636647939714
3156	2.3614419271763425	2.3614419271763425
14342	2.075463299456537	2.075463299456537
40282	2.423958111975752	2.423958111975752
15410	2.370802137088038	2.370802137088038
28781	1.8603202205386766	1.8603202205386766
37731	2.066051793150582	2.066051793150582
19362	2.9084284330844112	2.9084284330844112
40390	3.5943881523369026	3.5943881523369026
27028	2.700066560432253	2.700066560432253
4777	1.6079673518005078	1.6079673518005078
11237	2.368244880852419	2.368244880852419
32129	2.499043469132063	2.499043469132063
25682	3.0896083424626295	3.0896083424626295
16256	3.117830908995372	3.117830908995372
44637	1.8920237445477808	1.8920237445477808
30750	2.520246868530386	2.520246868530386
20027	2.3225747767135525	2.3225747767135525
41122	1.8675403038673595	1.8675403038673595
2530	2.7331452794395994	2.7331452794395994
4874	2.0380089054452393	2.0380089054452393
19784	2.315513569945584	2.315513569945584
34134	2.75828033984256	2.75828033984256
12116	1.9082247399397092	1.9082247399397092
24360	3.3145998087401876	3.3145998087401876
19696	2.4838988231179395	2.4838988231179395
12945	2.9533109605976775	2.9533109605976775
20857	1.656488912347671	1.656488912347671
45170	1.957611432914477	1.957611432914477
4822	3.5908288921904536	3.5908288921904536
42981	2.682011473739369	2.682011473739369
19137	3.0691270789611056	3.0691270789611056
39294	2.4639456529221	2.4639456529221
21977	3.384245170867474	3.384245170867474
35228	1.492559085125026	1.492559085125026
13450	1.903882955988805	1.903882955988805
12866	2.4683400800144946	2.4683400800144946
13270	2.881301960285644	2.881301960285644
9174	2.4147352094462726	2.4147352094462726
41358	2.1150412711974007	2.1150412711974007
11942	2.22951243392875	2.22951243392875
18210	2.415212555862465	2.415212555862465
39326	2.9259356648483834	2.9259356648483834
12053	2.204031758216751	2.204031758216751
9928	2.8945012236998973	2.8945012236998973
12063	2.8217609577414313	2.8217609577414313
21144	2.5056252322839074	2.5056252322839074
11156	2.4181280835681664	2.4181280835681664
26139	2.310816209007628	2.310816209007628
2074	4.202923190522008	4.202923190522008
32591	2.479237664147553	2.479237664147553
20697	3.028192035914113	3.028192035914113
12093	2.596317562806213	2.596317562806213
27841	2.7155370365079996	2.7155370365079996
38922	2.9317025219959865	2.9317025219959865
26883	2.8081500423018184	2.8081500423018184
18905	2.435252511513807	2.435252511513807
2814	2.333849626810818	2.333849626810818
32042	2.723279952554552	2.723279952554552
19660	2.9456528672530418	2.9456528672530418
20477	2.8268249748051923	2.8268249748051923
39151	2.1053674141203684	2.1053674141203684
19285	2.661069788888668	2.661069788888668
13838	2.7073888447699352	2.7073888447699352
25366	2.916955332141803	2.916955332141803
42576	1.9078760974034306	1.9078760974034306
17717	1.8941529701101283	1.8941529701101283
3284	2.9966735413284415	2.9966735413284415
21838	2.667082264693796	2.667082264693796
35011	2.4057997519080994	2.4057997519080994
27318	2.740801163739965	2.740801163739965
16575	3.019807944964668	3.019807944964668
33719	2.0540519184738018	2.0540519184738018
43254	2.7463940444579253	2.7463940444579253
29420	3.2554977332309	3.2554977332309
8036	2.994098962261202	2.994098962261202
39143	2.544310668731815	2.544310668731815
10363	2.3552062003644036	2.3552062003644036
21621	2.7795739800446175	2.7795739800446175
24842	3.2724175446307573	3.2724175446307573
42387	2.2369285035848017	2.2369285035848017
30914	1.4693961027990807	1.4693961027990807
30994	1.8929394721967299	1.8929394721967299
12451	2.5569683749783603	2.5569683749783603
24697	2.0355593001134142	2.0355593001134142
25841	2.0594679264161035	2.0594679264161035
7849	1.6235269619840982	1.6235269619840982
16772	2.7647731798102164	2.7647731798102164
33433	2.7151849299922297	2.7151849299922297
6194	2.2456733429323585	2.2456733429323585
31539	2.7680895241672814	2.7680895241672814
28992	2.5162375937524444	2.5162375937524444
33920	2.8053761208703927	2.8053761208703927
4760	2.981715661534106	2.981715661534106
43384	3.24138327258061	3.24138327258061
25864	2.70812404862412	2.70812404862412
11020	2.5390377446876267	2.5390377446876267
2973	2.987690986039505	2.987690986039505
6651	2.1189234253871403	2.1189234253871403
11946	2.901873092702584	2.901873092702584
11216	2.36081118233609	2.36081118233609
6193	2.427405344762745	2.427405344762745
15914	3.4670330770304902	3.4670330770304902
12371	3.0125620569399256	3.0125620569399256
44327	2.5243153321185354	2.5243153321185354
23581	2.0494709217771456	2.0494709217771456
41252	3.0814065984595977	3.0814065984595977
10384	2.5597044635986506	2.5597044635986506
41576	2.414110028484981	2.414110028484981
35303	2.0654846947613756	2.0654846947613756
32892	2.0520325178105887	2.0520325178105887
2787	1.9932304898838016	1.9932304898838016
39594	2.7188819566828086	2.7188819566828086
7475	2.6815165689926252	2.6815165689926252
2840	2.667221524857583	2.667221524857583
9429	2.292581988851155	2.292581988851155
41167	1.655919271223455	1.655919271223455
26104	2.2467051475692266	2.2467051475692266
30881	2.450908210164366	2.450908210164366
34665	2.39152512307469	2.39152512307469
12643	1.841518863454012	1.841518863454012
33137	3.192253543987778	3.192253543987778
35562	2.35653089209455	2.35653089209455
45441	1.9456731457317287	1.9456731457317287
26445	2.446149136432281	2.446149136432281
43230	1.5589265007397999	1.5589265007397999
6002	2.760992736195118	2.760992736195118
24202	2.2802950637891186	2.2802950637891186
6000	3.1558716841622725	3.1558716841622725
17146	2.285204685868139	2.285204685868139
28515	2.6493379245285387	2.6493379245285387
5230	1.7499177170133338	1.7499177170133338
7879	3.4938938807520574	3.4938938807520574
26753	1.8021728255455123	1.8021728255455123
16728	2.7767657102728904	2.7767657102728904
13389	2.6906555413022106	2.6906555413022106
18514	2.501862166036425	2.501862166036425
17686	1.9672470348140494	1.9672470348140494
6285	2.664894052351625	2.664894052351625
15338	1.3322472691188803	1.3322472691188803
18696	2.321000324217755	2.321000324217755
20504	2.673914069325294	2.673914069325294
22493	2.6429884079471093	2.6429884079471093
14769	2.7045816347451876	2.7045816347451876
15366	2.390579509655475	2.390579509655475
13832	2.402058549166906	2.402058549166906
12203	3.462275071928468	3.462275071928468
16799	2.650725502662844	2.650725502662844
22451	1.7380248358033803	1.7380248358033803
10924	2.482212727669208	2.482212727669208
6729	2.172366932326125	2.172366932326125
30125	1.6550144625911805	1.6550144625911805
34854	1.5327936414783017	1.5327936414783017
32400	2.2913319835103008	2.2913319835103008
13476	3.130907570039615	3.130907570039615
9459	2.244888197460752	2.244888197460752
8133	2.039757990938022	2.039757990938022
36360	2.8455388100835846	2.8455388100835846
2459	3.8097181026437767	3.8097181026437767
17363	2.4051234922899107	2.4051234922899107
39048	2.874006061692945	2.874006061692945
45068	1.7301540055118114	1.7301540055118114
43161	1.91573799539794	1.91573799539794
17364	2.35268483240843	2.35268483240843
25730	2.132571200807262	2.132571200807262
20727	2.5126644120530517	2.5126644120530517
810	2.2420011752765454	2.2420011752765454
19456	2.285777936546427	2.285777936546427
15799	1.8293906274533975	1.8293906274533975
32313	2.080622649602196	2.080622649602196
16155	2.6702376906603438	2.6702376906603438
17283	2.8246464952023937	2.8246464952023937
19843	2.3370773262939726	2.3370773262939726
12644	3.697049385131298	3.697049385131298
31128	2.370867446154216	2.370867446154216
24286	2.3545405198137197	2.3545405198137197
21585	3.0671364958797045	3.0671364958797045
36728	2.27956167374633	2.27956167374633
5680	2.859109947555462	2.859109947555462
23518	1.9350755597933034	1.9350755597933034
18620	2.6911168364028155	2.6911168364028155
34817	3.857010583416238	3.857010583416238
36416	2.547396834604794	2.547396834604794
28780	2.934475548020052	2.934475548020052
4462	2.1623870980160107	2.1623870980160107
30787	2.626596406840721	2.626596406840721
22646	2.1813903352949273	2.1813903352949273
45435	2.7493772291194154	2.7493772291194154
12370	1.9282890930470378	1.9282890930470378
15041	1.9624609457834379	1.9624609457834379
25903	2.5034928557324836	2.5034928557324836
28833	2.5582118914987535	2.5582118914987535
21523	2.681759586996437	2.681759586996437
3951	1.9729071117372463	1.9729071117372463
31986	2.6508504016598433	2.6508504016598433
557	1.7772022501133515	1.7772022501133515
27445	3.1338468027242805	3.1338468027242805
5144	2.6032687791483258	2.6032687791483258
15264	2.612175329014581	2.612175329014581
4759	2.3285872099916136	2.3285872099916136
5118	2.66355697930744	2.66355697930744
42087	2.385041365752296	2.385041365752296
41283	1.9932172589060482	1.9932172589060482
41308	2.6490295564284954	2.6490295564284954
13976	3.4803791450453754	3.4803791450453754
2387	1.9145982702151536	1.9145982702151536
27597	2.590334556650192	2.590334556650192
38990	2.092381500685418	2.092381500685418
16661	2.313896339292885	2.313896339292885
23770	2.577320259278367	2.577320259278367
5974	1.8919503345797248	1.8919503345797248
5391	1.9808163402387198	1.9808163402387198
2504	4.208254871944166	4.208254871944166
9692	2.1353740771836405	2.1353740771836405
29617	2.2099333531192187	2.2099333531192187
37155	2.9351002540833684	2.9351002540833684
17739	2.3806143460452804	2.3806143460452804
8079	2.492037162626025	2.492037162626025
32167	2.6091836517075873	2.6091836517075873
45174	2.8768667882469723	2.8768667882469723
42932	2.656677176057328	2.656677176057328
16254	2.534078788110738	2.534078788110738
8078	2.9964881364582427	2.9964881364582427
5791	2.4266423604564715	2.4266423604564715
1775	2.614157425524304	2.614157425524304
6217	2.1048720294233885	2.1048720294233885
25264	2.836042448249675	2.836042448249675
25769	2.9214961006014297	2.9214961006014297
1873	2.300123311837877	2.300123311837877
19748	1.8809809291783375	1.8809809291783375
8832	2.0635209329885655	2.0635209329885655
13570	2.2825079589151445	2.2825079589151445
19664	1.7619711085419951	1.7619711085419951
34507	2.481213427568116	2.481213427568116
847	3.7712799047297874	3.7712799047297874
38691	2.4016243310405954	2.4016243310405954
10410	2.6775395524047223	2.6775395524047223
28669	2.6286801618833486	2.6286801618833486
8126	3.4372069663877003	3.4372069663877003
23263	2.2852395227165028	2.2852395227165028
11604	2.3856527482277303	2.3856527482277303
22489	2.420815365356181	2.420815365356181
4471	2.8561255154070824	2.8561255154070824
25022	2.8218077485344617	2.8218077485344617
38272	2.773269056035255	2.773269056035255
24168	3.48978465591948	3.48978465591948
38394	1.9749266878053584	1.9749266878053584
45451	2.0970466726369787	2.0970466726369787
21891	2.479704766874681	2.479704766874681
36320	2.480458306609886	2.480458306609886
24934	2.072295614296175	2.072295614296175
25368	2.400003420635635	2.400003420635635
35472	2.6090601038908963	2.6090601038908963
13698	3.9146815587990793	3.9146815587990793
25167	3.007355426800752	3.007355426800752
22716	2.626779348286419	2.626779348286419
31681	3.791823090983082	3.791823090983082
16666	1.8395941038666723	1.8395941038666723
33987	2.4419760992131967	2.4419760992131967
42669	2.446252247000979	2.446252247000979
31133	2.7493946695045293	2.7493946695045293
1308	2.5825867638894953	2.5825867638894953
15445	2.8457976302729135	2.8457976302729135
6353	3.3492956865110557	3.3492956865110557
38589	3.008337175939248	3.008337175939248
44914	2.4343934731129795	2.4343934731129795
13776	2.4791080518247237	2.4791080518247237
35200	1.9804008894190999	1.9804008894190999
8333	3.5286818902215993	3.5286818902215993
10622	2.2945416947414596	2.2945416947414596
11693	2.331252218394085	2.331252218394085
25486	2.2850777469769423	2.2850777469769423
33605	2.5166553439830417	2.5166553439830417
9862	3.48792679619107	3.48792679619107
32337	2.6340628489489055	2.6340628489489055
757	2.1860102356929514	2.1860102356929514
14229	2.751658316255549	2.751658316255549
42201	2.547625747371611	2.547625747371611
42744	1.875774259462094	1.875774259462094
19780	2.8646919154498156	2.8646919154498156
39596	2.3482207990687805	2.3482207990687805
1417	2.1693603310892517	2.1693603310892517
34414	2.659320538816866	2.659320538816866
43841	2.4373546032291196	2.4373546032291196
929	1.8678993780488466	1.8678993780488466
14519	2.477304889774013	2.477304889774013
28032	2.3927707610778794	2.3927707610778794
16594	2.6652538353756823	2.6652538353756823
15266	1.822542577997033	1.822542577997033
3246	2.673729590129012	2.673729590129012
17482	2.876344663436276	2.876344663436276
2632	2.396839696155444	2.396839696155444
23517	2.6088949225562565	2.6088949225562565
3181	3.159594558335776	3.159594558335776
2849	2.348725857226962	2.348725857226962
27919	2.271192308470822	2.271192308470822
16664	2.629239533445569	2.629239533445569
26793	2.5275838912142574	2.5275838912142574
43414	1.5872537468379617	1.5872537468379617
24593	2.102203919342233	2.102203919342233
9260	2.5146225112694323	2.5146225112694323
30258	2.0849040662028737	2.0849040662028737
4715	2.219100638498811	2.219100638498811
41744	2.4087957622415552	2.4087957622415552
40119	2.7927172931951416	2.7927172931951416
42555	3.3883285041955142	3.3883285041955142
28163	2.838346991204503	2.838346991204503
36698	3.1143354951946582	3.1143354951946582
26226	2.041835287047339	2.041835287047339
2176	1.9592953028172833	1.9592953028172833
26758	2.4870804156098014	2.4870804156098014
20429	3.0359930641189243	3.0359930641189243
29950	2.349247425215945	2.349247425215945
27450	2.7058955763848367	2.7058955763848367
33847	2.522555362377359	2.522555362377359
12535	2.599373142971247	2.599373142971247
24241	2.9607868920299256	2.9607868920299256
29348	3.7531276913523315	3.7531276913523315
17098	2.0839578906254452	2.0839578906254452
38797	3.320305911640603	3.320305911640603
5660	2.4445784030451754	2.4445784030451754
33240	2.99734820684221	2.99734820684221
7358	3.1238651647558386	3.1238651647558386
931	2.129437521547388	2.129437521547388
5454	2.207873696956791	2.207873696956791
11404	2.337315840915886	2.337315840915886
10485	2.1180026968554815	2.1180026968554815
44487	3.0788520411773406	3.0788520411773406
22027	2.5412931147650664	2.5412931147650664
4411	2.250838408992648	2.250838408992648
10788	3.154949498296555	3.154949498296555
24990	2.8398389234913934	2.8398389234913934
12753	2.4946888301437484	2.4946888301437484
16192	3.6392119352190804	3.6392119352190804
9910	3.268345245445933	3.268345245445933
4920	1.6907619267063052	1.6907619267063052
41020	2.1681413559522977	2.1681413559522977
32312	1.8660816510151885	1.8660816510151885
9424	2.4258415731785936	2.4258415731785936
42000	3.2369963479036983	3.2369963479036983
15971	1.7929347020993434	1.7929347020993434
36894	3.0120438180903455	3.0120438180903455
7106	2.678129027695986	2.678129027695986
16604	2.2618700601513884	2.2618700601513884
32921	2.1912205735709582	2.1912205735709582
18398	2.5734398390894166	2.5734398390894166
25640	1.4185471529773241	1.4185471529773241
2945	1.9161717011555148	1.9161717011555148
32623	3.008174678933713	3.008174678933713
37295	2.535870209067605	2.535870209067605
12292	1.9838857479725949	1.9838857479725949
26012	2.594772349377431	2.594772349377431
812	2.266585387826321	2.266585387826321
7059	2.533213379517311	2.533213379517311
25450	2.874411253222304	2.874411253222304
16822	1.7956807477382786	1.7956807477382786
37455	2.957699751334454	2.957699751334454
10235	1.6063176591295598	1.6063176591295598
15003	2.9751209784492123	2.9751209784492123
36835	1.7638248991373378	1.7638248991373378
11432	2.573369745370178	2.573369745370178
225	2.4222393014810004	2.4222393014810004
31890	2.277752363240895	2.277752363240895
40527	2.433627613874801	2.433627613874801
4644	1.8327380592534326	1.8327380592534326
3713	1.7586175843754324	1.7586175843754324
13873	2.8962441754238997	2.8962441754238997
24126	1.5259998233090055	1.5259998233090055
19985	1.6703610354564227	1.6703610354564227
29023	2.661658112934967	2.661658112934967
35930	2.6038812325753535	2.6038812325753535
4548	3.2781355021078245	3.2781355021078245
28185	2.928272348854742	2.928272348854742
6426	2.218197030438931	2.218197030438931
26194	2.4727639110834803	2.4727639110834803
23497	3.593016640815311	3.593016640815311
27128	3.0072839479110502	3.0072839479110502
123	2.157401369201835	2.157401369201835
23618	1.7318722883958504	1.7318722883958504
11736	2.4599565816541076	2.4599565816541076
29313	2.4867771783598793	2.4867771783598793
29547	1.750366474035185	1.750366474035185
10739	2.627369371022226	2.627369371022226
33785	2.4296899158621827	2.4296899158621827
3867	1.999265590043002	1.999265590043002
7317	2.973447942145499	2.973447942145499
16160	2.9145173178557835	2.9145173178557835
33843	1.4490479321017538	1.4490479321017538
36071	2.1882756212107886	2.1882756212107886
3950	2.5137725403014373	2.5137725403014373
6279	2.266240873100458	2.266240873100458
37488	2.364815275430548	2.364815275430548
43812	2.2748735317786695	2.2748735317786695
20724	1.9597159948478098	1.9597159948478098
17048	3.1136492581793958	3.1136492581793958
37860	1.777449853763468	1.777449853763468
601	2.631099165527735	2.631099165527735
40933	2.2691235564484713	2.2691235564484713
38043	1.9846340889801186	1.9846340889801186
15858	2.5238737311758515	2.5238737311758515
28723	2.8794271930109336	2.8794271930109336
20654	4.0328223353741794	4.0328223353741794
10118	1.924374857238951	1.924374857238951
28869	2.5509207111133048	2.5509207111133048
14541	2.197713637393094	2.197713637393094
32858	2.060537425559142	2.060537425559142
26791	2.7738091156284725	2.7738091156284725
11433	1.8130330750951933	1.8130330750951933
2660	2.690393093263225	2.690393093263225
16550	2.2900005588175563	2.2900005588175563
2846	3.0818617358803664	3.0818617358803664
11540	2.148914751871642	2.148914751871642
2265	1.7572948291996178	1.7572948291996178
20370	2.1701472391837826	2.1701472391837826
45438	2.0647003407912976	2.0647003407912976
17592	3.084700341843711	3.084700341843711
18843	2.4151190619481793	2.4151190619481793
38671	3.2519120495853	3.2519120495853
9110	2.657842259322232	2.657842259322232
42758	2.653817601998353	2.653817601998353
36173	2.318222708663735	2.318222708663735
32284	2.7644981054795448	2.7644981054795448
33303	2.427183652949414	2.427183652949414
14593	3.253325112160437	3.253325112160437
43732	3.2729960484799063	3.2729960484799063
40553	2.039135636328912	2.039135636328912
21680	2.1814259808587604	2.1814259808587604
22454	3.145567540398776	3.145567540398776
43141	1.374708790347687	1.374708790347687
4495	1.6617462591691132	1.6617462591691132
23348	2.166198481795003	2.166198481795003
1246	2.09284497987863	2.09284497987863
1965	2.492668793149709	2.492668793149709
32626	3.058575611266062	3.058575611266062
25399	3.0859971866969844	3.0859971866969844
31687	3.1784603294756892	3.1784603294756892
35840	2.2718834738937597	2.2718834738937597
6121	1.9353023459334213	1.9353023459334213
10097	1.9369277126410895	1.9369277126410895
32374	2.780838370879204	2.780838370879204
10049	1.998251936825127	1.998251936825127
41996	2.428918524846687	2.428918524846687
32315	2.02663284244056	2.02663284244056
20855	2.8538370419619166	2.8538370419619166
17093	2.650757259065198	2.650757259065198
4130	2.8871595508554777	2.8871595508554777
19810	2.0706354987956765	2.0706354987956765
32888	2.0197181173700853	2.0197181173700853
23649	2.5633706962313805	2.5633706962313805
28751	2.056188922221967	2.056188922221967
10512	1.9357838604840274	1.9357838604840274
5044	3.2628543799208054	3.2628543799208054
23295	3.155982854699312	3.155982854699312
1386	3.927109816617036	3.927109816617036
31763	2.3585291912990813	2.3585291912990813
45071	2.116496801900684	2.116496801900684
2291	2.417363528256601	2.417363528256601
31136	2.227505249499068	2.227505249499068
24600	2.6606957206285102	2.6606957206285102
24059	2.0481612557272535	2.0481612557272535
27227	2.695619171579989	2.695619171579989
35965	1.9342814144342613	1.9342814144342613
2634	2.9381926390738062	2.9381926390738062
14225	1.7843095861885703	1.7843095861885703
3503	2.2496303597718392	2.2496303597718392
24455	2.8426604678095044	2.8426604678095044
27061	2.563427294588486	2.563427294588486
1730	3.2600385205871767	3.2600385205871767
16281	3.144482312122134	3.144482312122134
30028	2.023896994235946	2.023896994235946
24809	2.436434283483784	2.436434283483784
10516	3.2154267642704415	3.2154267642704415
15482	2.0490841276292167	2.0490841276292167
5334	1.992460373431509	1.992460373431509
28307	3.755882429788686	3.755882429788686
10673	2.2006944896976868	2.2006944896976868
14273	2.755296411929122	2.755296411929122
25267	3.305825485513322	3.305825485513322
10120	1.845899321331209	1.845899321331209
32307	2.708198214316675	2.708198214316675
5563	1.980129551087783	1.980129551087783
23123	2.3055871699491925	2.3055871699491925
37768	3.1805805294622203	3.1805805294622203
16026	2.4573782847326617	2.4573782847326617
17145	2.2310173736645202	2.2310173736645202
31282	2.9980339881909925	2.9980339881909925
33752	2.277106489880847	2.277106489880847
4520	2.0438844211028218	2.0438844211028218
32311	1.4731526411087592	1.4731526411087592
11720	2.0542329923598666	2.0542329923598666
40246	1.582714675434376	1.582714675434376
41208	2.5139201591174034	2.5139201591174034
40038	1.9434063019778798	1.9434063019778798
28420	2.6269884066214666	2.6269884066214666
5364	2.3207117007323115	2.3207117007323115
3673	2.374797025474781	2.374797025474781
4572	2.71271655798133	2.71271655798133
17365	2.910844961192672	2.910844961192672
5830	2.1646589390921953	2.1646589390921953
27031	2.1176726847353713	2.1176726847353713
29355	2.2319726009768055	2.2319726009768055
31417	2.4870360008169143	2.4870360008169143
6934	1.8942994310971828	1.8942994310971828
14170	2.8621334689788944	2.8621334689788944
19961	2.4220388710368486	2.4220388710368486
41998	2.7727628736996577	2.7727628736996577
23203	1.8586708786782324	1.8586708786782324
5480	3.266089912193241	3.266089912193241
2553	2.6913107616933862	2.6913107616933862
32277	2.333104365551716	2.333104365551716
13625	2.107508981218249	2.107508981218249
4581	2.653897058208228	2.653897058208228
28892	2.060334015938721	2.060334015938721
22928	2.465779380068152	2.465779380068152
2850	2.4797528343148922	2.4797528343148922
17770	2.801457817129423	2.801457817129423
35010	2.0355736267430267	2.0355736267430267
2923	2.7383433477213126	2.7383433477213126
34661	1.9128018134177138	1.9128018134177138
36515	2.216369524841042	2.216369524841042
3268	2.1263762258068497	2.1263762258068497
44476	2.240233987084566	2.240233987084566
42045	1.9305505172079263	1.9305505172079263
15187	2.1750818263279412	2.1750818263279412
24096	2.4347690740702004	2.4347690740702004
44297	2.8248243792723358	2.8248243792723358
41524	2.021569251232822	2.021569251232822
10240	2.5313657652880885	2.5313657652880885
11079	2.121230186490516	2.121230186490516
10509	1.6470784194781498	1.6470784194781498
44414	2.450824780174113	2.450824780174113
22806	2.4587875868217592	2.4587875868217592
3138	3.055973080585457	3.055973080585457
45004	2.714937644264842	2.714937644264842
32335	2.906650287737459	2.906650287737459
40497	2.7659635842322894	2.7659635842322894
38454	2.641289610354225	2.641289610354225
13190	2.877088733395748	2.877088733395748
31852	2.3617833841546716	2.3617833841546716
21861	2.675975096288136	2.675975096288136
38864	2.4737001347250542	2.4737001347250542
4797	3.0047904275614656	3.0047904275614656
11776	2.1487643314747817	2.1487643314747817
2420	3.6556736804248846	3.6556736804248846
13835	2.4756991885844912	2.4756991885844912
11898	2.7933864736674887	2.7933864736674887
4522	2.020800713844735	2.020800713844735
30536	3.0216225054621733	3.0216225054621733
8429	2.3206500666558254	2.3206500666558254
3081	1.8818610883096263	1.8818610883096263
1101	1.831051175712979	1.831051175712979
29390	2.868663784900061	2.868663784900061
16658	2.0547402925699627	2.0547402925699627
20197	2.471886186645182	2.471886186645182
16025	2.08167703435903	2.08167703435903
45376	2.4914911910819706	2.4914911910819706
22118	2.605041997926305	2.605041997926305
16824	2.149378838975922	2.149378838975922
43355	2.3213254279461117	2.3213254279461117
19749	2.2574960152881456	2.2574960152881456
8204	2.1042970001366226	2.1042970001366226
12889	3.4135742842535692	3.4135742842535692
26501	2.024947131831451	2.024947131831451
32489	2.594776612560603	2.594776612560603
39975	2.5224600458244626	2.5224600458244626
15236	2.413970018049439	2.413970018049439
7545	2.806738695568009	2.806738695568009
13750	3.9196198214987383	3.9196198214987383
16154	1.7038571472988562	1.7038571472988562
7104	2.21614835946874	2.21614835946874
28717	1.6133609864915426	1.6133609864915426
21522	2.5670128310665903	2.5670128310665903
14169	1.9032762820732778	1.9032762820732778
40795	3.0397410620402994	3.0397410620402994
13626	2.57522460497858	2.57522460497858
14300	2.409671855344807	2.409671855344807
9216	2.2002477263762854	2.2002477263762854
37676	2.143035594930545	2.143035594930545
24882	2.6168366043644955	2.6168366043644955
3707	2.9030803460454284	2.9030803460454284
43382	2.1747870281301385	2.1747870281301385
9787	1.9253307631964978	1.9253307631964978
16571	2.1179433758196007	2.1179433758196007
3712	3.009044720818744	3.009044720818744
13510	2.679238466999383	2.679238466999383
9618	2.146626530805167	2.146626530805167
17633	2.4538612868623013	2.4538612868623013
14492	2.0621707032523737	2.0621707032523737
32071	3.4435659061526125	3.4435659061526125
20589	2.0976948514538027	2.0976948514538027
6759	2.1014974663644073	2.1014974663644073
3780	2.340576754496385	2.340576754496385
18206	1.5991450575350818	1.5991450575350818
45213	2.5172129638162044	2.5172129638162044
13063	1.9324092336652587	1.9324092336652587
28482	2.0897052507190037	2.0897052507190037
5072	1.6783988617477457	1.6783988617477457
36594	2.54145280051472	2.54145280051472
20539	2.7933801205958875	2.7933801205958875
17182	2.205947388974411	2.205947388974411
5503	2.560489258932288	2.560489258932288
29842	3.215310050212915	3.215310050212915
18180	2.3295315917267363	2.3295315917267363
9377	2.6239892616968863	2.6239892616968863
19665	2.3806854045131858	2.3806854045131858
40642	1.8241636927910339	1.8241636927910339
16689	4.078023443686923	4.078023443686923
45409	3.474574900782642	3.474574900782642
38041	2.4047583004571362	2.4047583004571362
11940	1.9367328586901413	1.9367328586901413
5048	3.3056857390737457	3.3056857390737457
24124	1.8301863910299798	1.8301863910299798
32590	2.319299468053213	2.319299468053213
23708	3.2020790311506606	3.2020790311506606
1328	2.6482908113242467	2.6482908113242467
31533	2.986934097975149	2.986934097975149
36732	2.9985870861562223	2.9985870861562223
14301	2.916268173804131	2.916268173804131
28212	2.991873650217334	2.991873650217334
15055	2.123218020828723	2.123218020828723
10965	2.4228255216481713	2.4228255216481713
2108	3.0718484909730623	3.0718484909730623
32018	1.695414367449279	1.695414367449279
17690	2.057111122781312	2.057111122781312
36518	3.0499840097773947	3.0499840097773947
41826	2.235816126740031	2.235816126740031
15333	3.0609563629556824	3.0609563629556824
15259	2.9463593933049537	2.9463593933049537
11183	2.968980820711519	2.968980820711519
42386	2.768182371413837	2.768182371413837
17475	2.271578068588366	2.271578068588366
398	2.636784836251327	2.636784836251327
15570	2.03101184958301	2.03101184958301
21387	2.64996017462744	2.64996017462744
9812	2.170166789212089	2.170166789212089
20019	1.6806287190152698	1.6806287190152698
15341	2.4877818268576304	2.4877818268576304
3401	3.4638653553230716	3.4638653553230716
2689	2.3912672688138947	2.3912672688138947
24631	2.714813959062702	2.714813959062702
9667	1.4795309096224634	1.4795309096224634
37460	3.4392513374668745	3.4392513374668745
5583	2.1966573911331344	2.1966573911331344
206	2.007902440248767	2.007902440248767
23272	2.5573720838107197	2.5573720838107197
14482	2.5594592366007154	2.5594592366007154
207	2.6639787992638353	2.6639787992638353
13089	2.1341990731262297	2.1341990731262297
6885	3.2747745543152513	3.2747745543152513
40958	1.731213956255316	1.731213956255316
35933	3.273581204094735	3.273581204094735
37462	2.9231757343119047	2.9231757343119047
8104	2.341568713137152	2.341568713137152
34449	1.937742781831619	1.937742781831619
13903	1.5650760406044606	1.5650760406044606
23766	2.540525787771057	2.540525787771057
30749	2.28546910648871	2.28546910648871
35263	1.9215055062319157	1.9215055062319157
14167	1.9318704449550124	1.9318704449550124
41042	1.756601707361055	1.756601707361055
29778	2.559064758391829	2.559064758391829
16900	1.928412206258046	1.928412206258046
6652	3.450183450562101	3.450183450562101
43789	2.2459126671093954	2.2459126671093954
17281	3.3338418617800625	3.3338418617800625
7084	2.5099680479860655	2.5099680479860655
11377	2.9530870504932114	2.9530870504932114
42955	2.1073467816343716	2.1073467816343716
17357	2.12222553612673	2.12222553612673
26009	2.3250562449153898	2.3250562449153898
31987	1.7439429503549821	1.7439429503549821
23844	2.6484746926008893	2.6484746926008893
40474	2.1834463711878302	2.1834463711878302
8939	2.0558180224266835	2.0558180224266835
11468	2.0543698148641756	2.0543698148641756
42223	2.355685758047313	2.355685758047313
25403	2.3025490431407785	2.3025490431407785
16976	2.768070758127269	2.768070758127269
22694	1.78439953336264	1.78439953336264
1163	2.9642744839247333	2.9642744839247333
45085	3.5735714694282437	3.5735714694282437
39936	2.740772198149145	2.740772198149145
32219	1.7595853613625836	1.7595853613625836
8040	3.6078587426641255	3.6078587426641255
17403	1.759460452656551	1.759460452656551
41783	1.6824620834172794	1.6824620834172794
39516	2.6488208696014115	2.6488208696014115
31503	2.6213356662708946	2.6213356662708946
16189	2.663030324051333	2.663030324051333
34233	2.1143861955549994	2.1143861955549994
30255	3.1713478913661817	3.1713478913661817
33866	2.3560747548889047	2.3560747548889047
19539	2.495175094794102	2.495175094794102
12671	3.376871458136418	3.376871458136418
39411	3.9125154075481494	3.9125154075481494
13087	1.5398089905074268	1.5398089905074268
10643	2.847810808030405	2.847810808030405
22809	1.938759125067808	1.938759125067808
36361	3.082419368870228	3.082419368870228
41145	3.4799248622036236	3.4799248622036236
36699	2.479949280426812	2.479949280426812
4846	2.8716474574094604	2.8716474574094604
17094	3.4900310247429953	3.4900310247429953
25175	2.363487337215851	2.363487337215851
39438	1.7482875659998325	1.7482875659998325
36105	2.652685406020656	2.652685406020656
13364	1.9608830042083398	1.9608830042083398
26880	3.027621416309689	3.027621416309689
14832	2.3518152974238467	2.3518152974238467
41233	1.9166235395246571	1.9166235395246571
20055	2.0462165976914894	2.0462165976914894
6147	2.639507336257891	2.639507336257891
19930	2.5258364940071636	2.5258364940071636
1303	2.2356116633099994	2.2356116633099994
40421	2.2898491429152346	2.2898491429152346
555	1.8525745030484997	1.8525745030484997
9193	2.65575620539307	2.65575620539307
4971	3.007115776263797	3.007115776263797
11899	2.2836136714155906	2.2836136714155906
42271	2.4840025471991223	2.4840025471991223
9857	2.52447490016463	2.52447490016463
37326	2.3835653975626148	2.3835653975626148
17366	1.5591958764909795	1.5591958764909795
25230	2.497336363290201	2.497336363290201
21426	1.7320799816449002	1.7320799816449002
22112	2.8951649686161764	2.8951649686161764
10367	3.4817323241783766	3.4817323241783766
4463	1.6312245335168247	1.6312245335168247
22616	2.753263417589494	2.753263417589494
30821	2.4243192358158656	2.4243192358158656
19304	1.9415054554348135	1.9415054554348135
35592	3.0946783313088546	3.0946783313088546
20056	2.4172445051125844	2.4172445051125844
42714	2.8209553630662434	2.8209553630662434
23524	2.3925633829427846	2.3925633829427846
1691	2.5154674138420465	2.5154674138420465
15022	2.465739940140015	2.465739940140015
34482	2.0531398646855417	2.0531398646855417
41918	2.7006241575289978	2.7006241575289978
25102	2.692141454515292	2.692141454515292
33684	2.072548773150854	2.072548773150854
36966	2.471257414016824	2.471257414016824
29080	2.3079785084283775	2.3079785084283775
28115	2.4870481490943757	2.4870481490943757
19723	2.948255164221606	2.948255164221606
29923	2.307754909057616	2.307754909057616
19372	2.0891611652476407	2.0891611652476407
7197	2.3615343987744493	2.3615343987744493
24242	2.6406064614414926	2.6406064614414926
3924	2.5014630362780514	2.5014630362780514
18085	2.2294189947458705	2.2294189947458705
39547	1.9446439469041588	1.9446439469041588
13239	2.4113379099328736	2.4113379099328736
41523	2.530554384877714	2.530554384877714
15689	2.278566366933212	2.278566366933212
43229	1.8774270181591393	1.8774270181591393
824	2.4527043133422257	2.4527043133422257
34371	1.9811164296628307	1.9811164296628307
20659	1.3134602497956867	1.3134602497956867
5861	2.389433743610452	2.389433743610452
15771	2.295070587819337	2.295070587819337
12144	2.7759407742889985	2.7759407742889985
20372	2.451066594840547	2.451066594840547
2342	2.0257239796097006	2.0257239796097006
39687	2.3633628974008536	2.3633628974008536
4175	2.9268419016212603	2.9268419016212603
45052	2.299954429579858	2.299954429579858
31220	1.8265260009119404	1.8265260009119404
32370	2.2178220627408085	2.2178220627408085
37355	2.017917965073871	2.017917965073871
26280	1.4264451725155491	1.4264451725155491
512	2.1860820415910838	2.1860820415910838
31028	1.5179742185624672	1.5179742185624672
35497	3.4183951633892056	3.4183951633892056
8103	2.0691502397944848	2.0691502397944848
37214	2.449587847819937	2.449587847819937
82	3.8034291923945505	3.8034291923945505
34204	2.685193584560301	2.685193584560301
13275	2.8645432125317494	2.8645432125317494
8624	1.852550793453155	1.852550793453155
13986	2.107638805397061	2.107638805397061
41829	2.4877593547092687	2.4877593547092687
34660	2.615543408833062	2.615543408833062
13977	2.2271716505851233	2.2271716505851233
36288	2.2449717873319273	2.2449717873319273
29354	2.1861409721743343	2.1861409721743343
40210	2.338150861380393	2.338150861380393
17766	2.512221520202597	2.512221520202597
1687	1.9718810364846033	1.9718810364846033
13235	2.6821534773349	2.6821534773349
6005	2.994539869493836	2.994539869493836
36899	2.8890450833572836	2.8890450833572836
28450	2.5305473866632666	2.5305473866632666
8674	2.169478178203029	2.169478178203029
36795	2.1145557187437354	2.1145557187437354
3473	3.581819985067758	3.581819985067758
18556	1.485150385714664	1.485150385714664
40341	1.7186615886378862	1.7186615886378862
560	2.026747513146493	2.026747513146493
8150	1.7439631702543008	1.7439631702543008
37253	3.4215090508255424	3.4215090508255424
8394	1.6381193576069981	1.6381193576069981
683	1.8043681540443302	1.8043681540443302
23179	3.484933936111594	3.484933936111594
26641	2.878487492454098	2.878487492454098
44485	2.3175219541848904	2.3175219541848904
22812	1.887598962067319	1.887598962067319
14744	1.861044838857037	1.861044838857037
36619	1.903706621958449	1.903706621958449
1456	1.6114490830989974	1.6114490830989974
339	2.630257368040883	2.630257368040883
3674	1.7670058231021608	1.7670058231021608
15888	2.402721208128885	2.402721208128885
30628	2.212911362728897	2.212911362728897
34939	1.7985842066370374	1.7985842066370374
21892	1.8250798919128894	1.8250798919128894
37952	2.6438212946681463	2.6438212946681463
1966	1.6535150120152362	1.6535150120152362
23525	3.0356223572265755	3.0356223572265755
2338	2.701428624941169	2.701428624941169
44769	2.4232340006950923	2.4232340006950923
17207	3.567622305455752	3.567622305455752
39221	3.052041816472714	3.052041816472714
36136	2.7594725485338456	2.7594725485338456
32555	2.417574533060498	2.417574533060498
26228	2.874221763716622	2.874221763716622
21973	2.8530144462555613	2.8530144462555613
8699	2.320761921229378	2.320761921229378
16789	1.1886165281816272	1.1886165281816272
26533	3.2586745688379266	3.2586745688379266
2183	2.7457962895519685	2.7457962895519685
2904	2.870679256083527	2.870679256083527
30911	2.530537288904597	2.530537288904597
35014	2.280650226956527	2.280650226956527
7965	3.055458064177779	3.055458064177779
17737	1.2726759390653593	1.2726759390653593
44631	2.4964349455685375	2.4964349455685375
11571	2.2414532746369145	2.2414532746369145
24131	2.0109353991616095	2.0109353991616095
37922	2.4768938577048036	2.4768938577048036
10812	2.7106548601363567	2.7106548601363567
37892	2.611491245189873	2.611491245189873
16876	3.013733852821708	3.013733852821708
2366	2.3454963327480063	2.3454963327480063
36829	2.498458219447743	2.498458219447743
19576	1.8326008910317948	1.8326008910317948
14629	1.6022837371431822	1.6022837371431822
15001	2.5886353291114474	2.5886353291114474
481	2.7574940738031253	2.7574940738031253
11187	2.4722807376832385	2.4722807376832385
35125	2.0021782484616426	2.0021782484616426
13545	2.5791543038022535	2.5791543038022535
21307	2.1516882135954436	2.1516882135954436
40450	2.238550943591107	2.238550943591107
41470	2.7417834435954336	2.7417834435954336
37916	1.853513284764665	1.853513284764665
16850	2.479066935577225	2.479066935577225
5807	2.5738741849500593	2.5738741849500593
43987	2.4970499348316	2.4970499348316
38765	2.4762189517175113	2.4762189517175113
662	2.5427523247881934	2.5427523247881934
26504	2.365833013887157	2.365833013887157
42547	2.3331294911890503	2.3331294911890503
170	1.9760192330928819	1.9760192330928819
8335	2.7028621467573744	2.7028621467573744
7338	2.2867930414538638	2.2867930414538638
7080	1.9965571036738314	1.9965571036738314
43446	1.6553838785735144	1.6553838785735144
16213	1.7738866175664945	1.7738866175664945
5532	1.7708350186250494	1.7708350186250494
30372	2.7429836496923676	2.7429836496923676
18117	2.297096735176502	2.297096735176502
20510	2.8644413299884826	2.8644413299884826
4575	3.247311581193216	3.247311581193216
7895	2.1153863848610377	2.1153863848610377
20502	2.1474345468979923	2.1474345468979923
11612	2.7765311516360867	2.7765311516360867
11795	2.4113337783680824	2.4113337783680824
36798	1.9499191049221543	1.9499191049221543
45072	2.439965098436377	2.439965098436377
6732	2.287879269813451	2.287879269813451
36567	2.5553342257993035	2.5553342257993035
7259	2.8520912482071483	2.8520912482071483
3671	2.9809736422337054	2.9809736422337054
21685	1.9171536499979098	1.9171536499979098
12621	1.9429548198524706	1.9429548198524706
27323	2.6019443108646603	2.6019443108646603
27448	2.867229467683353	2.867229467683353
27254	2.272236656982298	2.272236656982298
32946	3.4316851854196497	3.4316851854196497
5122	2.1890498960652427	2.1890498960652427
26751	2.029892820551947	2.029892820551947
25770	2.065178396238377	2.065178396238377
23528	2.374979185568566	2.374979185568566
29699	3.1851628303186192	3.1851628303186192
28864	3.0329122151409464	3.0329122151409464
9988	2.8051298730867282	2.8051298730867282
31981	2.317436634270066	2.317436634270066
17612	2.084812954668336	2.084812954668336
14362	3.586886999331011	3.586886999331011
45054	2.466312330105868	2.466312330105868
21767	2.90508783462145	2.90508783462145
12022	2.1456997143385044	2.1456997143385044
12272	2.327979476892951	2.327979476892951
30027	2.4583592742034823	2.4583592742034823
43625	1.661658572382709	1.661658572382709
12348	2.588070795094581	2.588070795094581
1929	2.188205883988795	2.188205883988795
11939	2.7795734232393507	2.7795734232393507
14727	1.4530301709599875	1.4530301709599875
23965	2.2920128793653642	2.2920128793653642
3800	2.747701932646444	2.747701932646444
10897	1.9152434187407794	1.9152434187407794
11975	3.0054203131839214	3.0054203131839214
33988	2.066466534506957	2.066466534506957
20225	2.39715045721273	2.39715045721273
5416	2.1013845315238386	2.1013845315238386
36004	1.6403598784108473	1.6403598784108473
7383	2.9840981499351513	2.9840981499351513
27345	2.1702480626551695	2.1702480626551695
43630	3.1418659579677115	3.1418659579677115
20507	2.191116708249542	2.191116708249542
7064	2.699940917104556	2.699940917104556
42266	2.8092031650038547	2.8092031650038547
7405	2.084717948770173	2.084717948770173
33882	2.035540315624543	2.035540315624543
42743	3.1082055199889145	3.1082055199889145
5437	1.4497106923020648	1.4497106923020648
45222	1.5355472491734434	1.5355472491734434
1926	2.5049198734827245	2.5049198734827245
30877	2.5251941042614194	2.5251941042614194
45008	2.765898317358268	2.765898317358268
45194	2.632749499317564	2.632749499317564
5166	2.870725776373678	2.870725776373678
3470	2.666582899631465	2.666582899631465
37251	2.9446021718742306	2.9446021718742306
10428	2.7805042987866995	2.7805042987866995
25233	2.351110984646795	2.351110984646795
28891	2.2565218017498543	2.2565218017498543
26005	2.626229816079912	2.626229816079912
7695	2.943902204605855	2.943902204605855
10373	3.4163539009636943	3.4163539009636943
414	3.1418081714834503	3.1418081714834503
11513	3.537871679693547	3.537871679693547
26670	1.9590532853304707	1.9590532853304707
25905	1.9165414458429422	1.9165414458429422
8560	2.1792537543345554	2.1792537543345554
13219	3.254420406943793	3.254420406943793
43508	2.392534997947788	2.392534997947788
5719	1.921228280392044	1.921228280392044
20827	2.5210622865649204	2.5210622865649204
8039	2.6952801115468006	2.6952801115468006
38239	2.710573067523958	2.710573067523958
28092	2.6489959691828333	2.6489959691828333
27525	1.9819808019758134	1.9819808019758134
33957	2.653576641531391	2.653576641531391
5727	1.8494341417007918	1.8494341417007918
40902	2.4790824237811586	2.4790824237811586
13112	1.93370856073593	1.93370856073593
10486	2.7063398716361404	2.7063398716361404
15623	1.7737823716459264	1.7737823716459264
24995	2.0281184048673886	2.0281184048673886
45207	2.1062659242878907	2.1062659242878907
14707	1.964288185094449	1.964288185094449
127	3.18717235829309	3.18717235829309
37828	2.6714724058358943	2.6714724058358943
8558	1.9983958760424558	1.9983958760424558
29804	2.440714985616331	2.440714985616331
32196	1.7930224218202362	1.7930224218202362
10811	3.231511122407368	3.231511122407368
12187	3.434973196089627	3.434973196089627
21972	2.739905754076514	2.739905754076514
13311	3.3673698975059105	3.3673698975059105
42884	1.6267367073456804	1.6267367073456804
43197	1.8975760057396243	1.8975760057396243
44176	2.352299889694813	2.352299889694813
11951	2.546623997211357	2.546623997211357
44800	2.7630765723248736	2.7630765723248736
2077	3.1311005604436666	3.1311005604436666
128	1.7103050601848158	1.7103050601848158
5363	3.0117558264357607	3.0117558264357607
9886	2.1739317127077578	2.1739317127077578
31952	2.5821477126706514	2.5821477126706514
16972	2.314741837083888	2.314741837083888
24283	2.959978767133262	2.959978767133262
14681	2.6115019217799764	2.6115019217799764
5462	2.685318405687918	2.685318405687918
15528	1.8524834089829463	1.8524834089829463
9714	2.5204753540078273	2.5204753540078273
31711	2.4276726853064132	2.4276726853064132
30818	3.036927510743337	3.036927510743337
36901	3.057876952616632	3.057876952616632
23084	2.052447552453483	2.052447552453483
11576	2.143842956409544	2.143842956409544
41282	1.7364573567826156	1.7364573567826156
29620	3.3193408137662592	3.3193408137662592
16410	2.197009528955704	2.197009528955704
29740	2.6567730718328497	2.6567730718328497
31591	2.152109622785267	2.152109622785267
3319	2.1281676606902167	2.1281676606902167
25899	2.063003057134771	2.063003057134771
42029	3.1188824908696806	3.1188824908696806
44835	3.728328666455121	3.728328666455121
35300	2.0787956984003926	2.0787956984003926
7957	2.0313704311597225	2.0313704311597225
38991	3.122675755524115	3.122675755524115
42502	3.0616059236553084	3.0616059236553084
28749	2.3865349967354894	2.3865349967354894
28809	2.161283664946814	2.161283664946814
35997	2.4194328771313547	2.4194328771313547
16843	2.406539030984791	2.406539030984791
484	1.5930788616802278	1.5930788616802278
41053	2.466326880637632	2.466326880637632
23706	2.4107717491216727	2.4107717491216727
24089	2.879694586524504	2.879694586524504
28187	3.1409276660849152	3.1409276660849152
12589	2.2798159492434484	2.2798159492434484
36201	2.5359584113553644	2.5359584113553644
12701	2.4688340618040776	2.4688340618040776
19171	2.357349614369213	2.357349614369213
22453	1.6796834413412116	1.6796834413412116
12188	2.0042087819773458	2.0042087819773458
4666	3.3728244597495385	3.3728244597495385
44554	1.9293732161575887	1.9293732161575887
34202	1.8899153197181333	1.8899153197181333
28249	2.2203572535885314	2.2203572535885314
23767	1.9737258669120115	1.9737258669120115
2363	2.2279447228339135	2.2279447228339135
34317	2.0848938984635628	2.0848938984635628
19135	3.1937581039324314	3.1937581039324314
29024	2.8606728173914875	2.8606728173914875
26174	2.5773947698024444	2.5773947698024444
37186	2.8081152861006875	2.8081152861006875
20253	3.03308483657241	3.03308483657241
23118	2.6454196347317023	2.6454196347317023
41717	1.914453382319573	1.914453382319573
41443	2.8492906110415746	2.8492906110415746
45133	2.9583182265022647	2.9583182265022647
17401	2.4357837731227705	2.4357837731227705
416	2.368118294100295	2.368118294100295
15145	2.0873014262935774	2.0873014262935774
4284	2.573322657047893	2.573322657047893
44359	2.2441668618139583	2.2441668618139583
13062	3.4835329916084987	3.4835329916084987
8279	3.1924582692018992	3.1924582692018992
35376	1.8643151288249116	1.8643151288249116
39292	2.1945590815293894	2.1945590815293894
6171	2.9301619708312487	2.9301619708312487
32860	2.8605319503907536	2.8605319503907536
17427	2.8112756125439478	2.8112756125439478
4442	2.169176165174248	2.169176165174248
42764	2.2236704251775348	2.2236704251775348
40211	1.772839289955162	1.772839289955162
22486	1.9141765206260004	1.9141765206260004
14701	2.6084655809986304	2.6084655809986304
37730	2.1392509809030407	2.1392509809030407
44177	2.175072013042532	2.175072013042532
26945	2.9265681014307035	2.9265681014307035
10407	1.962131211664042	1.962131211664042
39434	1.5384803388980388	1.5384803388980388
10172	2.184192918239372	2.184192918239372
26171	2.1810067535837976	2.1810067535837976
3582	2.3383954530050493	2.3383954530050493
7540	2.1272606359861346	2.1272606359861346
2944	2.478115996562824	2.478115996562824
740	2.842712273920215	2.842712273920215
32784	2.0719286784060396	2.0719286784060396
38100	1.8759569253833674	1.8759569253833674
37982	2.070801415386388	2.070801415386388
9861	2.9365632787512923	2.9365632787512923
2369	2.812083668247284	2.812083668247284
13330	2.5150284746100398	2.5150284746100398
10922	2.7650109639826197	2.7650109639826197
16212	2.6345116616178323	2.6345116616178323
22123	2.917514672601936	2.917514672601936
2733	2.5754309956689867	2.5754309956689867
9086	2.732566406429801	2.732566406429801
42718	2.105737232657088	2.105737232657088
45212	3.1390228163904874	3.1390228163904874
23820	2.0061167707487604	2.0061167707487604
6094	3.2440024957652884	3.2440024957652884
36480	2.3035833316505747	2.3035833316505747
43420	2.145857838454919	2.145857838454919
40472	3.234208465504296	3.234208465504296
42244	1.9603444636875271	1.9603444636875271
27452	2.3917992560433823	2.3917992560433823
38240	2.6086019953827138	2.6086019953827138
14525	2.7488215792479687	2.7488215792479687
20314	3.008265832180537	3.008265832180537
37428	2.300527584129391	2.300527584129391
39943	3.814323509561811	3.814323509561811
9264	3.0281857229549454	3.0281857229549454
24204	2.2485492757492	2.2485492757492
43016	2.0544696045699995	2.0544696045699995
34235	2.6121556465230835	2.6121556465230835
33380	2.0565079346098254	2.0565079346098254
6469	2.4348844299164436	2.4348844299164436
25974	1.7485528750121784	1.7485528750121784
1690	1.986426654477536	1.986426654477536
27713	2.8343976041065444	2.8343976041065444
14420	2.9491929566592856	2.9491929566592856
13958	1.7094215836871502	1.7094215836871502
43226	3.182023183991045	3.182023183991045
25235	2.686683379905568	2.686683379905568
18337	2.803170711329069	2.803170711329069
38198	2.6365525779084216	2.6365525779084216
2240	3.05864152032857	3.05864152032857
33690	2.048791768766194	2.048791768766194
37795	1.4800050932611535	1.4800050932611535
16472	2.2645119573651513	2.2645119573651513
38580	2.0783479172958916	2.0783479172958916
18212	3.174656306430286	3.174656306430286
17129	2.7482597890960645	2.7482597890960645
31652	1.7262978767420771	1.7262978767420771
45121	3.085090450555614	3.085090450555614
27159	2.3439008883178616	2.3439008883178616
2140	2.67625053600799	2.67625053600799
1418	2.390754126041101	2.390754126041101
34818	2.5784430997949284	2.5784430997949284
13842	2.612517937205074	2.612517937205074
42333	2.6054567887769675	2.6054567887769675
39084	2.553194507415161	2.553194507415161
37762	2.3573638096610168	2.3573638096610168
10035	2.1314911844805313	2.1314911844805313
21518	2.4795795180466453	2.4795795180466453
32375	2.6087040836396116	2.6087040836396116
13866	1.621816065974749	1.621816065974749
20699	3.195992866114091	3.195992866114091
41314	2.0967166405939253	2.0967166405939253
12911	3.0097834055974473	3.0097834055974473
6234	2.2395831342039703	2.2395831342039703
20361	2.900840489644144	2.900840489644144
23036	2.235629070440105	2.235629070440105
4055	3.1633358806122582	3.1633358806122582
40371	2.023485003256015	2.023485003256015
13537	2.6115889164246746	2.6115889164246746
31312	3.320400937504863	3.320400937504863
36964	2.1126433245273906	2.1126433245273906
26230	2.685993264558315	2.685993264558315
32073	2.644075755906092	2.644075755906092
40799	2.461767808141361	2.461767808141361
40882	2.175974889138416	2.175974889138416
14902	2.158525653185833	2.158525653185833
3829	2.3272047914106464	2.3272047914106464
2949	2.182767949955722	2.182767949955722
8261	2.026889115355806	2.026889115355806
22936	2.5674305325953224	2.5674305325953224
28359	3.771560636094901	3.771560636094901
43843	3.2772515367951094	3.2772515367951094
4261	1.3360465438876294	1.3360465438876294
17718	2.461543500562211	2.461543500562211
43836	2.0561910216283645	2.0561910216283645
23007	2.932420822441252	2.932420822441252
6092	3.2502792159327423	3.2502792159327423
18617	2.453897855132661	2.453897855132661
33682	2.870157029114907	2.870157029114907
35320	2.0530808096028603	2.0530808096028603
42184	2.3157412853973804	2.3157412853973804
34744	2.5209080618522424	2.5209080618522424
16930	3.075840800426236	3.075840800426236
42598	1.9650951603034992	1.9650951603034992
44121	2.8125170263924364	2.8125170263924364
24285	3.2559551718552817	3.2559551718552817
28941	2.149882409983493	2.149882409983493
35542	2.1104933224274074	2.1104933224274074
2537	2.279867290410924	2.279867290410924
40937	1.968181503515416	1.968181503515416
8838	2.279261098290715	2.279261098290715
38068	2.052435625575972	2.052435625575972
35498	2.651863921985251	2.651863921985251
4057	1.642871959861509	1.642871959861509
4967	3.2741363995487642	3.2741363995487642
10507	2.805282358591908	2.805282358591908
3405	2.806808074429236	2.806808074429236
20511	2.625880624015348	2.625880624015348
29995	3.098876865991458	3.098876865991458
26437	2.665704308544527	2.665704308544527
22884	2.157192753635068	2.157192753635068
36001	2.2831541073370785	2.2831541073370785
42048	3.0135420174181307	3.0135420174181307
16714	2.142044183349293	2.142044183349293
396	2.2042810599758447	2.2042810599758447
40901	3.3102360530070873	3.3102360530070873
27882	2.73153864566641	2.73153864566641
33101	3.306754475576976	3.306754475576976
4996	2.278372498734067	2.278372498734067
10830	2.8962426060538258	2.8962426060538258
3079	2.410308462665416	2.410308462665416
31646	2.4393630440847773	2.4393630440847773
14394	1.8346006058209785	1.8346006058209785
41214	3.478053638628904	3.478053638628904
39074	1.7646998507628708	1.7646998507628708
37700	3.1556641275958124	3.1556641275958124
31538	2.401842124354889	2.401842124354889
15859	2.7705076204553856	2.7705076204553856
19900	3.296925916156694	3.296925916156694
25758	3.6151908219063587	3.6151908219063587
37529	2.559586550470899	2.559586550470899
6283	2.6869578381408976	2.6869578381408976
31592	2.0596249169990077	2.0596249169990077
40030	2.2221248983961246	2.2221248983961246
26135	2.341476144330897	2.341476144330897
9262	2.69436867490344	2.69436867490344
19991	2.3520050429605224	2.3520050429605224
5390	2.9503200421297637	2.9503200421297637
17266	3.00154991701534	3.00154991701534
36702	2.7797588329447387	2.7797588329447387
14808	2.566651638526847	2.566651638526847
44726	2.4059683438077935	2.4059683438077935
37158	3.424421694036302	3.424421694036302
38271	2.940303615627078	2.940303615627078
8963	1.761699260769869	1.761699260769869
