ind	co1	co2
22182	1.753007746910961	1.753007746910961
44312	2.853157061670231	2.853157061670231
36328	2.9209453713972495	2.9209453713972495
33946	1.8028657772634686	1.8028657772634686
38639	1.7285105937087843	1.7285105937087843
4639	2.220725936849782	2.220725936849782
29565	3.1015421253346305	3.1015421253346305
23163	2.0635829977632754	2.0635829977632754
7807	1.8902713111877187	1.8902713111877187
7572	2.6888209094169033	2.6888209094169033
1629	2.734006217505249	2.734006217505249
34120	2.602225311077603	2.602225311077603
45324	3.106917604340244	3.106917604340244
8016	2.828803804612282	2.828803804612282
20176	2.4504696843571074	2.4504696843571074
15384	2.144403438762786	2.144403438762786
34833	3.18873345042965	3.18873345042965
19888	2.235088855559014	2.235088855559014
29663	2.056414931851909	2.056414931851909
22812	1.8828072351222485	1.8828072351222485
20242	2.900001348692811	2.900001348692811
16659	1.7154055841758533	1.7154055841758533
6370	2.3207081707134294	2.3207081707134294
584	1.791783422287641	1.791783422287641
7822	2.232374221571277	2.232374221571277
39766	2.730260182209184	2.730260182209184
20389	2.3580168466647464	2.3580168466647464
29418	2.312016851205843	2.312016851205843
38264	3.3899236873826486	3.3899236873826486
2627	1.9163812081640625	1.9163812081640625
1423	1.993478066375764	1.993478066375764
2165	2.7222904491586664	2.7222904491586664
839	2.568475264772209	2.568475264772209
33622	2.90613082739823	2.90613082739823
5276	1.9283384570492945	1.9283384570492945
5419	3.4343372271258996	3.4343372271258996
29813	3.413261486508482	3.413261486508482
35963	3.3239005866335405	3.3239005866335405
30411	2.7353855331864163	2.7353855331864163
17299	2.073900134684216	2.073900134684216
20355	1.7661903867864783	1.7661903867864783
26395	2.951691269864052	2.951691269864052
29597	3.0005705904989073	3.0005705904989073
11187	2.1022683567708	2.1022683567708
22341	2.7775257259322728	2.7775257259322728
42137	2.552670269981593	2.552670269981593
28654	3.3821085251893988	3.3821085251893988
23841	3.3041266516292302	3.3041266516292302
43344	1.8703559967734154	1.8703559967734154
9818	2.8544460174781556	2.8544460174781556
36307	2.7480366982641873	2.7480366982641873
41188	3.21449395474155	3.21449395474155
11559	3.764523810575515	3.764523810575515
9257	2.904312814705007	2.904312814705007
9334	3.003373594433924	3.003373594433924
30345	2.187934868787399	2.187934868787399
33909	2.726156204576969	2.726156204576969
3773	2.839440621210126	2.839440621210126
32961	2.493888925619069	2.493888925619069
18474	2.477207349135458	2.477207349135458
21785	3.0365002649389523	3.0365002649389523
6146	2.798987981957622	2.798987981957622
3484	2.7344465160821794	2.7344465160821794
27441	2.6904672294437244	2.6904672294437244
30130	1.963757056356767	1.963757056356767
36776	2.9070131280682485	2.9070131280682485
43536	2.4419958656418577	2.4419958656418577
27339	2.2041580642603376	2.2041580642603376
19755	1.7259015217967069	1.7259015217967069
13561	2.5168356751255296	2.5168356751255296
38844	2.3166254484732396	2.3166254484732396
44568	2.293476995318002	2.293476995318002
33071	2.4288748519862007	2.4288748519862007
40682	2.975332773982978	2.975332773982978
15450	2.672721499959145	2.672721499959145
36493	2.3449822765271673	2.3449822765271673
2885	2.665671125631279	2.665671125631279
31758	2.6669746655612876	2.6669746655612876
36397	2.113349144371043	2.113349144371043
35965	2.807680381871216	2.807680381871216
18776	1.632317712748728	1.632317712748728
1991	2.616531884778203	2.616531884778203
25848	3.0174452299058845	3.0174452299058845
5208	2.722534868176945	2.722534868176945
27554	3.6322217388989486	3.6322217388989486
42178	2.5502748659132424	2.5502748659132424
13553	2.0849419424390847	2.0849419424390847
3098	2.0802545230853005	2.0802545230853005
32049	2.0726625931288694	2.0726625931288694
5178	2.480439664284538	2.480439664284538
3696	2.224252317956133	2.224252317956133
26932	2.089324782540802	2.089324782540802
25545	1.5320423899026094	1.5320423899026094
41329	3.680467854420622	3.680467854420622
41164	2.512716881708886	2.512716881708886
16467	2.970199213759184	2.970199213759184
7358	2.405407137413847	2.405407137413847
34336	1.7471260856406188	1.7471260856406188
13667	1.9081199906964814	1.9081199906964814
23260	3.198106953557379	3.198106953557379
40055	1.3448552547496169	1.3448552547496169
21333	2.851980116234499	2.851980116234499
13241	2.1593496262544503	2.1593496262544503
4330	2.8478485943872007	2.8478485943872007
34571	3.69262599187911	3.69262599187911
45310	2.54658254851335	2.54658254851335
32180	3.12049867372324	3.12049867372324
24328	2.5773054628983862	2.5773054628983862
30623	3.535587848414724	3.535587848414724
17667	1.8544406908364197	1.8544406908364197
18744	2.230840542120352	2.230840542120352
44597	3.0972366672405465	3.0972366672405465
43515	2.4669057869699054	2.4669057869699054
12640	1.820699123796178	1.820699123796178
13821	1.871152892235876	1.871152892235876
24921	2.8850310116343363	2.8850310116343363
5353	2.233338432317607	2.233338432317607
6356	2.0322679866167985	2.0322679866167985
1813	2.430169210908734	2.430169210908734
22807	1.9662997958799875	1.9662997958799875
34197	2.1344937447115604	2.1344937447115604
45243	2.3164296186520965	2.3164296186520965
41990	2.536731639778126	2.536731639778126
17724	2.4519514787674064	2.4519514787674064
17478	2.690180953480656	2.690180953480656
17328	2.347050555892982	2.347050555892982
35362	1.9253355262539464	1.9253355262539464
4119	3.0240455271140645	3.0240455271140645
28558	2.686073495603922	2.686073495603922
45164	2.437605263762068	2.437605263762068
31218	2.2436103785916965	2.2436103785916965
25325	1.6298805854772165	1.6298805854772165
44618	2.3809853395872036	2.3809853395872036
15250	2.238030439785776	2.238030439785776
3456	2.1906035151291565	2.1906035151291565
12423	1.743262831240094	1.743262831240094
17580	2.504938418004883	2.504938418004883
45072	3.2206874573497313	3.2206874573497313
21700	2.464807324319269	2.464807324319269
41043	3.2586191567866094	3.2586191567866094
19356	2.6075748851337752	2.6075748851337752
26721	2.556280689555599	2.556280689555599
15498	2.794782432571632	2.794782432571632
5492	2.4405799254472833	2.4405799254472833
44159	2.905908126679036	2.905908126679036
26299	2.052046516729288	2.052046516729288
14699	2.4881989279295125	2.4881989279295125
9385	2.690047395198981	2.690047395198981
583	1.6507079997291363	1.6507079997291363
22183	3.2504214536499427	3.2504214536499427
13992	3.152472685630205	3.152472685630205
31336	2.1846299039057704	2.1846299039057704
40455	2.3168019176820107	2.3168019176820107
21416	1.9239420169677015	1.9239420169677015
18036	3.2100690849119604	3.2100690849119604
19203	1.646318225321407	1.646318225321407
33686	2.2923129486149363	2.2923129486149363
26188	2.8610713480780037	2.8610713480780037
28631	2.493168758647347	2.493168758647347
27655	2.0319448490343017	2.0319448490343017
44308	2.167148171214017	2.167148171214017
1306	1.8950570468584336	1.8950570468584336
22662	1.9452102535505817	1.9452102535505817
11751	2.161275973121544	2.161275973121544
31156	2.2012553533910895	2.2012553533910895
7343	2.1980910218072593	2.1980910218072593
28577	3.2926515393658504	3.2926515393658504
4676	2.620400087754413	2.620400087754413
13581	2.771236821502825	2.771236821502825
39875	3.5042164891544707	3.5042164891544707
13457	2.028386433381267	2.028386433381267
8132	2.3170994745994262	2.3170994745994262
40421	2.1814851900737584	2.1814851900737584
17887	3.1966120701287855	3.1966120701287855
8502	1.5113411045024234	1.5113411045024234
10152	1.94645390358774	1.94645390358774
38881	3.0579049875667876	3.0579049875667876
5042	3.070778767909257	3.070778767909257
32778	2.7863721198478943	2.7863721198478943
38261	2.1336987395749407	2.1336987395749407
33422	2.9309553064058624	2.9309553064058624
43489	2.7277476337592055	2.7277476337592055
22568	1.92049910805771	1.92049910805771
23189	2.711735731072147	2.711735731072147
24360	2.328442488417683	2.328442488417683
38505	2.0231012836402664	2.0231012836402664
14610	1.9785312915570246	1.9785312915570246
34859	2.374981713067295	2.374981713067295
6292	3.2165367824763895	3.2165367824763895
36241	3.242338939261065	3.242338939261065
44677	3.482601070842672	3.482601070842672
40274	2.5691072050573918	2.5691072050573918
1622	3.029528178803803	3.029528178803803
32213	2.669955219191778	2.669955219191778
23061	2.20470331757852	2.20470331757852
18954	2.2755557447525976	2.2755557447525976
7344	2.469341760468267	2.469341760468267
29777	2.3496949915088767	2.3496949915088767
29161	2.4741928072962955	2.4741928072962955
19525	2.743007562398148	2.743007562398148
44648	2.091457484701961	2.091457484701961
30132	2.6406526853480226	2.6406526853480226
34363	2.817347931390965	2.817347931390965
14393	2.3713781571527264	2.3713781571527264
42589	2.8508435011017688	2.8508435011017688
34251	2.2698833319951044	2.2698833319951044
38228	2.177838728191064	2.177838728191064
6983	2.5153494345665566	2.5153494345665566
38982	3.1851457245042263	3.1851457245042263
751	1.7619714839616107	1.7619714839616107
44961	3.21899590489893	3.21899590489893
19560	2.79093164016279	2.79093164016279
16354	2.497361250382586	2.497361250382586
30590	2.5753729448298994	2.5753729448298994
11992	2.3203465214376533	2.3203465214376533
16787	2.7675502300802046	2.7675502300802046
33863	2.7875167256948354	2.7875167256948354
26559	2.7579239199421703	2.7579239199421703
24494	2.8113892937019256	2.8113892937019256
22084	2.711883403466457	2.711883403466457
2163	3.368120588917323	3.368120588917323
44537	3.491151699131932	3.491151699131932
38387	2.359552362804635	2.359552362804635
7548	2.6349797016705434	2.6349797016705434
39157	3.5015103928697395	3.5015103928697395
4595	1.808032254185215	1.808032254185215
32299	2.1431280649981126	2.1431280649981126
40024	2.3757670246825136	2.3757670246825136
41559	1.7880936816688218	1.7880936816688218
20081	2.2077942424264774	2.2077942424264774
15924	2.8650151626736267	2.8650151626736267
20419	2.6642265378989984	2.6642265378989984
34631	2.4445440189067242	2.4445440189067242
23115	2.3137326245562977	2.3137326245562977
45246	2.4306394526401105	2.4306394526401105
7439	2.900387637760961	2.900387637760961
5637	1.9921005419933369	1.9921005419933369
31098	2.078649142281797	2.078649142281797
5852	2.1192573912266046	2.1192573912266046
35062	2.1355369622361966	2.1355369622361966
41891	2.528609989468917	2.528609989468917
26561	3.369888231131521	3.369888231131521
40752	2.6735554483159256	2.6735554483159256
18058	2.7843189580404073	2.7843189580404073
685	1.7366641992517025	1.7366641992517025
12026	3.242301104355425	3.242301104355425
42405	1.5283052989038504	1.5283052989038504
14278	2.20907718630917	2.20907718630917
6841	3.3430110236048547	3.3430110236048547
9003	2.154400587019036	2.154400587019036
15276	2.658786463102466	2.658786463102466
29596	2.975383458368965	2.975383458368965
29738	3.019686957780497	3.019686957780497
38875	2.1775782951536784	2.1775782951536784
13535	2.84601567432586	2.84601567432586
125	3.0137008768088607	3.0137008768088607
35088	2.7409823661710084	2.7409823661710084
17123	3.0239658805727894	3.0239658805727894
30344	3.04219442050612	3.04219442050612
10658	2.450379268380335	2.450379268380335
435	2.5883426089249726	2.5883426089249726
25629	1.7990361620750348	1.7990361620750348
40748	2.6129111201883597	2.6129111201883597
17231	2.1213752802233916	2.1213752802233916
11362	2.0084036107315657	2.0084036107315657
34309	2.263088156076975	2.263088156076975
18108	2.25269912279154	2.25269912279154
28080	3.289977541455403	3.289977541455403
29033	2.025555669501996	2.025555669501996
37853	2.662066730458275	2.662066730458275
24761	3.272890229838075	3.272890229838075
44904	2.086499465176062	2.086499465176062
21650	3.4577040950532427	3.4577040950532427
19385	2.9061498029427315	2.9061498029427315
20881	2.333122920920938	2.333122920920938
41791	3.4442377441673755	3.4442377441673755
2062	2.3343155141066854	2.3343155141066854
30419	2.9929364854364406	2.9929364854364406
37086	1.7072128228323744	1.7072128228323744
41850	2.443527464910993	2.443527464910993
6191	2.0049137725527637	2.0049137725527637
15144	1.750991821084295	1.750991821084295
15001	2.861153215862183	2.861153215862183
31533	2.6129580715370753	2.6129580715370753
10121	2.6086616080050717	2.6086616080050717
80	3.0832874468586513	3.0832874468586513
9074	2.5552933315637505	2.5552933315637505
22086	3.4592179016874205	3.4592179016874205
27029	1.9148636647939714	1.9148636647939714
26898	2.3614419271763425	2.3614419271763425
8385	2.075463299456537	2.075463299456537
43976	2.423958111975752	2.423958111975752
11828	2.370802137088038	2.370802137088038
42998	1.8603202205386766	1.8603202205386766
20646	2.066051793150582	2.066051793150582
1647	2.9084284330844112	2.9084284330844112
7338	3.5943881523369026	3.5943881523369026
7569	2.700066560432253	2.700066560432253
4379	1.6079673518005078	1.6079673518005078
27112	2.368244880852419	2.368244880852419
9439	2.499043469132063	2.499043469132063
42347	3.0896083424626295	3.0896083424626295
2572	3.117830908995372	3.117830908995372
15983	1.8920237445477808	1.8920237445477808
35035	2.520246868530386	2.520246868530386
13726	2.3225747767135525	2.3225747767135525
5842	1.8675403038673595	1.8675403038673595
16512	2.7331452794395994	2.7331452794395994
23561	2.0380089054452393	2.0380089054452393
36550	2.315513569945584	2.315513569945584
43191	2.75828033984256	2.75828033984256
6009	1.9082247399397092	1.9082247399397092
3429	3.3145998087401876	3.3145998087401876
12867	2.4838988231179395	2.4838988231179395
1233	2.9533109605976775	2.9533109605976775
42786	1.656488912347671	1.656488912347671
4356	1.957611432914477	1.957611432914477
45051	3.5908288921904536	3.5908288921904536
45333	2.682011473739369	2.682011473739369
2740	3.0691270789611056	3.0691270789611056
23106	2.4639456529221	2.4639456529221
29978	3.384245170867474	3.384245170867474
17721	1.492559085125026	1.492559085125026
2085	1.903882955988805	1.903882955988805
12864	2.4683400800144946	2.4683400800144946
7251	2.881301960285644	2.881301960285644
10660	2.4147352094462726	2.4147352094462726
34045	2.1150412711974007	2.1150412711974007
40845	2.22951243392875	2.22951243392875
20246	2.415212555862465	2.415212555862465
38265	2.9259356648483834	2.9259356648483834
14998	2.204031758216751	2.204031758216751
4646	2.8945012236998973	2.8945012236998973
9285	2.8217609577414313	2.8217609577414313
6840	2.5056252322839074	2.5056252322839074
40573	2.4181280835681664	2.4181280835681664
3652	2.310816209007628	2.310816209007628
8078	4.202923190522008	4.202923190522008
19355	2.479237664147553	2.479237664147553
10334	3.028192035914113	3.028192035914113
1003	2.596317562806213	2.596317562806213
32809	2.7155370365079996	2.7155370365079996
45050	2.9317025219959865	2.9317025219959865
8592	2.8081500423018184	2.8081500423018184
4469	2.435252511513807	2.435252511513807
2836	2.333849626810818	2.333849626810818
14558	2.723279952554552	2.723279952554552
12919	2.9456528672530418	2.9456528672530418
3024	2.8268249748051923	2.8268249748051923
13138	2.1053674141203684	2.1053674141203684
42883	2.661069788888668	2.661069788888668
7715	2.7073888447699352	2.7073888447699352
10292	2.916955332141803	2.916955332141803
30449	1.9078760974034306	1.9078760974034306
24395	1.8941529701101283	1.8941529701101283
35430	2.9966735413284415	2.9966735413284415
27143	2.667082264693796	2.667082264693796
12173	2.4057997519080994	2.4057997519080994
27526	2.740801163739965	2.740801163739965
5497	3.019807944964668	3.019807944964668
14664	2.0540519184738018	2.0540519184738018
3795	2.7463940444579253	2.7463940444579253
17431	3.2554977332309	3.2554977332309
13107	2.994098962261202	2.994098962261202
22993	2.544310668731815	2.544310668731815
36051	2.3552062003644036	2.3552062003644036
10611	2.7795739800446175	2.7795739800446175
44316	3.2724175446307573	3.2724175446307573
39614	2.2369285035848017	2.2369285035848017
35671	1.4693961027990807	1.4693961027990807
35346	1.8929394721967299	1.8929394721967299
20490	2.5569683749783603	2.5569683749783603
44192	2.0355593001134142	2.0355593001134142
5989	2.0594679264161035	2.0594679264161035
1995	1.6235269619840982	1.6235269619840982
13956	2.7647731798102164	2.7647731798102164
14313	2.7151849299922297	2.7151849299922297
17048	2.2456733429323585	2.2456733429323585
22454	2.7680895241672814	2.7680895241672814
42968	2.5162375937524444	2.5162375937524444
20784	2.8053761208703927	2.8053761208703927
10335	2.981715661534106	2.981715661534106
12195	3.24138327258061	3.24138327258061
42490	2.70812404862412	2.70812404862412
20238	2.5390377446876267	2.5390377446876267
22250	2.987690986039505	2.987690986039505
8506	2.1189234253871403	2.1189234253871403
20932	2.901873092702584	2.901873092702584
27926	2.36081118233609	2.36081118233609
43821	2.427405344762745	2.427405344762745
44853	3.4670330770304902	3.4670330770304902
3354	3.0125620569399256	3.0125620569399256
4885	2.5243153321185354	2.5243153321185354
13578	2.0494709217771456	2.0494709217771456
2996	3.0814065984595977	3.0814065984595977
39932	2.5597044635986506	2.5597044635986506
25289	2.414110028484981	2.414110028484981
33635	2.0654846947613756	2.0654846947613756
43622	2.0520325178105887	2.0520325178105887
41185	1.9932304898838016	1.9932304898838016
1731	2.7188819566828086	2.7188819566828086
32650	2.6815165689926252	2.6815165689926252
925	2.667221524857583	2.667221524857583
31071	2.292581988851155	2.292581988851155
24959	1.655919271223455	1.655919271223455
33740	2.2467051475692266	2.2467051475692266
31890	2.450908210164366	2.450908210164366
20853	2.39152512307469	2.39152512307469
6264	1.841518863454012	1.841518863454012
13111	3.192253543987778	3.192253543987778
1695	2.35653089209455	2.35653089209455
35185	1.9456731457317287	1.9456731457317287
33378	2.446149136432281	2.446149136432281
7279	1.5589265007397999	1.5589265007397999
9258	2.760992736195118	2.760992736195118
24534	2.2802950637891186	2.2802950637891186
23721	3.1558716841622725	3.1558716841622725
10472	2.285204685868139	2.285204685868139
5568	2.6493379245285387	2.6493379245285387
16682	1.7499177170133338	1.7499177170133338
45223	3.4938938807520574	3.4938938807520574
35456	1.8021728255455123	1.8021728255455123
42218	2.7767657102728904	2.7767657102728904
14343	2.6906555413022106	2.6906555413022106
13328	2.501862166036425	2.501862166036425
33685	1.9672470348140494	1.9672470348140494
2790	2.664894052351625	2.664894052351625
35494	1.3322472691188803	1.3322472691188803
33022	2.321000324217755	2.321000324217755
5751	2.673914069325294	2.673914069325294
24762	2.6429884079471093	2.6429884079471093
43514	2.7045816347451876	2.7045816347451876
11518	2.390579509655475	2.390579509655475
18914	2.402058549166906	2.402058549166906
15273	3.462275071928468	3.462275071928468
11051	2.650725502662844	2.650725502662844
10469	1.7380248358033803	1.7380248358033803
41794	2.482212727669208	2.482212727669208
5560	2.172366932326125	2.172366932326125
9895	1.6550144625911805	1.6550144625911805
36082	1.5327936414783017	1.5327936414783017
29590	2.2913319835103008	2.2913319835103008
42853	3.130907570039615	3.130907570039615
10063	2.244888197460752	2.244888197460752
16911	2.039757990938022	2.039757990938022
5757	2.8455388100835846	2.8455388100835846
31216	3.8097181026437767	3.8097181026437767
10818	2.4051234922899107	2.4051234922899107
45148	2.874006061692945	2.874006061692945
25876	1.7301540055118114	1.7301540055118114
28044	1.91573799539794	1.91573799539794
34896	2.35268483240843	2.35268483240843
15851	2.132571200807262	2.132571200807262
8394	2.5126644120530517	2.5126644120530517
28223	2.2420011752765454	2.2420011752765454
15472	2.285777936546427	2.285777936546427
253	1.8293906274533975	1.8293906274533975
29278	2.080622649602196	2.080622649602196
18117	2.6702376906603438	2.6702376906603438
28769	2.8246464952023937	2.8246464952023937
43608	2.3370773262939726	2.3370773262939726
28794	3.697049385131298	3.697049385131298
8434	2.370867446154216	2.370867446154216
19638	2.3545405198137197	2.3545405198137197
6433	3.0671364958797045	3.0671364958797045
30269	2.27956167374633	2.27956167374633
23629	2.859109947555462	2.859109947555462
43227	1.9350755597933034	1.9350755597933034
35997	2.6911168364028155	2.6911168364028155
13240	3.857010583416238	3.857010583416238
45093	2.547396834604794	2.547396834604794
21679	2.934475548020052	2.934475548020052
17203	2.1623870980160107	2.1623870980160107
16125	2.626596406840721	2.626596406840721
10630	2.1813903352949273	2.1813903352949273
14703	2.7493772291194154	2.7493772291194154
10691	1.9282890930470378	1.9282890930470378
4999	1.9624609457834379	1.9624609457834379
27229	2.5034928557324836	2.5034928557324836
20566	2.5582118914987535	2.5582118914987535
5592	2.681759586996437	2.681759586996437
38523	1.9729071117372463	1.9729071117372463
5429	2.6508504016598433	2.6508504016598433
38470	1.7772022501133515	1.7772022501133515
23724	3.1338468027242805	3.1338468027242805
25226	2.6032687791483258	2.6032687791483258
310	2.612175329014581	2.612175329014581
41735	2.3285872099916136	2.3285872099916136
9254	2.66355697930744	2.66355697930744
16981	2.385041365752296	2.385041365752296
5471	1.9932172589060482	1.9932172589060482
36592	2.6490295564284954	2.6490295564284954
2816	3.4803791450453754	3.4803791450453754
28341	1.9145982702151536	1.9145982702151536
23110	2.590334556650192	2.590334556650192
34142	2.092381500685418	2.092381500685418
17976	2.313896339292885	2.313896339292885
32094	2.577320259278367	2.577320259278367
22484	1.8919503345797248	1.8919503345797248
39317	1.9808163402387198	1.9808163402387198
4739	4.208254871944166	4.208254871944166
14595	2.1353740771836405	2.1353740771836405
27523	2.2099333531192187	2.2099333531192187
17794	2.9351002540833684	2.9351002540833684
19704	2.3806143460452804	2.3806143460452804
12167	2.492037162626025	2.492037162626025
12709	2.6091836517075873	2.6091836517075873
4051	2.8768667882469723	2.8768667882469723
31186	2.656677176057328	2.656677176057328
13724	2.534078788110738	2.534078788110738
27832	2.9964881364582427	2.9964881364582427
1773	2.4266423604564715	2.4266423604564715
42889	2.614157425524304	2.614157425524304
23027	2.1048720294233885	2.1048720294233885
22936	2.836042448249675	2.836042448249675
16980	2.9214961006014297	2.9214961006014297
36710	2.300123311837877	2.300123311837877
28821	1.8809809291783375	1.8809809291783375
25898	2.0635209329885655	2.0635209329885655
1578	2.2825079589151445	2.2825079589151445
7461	1.7619711085419951	1.7619711085419951
14581	2.481213427568116	2.481213427568116
7363	3.7712799047297874	3.7712799047297874
33250	2.4016243310405954	2.4016243310405954
44791	2.6775395524047223	2.6775395524047223
22852	2.6286801618833486	2.6286801618833486
18136	3.4372069663877003	3.4372069663877003
8127	2.2852395227165028	2.2852395227165028
5499	2.3856527482277303	2.3856527482277303
36819	2.420815365356181	2.420815365356181
44852	2.8561255154070824	2.8561255154070824
4828	2.8218077485344617	2.8218077485344617
45328	2.773269056035255	2.773269056035255
19035	3.48978465591948	3.48978465591948
38068	1.9749266878053584	1.9749266878053584
23633	2.0970466726369787	2.0970466726369787
26292	2.479704766874681	2.479704766874681
6765	2.480458306609886	2.480458306609886
5707	2.072295614296175	2.072295614296175
1997	2.400003420635635	2.400003420635635
35040	2.6090601038908963	2.6090601038908963
27028	3.9146815587990793	3.9146815587990793
8414	3.007355426800752	3.007355426800752
36329	2.626779348286419	2.626779348286419
34797	3.791823090983082	3.791823090983082
44369	1.8395941038666723	1.8395941038666723
24789	2.4419760992131967	2.4419760992131967
28635	2.446252247000979	2.446252247000979
952	2.7493946695045293	2.7493946695045293
719	2.5825867638894953	2.5825867638894953
39495	2.8457976302729135	2.8457976302729135
17867	3.3492956865110557	3.3492956865110557
15497	3.008337175939248	3.008337175939248
11821	2.4343934731129795	2.4343934731129795
41486	2.4791080518247237	2.4791080518247237
25540	1.9804008894190999	1.9804008894190999
29442	3.5286818902215993	3.5286818902215993
4052	2.2945416947414596	2.2945416947414596
21477	2.331252218394085	2.331252218394085
30180	2.2850777469769423	2.2850777469769423
16409	2.5166553439830417	2.5166553439830417
1230	3.48792679619107	3.48792679619107
1305	2.6340628489489055	2.6340628489489055
40031	2.1860102356929514	2.1860102356929514
13556	2.751658316255549	2.751658316255549
1771	2.547625747371611	2.547625747371611
22308	1.875774259462094	1.875774259462094
11477	2.8646919154498156	2.8646919154498156
6267	2.3482207990687805	2.3482207990687805
30309	2.1693603310892517	2.1693603310892517
29774	2.659320538816866	2.659320538816866
14150	2.4373546032291196	2.4373546032291196
15328	1.8678993780488466	1.8678993780488466
20038	2.477304889774013	2.477304889774013
29884	2.3927707610778794	2.3927707610778794
11079	2.6652538353756823	2.6652538353756823
17844	1.822542577997033	1.822542577997033
33598	2.673729590129012	2.673729590129012
16102	2.876344663436276	2.876344663436276
6461	2.396839696155444	2.396839696155444
28283	2.6088949225562565	2.6088949225562565
29185	3.159594558335776	3.159594558335776
19528	2.348725857226962	2.348725857226962
25120	2.271192308470822	2.271192308470822
13134	2.629239533445569	2.629239533445569
12323	2.5275838912142574	2.5275838912142574
10692	1.5872537468379617	1.5872537468379617
267	2.102203919342233	2.102203919342233
1346	2.5146225112694323	2.5146225112694323
2635	2.0849040662028737	2.0849040662028737
4409	2.219100638498811	2.219100638498811
18916	2.4087957622415552	2.4087957622415552
35923	2.7927172931951416	2.7927172931951416
2543	3.3883285041955142	3.3883285041955142
37124	2.838346991204503	2.838346991204503
32339	3.1143354951946582	3.1143354951946582
23363	2.041835287047339	2.041835287047339
29810	1.9592953028172833	1.9592953028172833
9994	2.4870804156098014	2.4870804156098014
20690	3.0359930641189243	3.0359930641189243
28257	2.349247425215945	2.349247425215945
42685	2.7058955763848367	2.7058955763848367
17471	2.522555362377359	2.522555362377359
34148	2.599373142971247	2.599373142971247
754	2.9607868920299256	2.9607868920299256
16740	3.7531276913523315	3.7531276913523315
2158	2.0839578906254452	2.0839578906254452
5374	3.320305911640603	3.320305911640603
11543	2.4445784030451754	2.4445784030451754
6949	2.99734820684221	2.99734820684221
15648	3.1238651647558386	3.1238651647558386
15350	2.129437521547388	2.129437521547388
24630	2.207873696956791	2.207873696956791
23509	2.337315840915886	2.337315840915886
5593	2.1180026968554815	2.1180026968554815
33476	3.0788520411773406	3.0788520411773406
44625	2.5412931147650664	2.5412931147650664
25129	2.250838408992648	2.250838408992648
5596	3.154949498296555	3.154949498296555
34572	2.8398389234913934	2.8398389234913934
4610	2.4946888301437484	2.4946888301437484
40027	3.6392119352190804	3.6392119352190804
42939	3.268345245445933	3.268345245445933
998	1.6907619267063052	1.6907619267063052
41093	2.1681413559522977	2.1681413559522977
25601	1.8660816510151885	1.8660816510151885
10194	2.4258415731785936	2.4258415731785936
8173	3.2369963479036983	3.2369963479036983
16633	1.7929347020993434	1.7929347020993434
184	3.0120438180903455	3.0120438180903455
7047	2.678129027695986	2.678129027695986
12970	2.2618700601513884	2.2618700601513884
17404	2.1912205735709582	2.1912205735709582
36627	2.5734398390894166	2.5734398390894166
13108	1.4185471529773241	1.4185471529773241
19835	1.9161717011555148	1.9161717011555148
16152	3.008174678933713	3.008174678933713
35401	2.535870209067605	2.535870209067605
28890	1.9838857479725949	1.9838857479725949
39477	2.594772349377431	2.594772349377431
13208	2.266585387826321	2.266585387826321
4257	2.533213379517311	2.533213379517311
15857	2.874411253222304	2.874411253222304
10878	1.7956807477382786	1.7956807477382786
11848	2.957699751334454	2.957699751334454
96	1.6063176591295598	1.6063176591295598
7340	2.9751209784492123	2.9751209784492123
26070	1.7638248991373378	1.7638248991373378
38412	2.573369745370178	2.573369745370178
28075	2.4222393014810004	2.4222393014810004
8790	2.277752363240895	2.277752363240895
40721	2.433627613874801	2.433627613874801
23259	1.8327380592534326	1.8327380592534326
43787	1.7586175843754324	1.7586175843754324
26653	2.8962441754238997	2.8962441754238997
3797	1.5259998233090055	1.5259998233090055
32931	1.6703610354564227	1.6703610354564227
19636	2.661658112934967	2.661658112934967
42880	2.6038812325753535	2.6038812325753535
20349	3.2781355021078245	3.2781355021078245
32277	2.928272348854742	2.928272348854742
31793	2.218197030438931	2.218197030438931
24531	2.4727639110834803	2.4727639110834803
1377	3.593016640815311	3.593016640815311
17864	3.0072839479110502	3.0072839479110502
24148	2.157401369201835	2.157401369201835
45242	1.7318722883958504	1.7318722883958504
26526	2.4599565816541076	2.4599565816541076
16378	2.4867771783598793	2.4867771783598793
9866	1.750366474035185	1.750366474035185
117	2.627369371022226	2.627369371022226
6077	2.4296899158621827	2.4296899158621827
5201	1.999265590043002	1.999265590043002
5351	2.973447942145499	2.973447942145499
4091	2.9145173178557835	2.9145173178557835
27031	1.4490479321017538	1.4490479321017538
19823	2.1882756212107886	2.1882756212107886
17744	2.5137725403014373	2.5137725403014373
11058	2.266240873100458	2.266240873100458
5970	2.364815275430548	2.364815275430548
6935	2.2748735317786695	2.2748735317786695
25988	1.9597159948478098	1.9597159948478098
24295	3.1136492581793958	3.1136492581793958
36751	1.777449853763468	1.777449853763468
15201	2.631099165527735	2.631099165527735
22871	2.2691235564484713	2.2691235564484713
45035	1.9846340889801186	1.9846340889801186
20036	2.5238737311758515	2.5238737311758515
34601	2.8794271930109336	2.8794271930109336
23787	4.0328223353741794	4.0328223353741794
7674	1.924374857238951	1.924374857238951
39549	2.5509207111133048	2.5509207111133048
21448	2.197713637393094	2.197713637393094
1677	2.060537425559142	2.060537425559142
10385	2.7738091156284725	2.7738091156284725
15927	1.8130330750951933	1.8130330750951933
40220	2.690393093263225	2.690393093263225
29130	2.2900005588175563	2.2900005588175563
17281	3.0818617358803664	3.0818617358803664
15686	2.148914751871642	2.148914751871642
26621	1.7572948291996178	1.7572948291996178
19612	2.1701472391837826	2.1701472391837826
34720	2.0647003407912976	2.0647003407912976
13963	3.084700341843711	3.084700341843711
7714	2.4151190619481793	2.4151190619481793
44877	3.2519120495853	3.2519120495853
23137	2.657842259322232	2.657842259322232
35305	2.653817601998353	2.653817601998353
1179	2.318222708663735	2.318222708663735
27917	2.7644981054795448	2.7644981054795448
34121	2.427183652949414	2.427183652949414
14849	3.253325112160437	3.253325112160437
10565	3.2729960484799063	3.2729960484799063
2995	2.039135636328912	2.039135636328912
43312	2.1814259808587604	2.1814259808587604
7914	3.145567540398776	3.145567540398776
40901	1.374708790347687	1.374708790347687
11675	1.6617462591691132	1.6617462591691132
12869	2.166198481795003	2.166198481795003
23938	2.09284497987863	2.09284497987863
2911	2.492668793149709	2.492668793149709
16171	3.058575611266062	3.058575611266062
3210	3.0859971866969844	3.0859971866969844
21329	3.1784603294756892	3.1784603294756892
18651	2.2718834738937597	2.2718834738937597
38223	1.9353023459334213	1.9353023459334213
5427	1.9369277126410895	1.9369277126410895
12028	2.780838370879204	2.780838370879204
5304	1.998251936825127	1.998251936825127
35862	2.428918524846687	2.428918524846687
4095	2.02663284244056	2.02663284244056
27082	2.8538370419619166	2.8538370419619166
43218	2.650757259065198	2.650757259065198
34039	2.8871595508554777	2.8871595508554777
23785	2.0706354987956765	2.0706354987956765
31988	2.0197181173700853	2.0197181173700853
6625	2.5633706962313805	2.5633706962313805
24077	2.056188922221967	2.056188922221967
7769	1.9357838604840274	1.9357838604840274
3408	3.2628543799208054	3.2628543799208054
30303	3.155982854699312	3.155982854699312
28555	3.927109816617036	3.927109816617036
40181	2.3585291912990813	2.3585291912990813
35013	2.116496801900684	2.116496801900684
24179	2.417363528256601	2.417363528256601
35891	2.227505249499068	2.227505249499068
18141	2.6606957206285102	2.6606957206285102
25985	2.0481612557272535	2.0481612557272535
27352	2.695619171579989	2.695619171579989
27929	1.9342814144342613	1.9342814144342613
6975	2.9381926390738062	2.9381926390738062
2500	1.7843095861885703	1.7843095861885703
4612	2.2496303597718392	2.2496303597718392
33042	2.8426604678095044	2.8426604678095044
29985	2.563427294588486	2.563427294588486
8981	3.2600385205871767	3.2600385205871767
14818	3.144482312122134	3.144482312122134
36944	2.023896994235946	2.023896994235946
5016	2.436434283483784	2.436434283483784
17184	3.2154267642704415	3.2154267642704415
31855	2.0490841276292167	2.0490841276292167
1316	1.992460373431509	1.992460373431509
4118	3.755882429788686	3.755882429788686
22727	2.2006944896976868	2.2006944896976868
4992	2.755296411929122	2.755296411929122
21087	3.305825485513322	3.305825485513322
19205	1.845899321331209	1.845899321331209
2307	2.708198214316675	2.708198214316675
28246	1.980129551087783	1.980129551087783
44653	2.3055871699491925	2.3055871699491925
33893	3.1805805294622203	3.1805805294622203
18556	2.4573782847326617	2.4573782847326617
12996	2.2310173736645202	2.2310173736645202
17209	2.9980339881909925	2.9980339881909925
37880	2.277106489880847	2.277106489880847
33106	2.0438844211028218	2.0438844211028218
24995	1.4731526411087592	1.4731526411087592
38674	2.0542329923598666	2.0542329923598666
16314	1.582714675434376	1.582714675434376
37118	2.5139201591174034	2.5139201591174034
2164	1.9434063019778798	1.9434063019778798
29159	2.6269884066214666	2.6269884066214666
38847	2.3207117007323115	2.3207117007323115
24327	2.374797025474781	2.374797025474781
45254	2.71271655798133	2.71271655798133
3230	2.910844961192672	2.910844961192672
20326	2.1646589390921953	2.1646589390921953
13870	2.1176726847353713	2.1176726847353713
44220	2.2319726009768055	2.2319726009768055
44924	2.4870360008169143	2.4870360008169143
16997	1.8942994310971828	1.8942994310971828
15448	2.8621334689788944	2.8621334689788944
8932	2.4220388710368486	2.4220388710368486
337	2.7727628736996577	2.7727628736996577
38472	1.8586708786782324	1.8586708786782324
44031	3.266089912193241	3.266089912193241
37912	2.6913107616933862	2.6913107616933862
10467	2.333104365551716	2.333104365551716
358	2.107508981218249	2.107508981218249
4219	2.653897058208228	2.653897058208228
44809	2.060334015938721	2.060334015938721
11516	2.465779380068152	2.465779380068152
16197	2.4797528343148922	2.4797528343148922
2634	2.801457817129423	2.801457817129423
14540	2.0355736267430267	2.0355736267430267
2890	2.7383433477213126	2.7383433477213126
10820	1.9128018134177138	1.9128018134177138
24626	2.216369524841042	2.216369524841042
2301	2.1263762258068497	2.1263762258068497
17766	2.240233987084566	2.240233987084566
9309	1.9305505172079263	1.9305505172079263
35341	2.1750818263279412	2.1750818263279412
3633	2.4347690740702004	2.4347690740702004
17816	2.8248243792723358	2.8248243792723358
9342	2.021569251232822	2.021569251232822
15814	2.5313657652880885	2.5313657652880885
15705	2.121230186490516	2.121230186490516
42949	1.6470784194781498	1.6470784194781498
4094	2.450824780174113	2.450824780174113
15363	2.4587875868217592	2.4587875868217592
32607	3.055973080585457	3.055973080585457
13173	2.714937644264842	2.714937644264842
16411	2.906650287737459	2.906650287737459
350	2.7659635842322894	2.7659635842322894
26953	2.641289610354225	2.641289610354225
17609	2.877088733395748	2.877088733395748
17183	2.3617833841546716	2.3617833841546716
16862	2.675975096288136	2.675975096288136
12320	2.4737001347250542	2.4737001347250542
27521	3.0047904275614656	3.0047904275614656
43275	2.1487643314747817	2.1487643314747817
37788	3.6556736804248846	3.6556736804248846
42972	2.4756991885844912	2.4756991885844912
22042	2.7933864736674887	2.7933864736674887
43336	2.020800713844735	2.020800713844735
14580	3.0216225054621733	3.0216225054621733
13381	2.3206500666558254	2.3206500666558254
33735	1.8818610883096263	1.8818610883096263
36778	1.831051175712979	1.831051175712979
10936	2.868663784900061	2.868663784900061
45053	2.0547402925699627	2.0547402925699627
18285	2.471886186645182	2.471886186645182
20491	2.08167703435903	2.08167703435903
2598	2.4914911910819706	2.4914911910819706
30012	2.605041997926305	2.605041997926305
23694	2.149378838975922	2.149378838975922
42119	2.3213254279461117	2.3213254279461117
42614	2.2574960152881456	2.2574960152881456
32483	2.1042970001366226	2.1042970001366226
6684	3.4135742842535692	3.4135742842535692
24696	2.024947131831451	2.024947131831451
15806	2.594776612560603	2.594776612560603
13301	2.5224600458244626	2.5224600458244626
40774	2.413970018049439	2.413970018049439
18684	2.806738695568009	2.806738695568009
37278	3.9196198214987383	3.9196198214987383
25905	1.7038571472988562	1.7038571472988562
22997	2.21614835946874	2.21614835946874
33345	1.6133609864915426	1.6133609864915426
16069	2.5670128310665903	2.5670128310665903
35543	1.9032762820732778	1.9032762820732778
29509	3.0397410620402994	3.0397410620402994
39473	2.57522460497858	2.57522460497858
10496	2.409671855344807	2.409671855344807
20054	2.2002477263762854	2.2002477263762854
15674	2.143035594930545	2.143035594930545
7593	2.6168366043644955	2.6168366043644955
27484	2.9030803460454284	2.9030803460454284
9514	2.1747870281301385	2.1747870281301385
15572	1.9253307631964978	1.9253307631964978
11445	2.1179433758196007	2.1179433758196007
23656	3.009044720818744	3.009044720818744
16408	2.679238466999383	2.679238466999383
25875	2.146626530805167	2.146626530805167
4723	2.4538612868623013	2.4538612868623013
19132	2.0621707032523737	2.0621707032523737
12921	3.4435659061526125	3.4435659061526125
31190	2.0976948514538027	2.0976948514538027
25058	2.1014974663644073	2.1014974663644073
25718	2.340576754496385	2.340576754496385
18485	1.5991450575350818	1.5991450575350818
39108	2.5172129638162044	2.5172129638162044
27231	1.9324092336652587	1.9324092336652587
2188	2.0897052507190037	2.0897052507190037
11414	1.6783988617477457	1.6783988617477457
42089	2.54145280051472	2.54145280051472
6760	2.7933801205958875	2.7933801205958875
35213	2.205947388974411	2.205947388974411
8390	2.560489258932288	2.560489258932288
44794	3.215310050212915	3.215310050212915
13661	2.3295315917267363	2.3295315917267363
1025	2.6239892616968863	2.6239892616968863
30633	2.3806854045131858	2.3806854045131858
7703	1.8241636927910339	1.8241636927910339
28165	4.078023443686923	4.078023443686923
16489	3.474574900782642	3.474574900782642
33860	2.4047583004571362	2.4047583004571362
2183	1.9367328586901413	1.9367328586901413
11503	3.3056857390737457	3.3056857390737457
6805	1.8301863910299798	1.8301863910299798
16858	2.319299468053213	2.319299468053213
1512	3.2020790311506606	3.2020790311506606
22544	2.6482908113242467	2.6482908113242467
27623	2.986934097975149	2.986934097975149
2810	2.9985870861562223	2.9985870861562223
41092	2.916268173804131	2.916268173804131
32991	2.991873650217334	2.991873650217334
34767	2.123218020828723	2.123218020828723
35208	2.4228255216481713	2.4228255216481713
3613	3.0718484909730623	3.0718484909730623
466	1.695414367449279	1.695414367449279
40336	2.057111122781312	2.057111122781312
7946	3.0499840097773947	3.0499840097773947
18974	2.235816126740031	2.235816126740031
1774	3.0609563629556824	3.0609563629556824
8611	2.9463593933049537	2.9463593933049537
39372	2.968980820711519	2.968980820711519
3018	2.768182371413837	2.768182371413837
40781	2.271578068588366	2.271578068588366
15627	2.636784836251327	2.636784836251327
38991	2.03101184958301	2.03101184958301
41651	2.64996017462744	2.64996017462744
11272	2.170166789212089	2.170166789212089
14450	1.6806287190152698	1.6806287190152698
37090	2.4877818268576304	2.4877818268576304
7700	3.4638653553230716	3.4638653553230716
10053	2.3912672688138947	2.3912672688138947
34198	2.714813959062702	2.714813959062702
29699	1.4795309096224634	1.4795309096224634
15192	3.4392513374668745	3.4392513374668745
37127	2.1966573911331344	2.1966573911331344
42177	2.007902440248767	2.007902440248767
45181	2.5573720838107197	2.5573720838107197
31535	2.5594592366007154	2.5594592366007154
31495	2.6639787992638353	2.6639787992638353
8115	2.1341990731262297	2.1341990731262297
15900	3.2747745543152513	3.2747745543152513
33124	1.731213956255316	1.731213956255316
40476	3.273581204094735	3.273581204094735
43822	2.9231757343119047	2.9231757343119047
41015	2.341568713137152	2.341568713137152
6977	1.937742781831619	1.937742781831619
24563	1.5650760406044606	1.5650760406044606
994	2.540525787771057	2.540525787771057
43002	2.28546910648871	2.28546910648871
25632	1.9215055062319157	1.9215055062319157
8904	1.9318704449550124	1.9318704449550124
5422	1.756601707361055	1.756601707361055
10506	2.559064758391829	2.559064758391829
20444	1.928412206258046	1.928412206258046
10048	3.450183450562101	3.450183450562101
41216	2.2459126671093954	2.2459126671093954
6450	3.3338418617800625	3.3338418617800625
11672	2.5099680479860655	2.5099680479860655
26531	2.9530870504932114	2.9530870504932114
4186	2.1073467816343716	2.1073467816343716
16104	2.12222553612673	2.12222553612673
8190	2.3250562449153898	2.3250562449153898
38609	1.7439429503549821	1.7439429503549821
23196	2.6484746926008893	2.6484746926008893
45160	2.1834463711878302	2.1834463711878302
36571	2.0558180224266835	2.0558180224266835
30098	2.0543698148641756	2.0543698148641756
37314	2.355685758047313	2.355685758047313
3475	2.3025490431407785	2.3025490431407785
12314	2.768070758127269	2.768070758127269
17637	1.78439953336264	1.78439953336264
37691	2.9642744839247333	2.9642744839247333
22729	3.5735714694282437	3.5735714694282437
15878	2.740772198149145	2.740772198149145
13239	1.7595853613625836	1.7595853613625836
43804	3.6078587426641255	3.6078587426641255
41733	1.759460452656551	1.759460452656551
32217	1.6824620834172794	1.6824620834172794
7436	2.6488208696014115	2.6488208696014115
3182	2.6213356662708946	2.6213356662708946
33253	2.663030324051333	2.663030324051333
7362	2.1143861955549994	2.1143861955549994
4912	3.1713478913661817	3.1713478913661817
27273	2.3560747548889047	2.3560747548889047
42349	2.495175094794102	2.495175094794102
26690	3.376871458136418	3.376871458136418
16391	3.9125154075481494	3.9125154075481494
19729	1.5398089905074268	1.5398089905074268
2835	2.847810808030405	2.847810808030405
24072	1.938759125067808	1.938759125067808
43649	3.082419368870228	3.082419368870228
38359	3.4799248622036236	3.4799248622036236
33649	2.479949280426812	2.479949280426812
21484	2.8716474574094604	2.8716474574094604
36775	3.4900310247429953	3.4900310247429953
39810	2.363487337215851	2.363487337215851
41626	1.7482875659998325	1.7482875659998325
36084	2.652685406020656	2.652685406020656
2549	1.9608830042083398	1.9608830042083398
44790	3.027621416309689	3.027621416309689
9911	2.3518152974238467	2.3518152974238467
3955	1.9166235395246571	1.9166235395246571
4262	2.0462165976914894	2.0462165976914894
28793	2.639507336257891	2.639507336257891
10544	2.5258364940071636	2.5258364940071636
13964	2.2356116633099994	2.2356116633099994
15100	2.2898491429152346	2.2898491429152346
45218	1.8525745030484997	1.8525745030484997
20669	2.65575620539307	2.65575620539307
2359	3.007115776263797	3.007115776263797
15277	2.2836136714155906	2.2836136714155906
21873	2.4840025471991223	2.4840025471991223
43370	2.52447490016463	2.52447490016463
8130	2.3835653975626148	2.3835653975626148
16725	1.5591958764909795	1.5591958764909795
43590	2.497336363290201	2.497336363290201
13658	1.7320799816449002	1.7320799816449002
17668	2.8951649686161764	2.8951649686161764
14871	3.4817323241783766	3.4817323241783766
15474	1.6312245335168247	1.6312245335168247
15167	2.753263417589494	2.753263417589494
16517	2.4243192358158656	2.4243192358158656
28340	1.9415054554348135	1.9415054554348135
24497	3.0946783313088546	3.0946783313088546
19927	2.4172445051125844	2.4172445051125844
37717	2.8209553630662434	2.8209553630662434
11495	2.3925633829427846	2.3925633829427846
41862	2.5154674138420465	2.5154674138420465
27950	2.465739940140015	2.465739940140015
4100	2.0531398646855417	2.0531398646855417
8525	2.7006241575289978	2.7006241575289978
6144	2.692141454515292	2.692141454515292
28956	2.072548773150854	2.072548773150854
11827	2.471257414016824	2.471257414016824
31307	2.3079785084283775	2.3079785084283775
10937	2.4870481490943757	2.4870481490943757
24007	2.948255164221606	2.948255164221606
25441	2.307754909057616	2.307754909057616
35123	2.0891611652476407	2.0891611652476407
17771	2.3615343987744493	2.3615343987744493
12569	2.6406064614414926	2.6406064614414926
4650	2.5014630362780514	2.5014630362780514
5277	2.2294189947458705	2.2294189947458705
9703	1.9446439469041588	1.9446439469041588
28218	2.4113379099328736	2.4113379099328736
8616	2.530554384877714	2.530554384877714
6621	2.278566366933212	2.278566366933212
36052	1.8774270181591393	1.8774270181591393
41075	2.4527043133422257	2.4527043133422257
29916	1.9811164296628307	1.9811164296628307
20353	1.3134602497956867	1.3134602497956867
16068	2.389433743610452	2.389433743610452
7459	2.295070587819337	2.295070587819337
24530	2.7759407742889985	2.7759407742889985
3229	2.451066594840547	2.451066594840547
30692	2.0257239796097006	2.0257239796097006
15649	2.3633628974008536	2.3633628974008536
37384	2.9268419016212603	2.9268419016212603
22434	2.299954429579858	2.299954429579858
12024	1.8265260009119404	1.8265260009119404
42787	2.2178220627408085	2.2178220627408085
32609	2.017917965073871	2.017917965073871
38253	1.4264451725155491	1.4264451725155491
18973	2.1860820415910838	2.1860820415910838
9533	1.5179742185624672	1.5179742185624672
4973	3.4183951633892056	3.4183951633892056
21733	2.0691502397944848	2.0691502397944848
38161	2.449587847819937	2.449587847819937
17611	3.8034291923945505	3.8034291923945505
28634	2.685193584560301	2.685193584560301
21854	2.8645432125317494	2.8645432125317494
21949	1.852550793453155	1.852550793453155
11674	2.107638805397061	2.107638805397061
15364	2.4877593547092687	2.4877593547092687
19238	2.615543408833062	2.615543408833062
35566	2.2271716505851233	2.2271716505851233
1000	2.2449717873319273	2.2449717873319273
7528	2.1861409721743343	2.1861409721743343
43104	2.338150861380393	2.338150861380393
22725	2.512221520202597	2.512221520202597
13666	1.9718810364846033	1.9718810364846033
3313	2.6821534773349	2.6821534773349
22150	2.994539869493836	2.994539869493836
40850	2.8890450833572836	2.8890450833572836
1099	2.5305473866632666	2.5305473866632666
17669	2.169478178203029	2.169478178203029
10543	2.1145557187437354	2.1145557187437354
33158	3.581819985067758	3.581819985067758
15601	1.485150385714664	1.485150385714664
38841	1.7186615886378862	1.7186615886378862
13172	2.026747513146493	2.026747513146493
23365	1.7439631702543008	1.7439631702543008
9059	3.4215090508255424	3.4215090508255424
43918	1.6381193576069981	1.6381193576069981
32656	1.8043681540443302	1.8043681540443302
39736	3.484933936111594	3.484933936111594
32933	2.878487492454098	2.878487492454098
12095	2.3175219541848904	2.3175219541848904
6593	1.887598962067319	1.887598962067319
11059	1.861044838857037	1.861044838857037
17405	1.903706621958449	1.903706621958449
1026	1.6114490830989974	1.6114490830989974
31726	2.630257368040883	2.630257368040883
42466	1.7670058231021608	1.7670058231021608
11025	2.402721208128885	2.402721208128885
10507	2.212911362728897	2.212911362728897
37444	1.7985842066370374	1.7985842066370374
14177	1.8250798919128894	1.8250798919128894
1251	2.6438212946681463	2.6438212946681463
37280	1.6535150120152362	1.6535150120152362
5840	3.0356223572265755	3.0356223572265755
42884	2.701428624941169	2.701428624941169
6581	2.4232340006950923	2.4232340006950923
44273	3.567622305455752	3.567622305455752
3451	3.052041816472714	3.052041816472714
24663	2.7594725485338456	2.7594725485338456
12834	2.417574533060498	2.417574533060498
35826	2.874221763716622	2.874221763716622
21816	2.8530144462555613	2.8530144462555613
20470	2.320761921229378	2.320761921229378
44701	1.1886165281816272	1.1886165281816272
32611	3.2586745688379266	3.2586745688379266
12365	2.7457962895519685	2.7457962895519685
15098	2.870679256083527	2.870679256083527
27953	2.530537288904597	2.530537288904597
31575	2.280650226956527	2.280650226956527
37687	3.055458064177779	3.055458064177779
16747	1.2726759390653593	1.2726759390653593
20994	2.4964349455685375	2.4964349455685375
16293	2.2414532746369145	2.2414532746369145
32212	2.0109353991616095	2.0109353991616095
14151	2.4768938577048036	2.4768938577048036
14953	2.7106548601363567	2.7106548601363567
16264	2.611491245189873	2.611491245189873
22596	3.013733852821708	3.013733852821708
30722	2.3454963327480063	2.3454963327480063
24435	2.498458219447743	2.498458219447743
10195	1.8326008910317948	1.8326008910317948
13332	1.6022837371431822	1.6022837371431822
19522	2.5886353291114474	2.5886353291114474
42879	2.7574940738031253	2.7574940738031253
42488	2.4722807376832385	2.4722807376832385
1792	2.0021782484616426	2.0021782484616426
21418	2.5791543038022535	2.5791543038022535
10912	2.1516882135954436	2.1516882135954436
15125	2.238550943591107	2.238550943591107
16994	2.7417834435954336	2.7417834435954336
4048	1.853513284764665	1.853513284764665
19898	2.479066935577225	2.479066935577225
14720	2.5738741849500593	2.5738741849500593
4826	2.4970499348316	2.4970499348316
6235	2.4762189517175113	2.4762189517175113
1996	2.5427523247881934	2.5427523247881934
14577	2.365833013887157	2.365833013887157
11513	2.3331294911890503	2.3331294911890503
2208	1.9760192330928819	1.9760192330928819
30185	2.7028621467573744	2.7028621467573744
1127	2.2867930414538638	2.2867930414538638
8955	1.9965571036738314	1.9965571036738314
31305	1.6553838785735144	1.6553838785735144
11416	1.7738866175664945	1.7738866175664945
10529	1.7708350186250494	1.7708350186250494
43542	2.7429836496923676	2.7429836496923676
18680	2.297096735176502	2.297096735176502
37085	2.8644413299884826	2.8644413299884826
37848	3.247311581193216	3.247311581193216
28687	2.1153863848610377	2.1153863848610377
43589	2.1474345468979923	2.1474345468979923
27805	2.7765311516360867	2.7765311516360867
35995	2.4113337783680824	2.4113337783680824
37475	1.9499191049221543	1.9499191049221543
4277	2.439965098436377	2.439965098436377
37147	2.287879269813451	2.287879269813451
15330	2.5553342257993035	2.5553342257993035
3283	2.8520912482071483	2.8520912482071483
38526	2.9809736422337054	2.9809736422337054
6432	1.9171536499979098	1.9171536499979098
40085	1.9429548198524706	1.9429548198524706
3406	2.6019443108646603	2.6019443108646603
6679	2.867229467683353	2.867229467683353
10713	2.272236656982298	2.272236656982298
5617	3.4316851854196497	3.4316851854196497
7460	2.1890498960652427	2.1890498960652427
2811	2.029892820551947	2.029892820551947
38641	2.065178396238377	2.065178396238377
3102	2.374979185568566	2.374979185568566
45269	3.1851628303186192	3.1851628303186192
33377	3.0329122151409464	3.0329122151409464
39527	2.8051298730867282	2.8051298730867282
37385	2.317436634270066	2.317436634270066
25439	2.084812954668336	2.084812954668336
7345	3.586886999331011	3.586886999331011
14347	2.466312330105868	2.466312330105868
10613	2.90508783462145	2.90508783462145
12606	2.1456997143385044	2.1456997143385044
23232	2.327979476892951	2.327979476892951
22343	2.4583592742034823	2.4583592742034823
28367	1.661658572382709	1.661658572382709
23900	2.588070795094581	2.588070795094581
36950	2.188205883988795	2.188205883988795
41161	2.7795734232393507	2.7795734232393507
21980	1.4530301709599875	1.4530301709599875
12513	2.2920128793653642	2.2920128793653642
2813	2.747701932646444	2.747701932646444
20031	1.9152434187407794	1.9152434187407794
25828	3.0054203131839214	3.0054203131839214
2867	2.066466534506957	2.066466534506957
33916	2.39715045721273	2.39715045721273
38956	2.1013845315238386	2.1013845315238386
21485	1.6403598784108473	1.6403598784108473
40090	2.9840981499351513	2.9840981499351513
37445	2.1702480626551695	2.1702480626551695
35210	3.1418659579677115	3.1418659579677115
3841	2.191116708249542	2.191116708249542
32833	2.699940917104556	2.699940917104556
40997	2.8092031650038547	2.8092031650038547
16384	2.084717948770173	2.084717948770173
5200	2.035540315624543	2.035540315624543
12969	3.1082055199889145	3.1082055199889145
34602	1.4497106923020648	1.4497106923020648
12175	1.5355472491734434	1.5355472491734434
39645	2.5049198734827245	2.5049198734827245
22251	2.5251941042614194	2.5251941042614194
16469	2.765898317358268	2.765898317358268
24287	2.632749499317564	2.632749499317564
33132	2.870725776373678	2.870725776373678
41812	2.666582899631465	2.666582899631465
32408	2.9446021718742306	2.9446021718742306
39908	2.7805042987866995	2.7805042987866995
25665	2.351110984646795	2.351110984646795
26685	2.2565218017498543	2.2565218017498543
15675	2.626229816079912	2.626229816079912
22543	2.943902204605855	2.943902204605855
28858	3.4163539009636943	3.4163539009636943
26648	3.1418081714834503	3.1418081714834503
14847	3.537871679693547	3.537871679693547
11657	1.9590532853304707	1.9590532853304707
30698	1.9165414458429422	1.9165414458429422
37909	2.1792537543345554	2.1792537543345554
36147	3.254420406943793	3.254420406943793
3757	2.392534997947788	2.392534997947788
35125	1.921228280392044	1.921228280392044
17233	2.5210622865649204	2.5210622865649204
24958	2.6952801115468006	2.6952801115468006
4788	2.710573067523958	2.710573067523958
8015	2.6489959691828333	2.6489959691828333
22246	1.9819808019758134	1.9819808019758134
40454	2.653576641531391	2.653576641531391
43305	1.8494341417007918	1.8494341417007918
3932	2.4790824237811586	2.4790824237811586
24147	1.93370856073593	1.93370856073593
2550	2.7063398716361404	2.7063398716361404
10938	1.7737823716459264	1.7737823716459264
24391	2.0281184048673886	2.0281184048673886
9942	2.1062659242878907	2.1062659242878907
36911	1.964288185094449	1.964288185094449
9646	3.18717235829309	3.18717235829309
28106	2.6714724058358943	2.6714724058358943
12633	1.9983958760424558	1.9983958760424558
14174	2.440714985616331	2.440714985616331
11221	1.7930224218202362	1.7930224218202362
2063	3.231511122407368	3.231511122407368
13065	3.434973196089627	3.434973196089627
35784	2.739905754076514	2.739905754076514
214	3.3673698975059105	3.3673698975059105
30695	1.6267367073456804	1.6267367073456804
26780	1.8975760057396243	1.8975760057396243
17641	2.352299889694813	2.352299889694813
45127	2.546623997211357	2.546623997211357
44996	2.7630765723248736	2.7630765723248736
13533	3.1311005604436666	3.1311005604436666
3157	1.7103050601848158	1.7103050601848158
23088	3.0117558264357607	3.0117558264357607
6129	2.1739317127077578	2.1739317127077578
23718	2.5821477126706514	2.5821477126706514
42042	2.314741837083888	2.314741837083888
15122	2.959978767133262	2.959978767133262
3405	2.6115019217799764	2.6115019217799764
9123	2.685318405687918	2.685318405687918
23510	1.8524834089829463	1.8524834089829463
25793	2.5204753540078273	2.5204753540078273
10771	2.4276726853064132	2.4276726853064132
27139	3.036927510743337	3.036927510743337
44767	3.057876952616632	3.057876952616632
26455	2.052447552453483	2.052447552453483
18886	2.143842956409544	2.143842956409544
33911	1.7364573567826156	1.7364573567826156
32380	3.3193408137662592	3.3193408137662592
42292	2.197009528955704	2.197009528955704
31917	2.6567730718328497	2.6567730718328497
20851	2.152109622785267	2.152109622785267
33975	2.1281676606902167	2.1281676606902167
18743	2.063003057134771	2.063003057134771
13308	3.1188824908696806	3.1188824908696806
29327	3.728328666455121	3.728328666455121
11291	2.0787956984003926	2.0787956984003926
11471	2.0313704311597225	2.0313704311597225
5841	3.122675755524115	3.122675755524115
321	3.0616059236553084	3.0616059236553084
31106	2.3865349967354894	2.3865349967354894
41793	2.161283664946814	2.161283664946814
40121	2.4194328771313547	2.4194328771313547
19830	2.406539030984791	2.406539030984791
41796	1.5930788616802278	1.5930788616802278
31404	2.466326880637632	2.466326880637632
9701	2.4107717491216727	2.4107717491216727
25851	2.879694586524504	2.879694586524504
44431	3.1409276660849152	3.1409276660849152
4640	2.2798159492434484	2.2798159492434484
10741	2.5359584113553644	2.5359584113553644
33369	2.4688340618040776	2.4688340618040776
22435	2.357349614369213	2.357349614369213
32710	1.6796834413412116	1.6796834413412116
12318	2.0042087819773458	2.0042087819773458
9968	3.3728244597495385	3.3728244597495385
43682	1.9293732161575887	1.9293732161575887
28366	1.8899153197181333	1.8899153197181333
32184	2.2203572535885314	2.2203572535885314
35731	1.9737258669120115	1.9737258669120115
38098	2.2279447228339135	2.2279447228339135
2628	2.0848938984635628	2.0848938984635628
18307	3.1937581039324314	3.1937581039324314
27116	2.8606728173914875	2.8606728173914875
17674	2.5773947698024444	2.5773947698024444
25692	2.8081152861006875	2.8081152861006875
11222	3.03308483657241	3.03308483657241
31796	2.6454196347317023	2.6454196347317023
6738	1.914453382319573	1.914453382319573
29124	2.8492906110415746	2.8492906110415746
41458	2.9583182265022647	2.9583182265022647
38501	2.4357837731227705	2.4357837731227705
9510	2.368118294100295	2.368118294100295
24758	2.0873014262935774	2.0873014262935774
22634	2.573322657047893	2.573322657047893
22600	2.2441668618139583	2.2441668618139583
1234	3.4835329916084987	3.4835329916084987
6588	3.1924582692018992	3.1924582692018992
10027	1.8643151288249116	1.8643151288249116
9414	2.1945590815293894	2.1945590815293894
36360	2.9301619708312487	2.9301619708312487
34976	2.8605319503907536	2.8605319503907536
28459	2.8112756125439478	2.8112756125439478
8019	2.169176165174248	2.169176165174248
15224	2.2236704251775348	2.2236704251775348
25290	1.772839289955162	1.772839289955162
9124	1.9141765206260004	1.9141765206260004
6011	2.6084655809986304	2.6084655809986304
41795	2.1392509809030407	2.1392509809030407
1370	2.175072013042532	2.175072013042532
39294	2.9265681014307035	2.9265681014307035
14094	1.962131211664042	1.962131211664042
14415	1.5384803388980388	1.5384803388980388
17497	2.184192918239372	2.184192918239372
5594	2.1810067535837976	2.1810067535837976
189	2.3383954530050493	2.3383954530050493
39763	2.1272606359861346	2.1272606359861346
19559	2.478115996562824	2.478115996562824
38383	2.842712273920215	2.842712273920215
25260	2.0719286784060396	2.0719286784060396
6007	1.8759569253833674	1.8759569253833674
23840	2.070801415386388	2.070801415386388
22928	2.9365632787512923	2.9365632787512923
39347	2.812083668247284	2.812083668247284
5025	2.5150284746100398	2.5150284746100398
36336	2.7650109639826197	2.7650109639826197
813	2.6345116616178323	2.6345116616178323
6592	2.917514672601936	2.917514672601936
36988	2.5754309956689867	2.5754309956689867
39287	2.732566406429801	2.732566406429801
17726	2.105737232657088	2.105737232657088
8108	3.1390228163904874	3.1390228163904874
34599	2.0061167707487604	2.0061167707487604
25466	3.2440024957652884	3.2440024957652884
37980	2.3035833316505747	2.3035833316505747
14115	2.145857838454919	2.145857838454919
44540	3.234208465504296	3.234208465504296
6902	1.9603444636875271	1.9603444636875271
4781	2.3917992560433823	2.3917992560433823
22211	2.6086019953827138	2.6086019953827138
9515	2.7488215792479687	2.7488215792479687
42158	3.008265832180537	3.008265832180537
28603	2.300527584129391	2.300527584129391
20529	3.814323509561811	3.814323509561811
40681	3.0281857229549454	3.0281857229549454
8355	2.2485492757492	2.2485492757492
44875	2.0544696045699995	2.0544696045699995
10293	2.6121556465230835	2.6121556465230835
39185	2.0565079346098254	2.0565079346098254
16937	2.4348844299164436	2.4348844299164436
9388	1.7485528750121784	1.7485528750121784
7458	1.986426654477536	1.986426654477536
27779	2.8343976041065444	2.8343976041065444
7010	2.9491929566592856	2.9491929566592856
8557	1.7094215836871502	1.7094215836871502
6552	3.182023183991045	3.182023183991045
7222	2.686683379905568	2.686683379905568
11979	2.803170711329069	2.803170711329069
9180	2.6365525779084216	2.6365525779084216
27341	3.05864152032857	3.05864152032857
9912	2.048791768766194	2.048791768766194
11804	1.4800050932611535	1.4800050932611535
6087	2.2645119573651513	2.2645119573651513
10911	2.0783479172958916	2.0783479172958916
19615	3.174656306430286	3.174656306430286
34765	2.7482597890960645	2.7482597890960645
41919	1.7262978767420771	1.7262978767420771
6848	3.085090450555614	3.085090450555614
19979	2.3439008883178616	2.3439008883178616
10653	2.67625053600799	2.67625053600799
8554	2.390754126041101	2.390754126041101
20183	2.5784430997949284	2.5784430997949284
43688	2.612517937205074	2.612517937205074
15173	2.6054567887769675	2.6054567887769675
7168	2.553194507415161	2.553194507415161
29501	2.3573638096610168	2.3573638096610168
40180	2.1314911844805313	2.1314911844805313
32449	2.4795795180466453	2.4795795180466453
19029	2.6087040836396116	2.6087040836396116
28604	1.621816065974749	1.621816065974749
13109	3.195992866114091	3.195992866114091
36685	2.0967166405939253	2.0967166405939253
5891	3.0097834055974473	3.0097834055974473
18255	2.2395831342039703	2.2395831342039703
6906	2.900840489644144	2.900840489644144
2474	2.235629070440105	2.235629070440105
42917	3.1633358806122582	3.1633358806122582
32276	2.023485003256015	2.023485003256015
17549	2.6115889164246746	2.6115889164246746
9934	3.320400937504863	3.320400937504863
11024	2.1126433245273906	2.1126433245273906
34628	2.685993264558315	2.685993264558315
14848	2.644075755906092	2.644075755906092
16170	2.461767808141361	2.461767808141361
6716	2.175974889138416	2.175974889138416
30934	2.158525653185833	2.158525653185833
37506	2.3272047914106464	2.3272047914106464
12527	2.182767949955722	2.182767949955722
15810	2.026889115355806	2.026889115355806
15454	2.5674305325953224	2.5674305325953224
4354	3.771560636094901	3.771560636094901
32334	3.2772515367951094	3.2772515367951094
1555	1.3360465438876294	1.3360465438876294
1772	2.461543500562211	2.461543500562211
45332	2.0561910216283645	2.0561910216283645
43188	2.932420822441252	2.932420822441252
33529	3.2502792159327423	3.2502792159327423
16557	2.453897855132661	2.453897855132661
5659	2.870157029114907	2.870157029114907
12029	2.0530808096028603	2.0530808096028603
4098	2.3157412853973804	2.3157412853973804
44925	2.5209080618522424	2.5209080618522424
29952	3.075840800426236	3.075840800426236
34950	1.9650951603034992	1.9650951603034992
5662	2.8125170263924364	2.8125170263924364
44399	3.2559551718552817	3.2559551718552817
14019	2.149882409983493	2.149882409983493
1627	2.1104933224274074	2.1104933224274074
29740	2.279867290410924	2.279867290410924
2861	1.968181503515416	1.968181503515416
21519	2.279261098290715	2.279261098290715
39843	2.052435625575972	2.052435625575972
41753	2.651863921985251	2.651863921985251
21981	1.642871959861509	1.642871959861509
31406	3.2741363995487642	3.2741363995487642
35962	2.805282358591908	2.805282358591908
38302	2.806808074429236	2.806808074429236
40547	2.625880624015348	2.625880624015348
24461	3.098876865991458	3.098876865991458
23780	2.665704308544527	2.665704308544527
15467	2.157192753635068	2.157192753635068
10686	2.2831541073370785	2.2831541073370785
21176	3.0135420174181307	3.0135420174181307
10913	2.142044183349293	2.142044183349293
22046	2.2042810599758447	2.2042810599758447
19590	3.3102360530070873	3.3102360530070873
15327	2.73153864566641	2.73153864566641
24811	3.306754475576976	3.306754475576976
38682	2.278372498734067	2.278372498734067
32894	2.8962426060538258	2.8962426060538258
37946	2.410308462665416	2.410308462665416
12422	2.4393630440847773	2.4393630440847773
37411	1.8346006058209785	1.8346006058209785
28958	3.478053638628904	3.478053638628904
38067	1.7646998507628708	1.7646998507628708
18478	3.1556641275958124	3.1556641275958124
15383	2.401842124354889	2.401842124354889
23426	2.7705076204553856	2.7705076204553856
10363	3.296925916156694	3.296925916156694
30780	3.6151908219063587	3.6151908219063587
10915	2.559586550470899	2.559586550470899
6194	2.6869578381408976	2.6869578381408976
16318	2.0596249169990077	2.0596249169990077
26453	2.2221248983961246	2.2221248983961246
11478	2.341476144330897	2.341476144330897
29151	2.69436867490344	2.69436867490344
1734	2.3520050429605224	2.3520050429605224
16837	2.9503200421297637	2.9503200421297637
5328	3.00154991701534	3.00154991701534
26068	2.7797588329447387	2.7797588329447387
13914	2.566651638526847	2.566651638526847
14118	2.4059683438077935	2.4059683438077935
16909	3.424421694036302	3.424421694036302
22404	2.940303615627078	2.940303615627078
33894	1.761699260769869	1.761699260769869
