ind	co1	co2
42784	1.9526355999588343	1.9526355999588343
8161	1.316029022466317	1.316029022466317
12398	0.1911473338166294	0.1911473338166294
42047	0.13880359669767084	0.13880359669767084
43565	1.7203594418799573	1.7203594418799573
32738	0.288642656950817	0.288642656950817
43503	1.0131427373959032	1.0131427373959032
17147	0.5627005722930869	0.5627005722930869
11950	0.6691952321330249	0.6691952321330249
25801	0.09662675903020947	0.09662675903020947
9213	0.037430322429751556	0.037430322429751556
1367	0.5569981276736949	0.5569981276736949
12019	0.03742967208376537	0.03742967208376537
34824	0.2868154578554768	0.2868154578554768
1640	0.01125994867332403	0.01125994867332403
10621	0.9937961867725156	0.9937961867725156
43290	0.6693148042710987	0.6693148042710987
24719	0.08609122857826831	0.08609122857826831
40120	0.10256858623172085	0.10256858623172085
20319	0.05065835007821439	0.05065835007821439
16210	0.8948435341329545	0.8948435341329545
44272	1.034604765233193	1.034604765233193
37698	0.9351985084777434	0.9351985084777434
10482	0.22974479772881745	0.22974479772881745
6930	0.053347934019820416	0.053347934019820416
16816	0.3825936978687465	0.3825936978687465
42241	0.29574045701497437	0.29574045701497437
13669	1.5163112550407596	1.5163112550407596
42450	0.3171585595344886	0.3171585595344886
31033	0.6902695213250837	0.6902695213250837
8887	0.17311342722702555	0.17311342722702555
4578	0.8368140107005423	0.8368140107005423
26443	0.020879263414344682	0.020879263414344682
4025	0.473542169046236	0.473542169046236
3402	0.29866389639974844	0.29866389639974844
5788	0.11377986936991753	0.11377986936991753
7020	0.20699595745483837	0.20699595745483837
35324	0.1964997867603724	0.1964997867603724
17760	0.8955322384862934	0.8955322384862934
31990	0.04993010597321332	0.04993010597321332
37825	0.5727108423450046	0.5727108423450046
41228	1.61818222488342	1.61818222488342
21148	0.8074095281691133	0.8074095281691133
31419	0.18091801698418036	0.18091801698418036
41517	1.1406278863357833	1.1406278863357833
9048	0.04537643205039712	0.04537643205039712
3608	0.3073774733289063	0.3073774733289063
33452	0.21440897890502408	0.21440897890502408
36763	0.17611851982597362	0.17611851982597362
1478	0.17884973452726546	0.17884973452726546
31027	0.33991705004181394	0.33991705004181394
20360	0.5825851601187134	0.5825851601187134
556	0.4858524840193858	0.4858524840193858
45010	0.16201515737516506	0.16201515737516506
39491	0.16361871721290863	0.16361871721290863
20948	0.11421735768709225	0.11421735768709225
9397	0.23748868198768883	0.23748868198768883
35596	0.07187653700521586	0.07187653700521586
27745	0.6558571494188686	0.6558571494188686
4218	0.5916778897367301	0.5916778897367301
34412	0.4046612255564188	0.4046612255564188
20597	0.029596980585440663	0.029596980585440663
32045	0.5888399186465465	0.5888399186465465
32783	0.5535764346963209	0.5535764346963209
39881	1.075921056092084	1.075921056092084
26165	0.056235953208875956	0.056235953208875956
17661	1.6942087674203832	1.6942087674203832
2159	0.012804118787972286	0.012804118787972286
7542	1.2358633618867285	1.2358633618867285
23620	0.44282847682980864	0.44282847682980864
15622	0.0976291939118127	0.0976291939118127
43350	0.546696137875171	0.546696137875171
16711	0.1365091826020174	0.1365091826020174
43356	0.4600431561198861	0.4600431561198861
45375	0.9398942035960411	0.9398942035960411
45421	0.6452666277239439	0.6452666277239439
17890	0.06990584455305163	0.06990584455305163
43194	0.37674074573831606	0.37674074573831606
32832	0.1026476093959322	0.1026476093959322
33307	0.10784277624546518	0.10784277624546518
3777	0.18778584785339456	0.18778584785339456
33840	0.053573302459435965	0.053573302459435965
45210	0.5022684579865081	0.5022684579865081
38669	0.016382466346747504	0.016382466346747504
9026	0.5006346528364368	0.5006346528364368
6149	0.0683345429692962	0.0683345429692962
3823	0.6080565945037969	0.6080565945037969
30417	0.6525492550897283	0.6525492550897283
31504	0.16422957200239455	0.16422957200239455
24993	0.8338235589355418	0.8338235589355418
20503	0.5129788008232862	0.5129788008232862
30252	0.013535151874114198	0.013535151874114198
510	0.12324777494376929	0.12324777494376929
18306	0.6797996622171335	0.6797996622171335
35539	0.1548229367057976	0.1548229367057976
29427	0.01081899136067551	0.01081899136067551
27806	0.8313435314549515	0.8313435314549515
41417	0.05680924173699336	0.05680924173699336
33509	0.7251717501871467	0.7251717501871467
3560	0.5747956961474652	0.5747956961474652
14955	0.45629733471707923	0.45629733471707923
24605	0.02235556733268482	0.02235556733268482
26436	0.26524892413606377	0.26524892413606377
6409	0.1545011984802839	0.1545011984802839
22332	0.10010251809239515	0.10010251809239515
18689	0.33853800254181365	0.33853800254181365
15594	0.5332061692742053	0.5332061692742053
3053	0.08028967717281582	0.08028967717281582
5582	0.5753427794256973	0.5753427794256973
13337	0.020871503255549255	0.020871503255549255
10674	0.24494876444958028	0.24494876444958028
35560	1.2849989769805374	1.2849989769805374
6958	0.23108926209552438	0.23108926209552438
15855	0.07966232220656658	0.07966232220656658
35501	0.3087396012324825	0.3087396012324825
12443	0.33984623599076724	0.33984623599076724
614	0.28587826025909374	0.28587826025909374
9005	0.20082026973035771	0.20082026973035771
37861	0.39004780054490806	0.39004780054490806
42983	1.7220982180562638	1.7220982180562638
42954	0.7089429411756225	0.7089429411756225
17915	1.0170391400206584	1.0170391400206584
12783	0.23895371640656682	0.23895371640656682
17020	0.37522626414343346	0.37522626414343346
13652	0.037983395438394046	0.037983395438394046
2266	0.060369428391512575	0.060369428391512575
6833	0.11591009589629495	0.11591009589629495
14272	0.9475116971602008	0.9475116971602008
43387	0.735131082960952	0.735131082960952
16388	0.07154630711932096	0.07154630711932096
14599	0.29509518039630045	0.29509518039630045
35567	1.6664122349100647	1.6664122349100647
28637	0.29141749868143907	0.29141749868143907
4947	0.9632644418424301	0.9632644418424301
17910	1.3536083514591024	1.3536083514591024
6968	0.30823173637783496	0.30823173637783496
24599	0.1605439326321209	0.1605439326321209
31129	1.2876063288870885	1.2876063288870885
43833	0.1480133518483817	0.1480133518483817
32689	0.18177362594274968	0.18177362594274968
18213	0.21477864189024978	0.21477864189024978
14066	0.011314359819404405	0.011314359819404405
22492	0.1874673969523156	0.1874673969523156
37071	0.42324465021516705	0.42324465021516705
41313	0.638797061536956	0.638797061536956
7539	0.9672004082356049	0.9672004082356049
45301	0.3874908999661732	0.3874908999661732
28448	0.5197673319746655	0.5197673319746655
39056	0.12908290148083726	0.12908290148083726
39916	0.21755898356731232	0.21755898356731232
42390	0.31321024581454227	0.31321024581454227
15915	0.027255475705216074	0.027255475705216074
8835	0.09437460285888002	0.09437460285888002
6695	0.011798752719796884	0.011798752719796884
9318	0.6348679083448862	0.6348679083448862
42817	1.2868310933318927	1.2868310933318927
29356	0.47301071802198685	0.47301071802198685
28121	0.3429671025730579	0.3429671025730579
19875	0.11164813630395753	0.11164813630395753
42219	0.2820898507747036	0.2820898507747036
13064	0.17154351992522446	0.17154351992522446
1634	0.059504664829291266	0.059504664829291266
40714	0.019217993175392106	0.019217993175392106
42690	1.2501674876125761	1.2501674876125761
14765	0.22476425694834476	0.22476425694834476
29928	0.43853895818086513	0.43853895818086513
26699	1.1405432221038385	1.1405432221038385
18234	1.479891048502527	1.479891048502527
3687	0.13836623458415323	0.13836623458415323
20059	1.038630123699966	1.038630123699966
33009	0.22380916099274545	0.22380916099274545
23841	0.1336389765034987	0.1336389765034987
45105	0.1836025471920313	0.1836025471920313
15983	1.579670978785295	1.579670978785295
39460	0.31761290735249054	0.31761290735249054
45002	0.8546802433258842	0.8546802433258842
38420	0.4415516306137914	0.4415516306137914
31799	0.40193792211069546	0.40193792211069546
40366	0.13916244298944092	0.13916244298944092
21558	0.14996879921814774	0.14996879921814774
7498	1.4097858394461285	1.4097858394461285
27092	0.04252719403641492	0.04252719403641492
39293	0.36450157177533427	0.36450157177533427
31062	0.2326039481704499	0.2326039481704499
16404	0.05375538018344656	0.05375538018344656
32948	2.9531423744609886	2.9531423744609886
19281	0.507293550583707	0.507293550583707
9044	0.846857679418941	0.846857679418941
41440	0.5396814826520373	0.5396814826520373
41902	0.5701819139587085	0.5701819139587085
5233	0.8774786603642876	0.8774786603642876
39148	1.059836830404989	1.059836830404989
22359	0.24361369789645604	0.24361369789645604
42947	0.07133951699698908	0.07133951699698908
7499	1.2658950554172832	1.2658950554172832
1751	0.03879552400609101	0.03879552400609101
43540	0.37981616767922777	0.37981616767922777
43939	2.3574879732084786	2.3574879732084786
23297	0.7715574197761165	0.7715574197761165
42904	0.07429158092139714	0.07429158092139714
40332	0.4007937613066111	0.4007937613066111
38966	0.14861178837690547	0.14861178837690547
3471	0.1797425525372998	0.1797425525372998
40644	0.46855107445104877	0.46855107445104877
12537	0.15033203352759597	0.15033203352759597
7192	0.0741907710738528	0.0741907710738528
19872	0.2784324655266041	0.2784324655266041
6307	0.0825646721538716	0.0825646721538716
10921	0.6755183290843177	0.6755183290843177
3504	0.7920075721743264	0.7920075721743264
13388	0.03233180224469931	0.03233180224469931
24243	0.17585474493702533	0.17585474493702533
10238	0.12776844668374449	0.12776844668374449
28164	0.8181519915719472	0.8181519915719472
22203	0.19554990747270945	0.19554990747270945
31386	0.0733906029002639	0.0733906029002639
902	0.41174874804464856	0.41174874804464856
18116	0.025787083260554115	0.025787083260554115
2211	1.060560905093848	1.060560905093848
14248	0.7128701572946609	0.7128701572946609
27137	0.24105134881139365	0.24105134881139365
42742	0.036732528074617875	0.036732528074617875
44300	0.5670883401426968	0.5670883401426968
15797	0.8863538215457307	0.8863538215457307
7858	1.5143166638308097	1.5143166638308097
26532	0.9173329184862905	0.9173329184862905
44353	0.26896434443172373	0.26896434443172373
22894	0.23220365071790305	0.23220365071790305
28970	0.022580616877929248	0.022580616877929248
15120	0.45019816610834384	0.45019816610834384
6117	0.45358622477844385	0.45358622477844385
36832	0.4281307001667464	0.4281307001667464
879	0.933932210861559	0.933932210861559
20505	0.31115006596824163	0.31115006596824163
8328	0.7446186908774863	0.7446186908774863
37029	0.8631564391036776	0.8631564391036776
2532	0.11282087991641775	0.11282087991641775
14035	1.0001970583868511	1.0001970583868511
19950	0.4614762588888327	0.4614762588888327
42046	0.39271998996223484	0.39271998996223484
38159	0.4322745785132848	0.4322745785132848
6122	0.3835647684484775	0.3835647684484775
17237	0.4854021241255955	0.4854021241255955
44716	0.04153848441402654	0.04153848441402654
39656	0.4513913919194565	0.4513913919194565
44792	0.5507567539248532	0.5507567539248532
16308	1.4061949652037922	1.4061949652037922
13057	1.1932157575875555	1.1932157575875555
9545	0.599514931112559	0.599514931112559
7196	0.036078319204867565	0.036078319204867565
19948	0.4947193897762404	0.4947193897762404
16412	0.08786136563098103	0.08786136563098103
43863	0.4196990753016065	0.4196990753016065
25683	0.019528436616036284	0.019528436616036284
10009	0.10950920817655013	0.10950920817655013
22615	0.05923371053547137	0.05923371053547137
42267	0.19056042049366842	0.19056042049366842
38456	0.40918733497350845	0.40918733497350845
42286	0.05270552168082238	0.05270552168082238
19336	0.3065533314041287	0.3065533314041287
33578	0.7661755922319334	0.7661755922319334
13507	0.47950005201117146	0.47950005201117146
33453	1.4910116689559691	1.4910116689559691
30227	0.3182423009656609	0.3182423009656609
42453	0.17994273669996724	0.17994273669996724
4263	0.3679425118388315	0.3679425118388315
20681	0.1250620607634978	0.1250620607634978
4776	0.36699048775082355	0.36699048775082355
7808	0.2769597123004956	0.2769597123004956
32130	0.12591681878475236	0.12591681878475236
9908	1.0723432217941895	1.0723432217941895
18908	0.641426024431191	0.641426024431191
20453	0.04539364797224818	0.04539364797224818
22499	0.09872945788760701	0.09872945788760701
20592	0.7496322482252493	0.7496322482252493
84	0.03405932707375868	0.03405932707375868
18236	0.2688460567029018	0.2688460567029018
41103	0.2528615371983128	0.2528615371983128
6068	0.11909749940684006	0.11909749940684006
38498	0.31743795856949836	0.31743795856949836
25838	0.15975094234782292	0.15975094234782292
34293	0.03883299946678481	0.03883299946678481
1565	0.35352804143026517	0.35352804143026517
12058	0.7370670845632681	0.7370670845632681
5215	1.0245437075965025	1.0245437075965025
34320	0.12260643024416187	0.12260643024416187
26787	0.19369070015199755	0.19369070015199755
42760	0.9602751022977176	0.9602751022977176
1664	0.7771313002076914	0.7771313002076914
3156	1.9771763154253927	1.9771763154253927
14342	0.3615457679979322	0.3615457679979322
40282	0.23316557111443842	0.23316557111443842
15410	0.24667950631378266	0.24667950631378266
28781	0.06813157530677734	0.06813157530677734
37731	0.6525997468786873	0.6525997468786873
19362	0.4097705821244432	0.4097705821244432
40390	0.011868896654353282	0.011868896654353282
27028	0.02238917450631258	0.02238917450631258
4777	0.18575853448071417	0.18575853448071417
11237	0.08585277479699618	0.08585277479699618
32129	0.5160635712918759	0.5160635712918759
25682	0.38919820931822724	0.38919820931822724
16256	1.8068230781361774	1.8068230781361774
44637	0.46208805051787366	0.46208805051787366
30750	0.07354659376759673	0.07354659376759673
20027	0.8880028956570841	0.8880028956570841
41122	0.05469142335100688	0.05469142335100688
2530	0.3199766720093269	0.3199766720093269
4874	0.4888290988219908	0.4888290988219908
19784	0.20156430172865794	0.20156430172865794
34134	0.21115744490729713	0.21115744490729713
12116	0.3446955135005036	0.3446955135005036
24360	0.6465734958196164	0.6465734958196164
19696	0.11209981727280792	0.11209981727280792
12945	0.22492408194538172	0.22492408194538172
20857	0.07067001287634243	0.07067001287634243
45170	0.5723885835038331	0.5723885835038331
4822	0.017694495263497593	0.017694495263497593
42981	0.4245164819570871	0.4245164819570871
19137	0.5588683336671223	0.5588683336671223
39294	0.3548849520049122	0.3548849520049122
21977	0.44936449090561964	0.44936449090561964
35228	1.6032538149716562	1.6032538149716562
13450	0.2956963381195892	0.2956963381195892
12866	0.30798728082761023	0.30798728082761023
13270	0.01196910750902785	0.01196910750902785
9174	0.14826198751660824	0.14826198751660824
41358	0.784092962365416	0.784092962365416
11942	1.0276862516408127	1.0276862516408127
18210	0.7025259604487466	0.7025259604487466
39326	1.9212787893022905	1.9212787893022905
12053	1.125164993318461	1.125164993318461
9928	0.02931649090819395	0.02931649090819395
12063	0.8352723231215148	0.8352723231215148
21144	0.5381724463825511	0.5381724463825511
11156	0.5067270917793177	0.5067270917793177
26139	0.2621052082588363	0.2621052082588363
2074	0.16750792040120113	0.16750792040120113
32591	1.4299786750507821	1.4299786750507821
20697	0.40695423498572353	0.40695423498572353
12093	0.570552989990076	0.570552989990076
27841	0.16905569608614837	0.16905569608614837
38922	0.24745818201824102	0.24745818201824102
26883	0.24754137126326783	0.24754137126326783
18905	0.7939470192693727	0.7939470192693727
2814	0.10303029931122296	0.10303029931122296
32042	0.08418127511416905	0.08418127511416905
19660	0.037228177278396876	0.037228177278396876
20477	0.1728204426607003	0.1728204426607003
39151	0.17042822964023174	0.17042822964023174
19285	0.29605516775671153	0.29605516775671153
13838	0.48236970714282074	0.48236970714282074
25366	1.333249277764338	1.333249277764338
42576	0.6931013944901747	0.6931013944901747
17717	0.03299172359029853	0.03299172359029853
3284	0.6828432178030495	0.6828432178030495
21838	0.5572212026020635	0.5572212026020635
35011	0.0319990780882505	0.0319990780882505
27318	0.320124875748038	0.320124875748038
16575	0.9626313555205147	0.9626313555205147
33719	1.5765889606451668	1.5765889606451668
43254	0.3167763411232012	0.3167763411232012
29420	0.04624218574342515	0.04624218574342515
8036	0.5534007466306707	0.5534007466306707
39143	0.0496398396098837	0.0496398396098837
10363	0.025549652074402143	0.025549652074402143
21621	0.06071357280502251	0.06071357280502251
24842	1.0554881166647343	1.0554881166647343
42387	0.14778669482514628	0.14778669482514628
30914	1.97794145812814	1.97794145812814
30994	0.4904771164124421	0.4904771164124421
12451	0.05209572513968807	0.05209572513968807
24697	0.0792840368770998	0.0792840368770998
25841	0.3018666275684526	0.3018666275684526
7849	0.6711093697704452	0.6711093697704452
16772	0.8632838885204444	0.8632838885204444
33433	0.40608734817959474	0.40608734817959474
6194	0.6968708899796205	0.6968708899796205
31539	1.0557102794273971	1.0557102794273971
28992	0.07114204624170663	0.07114204624170663
33920	0.14946004776862448	0.14946004776862448
4760	0.9207739561603472	0.9207739561603472
43384	0.5880040029200326	0.5880040029200326
25864	0.1188257611604061	0.1188257611604061
11020	0.5882741061666638	0.5882741061666638
2973	0.08900573011263183	0.08900573011263183
6651	0.15205064395311516	0.15205064395311516
11946	0.35247964719228736	0.35247964719228736
11216	0.09788728038226335	0.09788728038226335
6193	0.4039145435956779	0.4039145435956779
15914	0.28919379195314504	0.28919379195314504
12371	0.27425490814260356	0.27425490814260356
44327	0.14461745375597773	0.14461745375597773
23581	0.10159525918355335	0.10159525918355335
41252	0.04449442008388224	0.04449442008388224
10384	0.07905783573149229	0.07905783573149229
41576	1.5011092259454772	1.5011092259454772
35303	2.4464628419968695	2.4464628419968695
32892	0.6149230947135672	0.6149230947135672
2787	0.22870256687765772	0.22870256687765772
39594	1.0108198913172817	1.0108198913172817
7475	0.04259586966160989	0.04259586966160989
2840	0.30925364830960506	0.30925364830960506
9429	0.4082214829743919	0.4082214829743919
41167	0.03322664512706162	0.03322664512706162
26104	0.5152777386624023	0.5152777386624023
30881	0.5681923259048067	0.5681923259048067
34665	0.2053460244139643	0.2053460244139643
12643	0.04122291602037209	0.04122291602037209
33137	0.3388328897194739	0.3388328897194739
35562	0.07664335724044113	0.07664335724044113
45441	0.3523686421545148	0.3523686421545148
26445	0.6157683181169837	0.6157683181169837
43230	0.07835744617701985	0.07835744617701985
6002	0.06265816636471594	0.06265816636471594
24202	0.0887049573237613	0.0887049573237613
6000	0.2232942248230673	0.2232942248230673
17146	1.2293354867429351	1.2293354867429351
28515	0.26081951065104936	0.26081951065104936
5230	0.161828335222069	0.161828335222069
7879	0.169100689044212	0.169100689044212
26753	0.24987632169794496	0.24987632169794496
16728	0.24100644228692533	0.24100644228692533
13389	0.6921250252246514	0.6921250252246514
18514	0.7732045821054611	0.7732045821054611
17686	0.46895253608168885	0.46895253608168885
6285	1.0817726749942405	1.0817726749942405
15338	0.7916485154891832	0.7916485154891832
18696	0.9132845226902729	0.9132845226902729
20504	0.06354796512124793	0.06354796512124793
22493	0.6836331657986662	0.6836331657986662
14769	0.38317200040642174	0.38317200040642174
15366	0.10736501868764962	0.10736501868764962
13832	0.5936940818191909	0.5936940818191909
12203	0.4843983141920531	0.4843983141920531
16799	0.864709244396258	0.864709244396258
22451	0.6960389072073409	0.6960389072073409
10924	1.1159392135958535	1.1159392135958535
6729	0.4044538094917398	0.4044538094917398
30125	0.4487798954157049	0.4487798954157049
34854	0.6085988200818382	0.6085988200818382
32400	0.15738137240176955	0.15738137240176955
13476	0.19264692157722443	0.19264692157722443
9459	0.5001532822541217	0.5001532822541217
8133	0.8417296901290109	0.8417296901290109
36360	0.18643866697661476	0.18643866697661476
2459	0.08161679936930497	0.08161679936930497
17363	0.6144978318642437	0.6144978318642437
39048	0.30905148179437447	0.30905148179437447
45068	0.8504648506282828	0.8504648506282828
43161	0.04426019255593858	0.04426019255593858
17364	0.030922672007928073	0.030922672007928073
25730	0.9577138670130934	0.9577138670130934
20727	0.16598354037055169	0.16598354037055169
810	0.37300515786474714	0.37300515786474714
19456	0.23030769071389406	0.23030769071389406
15799	0.33242997948176833	0.33242997948176833
32313	0.48615435186439687	0.48615435186439687
16155	0.0869401559807419	0.0869401559807419
17283	0.42887460161734275	0.42887460161734275
19843	0.20329079150876006	0.20329079150876006
12644	0.09816412473729358	0.09816412473729358
31128	0.07525884632592701	0.07525884632592701
24286	0.1958616465408957	0.1958616465408957
21585	0.19979374538159864	0.19979374538159864
36728	1.488368071451048	1.488368071451048
5680	0.2713230038294923	0.2713230038294923
23518	0.16357011675737973	0.16357011675737973
18620	0.6557545921363358	0.6557545921363358
34817	0.4302240523943659	0.4302240523943659
36416	0.720668776066791	0.720668776066791
28780	0.07992324455804689	0.07992324455804689
4462	0.44802141144957225	0.44802141144957225
30787	1.807694086349027	1.807694086349027
22646	0.02590099692717454	0.02590099692717454
45435	0.47481304498318216	0.47481304498318216
12370	0.30411326386772614	0.30411326386772614
15041	0.17769632310263359	0.17769632310263359
25903	0.08466083068136375	0.08466083068136375
28833	0.030935034635861246	0.030935034635861246
21523	0.7774552909922863	0.7774552909922863
3951	0.3514461563041074	0.3514461563041074
31986	0.2906909162211461	0.2906909162211461
557	1.1302830083968496	1.1302830083968496
27445	0.9887526718415066	0.9887526718415066
5144	0.3268341131241418	0.3268341131241418
15264	0.017186247649807626	0.017186247649807626
4759	0.09817086246086067	0.09817086246086067
5118	0.15492025679852503	0.15492025679852503
42087	0.5101140806563761	0.5101140806563761
41283	0.0604321735679474	0.0604321735679474
41308	0.03366271133300846	0.03366271133300846
13976	0.3412080062131279	0.3412080062131279
2387	0.09358671277742309	0.09358671277742309
27597	0.45147534979648174	0.45147534979648174
38990	0.5771398090045267	0.5771398090045267
16661	0.7136382743833273	0.7136382743833273
23770	0.4980587532937626	0.4980587532937626
5974	0.7379080813574846	0.7379080813574846
5391	0.296015379503794	0.296015379503794
2504	0.08854102396642068	0.08854102396642068
9692	0.35966863023478207	0.35966863023478207
29617	0.13015028708845028	0.13015028708845028
37155	0.07277066499918892	0.07277066499918892
17739	0.5310060015892675	0.5310060015892675
8079	0.5829150993645811	0.5829150993645811
32167	0.5800282933237595	0.5800282933237595
45174	0.8156600101670622	0.8156600101670622
42932	0.1777516853932486	0.1777516853932486
16254	0.44336461951285966	0.44336461951285966
8078	0.2976690202411166	0.2976690202411166
5791	0.9942976959431582	0.9942976959431582
1775	0.14193228357903162	0.14193228357903162
6217	0.49657266374348086	0.49657266374348086
25264	0.21414419510647578	0.21414419510647578
25769	0.15425296990589737	0.15425296990589737
1873	0.26892757033873416	0.26892757033873416
19748	0.2925826205683864	0.2925826205683864
8832	1.8619108207399566	1.8619108207399566
13570	0.2617251870127661	0.2617251870127661
19664	0.5051510612582131	0.5051510612582131
34507	0.49579711989968017	0.49579711989968017
847	0.1982202117520904	0.1982202117520904
38691	0.5786161164084085	0.5786161164084085
10410	0.7501007175118879	0.7501007175118879
28669	0.6843508590486832	0.6843508590486832
8126	0.11801909731598108	0.11801909731598108
23263	0.8967798929778736	0.8967798929778736
11604	1.1019958049788783	1.1019958049788783
22489	0.49397449566082324	0.49397449566082324
4471	1.039529032885156	1.039529032885156
25022	0.3534423888422663	0.3534423888422663
38272	0.18480361014361624	0.18480361014361624
24168	1.0368637831423289	1.0368637831423289
38394	0.2813977757543315	0.2813977757543315
45451	1.1986318084897127	1.1986318084897127
21891	0.3435582673667216	0.3435582673667216
36320	2.059635034765549	2.059635034765549
24934	0.7068264395326712	0.7068264395326712
25368	0.70371072619795	0.70371072619795
35472	0.1645870611855789	0.1645870611855789
13698	1.139506929796625	1.139506929796625
25167	0.8422801245689476	0.8422801245689476
22716	0.13671105268185899	0.13671105268185899
31681	1.5557829372986274	1.5557829372986274
16666	0.012257724194853575	0.012257724194853575
33987	0.02391317262150181	0.02391317262150181
42669	0.20209518636203705	0.20209518636203705
31133	0.49484800733620826	0.49484800733620826
1308	0.743700561098137	0.743700561098137
15445	0.5352016854252308	0.5352016854252308
6353	1.1732074397952237	1.1732074397952237
38589	0.5405240353263695	0.5405240353263695
44914	0.6958522066677149	0.6958522066677149
13776	0.376496896615931	0.376496896615931
35200	0.1151977986762083	0.1151977986762083
8333	0.07347066085915542	0.07347066085915542
10622	0.14065035456319158	0.14065035456319158
11693	3.1430940822106086	3.1430940822106086
25486	1.041069286570515	1.041069286570515
33605	0.7076053414922217	0.7076053414922217
9862	0.24294189376695938	0.24294189376695938
32337	0.2692275410184207	0.2692275410184207
757	0.9943090302375867	0.9943090302375867
14229	0.25257227702051616	0.25257227702051616
42201	0.26154761829704637	0.26154761829704637
42744	0.3454580567133976	0.3454580567133976
19780	1.0236413312557715	1.0236413312557715
39596	1.2150765667168488	1.2150765667168488
1417	0.73524028161877	0.73524028161877
34414	0.21834541230085247	0.21834541230085247
43841	0.4261958046416178	0.4261958046416178
929	0.19642211039519578	0.19642211039519578
14519	0.2685940250089807	0.2685940250089807
28032	0.7521264844843487	0.7521264844843487
16594	0.1737933028993173	0.1737933028993173
15266	1.2103722472532155	1.2103722472532155
3246	0.2126985649681934	0.2126985649681934
17482	0.2149714877191701	0.2149714877191701
2632	0.15117300035784492	0.15117300035784492
23517	0.4193971380818228	0.4193971380818228
3181	0.05245538120105141	0.05245538120105141
2849	0.4976449963927766	0.4976449963927766
27919	1.2440510637545161	1.2440510637545161
16664	1.9854767794171184	1.9854767794171184
26793	1.5049819714649135	1.5049819714649135
43414	0.21920961174055614	0.21920961174055614
24593	1.779459591820154	1.779459591820154
9260	0.011694269027596613	0.011694269027596613
30258	0.3380228585324747	0.3380228585324747
4715	0.15616855717477612	0.15616855717477612
41744	0.2672832103680465	0.2672832103680465
40119	0.5172292789231546	0.5172292789231546
42555	1.2251293424397027	1.2251293424397027
28163	0.2046669393742769	0.2046669393742769
36698	0.06324756069738321	0.06324756069738321
26226	0.8386965767204617	0.8386965767204617
2176	0.03237556026123169	0.03237556026123169
26758	0.1488115309640698	0.1488115309640698
20429	0.42442692932527204	0.42442692932527204
29950	0.06394895252703904	0.06394895252703904
27450	0.39070261403299233	0.39070261403299233
33847	0.5875011987016656	0.5875011987016656
12535	0.019658280932833328	0.019658280932833328
24241	1.4485326908720162	1.4485326908720162
29348	0.3007205155825396	0.3007205155825396
17098	0.7320337732980885	0.7320337732980885
38797	0.16816247064737866	0.16816247064737866
5660	0.20644599446145231	0.20644599446145231
33240	0.11773184412515109	0.11773184412515109
7358	0.705361493001565	0.705361493001565
931	0.31629728111698074	0.31629728111698074
5454	0.22597756198699925	0.22597756198699925
11404	0.6926397510334359	0.6926397510334359
10485	1.2321789697924745	1.2321789697924745
44487	0.6606690722282788	0.6606690722282788
22027	0.25117630704446386	0.25117630704446386
4411	0.19546965188224583	0.19546965188224583
10788	0.13939504192733718	0.13939504192733718
24990	0.4722000096415208	0.4722000096415208
12753	0.40798992883122315	0.40798992883122315
16192	0.0890684759872283	0.0890684759872283
9910	0.20450640448779092	0.20450640448779092
4920	0.09494397338150355	0.09494397338150355
41020	2.537908412713587	2.537908412713587
32312	0.3107385274540264	0.3107385274540264
9424	0.2907903157417253	0.2907903157417253
42000	0.1514776525062901	0.1514776525062901
15971	0.13595342604102548	0.13595342604102548
36894	0.3724603631399567	0.3724603631399567
7106	1.315784808077302	1.315784808077302
16604	0.15298604217433642	0.15298604217433642
32921	0.864964506521387	0.864964506521387
18398	0.9163940872207831	0.9163940872207831
25640	0.18771315252692908	0.18771315252692908
2945	0.9542687633073518	0.9542687633073518
32623	1.0190012799454513	1.0190012799454513
37295	0.055267646567407534	0.055267646567407534
12292	0.15870303730433474	0.15870303730433474
26012	0.49784022407136336	0.49784022407136336
812	1.3584371272900746	1.3584371272900746
7059	0.012250079616815544	0.012250079616815544
25450	0.42149072407794125	0.42149072407794125
16822	0.3323286234242872	0.3323286234242872
37455	0.41550682887693585	0.41550682887693585
10235	0.48846598300455046	0.48846598300455046
15003	0.9265397991510602	0.9265397991510602
36835	1.27118196175273	1.27118196175273
11432	0.08228461290166175	0.08228461290166175
225	0.3944655405762049	0.3944655405762049
31890	0.11861015974608778	0.11861015974608778
40527	0.3060029250836029	0.3060029250836029
4644	0.14515412338057362	0.14515412338057362
3713	0.4627331026473166	0.4627331026473166
13873	0.8044409360979284	0.8044409360979284
24126	0.16466756111775252	0.16466756111775252
19985	2.0251204155847704	2.0251204155847704
29023	0.3465972873220081	0.3465972873220081
35930	0.2357048268889268	0.2357048268889268
4548	0.2057658482288913	0.2057658482288913
28185	0.10048116722928631	0.10048116722928631
6426	0.7059257370977988	0.7059257370977988
26194	0.9292776554299653	0.9292776554299653
23497	0.8271646871260179	0.8271646871260179
27128	0.13769081483681817	0.13769081483681817
123	0.188628779471905	0.188628779471905
23618	0.2519812531063104	0.2519812531063104
11736	0.8032174748098514	0.8032174748098514
29313	0.10622696301256876	0.10622696301256876
29547	1.6950772408318429	1.6950772408318429
10739	0.6246298307259704	0.6246298307259704
33785	0.2784656252114652	0.2784656252114652
3867	0.48620070833472	0.48620070833472
7317	0.10069213958616882	0.10069213958616882
16160	0.021319013420682542	0.021319013420682542
33843	0.027508935079327154	0.027508935079327154
36071	0.7303967765775249	0.7303967765775249
3950	0.47061147140450504	0.47061147140450504
6279	0.31119337766998734	0.31119337766998734
37488	0.11907972466241244	0.11907972466241244
43812	0.1592402192223915	0.1592402192223915
20724	0.9422624780144124	0.9422624780144124
17048	1.034725532420726	1.034725532420726
37860	0.7629358178989111	0.7629358178989111
601	0.6790858662235757	0.6790858662235757
40933	0.6321167863291001	0.6321167863291001
38043	1.1479170560276168	1.1479170560276168
15858	0.195710190796654	0.195710190796654
28723	0.02713545018875039	0.02713545018875039
20654	1.5361693709491397	1.5361693709491397
10118	0.1297038509889476	0.1297038509889476
28869	0.9512822636608587	0.9512822636608587
14541	0.38504631403794654	0.38504631403794654
32858	0.9673606070433558	0.9673606070433558
26791	0.5242234323568156	0.5242234323568156
11433	0.13616466403517744	0.13616466403517744
2660	0.15815322543619884	0.15815322543619884
16550	0.27936265524429865	0.27936265524429865
2846	0.3515919663694671	0.3515919663694671
11540	0.5721418690591276	0.5721418690591276
2265	0.45615697502134256	0.45615697502134256
20370	0.19280065803201774	0.19280065803201774
45438	0.5382595459514543	0.5382595459514543
17592	0.6465410312005807	0.6465410312005807
18843	0.23089531388590004	0.23089531388590004
38671	0.09885832071003109	0.09885832071003109
9110	0.33567741480457586	0.33567741480457586
42758	0.07384012413098111	0.07384012413098111
36173	0.4381799645810527	0.4381799645810527
32284	0.6197060902842264	0.6197060902842264
33303	1.0164499057384244	1.0164499057384244
14593	0.6191283275212391	0.6191283275212391
43732	0.03066636089668874	0.03066636089668874
40553	0.2962512269727014	0.2962512269727014
21680	0.28037886742173734	0.28037886742173734
22454	0.5391427168362621	0.5391427168362621
43141	0.0177628508286196	0.0177628508286196
4495	2.050944075637526	2.050944075637526
23348	0.5906985672370576	0.5906985672370576
1246	0.17970621661189573	0.17970621661189573
1965	0.5747665450696379	0.5747665450696379
32626	0.592306844761533	0.592306844761533
25399	0.657408376450358	0.657408376450358
31687	0.242093151351967	0.242093151351967
35840	0.047476951543458656	0.047476951543458656
6121	0.42355678508483596	0.42355678508483596
10097	0.654894989643123	0.654894989643123
32374	0.056834221839597424	0.056834221839597424
10049	0.21153376984338434	0.21153376984338434
41996	0.09079428046035963	0.09079428046035963
32315	0.11121830808134514	0.11121830808134514
20855	0.014080207290230342	0.014080207290230342
17093	0.05084316639602907	0.05084316639602907
4130	0.38108406895142743	0.38108406895142743
19810	0.039608896336887724	0.039608896336887724
32888	0.8975084130438356	0.8975084130438356
23649	0.13546915358847242	0.13546915358847242
28751	0.5406063816226256	0.5406063816226256
10512	0.30224810943050373	0.30224810943050373
5044	0.08998191792532742	0.08998191792532742
23295	0.10465300049340544	0.10465300049340544
1386	1.1988532755345471	1.1988532755345471
31763	0.2922617342516933	0.2922617342516933
45071	1.7563996028739033	1.7563996028739033
2291	0.9649491760984396	0.9649491760984396
31136	0.3585141639800641	0.3585141639800641
24600	0.04379202072957912	0.04379202072957912
24059	0.8288517312629596	0.8288517312629596
27227	1.5038061373732812	1.5038061373732812
35965	0.14074334846494174	0.14074334846494174
2634	0.5286128243831678	0.5286128243831678
14225	0.26385662474932864	0.26385662474932864
3503	0.6835726603236822	0.6835726603236822
24455	0.63489454111286	0.63489454111286
27061	0.335152911795934	0.335152911795934
1730	0.42406155686722413	0.42406155686722413
16281	1.2890989484848416	1.2890989484848416
30028	0.5812291651845486	0.5812291651845486
24809	0.23468335667105447	0.23468335667105447
10516	0.03765180383509424	0.03765180383509424
15482	0.05594303416255452	0.05594303416255452
5334	0.8133990698229051	0.8133990698229051
28307	1.540301169963814	1.540301169963814
10673	0.32281340519356927	0.32281340519356927
14273	0.65641532504439	0.65641532504439
25267	0.13301358897746565	0.13301358897746565
10120	0.35641086459787175	0.35641086459787175
32307	0.1289302580158907	0.1289302580158907
5563	0.10402863841824452	0.10402863841824452
23123	0.08586781060953921	0.08586781060953921
37768	0.14925582957776376	0.14925582957776376
16026	1.2072511200511358	1.2072511200511358
17145	0.27627119892987095	0.27627119892987095
31282	0.25793769588326	0.25793769588326
33752	0.04310065781335583	0.04310065781335583
4520	1.358914789563426	1.358914789563426
32311	0.14555494302441813	0.14555494302441813
11720	0.9367051951538025	0.9367051951538025
40246	0.42152057226415907	0.42152057226415907
41208	0.72611543482385	0.72611543482385
40038	0.7713460722361177	0.7713460722361177
28420	0.6397500384288607	0.6397500384288607
5364	1.036252677613312	1.036252677613312
3673	0.3968084358991462	0.3968084358991462
4572	0.24922895528403824	0.24922895528403824
17365	0.04539792883050777	0.04539792883050777
5830	0.3856423017300618	0.3856423017300618
27031	0.1809630967997596	0.1809630967997596
29355	0.1442608851656867	0.1442608851656867
31417	0.14727215012901823	0.14727215012901823
6934	0.4804361146761096	0.4804361146761096
14170	0.5542841664560896	0.5542841664560896
19961	0.8004305535662691	0.8004305535662691
41998	0.18397980366525146	0.18397980366525146
23203	0.06180924226763205	0.06180924226763205
5480	0.37675279814945356	0.37675279814945356
2553	0.46864805086479483	0.46864805086479483
32277	0.12265645876424017	0.12265645876424017
13625	0.13752799570376079	0.13752799570376079
4581	0.11168350120094087	0.11168350120094087
28892	1.0803074681512936	1.0803074681512936
22928	0.2688343255987273	0.2688343255987273
2850	0.1524516597090282	0.1524516597090282
17770	0.9047743170248297	0.9047743170248297
35010	0.22528565783070403	0.22528565783070403
2923	0.346611581045975	0.346611581045975
34661	0.14554310943979942	0.14554310943979942
36515	0.6298890635160972	0.6298890635160972
3268	0.02760278250628089	0.02760278250628089
44476	0.6197034258306964	0.6197034258306964
42045	1.5547440914480641	1.5547440914480641
15187	0.1915629803668792	0.1915629803668792
24096	1.1766275038665113	1.1766275038665113
44297	0.35623451186260857	0.35623451186260857
41524	0.40063101720366423	0.40063101720366423
10240	1.0642185709757255	1.0642185709757255
11079	0.6325331997850188	0.6325331997850188
10509	1.7654672258222663	1.7654672258222663
44414	0.14345619398241985	0.14345619398241985
22806	0.4917487954556811	0.4917487954556811
3138	0.4215656616965557	0.4215656616965557
45004	0.5827900614777377	0.5827900614777377
32335	0.4861629409456895	0.4861629409456895
40497	0.016400091271484306	0.016400091271484306
38454	0.8724904663288463	0.8724904663288463
13190	0.48236568352219006	0.48236568352219006
31852	0.8079161394761133	0.8079161394761133
21861	0.5093057944003466	0.5093057944003466
38864	0.01034473254344415	0.01034473254344415
4797	0.5831741711556417	0.5831741711556417
11776	1.7701395974393102	1.7701395974393102
2420	0.4238362181531419	0.4238362181531419
13835	0.19031433379406612	0.19031433379406612
11898	0.6887816585099329	0.6887816585099329
4522	0.2841234485535342	0.2841234485535342
30536	0.12904487470135462	0.12904487470135462
8429	0.90956192535765	0.90956192535765
3081	0.49350690015856313	0.49350690015856313
1101	0.22221227252341888	0.22221227252341888
29390	0.36436593053279465	0.36436593053279465
16658	0.06259728554882579	0.06259728554882579
20197	0.688881375965612	0.688881375965612
16025	0.12272369365320585	0.12272369365320585
45376	0.014667149142914091	0.014667149142914091
22118	1.8151162602672064	1.8151162602672064
16824	0.748467556916557	0.748467556916557
43355	0.5292079373133962	0.5292079373133962
19749	0.5701864496514492	0.5701864496514492
8204	0.13455401689890614	0.13455401689890614
12889	1.6414261248842983	1.6414261248842983
26501	1.7101742698726035	1.7101742698726035
32489	2.00057291389184	2.00057291389184
39975	0.017368999278859376	0.017368999278859376
15236	0.0254528439942142	0.0254528439942142
7545	0.7158081968187407	0.7158081968187407
13750	0.351900065698985	0.351900065698985
16154	0.16491996523805244	0.16491996523805244
7104	0.22971449733528965	0.22971449733528965
28717	0.26804635654167597	0.26804635654167597
21522	0.01919308052882291	0.01919308052882291
14169	0.07190572747832805	0.07190572747832805
40795	0.11133882301897097	0.11133882301897097
13626	0.2008628371057476	0.2008628371057476
14300	0.20036983146101955	0.20036983146101955
9216	0.036930120071410694	0.036930120071410694
37676	0.5134142376914583	0.5134142376914583
24882	2.44851787370918	2.44851787370918
3707	1.0883690328524194	1.0883690328524194
43382	0.6838285934609267	0.6838285934609267
9787	0.6399819125360423	0.6399819125360423
16571	0.13824750312117895	0.13824750312117895
3712	0.08564632317925121	0.08564632317925121
13510	0.5443945727839501	0.5443945727839501
9618	1.934415690523974	1.934415690523974
17633	0.018730108306999765	0.018730108306999765
14492	1.569572123935479	1.569572123935479
32071	0.24891071781506977	0.24891071781506977
20589	0.10681264367150031	0.10681264367150031
6759	0.7175878168527905	0.7175878168527905
3780	0.9864634546256417	0.9864634546256417
18206	0.06800235069762135	0.06800235069762135
45213	0.6273220270494569	0.6273220270494569
13063	0.23989487169026044	0.23989487169026044
28482	0.6116854809403522	0.6116854809403522
5072	0.5951897927648732	0.5951897927648732
36594	0.4509291211564821	0.4509291211564821
20539	0.902811872257912	0.902811872257912
17182	1.0437776231143916	1.0437776231143916
5503	0.5266467538696052	0.5266467538696052
29842	0.27449880269685983	0.27449880269685983
18180	0.33779568182016945	0.33779568182016945
9377	0.20164970348680858	0.20164970348680858
19665	0.9555077893567795	0.9555077893567795
40642	0.11222286220444336	0.11222286220444336
16689	0.15777570402943772	0.15777570402943772
45409	0.04499002243433996	0.04499002243433996
38041	0.9263689424117024	0.9263689424117024
11940	0.27500830152929107	0.27500830152929107
5048	0.4798255853054205	0.4798255853054205
24124	0.1814673705985977	0.1814673705985977
32590	0.03511193776314996	0.03511193776314996
23708	0.8715682630525484	0.8715682630525484
1328	0.4351680879880462	0.4351680879880462
31533	0.5699518081877843	0.5699518081877843
36732	0.2591667454019531	0.2591667454019531
14301	0.026926925054448082	0.026926925054448082
28212	0.12033320347837312	0.12033320347837312
15055	0.16924014796609985	0.16924014796609985
10965	0.5331320402754127	0.5331320402754127
2108	0.6616552953328151	0.6616552953328151
32018	0.35339364097939174	0.35339364097939174
17690	0.4371471680923346	0.4371471680923346
36518	0.3535365276616996	0.3535365276616996
41826	0.16703783197392583	0.16703783197392583
15333	0.14352815439496594	0.14352815439496594
15259	0.0685019606255547	0.0685019606255547
11183	2.085816357505329	2.085816357505329
42386	0.062026842588585	0.062026842588585
17475	0.024554746710805653	0.024554746710805653
398	1.608544326183506	1.608544326183506
15570	0.09069752387401796	0.09069752387401796
21387	0.19182323712164556	0.19182323712164556
9812	0.2841384610130606	0.2841384610130606
20019	0.4761666014152525	0.4761666014152525
15341	0.9040302096294823	0.9040302096294823
3401	0.8450724344045815	0.8450724344045815
2689	0.7620049113498559	0.7620049113498559
24631	0.6186639375466725	0.6186639375466725
9667	2.1950373841918127	2.1950373841918127
37460	1.0962698160738493	1.0962698160738493
5583	0.2570116884987164	0.2570116884987164
206	0.8905835956498162	0.8905835956498162
23272	0.31065000171335233	0.31065000171335233
14482	1.121168195964533	1.121168195964533
207	0.13089704712166567	0.13089704712166567
13089	0.06588149225105594	0.06588149225105594
6885	0.3935116811729419	0.3935116811729419
40958	0.04607316675973572	0.04607316675973572
35933	0.5174726768896281	0.5174726768896281
37462	0.29673607242674627	0.29673607242674627
8104	0.302615549998217	0.302615549998217
34449	0.815487193539485	0.815487193539485
13903	0.5544509370646007	0.5544509370646007
23766	0.6884711074752782	0.6884711074752782
30749	0.02108041409057423	0.02108041409057423
35263	0.6822385681539412	0.6822385681539412
14167	0.9249565549380018	0.9249565549380018
41042	0.1294287155270858	0.1294287155270858
29778	0.08482486431436424	0.08482486431436424
16900	0.38389482387424123	0.38389482387424123
6652	0.924769671005626	0.924769671005626
43789	0.9114661585970482	0.9114661585970482
17281	0.7815758403798044	0.7815758403798044
7084	1.9057994717859923	1.9057994717859923
11377	0.6335460163604487	0.6335460163604487
42955	0.19995393403096137	0.19995393403096137
17357	0.06484381056353457	0.06484381056353457
26009	0.34224876913675367	0.34224876913675367
31987	0.6637613466044237	0.6637613466044237
23844	0.4406311015084074	0.4406311015084074
40474	0.041150061355785916	0.041150061355785916
8939	0.2761243892733479	0.2761243892733479
11468	0.2710404548772614	0.2710404548772614
42223	0.1924945105355368	0.1924945105355368
25403	0.12601026249896166	0.12601026249896166
16976	0.718046667530631	0.718046667530631
22694	0.7194011948361415	0.7194011948361415
1163	0.2275258956277839	0.2275258956277839
45085	0.6959201551007511	0.6959201551007511
39936	0.06742314159545938	0.06742314159545938
32219	0.31160904508221754	0.31160904508221754
8040	0.43978951650835385	0.43978951650835385
17403	0.234143995981859	0.234143995981859
41783	0.3073482247595872	0.3073482247595872
39516	0.6669486559031678	0.6669486559031678
31503	0.08080887684384529	0.08080887684384529
16189	0.05886621554972698	0.05886621554972698
34233	1.1957319560593558	1.1957319560593558
30255	0.4348361981429151	0.4348361981429151
33866	0.7632409380097169	0.7632409380097169
19539	1.500174247142018	1.500174247142018
12671	0.4074584448764417	0.4074584448764417
39411	0.2754502263320842	0.2754502263320842
13087	0.07409218713881688	0.07409218713881688
10643	0.17513081352557802	0.17513081352557802
22809	0.729868773734605	0.729868773734605
36361	0.2179539076779295	0.2179539076779295
41145	0.39289054901187603	0.39289054901187603
36699	0.4166721351388075	0.4166721351388075
4846	0.3351215389916818	0.3351215389916818
17094	0.04495709559124875	0.04495709559124875
25175	0.34244510606956774	0.34244510606956774
39438	0.24180084898753876	0.24180084898753876
36105	0.08416162069675473	0.08416162069675473
13364	0.3128502525344798	0.3128502525344798
26880	0.35040214149366544	0.35040214149366544
14832	2.745098956075939	2.745098956075939
41233	0.03902291308598506	0.03902291308598506
20055	1.9460598821627204	1.9460598821627204
6147	0.48248930968826914	0.48248930968826914
19930	0.053675562638607614	0.053675562638607614
1303	0.07751844237444112	0.07751844237444112
40421	0.21294507425754658	0.21294507425754658
555	0.2304963584341404	0.2304963584341404
9193	0.7133580369254919	0.7133580369254919
4971	0.7888137825787203	0.7888137825787203
11899	0.7250852638600777	0.7250852638600777
42271	0.2436251375865565	0.2436251375865565
9857	0.49005296678877724	0.49005296678877724
37326	0.45807514047147513	0.45807514047147513
17366	0.7467262529883751	0.7467262529883751
25230	1.1513999623083817	1.1513999623083817
21426	0.21126637658538486	0.21126637658538486
22112	0.6987609882030346	0.6987609882030346
10367	0.07950636954768872	0.07950636954768872
4463	0.013254459289759506	0.013254459289759506
22616	2.3441964297300038	2.3441964297300038
30821	1.2752712802813446	1.2752712802813446
19304	0.18589024984726416	0.18589024984726416
35592	0.5281796339964134	0.5281796339964134
20056	0.26801843018821203	0.26801843018821203
42714	0.011913607583327058	0.011913607583327058
23524	0.0214485224411797	0.0214485224411797
1691	0.13583277348196252	0.13583277348196252
15022	1.1030454977537136	1.1030454977537136
34482	0.35279506409402983	0.35279506409402983
41918	0.2805652894237184	0.2805652894237184
25102	2.263246030046051	2.263246030046051
33684	1.07228453914581	1.07228453914581
36966	0.3842097994655973	0.3842097994655973
29080	0.1373934080745006	0.1373934080745006
28115	1.3446473621642578	1.3446473621642578
19723	0.660679428111713	0.660679428111713
29923	0.12208939147230137	0.12208939147230137
19372	0.7098228952080071	0.7098228952080071
7197	0.5395385403260935	0.5395385403260935
24242	1.1590741912420635	1.1590741912420635
3924	0.01172938639651517	0.01172938639651517
18085	0.8945068157456283	0.8945068157456283
39547	1.3965033125433755	1.3965033125433755
13239	0.7023335219877812	0.7023335219877812
41523	0.5004597586383845	0.5004597586383845
15689	0.06883483059134939	0.06883483059134939
43229	0.9101333718611079	0.9101333718611079
824	0.22243872540773807	0.22243872540773807
34371	0.7198718384948614	0.7198718384948614
20659	0.23105329368116817	0.23105329368116817
5861	0.3946446198234483	0.3946446198234483
15771	0.17934462249623084	0.17934462249623084
12144	0.20665121626062405	0.20665121626062405
20372	0.4079892174482694	0.4079892174482694
2342	0.7084378530466363	0.7084378530466363
39687	0.07966863009838927	0.07966863009838927
4175	0.5681329397074949	0.5681329397074949
45052	0.781005894251632	0.781005894251632
31220	0.2550233304558266	0.2550233304558266
32370	0.02036420284556633	0.02036420284556633
37355	0.15335607074183266	0.15335607074183266
26280	0.4497993486965808	0.4497993486965808
512	0.2672492751508331	0.2672492751508331
31028	0.14237691366877356	0.14237691366877356
35497	0.30422322887508346	0.30422322887508346
8103	0.43179556800208313	0.43179556800208313
37214	0.01420226976186132	0.01420226976186132
82	0.2052334040422414	0.2052334040422414
34204	0.8348567633954661	0.8348567633954661
13275	0.4412189259165044	0.4412189259165044
8624	0.13743454794583704	0.13743454794583704
13986	0.058870133872230244	0.058870133872230244
41829	0.2963337831977034	0.2963337831977034
34660	0.6774482720140129	0.6774482720140129
13977	0.9721157252261764	0.9721157252261764
36288	0.3128784864382489	0.3128784864382489
29354	0.2985114326135159	0.2985114326135159
40210	1.0511007139224848	1.0511007139224848
17766	0.4465459038172493	0.4465459038172493
1687	0.804180681694965	0.804180681694965
13235	0.4452853072727324	0.4452853072727324
6005	0.8552960650686084	0.8552960650686084
36899	0.427182289898809	0.427182289898809
28450	0.32813813173864	0.32813813173864
8674	0.8061468639604569	0.8061468639604569
36795	0.32029692922536346	0.32029692922536346
3473	0.1537288504450746	0.1537288504450746
18556	0.8987062186448928	0.8987062186448928
40341	0.27804554509927154	0.27804554509927154
560	0.039192878438186536	0.039192878438186536
8150	0.7698422422119688	0.7698422422119688
37253	0.6888326869441119	0.6888326869441119
8394	0.4042455947721061	0.4042455947721061
683	2.2906098710975655	2.2906098710975655
23179	0.5001824086335874	0.5001824086335874
26641	0.46086064097151364	0.46086064097151364
44485	0.029516761471709493	0.029516761471709493
22812	0.41696475696121726	0.41696475696121726
14744	0.7306989412664382	0.7306989412664382
36619	0.4825998006781741	0.4825998006781741
1456	0.292957755847499	0.292957755847499
339	0.019334633859693015	0.019334633859693015
3674	0.4848612093130595	0.4848612093130595
15888	0.04353760380691419	0.04353760380691419
30628	0.8694653901670865	0.8694653901670865
34939	0.41655536872398746	0.41655536872398746
21892	0.07729114215392782	0.07729114215392782
37952	0.37672747321720806	0.37672747321720806
1966	1.7012285553171294	1.7012285553171294
23525	0.4794185681870024	0.4794185681870024
2338	0.14978308439667526	0.14978308439667526
44769	1.3182076993193692	1.3182076993193692
17207	0.19622253742197696	0.19622253742197696
39221	0.2571026536921244	0.2571026536921244
36136	0.37270957955670586	0.37270957955670586
32555	0.06222201988760797	0.06222201988760797
26228	1.148364690617018	1.148364690617018
21973	0.3510435681551932	0.3510435681551932
8699	0.05550080503190859	0.05550080503190859
16789	0.08171418268573488	0.08171418268573488
26533	0.024720235148734608	0.024720235148734608
2183	0.23509005148878054	0.23509005148878054
2904	0.15382810182433232	0.15382810182433232
30911	0.17864507408224853	0.17864507408224853
35014	0.5508953790509066	0.5508953790509066
7965	0.2615263949888336	0.2615263949888336
17737	0.1860323657099238	0.1860323657099238
44631	0.3476462133261463	0.3476462133261463
11571	0.03478399381760691	0.03478399381760691
24131	0.4995434718787355	0.4995434718787355
37922	0.14525618096495463	0.14525618096495463
10812	0.015193005208581486	0.015193005208581486
37892	1.2551837391608172	1.2551837391608172
16876	0.08924495727580316	0.08924495727580316
2366	0.6881190727890918	0.6881190727890918
36829	0.5570843387794956	0.5570843387794956
19576	0.37449125585471776	0.37449125585471776
14629	0.876559041506922	0.876559041506922
15001	0.22834934759217074	0.22834934759217074
481	1.0356449168494855	1.0356449168494855
11187	0.12864116781217685	0.12864116781217685
35125	0.3989462761374449	0.3989462761374449
13545	0.8119774043247503	0.8119774043247503
21307	0.5722738330112241	0.5722738330112241
40450	0.12100981555307785	0.12100981555307785
41470	0.06552298611072682	0.06552298611072682
37916	0.19590268575515749	0.19590268575515749
16850	0.4245789955402301	0.4245789955402301
5807	0.36528358733316196	0.36528358733316196
43987	0.18417767495151033	0.18417767495151033
38765	0.014197699055122609	0.014197699055122609
662	1.2806759165968644	1.2806759165968644
26504	1.255426880188714	1.255426880188714
42547	0.48506509080176047	0.48506509080176047
170	0.601784173503911	0.601784173503911
8335	0.29776229285709865	0.29776229285709865
7338	0.44595228326955616	0.44595228326955616
7080	0.7907604051871701	0.7907604051871701
43446	0.29588683229089785	0.29588683229089785
16213	1.222049945212774	1.222049945212774
5532	0.3209099782285012	0.3209099782285012
30372	0.2827074125388067	0.2827074125388067
18117	0.11240745658799992	0.11240745658799992
20510	0.5662548898851747	0.5662548898851747
4575	0.24644112168034316	0.24644112168034316
7895	1.0380251680797028	1.0380251680797028
20502	0.5649228587985967	0.5649228587985967
11612	0.7863988551469694	0.7863988551469694
11795	0.38033833502080877	0.38033833502080877
36798	0.12185662825299157	0.12185662825299157
45072	3.5999166155731355	3.5999166155731355
6732	0.4898760497666071	0.4898760497666071
36567	0.5274872419214164	0.5274872419214164
7259	0.25813855881739345	0.25813855881739345
3671	0.7247953529598544	0.7247953529598544
21685	0.7070342465250312	0.7070342465250312
12621	0.0585454301885535	0.0585454301885535
27323	0.09305471824414714	0.09305471824414714
27448	0.5619761907159628	0.5619761907159628
27254	0.17286260053285568	0.17286260053285568
32946	2.2865668476258914	2.2865668476258914
5122	0.1667783622214064	0.1667783622214064
26751	0.42377485228320283	0.42377485228320283
25770	0.45413125592545256	0.45413125592545256
23528	0.2973931217750637	0.2973931217750637
29699	0.41874928612052165	0.41874928612052165
28864	0.07769397263426174	0.07769397263426174
9988	1.6417451696317393	1.6417451696317393
31981	0.32787576786539296	0.32787576786539296
17612	0.2075543098218544	0.2075543098218544
14362	0.15711462589241965	0.15711462589241965
45054	0.3076746041532079	0.3076746041532079
21767	0.8087505938394198	0.8087505938394198
12022	0.17286804840643463	0.17286804840643463
12272	0.10133060940745614	0.10133060940745614
30027	0.04346488072668849	0.04346488072668849
43625	0.5848834534094617	0.5848834534094617
12348	0.4730268032343017	0.4730268032343017
1929	2.6615945112113604	2.6615945112113604
11939	0.062151015855807616	0.062151015855807616
14727	0.3482050254282714	0.3482050254282714
23965	0.017580593826817575	0.017580593826817575
3800	0.77249557169082	0.77249557169082
10897	0.04736768784224857	0.04736768784224857
11975	1.0111695623579269	1.0111695623579269
33988	0.5230481316389869	0.5230481316389869
20225	0.18468670023206943	0.18468670023206943
5416	0.04307634793968031	0.04307634793968031
36004	0.016817758071937042	0.016817758071937042
7383	0.2775535346732319	0.2775535346732319
27345	0.368816931297528	0.368816931297528
43630	0.06497835586554866	0.06497835586554866
20507	0.32421599676900165	0.32421599676900165
7064	0.19598483064322317	0.19598483064322317
42266	0.468159067678309	0.468159067678309
7405	0.11511312601317739	0.11511312601317739
33882	0.31610245294492345	0.31610245294492345
42743	0.22318439783463268	0.22318439783463268
5437	0.2691623063572067	0.2691623063572067
45222	0.05678697551214696	0.05678697551214696
1926	0.7189021696283385	0.7189021696283385
30877	0.5915224374150355	0.5915224374150355
45008	0.14764802861807672	0.14764802861807672
45194	0.09209594928184263	0.09209594928184263
5166	0.11361988543173705	0.11361988543173705
3470	0.09089636362389929	0.09089636362389929
37251	0.10686861591057771	0.10686861591057771
10428	0.12005944300664816	0.12005944300664816
25233	0.3301455416225778	0.3301455416225778
28891	0.49224949508202837	0.49224949508202837
26005	0.5539806153079969	0.5539806153079969
7695	0.6894240776621586	0.6894240776621586
10373	0.2028760904022485	0.2028760904022485
414	0.02695564178978478	0.02695564178978478
11513	1.5113949375682028	1.5113949375682028
26670	0.2007891897374002	0.2007891897374002
25905	0.2709846457961132	0.2709846457961132
8560	0.4295343524827523	0.4295343524827523
13219	0.0729728825344756	0.0729728825344756
43508	1.0097592491615566	1.0097592491615566
5719	0.28867543051823263	0.28867543051823263
20827	1.5847887822535405	1.5847887822535405
8039	0.3977422126140979	0.3977422126140979
38239	0.9362883532072149	0.9362883532072149
28092	0.9834666810913559	0.9834666810913559
27525	0.3173379874534504	0.3173379874534504
33957	0.3639800864743252	0.3639800864743252
5727	0.07814107815452404	0.07814107815452404
40902	1.25322912772577	1.25322912772577
13112	0.8787244679478529	0.8787244679478529
10486	0.19841750397471614	0.19841750397471614
15623	0.6022243395964331	0.6022243395964331
24995	1.33634500667651	1.33634500667651
45207	0.015615537009959074	0.015615537009959074
14707	0.38005321404220904	0.38005321404220904
127	0.2982591969152832	0.2982591969152832
37828	0.7526825633442188	0.7526825633442188
8558	0.5688601562600148	0.5688601562600148
29804	0.15108296310849767	0.15108296310849767
32196	0.5048862759594365	0.5048862759594365
10811	1.888051238183724	1.888051238183724
12187	0.12894123584144307	0.12894123584144307
21972	0.6666762555755604	0.6666762555755604
13311	1.4161241167661225	1.4161241167661225
42884	0.4079318573412511	0.4079318573412511
43197	0.08047966857589821	0.08047966857589821
44176	0.6122928138170427	0.6122928138170427
11951	0.550932211012137	0.550932211012137
44800	1.265074598761629	1.265074598761629
2077	0.047172096805265754	0.047172096805265754
128	1.523161247585357	1.523161247585357
5363	0.201349981087207	0.201349981087207
9886	0.12983369072317363	0.12983369072317363
31952	0.28231378714263616	0.28231378714263616
16972	0.4702774032195647	0.4702774032195647
24283	0.05119545228300425	0.05119545228300425
14681	0.04892505377969126	0.04892505377969126
5462	0.15242546268972632	0.15242546268972632
15528	1.312538199137817	1.312538199137817
9714	0.15271444398824127	0.15271444398824127
31711	0.7347250589117623	0.7347250589117623
30818	0.016169021975576563	0.016169021975576563
36901	2.5201665409784186	2.5201665409784186
23084	0.2397041956094389	0.2397041956094389
11576	0.20402893402769848	0.20402893402769848
41282	0.43543498187262736	0.43543498187262736
29620	0.3241324607308643	0.3241324607308643
16410	0.8007923054916665	0.8007923054916665
29740	0.12171051160138312	0.12171051160138312
31591	0.02154391781101523	0.02154391781101523
3319	0.5377767275185046	0.5377767275185046
25899	0.14452119923707013	0.14452119923707013
42029	0.3762247093225212	0.3762247093225212
44835	0.3111285047965551	0.3111285047965551
35300	1.1793126291279434	1.1793126291279434
7957	0.19029320129677624	0.19029320129677624
38991	1.6115589241167627	1.6115589241167627
42502	1.5567104258271114	1.5567104258271114
28749	0.7360526267570124	0.7360526267570124
28809	0.06259620813982146	0.06259620813982146
35997	0.15455605952805268	0.15455605952805268
16843	0.1770290754837311	0.1770290754837311
484	0.1833421679404897	0.1833421679404897
41053	0.31507853372543687	0.31507853372543687
23706	0.9835183587387496	0.9835183587387496
24089	0.7980649978552097	0.7980649978552097
28187	0.3990935895861526	0.3990935895861526
12589	0.011768487544286759	0.011768487544286759
36201	0.02658302371521886	0.02658302371521886
12701	0.11685099016774232	0.11685099016774232
19171	0.7299863213154102	0.7299863213154102
22453	0.5538047861320489	0.5538047861320489
12188	0.1368106469998187	0.1368106469998187
4666	1.020304689104807	1.020304689104807
44554	0.2673972290666188	0.2673972290666188
34202	1.4734814657556077	1.4734814657556077
28249	0.17675030511573975	0.17675030511573975
23767	0.44894445400357036	0.44894445400357036
2363	0.848438823741072	0.848438823741072
34317	0.29040506598513866	0.29040506598513866
19135	0.10135671311107182	0.10135671311107182
29024	0.04318545091430837	0.04318545091430837
26174	0.3933678067111726	0.3933678067111726
37186	0.04964420340518103	0.04964420340518103
20253	0.18478894956340453	0.18478894956340453
23118	0.31391742762804986	0.31391742762804986
41717	0.46935781456392106	0.46935781456392106
41443	0.17110861168971825	0.17110861168971825
45133	0.08910227983375629	0.08910227983375629
17401	0.0247485701295677	0.0247485701295677
416	0.346110278350834	0.346110278350834
15145	0.8104258955526896	0.8104258955526896
4284	0.2928212279027996	0.2928212279027996
44359	0.21110280347394378	0.21110280347394378
13062	0.10260209449360011	0.10260209449360011
8279	0.1257471557464282	0.1257471557464282
35376	1.1765227801817773	1.1765227801817773
39292	1.0831466950476418	1.0831466950476418
6171	0.04510050935104584	0.04510050935104584
32860	0.18648155503515135	0.18648155503515135
17427	0.27457079606149776	0.27457079606149776
4442	0.04035108539485625	0.04035108539485625
42764	0.19473446142548714	0.19473446142548714
40211	0.17858180740731106	0.17858180740731106
22486	2.516743945492786	2.516743945492786
14701	0.6975868915030019	0.6975868915030019
37730	0.4319426041017208	0.4319426041017208
44177	0.6531103738862555	0.6531103738862555
26945	0.25167901249439384	0.25167901249439384
10407	0.6371538787634471	0.6371538787634471
39434	2.0266214141388232	2.0266214141388232
10172	0.41670887476105173	0.41670887476105173
26171	0.07428882441274859	0.07428882441274859
3582	0.2571899943445352	0.2571899943445352
7540	1.4047464698318348	1.4047464698318348
2944	0.5993645044437387	0.5993645044437387
740	0.3603202316608372	0.3603202316608372
32784	0.3234868249735231	0.3234868249735231
38100	0.47221376223351086	0.47221376223351086
37982	0.12854984516268272	0.12854984516268272
9861	1.3713712811896794	1.3713712811896794
2369	0.04250828262377013	0.04250828262377013
13330	0.055878466800052	0.055878466800052
10922	0.1776930538589393	0.1776930538589393
16212	0.3306229417841681	0.3306229417841681
22123	0.8459467176578757	0.8459467176578757
2733	1.2091066274355557	1.2091066274355557
9086	0.43167128312187364	0.43167128312187364
42718	0.14864090859619905	0.14864090859619905
45212	0.07863008932622227	0.07863008932622227
23820	0.5983625568646468	0.5983625568646468
6094	0.1760457251781299	0.1760457251781299
36480	1.152243576782326	1.152243576782326
43420	0.8994944209704016	0.8994944209704016
40472	0.7991174053743498	0.7991174053743498
42244	0.09544506260180635	0.09544506260180635
27452	1.9121424178733908	1.9121424178733908
38240	0.5229504023020028	0.5229504023020028
14525	0.2692750334168893	0.2692750334168893
20314	0.7222516989720917	0.7222516989720917
37428	0.5439228208977801	0.5439228208977801
39943	0.48899458989373895	0.48899458989373895
9264	0.5521787604893604	0.5521787604893604
24204	0.308955503179164	0.308955503179164
43016	1.3097995131209845	1.3097995131209845
34235	0.46442901038591666	0.46442901038591666
33380	0.6017248647731755	0.6017248647731755
6469	0.017174060151305202	0.017174060151305202
25974	0.25396870694771223	0.25396870694771223
1690	0.3131400628570768	0.3131400628570768
27713	0.09422617171654996	0.09422617171654996
14420	1.0754060727510533	1.0754060727510533
13958	0.5038609818115558	0.5038609818115558
43226	0.6439464504680023	0.6439464504680023
25235	0.19056727305947857	0.19056727305947857
18337	0.3210857746856305	0.3210857746856305
38198	0.5815075018492724	0.5815075018492724
2240	0.3875637517901167	0.3875637517901167
33690	0.11049353048750984	0.11049353048750984
37795	0.40198530646232467	0.40198530646232467
16472	0.04266310989772	0.04266310989772
38580	0.042622004519005184	0.042622004519005184
18212	0.029476820589428417	0.029476820589428417
17129	0.04715685686365441	0.04715685686365441
31652	0.28521227798056337	0.28521227798056337
45121	0.02358095009399463	0.02358095009399463
27159	0.5492920061081927	0.5492920061081927
2140	1.062176935802065	1.062176935802065
1418	0.1911280007673429	0.1911280007673429
34818	0.2548487402861588	0.2548487402861588
13842	0.032034847163613274	0.032034847163613274
42333	0.9525215517453259	0.9525215517453259
39084	0.017806608366603822	0.017806608366603822
37762	0.22367197376517936	0.22367197376517936
10035	0.4730552585283395	0.4730552585283395
21518	0.34550645140856445	0.34550645140856445
32375	0.9127257932300651	0.9127257932300651
13866	0.6021223829120181	0.6021223829120181
20699	0.05875165459385885	0.05875165459385885
41314	0.23464492523455555	0.23464492523455555
12911	0.4168206821400882	0.4168206821400882
6234	0.18383392172357724	0.18383392172357724
20361	0.37343795142405095	0.37343795142405095
23036	0.15084278722769096	0.15084278722769096
4055	0.8499793658719592	0.8499793658719592
40371	0.46496552024401183	0.46496552024401183
13537	0.08555116259962481	0.08555116259962481
31312	0.957149143863173	0.957149143863173
36964	0.5678530100368543	0.5678530100368543
26230	0.2634924470267325	0.2634924470267325
32073	0.08691195461344083	0.08691195461344083
40799	0.045530593790682514	0.045530593790682514
40882	0.029669098215180087	0.029669098215180087
14902	0.43392771793500096	0.43392771793500096
3829	0.11472647130156767	0.11472647130156767
2949	0.48350602802114384	0.48350602802114384
8261	0.04909539387772684	0.04909539387772684
22936	0.6313287787889035	0.6313287787889035
28359	0.1746694014128576	0.1746694014128576
43843	0.5906996310168332	0.5906996310168332
4261	0.45128438003731236	0.45128438003731236
17718	0.25924497925534346	0.25924497925534346
43836	0.530623676592426	0.530623676592426
23007	0.7967336989132856	0.7967336989132856
6092	0.6110397866437655	0.6110397866437655
18617	0.7887100319202633	0.7887100319202633
33682	0.0318300296367311	0.0318300296367311
35320	1.2625944065015018	1.2625944065015018
42184	0.5067607623739964	0.5067607623739964
34744	0.011243904708174709	0.011243904708174709
16930	0.332810082811072	0.332810082811072
42598	0.06973636312714306	0.06973636312714306
44121	0.45014708410170734	0.45014708410170734
24285	0.658768250772294	0.658768250772294
28941	0.18294688776822618	0.18294688776822618
35542	1.713749940337103	1.713749940337103
2537	0.1704170002068138	0.1704170002068138
40937	0.7765821030848706	0.7765821030848706
8838	0.05789108743889725	0.05789108743889725
38068	0.09674596303954332	0.09674596303954332
35498	0.06555765275260525	0.06555765275260525
4057	0.6166642455715321	0.6166642455715321
4967	0.3185292309795639	0.3185292309795639
10507	0.010408607774091841	0.010408607774091841
3405	0.7080962273658987	0.7080962273658987
20511	0.41793666723263323	0.41793666723263323
29995	0.49969286386762707	0.49969286386762707
26437	0.08204296052804094	0.08204296052804094
22884	0.7009325111463709	0.7009325111463709
36001	0.337700969457803	0.337700969457803
42048	0.04793602800489959	0.04793602800489959
16714	0.35105254335223907	0.35105254335223907
396	1.1991746782770676	1.1991746782770676
40901	1.1029383338336263	1.1029383338336263
27882	0.39678915524254077	0.39678915524254077
33101	0.6902966108575637	0.6902966108575637
4996	0.2033106055879537	0.2033106055879537
10830	1.242903872588568	1.242903872588568
3079	0.4078691844192221	0.4078691844192221
31646	2.246422072353561	2.246422072353561
14394	1.915408421472848	1.915408421472848
41214	0.3887151974489013	0.3887151974489013
39074	0.7308757105741741	0.7308757105741741
37700	0.5566060285009837	0.5566060285009837
31538	0.048543096210470114	0.048543096210470114
15859	0.09902225941053602	0.09902225941053602
19900	1.274582818751183	1.274582818751183
25758	0.3083363859277904	0.3083363859277904
37529	0.04961717489986989	0.04961717489986989
6283	0.7969926334370083	0.7969926334370083
31592	0.06537713371425127	0.06537713371425127
40030	1.1719102747157601	1.1719102747157601
26135	0.12800026548366547	0.12800026548366547
9262	0.872728187979519	0.872728187979519
19991	0.19182555194536968	0.19182555194536968
5390	0.4236555237564369	0.4236555237564369
17266	0.602553243632694	0.602553243632694
36702	0.05754380890472536	0.05754380890472536
14808	0.10573906975167872	0.10573906975167872
44726	0.22372992052628604	0.22372992052628604
37158	0.2113563892542918	0.2113563892542918
38271	0.0715297239191177	0.0715297239191177
8963	0.12468450021938952	0.12468450021938952
