sim	exp	nam	ind	typ	group	index	n_snps	run_time	real_latitude_norm	real_longitude_norm	real_time_norm	pred_latitude_norm	pred_longitude_norm	pred_time_norm	real_latitude	real_longitude	real_time	pred_latitude	pred_longitude	pred_time
europe	28	gp_mix	41517	gp_mix	0	44	1500	1.3810232202212016	-0.30076622530619634	1.7085159856958294	-1.3749213085993424	0.026406799	-0.06361818	0.0066722073	35.8414074795135	57.5975768739416	5468.0	41.21271	42.0637	25452.562
europe	28	gp_mix	37861	gp_mix	0	118	1500	1.3810232202212016	-2.2769378342520756	0.5755739236916918	-1.1134601667099344	0.10074903	-0.11725646	-0.0018249676	3.397972489702518	47.6666244743717	9250.0	42.433212	41.59353	25329.652
europe	28	gp_mix	5791	gp_mix	0	511	1500	1.3810232202212016	0.6370503046266661	-1.4482014487649946	1.2755701559427017	0.105706334	-0.16311364	0.004739307	51.2378383782838	29.9269557257894	43807.0	42.514595	41.191563	25424.604
europe	28	gp_mix	10238	gp_mix	1	212	1500	1.3764482577641806	1.021754877791168	-0.2458928399654868	0.8816740771375083	-0.07017557	-0.02247145	-0.028118052	57.7028001632235	40.4796735690085	38132.0	39.671814	42.428024	25004.746
europe	28	gp_mix	6002	gp_mix	1	414	1500	1.3764482577641806	0.6836680924821001	-1.1602709187368003	1.2566866482226264	-0.036310934	-0.04702007	-0.0148508465	52.1199928476129	32.505825223989	43543.0	40.231018	42.213947	25196.176
europe	28	gp_mix	24096	gp_mix	1	812	1500	1.3764482577641806	-0.34486821507546617	1.512153011106359	-0.18507763126059493	-0.03811685	-0.033707954	-0.015495657	35.1358329463194	55.8107399249241	22740.0	40.2012	42.330036	25186.873
europe	28	gp_mix	35501	gp_mix	2	114	1500	0.6932260274887085	-0.1501855597834434	-0.522626646435882	-0.9628125403838732	0.107189134	-0.079537325	0.04084797	38.1263306403452	38.0222815780417	11513.0	42.40515	41.86747	26016.938
europe	28	gp_mix	32167	gp_mix	2	506	1500	0.6932260274887085	-0.3691132879556241	-0.3377496464342066	-0.730580113635775	0.15509668	-0.08717807	0.05468983	34.4866881035754	39.6266680318994	14869.0	43.201607	41.801163	26216.967
europe	28	gp_mix	45376	gp_mix	2	843	1500	0.6932260274887085	-2.5966259476261	-0.40595261141834466	-1.70615006366399	0.13321371	-0.17689237	0.10162699	-2.545395018182859	39.0347939040604	771.0	42.837807	41.02261	26895.258
europe	28	gp_mix	32783	gp_mix	3	63	1500	1.3756814122200012	-1.0379872639210488	0.6132811601916456	-0.7617487590275552	-0.18237095	-0.034959156	-0.21849997	23.5268834814022	47.9716303305564	14253.0	37.717003	42.307873	22147.613
europe	28	gp_mix	27031	gp_mix	3	787	1500	1.3756814122200012	-0.3981671925820867	-0.5060698233427874	-0.37103080578659003	-0.18244143	-0.034907404	-0.21849972	34.1380915796521	38.1917168596371	19931.0	37.715836	42.308327	22147.615
europe	28	gp_mix	14167	gp_mix	3	946	1500	1.3756814122200012	1.105783767262051	-0.1648113632158661	0.5541546259366886	0.04307014	-0.017034112	-0.017290438	59.0806298327452	41.1733359052756	33376.0	41.45587	42.464485	25071.635
europe	28	gp_mix	38456	gp_mix	4	257	1500	1.3758334676424662	-0.3198864186674138	-0.4695390571303576	-1.1518535305501183	0.21500553	-0.2909458	0.07855237	35.4420214621576	38.5987428412494	8681.0	44.324013	40.14517	26340.078
europe	28	gp_mix	9174	gp_mix	4	326	1500	1.3758334676424662	0.970040304550551	-0.09406490237547814	0.9931778445142047	0.22335945	-0.2143194	0.1108903	56.8615219497753	41.8499460399477	39467.0	44.462734	40.80867	26804.2
europe	28	gp_mix	38068	gp_mix	4	1456	1500	1.3758334676424662	-1.7251716455876278	0.6703972238254979	-1.1274670892692598	0.17912813	-0.27575475	0.09012283	12.1069691204493	48.4693675860482	9031.0	43.728264	40.276707	26506.14
europe	28	gp_mix	42576	gp_mix	5	353	1500	1.3797543366750082	-1.3651526106522938	0.22290660408490742	-1.469942155427047	0.011788559	-0.10433956	0.017397586	18.3710671340034	44.4680168446108	4162.0	41.042633	41.63249	25650.98
europe	28	gp_mix	11736	gp_mix	5	667	1500	1.3797543366750082	1.4254074902201634	-0.33475748081526885	0.7530060438674416	0.011784828	-0.104338035	0.017394021	64.3181039884999	39.6359597497797	36279.0	41.042572	41.6325	25650.928
europe	28	gp_mix	27061	gp_mix	5	754	1500	1.3797543366750082	0.7427795561208713	1.6799594105086901	-0.38072037841495476	0.051091373	-0.09759142	0.044895723	53.07852135555	57.0931123841306	19899.0	41.689762	41.69096	26048.271
europe	28	gp_mix	14248	gp_mix	6	219	1500	1.3757842262585958	1.2893573711602155	-0.39820003290766354	0.5419851919941128	0.039273333	-0.17711908	-0.028318418	61.9388608792826	39.0935802129445	33287.0	41.441113	41.029026	25061.844
europe	28	gp_mix	8328	gp_mix	6	234	1500	1.3757842262585958	1.021812192598266	-0.46654571335220185	1.0436348588200135	0.036497243	-0.1061714	-0.008045535	57.5518963903799	38.4952504696221	40522.0	41.39559	41.650135	25354.229
europe	28	gp_mix	29420	gp_mix	6	362	1500	1.3757842262585958	0.6458393249837132	1.3832743517442423	-0.5482621281400221	0.033537276	-0.10988038	-0.010345227	51.3870324676535	54.6894321288411	17563.0	41.347057	41.617664	25321.06
europe	28	gp_mix	13698	gp_mix	7	541	1500	1.375723453362783	0.982203895709542	-0.3210917674651099	0.5898661765878637	0.34743315	-0.2483782	0.08538638	56.7472923618419	39.7878993465107	33902.0	46.240444	40.422493	26578.234
europe	28	gp_mix	4442	gp_mix	7	1338	1500	1.375723453362783	0.11044504469227609	-1.4423442593131306	1.3882839478144506	0.19982383	-0.14262028	0.029997123	42.3177685565776	30.0023654354624	45493.0	43.797184	41.345478	25774.123
europe	28	gp_mix	2240	gp_mix	7	1394	1500	1.375723453362783	-0.10116083737520697	-1.5216400183298102	1.5761955757935835	0.2371074	-0.1594381	0.042187203	38.8152264154067	29.3103256455832	48221.0	44.41431	41.198704	25951.092
europe	28	gp_mix	4572	gp_mix	8	784	1500	1.3758002519607544	0.20996321541739674	-1.1981447384347068	1.399655343042823	0.102408946	-0.10226171	0.07119787	44.2145705091229	32.2107071188628	45352.0	42.429592	41.659107	26360.016
europe	28	gp_mix	43789	gp_mix	8	951	1500	1.3758002519607544	-1.4902773387087715	0.9197141471742916	-1.5728685769843709	0.14951667	-0.14618647	0.060418606	15.997236586647197	50.4703016185216	2856.0	43.211395	41.2804	26205.912
europe	28	gp_mix	17718	gp_mix	8	1438	1500	1.3758002519607544	1.2509494951597493	-0.14766993547758575	0.2500546600221402	0.07741423	-0.06615085	0.05983369	61.4908655562683	41.2676107985385	28917.0	42.01478	41.970444	26197.55
europe	28	gp_mix	39916	gp_mix	9	149	1500	1.3756240725517273	0.5051309090882549	1.2840814915822303	-1.2660564091415134	0.04043432	-0.12869819	0.010636521	49.2496085737833	53.7005236094667	7236.0	41.530907	41.43139	25626.496
europe	28	gp_mix	45071	gp_mix	9	743	1500	1.3756240725517273	-1.0392335144604004	0.5673477057311642	-1.6746010122635457	0.040437143	-0.12868951	0.0106334	23.5974050959309	47.4761251101504	1351.0	41.530952	41.43146	25626.451
europe	28	gp_mix	44800	gp_mix	9	1265	1500	1.3756240725517273	-1.0983265432661473	0.01885152791545577	-1.6473878458363858	0.04043447	-0.12869309	0.010634254	22.615858010325	42.7127682634756	1743.0	41.530907	41.43143	25626.463
europe	28	gp_mix	18843	gp_mix	10	704	1500	0.6970284263292948	0.11919302861016018	1.873406064152177	0.19175566502867195	0.109567545	-0.05707483	0.07657908	42.4091434519272	58.8884548521039	27913.0	42.249496	42.158638	26252.416
europe	28	gp_mix	7197	gp_mix	10	1035	1500	0.6970284263292948	0.677658252723692	-0.9887945935715584	1.1686092185908703	0.65746796	-0.22221962	0.33134037	51.6718074463212	34.0842242550324	41997.0	51.336933	40.72747	29925.492
europe	28	gp_mix	8335	gp_mix	10	1152	1500	0.6970284263292948	1.094077514582504	-0.8668452168452037	1.065194801638212	-0.010672147	-0.008998331	0.021186406	58.5785073388961	35.1410545835864	40506.0	40.25521	42.575275	25453.78
europe	28	gp_mix	6958	gp_mix	11	112	1500	1.3757599751154581	0.8632132066104488	-1.3104706241666768	1.1685741021948226	0.04331308	-0.074964434	0.009054494	55.1215619693074	31.2006759405829	42321.0	41.5767	41.891975	25550.508
europe	28	gp_mix	14593	gp_mix	11	711	1500	1.3757599751154581	1.2715892670714348	-0.5795745472559484	0.5147126972449512	0.04646693	-0.07175039	0.01228046	61.8679915925219	37.5253955694613	32864.0	41.6288	41.91979	25597.166
europe	28	gp_mix	20253	gp_mix	11	1321	1500	1.3757599751154581	1.2640509540879894	-0.30699722016077013	0.07269768594702072	0.046441816	-0.071735345	0.012270487	61.7434576079314	39.8841100646229	26471.0	41.628387	41.919918	25597.023
europe	28	gp_mix	5391	gp_mix	12	499	1500	1.3757386843363444	0.577958227931277	-1.2512384125294016	1.3191119656486296	0.3326505	-0.33576432	0.087649226	50.1656911909317	31.8066945939006	44307.0	46.081867	39.787292	26486.887
europe	28	gp_mix	25368	gp_mix	12	539	1500	1.3757386843363444	1.0700745892481767	1.6383355003188382	-0.2515804887657546	0.3326862	-0.33579236	0.08762092	58.3583282706988	56.9964098763196	21578.0	46.082462	39.78705	26486.479
europe	28	gp_mix	40527	gp_mix	12	651	1500	1.3757386843363444	-0.019841478062926778	1.037449351916051	-1.2864310983330653	0.3326562	-0.3357863	0.087657474	40.2136627225098	51.7582150933054	6603.0	46.081963	39.7871	26487.008
europe	28	gp_mix	4495	gp_mix	13	717	1500	1.3756290316581725	0.3349817355568075	-1.7666466382002186	1.3900183907200006	0.10826836	-0.15989628	0.011224838	46.4261353683186	27.2392454851372	45418.0	42.69998	41.085526	25620.535
europe	28	gp_mix	16689	gp_mix	13	894	1500	1.3756290316581725	1.2756458743938937	-0.18134016744081782	0.3311364425554622	0.039529912	-0.09963353	0.0235736	61.8864364009685	40.9007328923811	30214.0	41.570232	41.604843	25797.846
europe	28	gp_mix	32860	gp_mix	13	1336	1500	1.3756290316581725	-1.0331065799384902	0.6023413944373427	-0.7872223001192389	-0.26981628	-0.054784402	-0.18450148	23.9408972014245	47.6541625833349	14156.0	36.485966	41.991337	22810.191
europe	28	gp_mix	33987	gp_mix	14	546	1500	1.375657320022583	-0.5875838891582152	-0.42366269356871517	-0.8655521721274452	-0.034067374	-0.05849866	-0.06717996	31.2937899710193	38.9495468339423	13013.0	40.498478	42.126698	24528.312
europe	28	gp_mix	3138	gp_mix	14	820	1500	1.375657320022583	0.14848469199462672	-1.4409001762915363	1.501559169866296	0.070703514	-0.026128802	0.021951923	43.5342202655114	30.098955670498	47155.0	42.24076	42.408337	25813.904
europe	28	gp_mix	15570	gp_mix	14	920	1500	1.375657320022583	1.203619962019474	-0.2499580190505667	0.41901929247509817	-0.043447506	-0.11187185	-0.08587055	61.0805604499696	40.4608842388757	31541.0	40.34249	41.66232	24258.729
europe	28	gp_mix	4175	gp_mix	15	1053	1500	1.3798940499623618	0.362435020716537	-1.8140135272009532	1.4117516632357856	0.11085915	-0.15791881	0.06845697	46.5954393441919	26.8596151584228	45817.0	42.391914	41.217968	26444.44
europe	28	gp_mix	8103	gp_mix	15	1062	1500	1.3798940499623618	1.0489318202258282	-0.49709368588599023	1.066368752630812	0.1252569	-0.17727642	0.04650516	58.0659533933643	38.2773182241327	40836.0	42.632484	41.050137	26127.857
europe	28	gp_mix	17612	gp_mix	15	1186	1500	1.3798940499623618	1.0742622770328585	-0.3387964337649975	0.24982003645250142	0.046440657	-0.059557814	-0.014979903	58.4891940565177	39.6497563666324	29060.0	41.315563	42.07076	25241.14
europe	28	gp_mix	27841	gp_mix	16	341	1500	1.375753609339396	0.14902521111953462	2.1242435022322392	-0.4349433516049472	0.08446119	-0.14395343	0.017489672	43.2247583169473	60.9228437170131	19145.0	42.160683	41.269978	25690.793
europe	28	gp_mix	31987	gp_mix	16	958	1500	1.375753609339396	-0.33870449424914023	-0.28032588630145666	-0.7178439213966341	-0.089884095	-0.13873601	-0.07262118	35.1865034448227	40.0883709184305	15052.0	39.287304	41.31518	24387.07
europe	28	gp_mix	29740	gp_mix	16	1285	1500	1.375753609339396	-0.3142837677070098	-0.1602552782314644	-0.5643325200999479	0.08445655	-0.14395717	0.017488195	35.5889805175688	41.1287267632951	17273.0	42.160606	41.269943	25690.771
europe	28	gp_mix	42954	gp_mix	17	120	1500	1.375600242614746	-0.9691519403284347	1.2005718932036495	-1.5073243568250665	0.05463213	-0.17573111	-0.017288832	24.7008968320247	53.039752654526	3686.0	41.56729	40.989067	25294.076
europe	28	gp_mix	29313	gp_mix	17	668	1500	1.375600242614746	-2.4488400531421153	0.6425963858045524	-0.5450936728212735	0.11482324	-0.18112837	0.031770803	0.32368111694731283	48.1542102534225	17640.0	42.558914	40.94181	26005.525
europe	28	gp_mix	44631	gp_mix	17	1124	1500	1.375600242614746	-0.9682988316750125	0.017539211518390458	-1.627654910328479	0.14930323	-0.15555963	0.030028554	24.7149514246735	42.6813117344114	1941.0	43.126957	41.165688	25980.26
europe	28	gp_mix	15797	gp_mix	18	223	1500	1.375527028242747	1.0022258189771838	0.00957854204593538	0.4198979698932097	0.5198773	-0.2569065	0.18731502	57.0801751338074	42.7599316478913	31299.0	49.03768	40.43777	27922.994
europe	28	gp_mix	43230	gp_mix	18	413	1500	1.375527028242747	-1.017903136236187	-0.015491783104494785	-1.499803809580108	0.51986927	-0.25690588	0.18730754	23.3973173471527	42.5414680085358	3434.0	49.037548	40.43778	27922.885
europe	28	gp_mix	7965	gp_mix	18	1122	1500	1.375527028242747	0.8668393368166674	-0.5446747292300056	1.0868505242474602	0.24616466	-0.15117307	0.093288794	54.8227926963746	37.9301503809517	40980.0	44.4739	41.35914	26558.178
europe	28	gp_mix	3284	gp_mix	19	355	1500	0.6935809016227722	0.18659725332584415	-1.5740145484687151	1.5086784717896773	-0.3045981	-0.18496354	-0.2541085	44.0601571404228	29.0049520909327	46984.0	35.916058	41.055027	21660.701
europe	28	gp_mix	12451	gp_mix	19	371	1500	0.6935809016227722	1.2772942242161713	-0.6066778369067678	0.6958972938933923	-0.3046846	-0.18484594	-0.25405857	62.1440912718244	37.3966377810528	35308.0	35.914623	41.056046	21661.418
europe	28	gp_mix	8261	gp_mix	19	1433	1500	0.6935809016227722	0.9156943438776711	-0.5964538235518362	1.0651154651474086	-0.30464807	-0.18488817	-0.25414208	56.1487061259151	37.4853315166887	40612.0	35.91523	41.05568	21660.219
europe	28	gp_mix	38966	gp_mix	20	201	1500	1.3810843189557394	1.0435135663568211	1.9872400034516562	-1.2019783833627973	-0.04608317	-0.15855387	-0.12822023	58.2178121381502	59.862226177942	8189.0	40.20314	41.24705	23620.408
europe	28	gp_mix	5532	gp_mix	20	1157	1500	1.3810843189557394	0.664538576904162	-1.2169463003849845	1.300213367824688	-0.04608815	-0.15855299	-0.12823045	51.9520905503001	32.0652887834136	44149.0	40.20306	41.24706	23620.262
europe	28	gp_mix	42029	gp_mix	20	1289	1500	1.3810843189557394	-0.24471527171859536	1.491914316448632	-1.4359152206123058	-0.046096794	-0.15854213	-0.12821943	36.9190893583756	55.5651798123675	4827.0	40.202915	41.24715	23620.42
europe	28	gp_mix	26787	gp_mix	21	286	1500	1.376918331782023	-2.21009698499411	0.2606648142494359	-0.3442016846976312	0.16895655	-0.12663573	0.050317027	4.054472059766198	44.9185514762032	20166.0	43.406723	41.563683	25878.252
europe	28	gp_mix	9787	gp_mix	21	869	1500	1.376918331782023	1.3077591605126209	-0.55025145699855	0.9326095454352102	0.1617877	-0.17790015	0.026170805	62.2438100780812	37.8942457031233	38653.0	43.28814	41.11962	25528.637
europe	28	gp_mix	14701	gp_mix	21	1342	1500	1.376918331782023	1.0293674283294811	-0.21782467862656074	0.5224303981555571	0.19292562	-0.12520488	0.05405179	57.6388944887385	40.7737875513231	32714.0	43.803196	41.576077	25932.326
europe	28	gp_mix	12398	gp_mix	22	2	1500	2.3763980348904927	1.3490544720106432	-0.5302584245112391	0.6821216021736229	0.1376355	-0.57822037	0.6740732	62.8855568099032	37.8928083391232	35375.0	42.87867	37.475048	35258.242
europe	28	gp_mix	35497	gp_mix	22	1061	1500	2.3763980348904927	-0.8667735653421204	0.11859629940769698	-0.9638376977773788	0.11466862	-0.16262123	0.025335457	26.2906066511456	43.5444757661429	11497.0	42.499367	41.09501	25846.977
europe	28	gp_mix	32946	gp_mix	22	1177	1500	2.3763980348904927	-1.0721461194661286	0.38510493080074265	-0.7856483690910006	0.114659965	-0.16263153	0.025351647	22.8988279321058	45.8658245912951	14082.0	42.499226	41.094917	25847.21
europe	28	gp_mix	3707	gp_mix	23	867	1500	1.376177195707957	-0.06582069053772757	-1.4745149025416466	1.4581822503834962	0.096893735	-0.08318339	-0.05386211	39.7349427362737	29.7370682161472	46398.0	42.426094	41.851765	24683.078
europe	28	gp_mix	22809	gp_mix	23	985	1500	1.376177195707957	-0.4364422926426921	-0.6403872082787239	-0.10065991778947858	0.096915506	-0.08313913	-0.0538379	33.6051930211286	37.0000413994579	24011.0	42.426453	41.85215	24683.426
europe	28	gp_mix	7259	gp_mix	23	1170	1500	1.376177195707957	0.6281369568484596	-0.8644638828706971	1.1473468799129483	0.0358643	-0.056827445	-0.018011047	51.2123813616227	35.0489457941201	41934.0	41.41672	42.081253	25197.945
europe	28	gp_mix	23581	gp_mix	24	393	1500	1.3761464675267538	-0.02957233372124485	-0.6965134318165425	-0.1383047816856275	-0.09995402	0.081064396	0.031374615	40.3240019625088	36.5073861563494	23274.0	39.16375	43.21689	25739.531
europe	28	gp_mix	29842	gp_mix	24	889	1500	1.3761464675267538	-0.029061931439513716	1.7297115169133548	-0.5588676294667696	-0.09998222	0.08110483	0.031364914	40.3324160059173	57.442602365508	17163.0	39.163284	43.217236	25739.389
europe	28	gp_mix	824	gp_mix	24	1044	1500	1.3761464675267538	-0.41572371695255855	-1.5962287913105833	1.6996188663004927	-0.06481527	-0.08201555	-0.03171329	33.9582496587757	28.7439940654516	49980.0	39.743015	41.80972	24822.83
europe	28	gp_mix	812	gp_mix	25	640	1500	1.3803689042727152	-0.2840118388286099	-1.524340082985374	1.7006372551448938	-0.010427349	0.0049584527	-0.034414157	35.8971269110075	29.3189300742952	49998.0	40.42614	42.489338	24882.928
europe	28	gp_mix	12889	gp_mix	25	849	1500	1.3803689042727152	1.1339238526870965	-0.029177299135939343	0.6518029126982658	0.12569305	-0.076677494	0.035632886	59.3701250853255	42.1953612313936	34816.0	42.679523	41.786285	25896.867
europe	28	gp_mix	24204	gp_mix	25	1380	1500	1.3803689042727152	-0.4526971070117161	-0.5036139287272363	-0.18701585860900322	0.05026454	-0.063353494	0.039279066	33.1046526007912	38.1094846530522	22674.0	41.430855	41.90103	25949.645
europe	28	gp_mix	35567	gp_mix	26	131	1500	1.3761228879292806	0.9048549543019084	1.493319126882647	-0.9628688243941133	-0.09004959	-0.107942	-0.038168475	55.7055368223132	55.5550858296316	11430.0	39.3464	41.618557	24838.217
europe	28	gp_mix	44359	gp_mix	26	1330	1500	1.3761228879292806	-2.204758785275593	0.8705417009543129	-1.5983831070101269	0.009665151	-0.035760768	-0.003171227	4.574410284115217	50.134759592963	2215.0	40.986004	42.246784	25345.68
europe	28	gp_mix	26945	gp_mix	26	1345	1500	1.3761228879292806	-2.2470611716818385	0.77538739865806	-0.3705267545743693	-0.09005512	-0.10793365	-0.03816901	3.8788355750520367	49.306586734097	20019.0	39.34631	41.61863	24838.209
europe	28	gp_mix	25450	gp_mix	27	642	1500	1.37605433066686	-0.23129381758013215	-0.4505329697021314	-0.2750079735120522	0.07461792	-0.06123963	0.049242325	36.9360585183485	38.6545559850178	21501.0	42.00039	42.023083	26195.92
europe	28	gp_mix	1730	gp_mix	27	755	1500	1.37605433066686	-0.1513287918975504	-1.3590529185878188	1.6161732766585715	-0.044282973	-0.056874894	-0.051763184	38.2598695319389	30.7931930225153	48884.0	40.031998	42.060852	24733.43
europe	28	gp_mix	43229	gp_mix	27	1043	1500	1.37605433066686	-0.9383594775709816	0.8061806565972318	-1.5239624974168675	-0.044137705	-0.056956187	-0.051705595	25.2306748204435	49.5288157834728	3417.0	40.034405	42.060146	24734.264
europe	28	gp_mix	3687	gp_mix	28	168	1500	0.6936022361119588	0.12211494388730523	-1.3800445344568442	1.4592530100829622	-0.19257893	0.049756113	-0.01832484	42.8890106540521	30.5634476661995	46416.0	37.69067	43.02687	25119.824
europe	28	gp_mix	45170	gp_mix	28	316	1500	0.6936022361119588	-1.8434897817543687	0.41524936032601867	-1.6791862701805815	-0.24383633	0.015514213	-0.047283977	10.419734327062201	46.2128342163623	1182.0	36.843964	42.728386	24702.438
europe	28	gp_mix	9086	gp_mix	28	1364	1500	0.6936022361119588	1.3258298436162044	-0.286681064043474	0.9849555586110255	-0.093194135	-0.006783453	-0.0014763495	62.7728414102351	40.094181123295	39580.0	39.33238	42.53402	25362.658
europe	28	gp_mix	37825	gp_mix	29	40	1500	1.3761614004770915	-0.7432546716099143	1.6946036291638107	-1.1108518081457774	0.12186632	-0.089988	0.025800724	28.3558878359928	57.3192390131375	9283.0	42.73133	41.84392	25701.96
europe	28	gp_mix	41902	gp_mix	29	189	1500	1.3761614004770915	-1.1966977103824121	0.7924616480910033	-1.4060401902612927	0.19781792	-0.20190343	-0.027711192	20.8211675627391	49.4961974305701	5019.0	43.993397	40.873432	24928.98
europe	28	gp_mix	1965	gp_mix	29	720	1500	1.3761614004770915	-0.2709039476950895	-1.4217724207015234	1.6075258186201555	0.099602394	-0.12419144	-0.021329157	36.2047911628619	30.2951785697669	48550.0	42.36138	41.54732	25021.17
europe	28	gp_mix	18213	gp_mix	30	140	1500	1.3806801438331604	1.185771809783509	-0.6046337390853518	0.21481864844385057	0.21226786	-0.15168187	0.0897258	60.2287062548792	37.2867753730074	28352.0	44.237995	41.22451	26547.375
europe	28	gp_mix	9618	gp_mix	30	873	1500	1.3806801438331604	1.1460384764903049	-0.29560912056148436	0.9448054744743805	0.23157176	-0.14528657	0.10471469	59.5760491858753	39.9732798710599	38883.0	44.55508	41.280106	26763.61
europe	28	gp_mix	40474	gp_mix	30	960	1500	1.3806801438331604	-0.11817183163315982	1.1516453466289012	-1.289102553489335	0.19113691	-0.1332543	0.09218482	38.8102154156313	52.5549817901685	6656.0	43.8909	41.38471	26582.85
europe	28	gp_mix	20027	gp_mix	31	305	1500	1.376063056786855	1.3943397384601237	-0.4286051447982129	0.10299111271043035	0.33085835	-0.17283693	0.20411424	63.532082628515	38.844216559936	26704.0	45.931274	41.064182	28173.586
europe	28	gp_mix	9910	gp_mix	31	622	1500	1.376063056786855	1.2098914041807194	0.09720261611162384	0.9137174742839782	0.059211805	-0.004300042	0.025271174	60.4794293095517	43.4080165045691	38486.0	41.435474	42.527016	25574.523
europe	28	gp_mix	11540	gp_mix	31	699	1500	1.376063056786855	1.0569151199968858	-0.17804411575884022	0.7818075748495451	0.33088002	-0.17288095	0.2041087	57.9476441163655	41.0189855448563	36569.0	45.931633	41.0638	28173.506
europe	28	gp_mix	28970	gp_mix	32	228	1500	1.3762317101160686	-0.6620646205033778	-0.5333242388351008	-0.49158785288983103	0.23532577	-0.21812393	0.08018685	29.7525621613549	38.0415465042751	18011.0	44.582237	40.795574	26309.453
europe	28	gp_mix	40958	gp_mix	32	937	1500	1.3762317101160686	-2.1889747172075396	0.14448725342721994	-1.3095158549748178	0.24038331	-0.22624569	0.08286376	4.519860102000891	43.963852002117	6140.0	44.665817	40.72461	26348.305
europe	28	gp_mix	20510	gp_mix	32	1160	1500	1.3762317101160686	-0.29639192369846046	2.1023946866524743	0.07264535484953016	0.17620875	-0.14839104	0.019848527	35.7954262629384	61.0708590216556	26200.0	43.60531	41.404858	25433.734
europe	28	gp_mix	3608	gp_mix	33	46	1500	0.6935676455497741	0.034318371307016086	-1.2481193720025079	1.4646224262909597	-0.20535865	0.08012704	-0.0651878	41.4352911257506	31.6671216170332	46534.0	37.48118	43.224785	24502.35
europe	28	gp_mix	4760	gp_mix	33	381	1500	0.6935676455497741	0.3024260119774208	-1.5006598458646556	1.3644943637483467	0.18804199	0.029154371	0.0004150134	45.8584430539363	29.4696542375928	45092.0	43.971375	42.78125	25447.133
europe	28	gp_mix	5048	gp_mix	33	898	1500	0.6935676455497741	0.39933178013103404	-1.1020117122600388	1.3398442512638613	-0.14929481	0.051084764	-0.014376398	47.4571626360757	32.9384695766704	44737.0	38.4061	42.972076	25234.113
europe	28	gp_mix	32623	gp_mix	34	636	1500	1.376015059153239	-1.479261312849251	0.9769839552371385	-0.7558537569599281	0.04899804	-0.06768614	0.011350718	16.2926963368971	51.0661269732994	14406.0	41.573734	42.010983	25492.37
europe	28	gp_mix	17094	gp_mix	34	990	1500	1.376015059153239	1.0629308982098016	-0.3266759990528336	0.30363645770242864	-0.011496875	-0.009020144	0.0042745713	58.3465891949218	39.7660708145085	29716.0	40.573006	42.519497	25390.117
europe	28	gp_mix	17766	gp_mix	34	1075	1500	1.376015059153239	1.19380488369219	-0.46844952790162575	0.24516034853262517	0.0331221	-0.094456725	-0.012068491	60.5115555335946	38.537185296817	28871.0	41.311108	41.77894	25153.953
europe	28	gp_mix	6968	gp_mix	35	135	1500	1.380288847287496	0.5431418308310189	-0.9678101211117749	1.1701585333400812	0.07436086	-0.05040566	-0.049639944	49.7441161920597	34.1280961161117	42300.0	41.978813	42.065777	24790.791
europe	28	gp_mix	29023	gp_mix	35	657	1500	1.380288847287496	-0.3565715885720084	-0.35765900498448483	-0.5254449212360917	0.07432811	-0.050386786	-0.049645077	34.8404714207673	39.407321742185	17961.0	41.97827	42.06594	24790.717
europe	28	gp_mix	39943	gp_mix	35	1378	1500	1.380288847287496	-1.77524775901402	1.0825233573745823	-1.2754702629496821	0.060270146	-0.09209812	-0.011064982	11.340270986062002	51.8682472942717	7195.0	41.745403	41.70504	25344.504
europe	28	gp_mix	22716	gp_mix	36	543	1500	1.3760522246360778	-0.5293597128949481	-0.5330550400747619	-0.09579160108934218	0.012201407	-0.009066193	0.008990777	31.960318000661	37.9177821018626	24109.0	41.034565	42.40578	25619.396
europe	28	gp_mix	29699	gp_mix	36	1182	1500	1.3760522246360778	-1.692259867846207	1.201834248836703	-0.5698247161164598	-0.008270972	0.0009695664	-0.00910966	12.475087199988998	52.7772160194142	17276.0	40.691532	42.491737	25358.486
europe	28	gp_mix	20827	gp_mix	36	1238	1500	1.3760522246360778	1.0707890953955468	-0.2679819813299971	0.025474297500940504	-0.07982866	-0.002777394	-0.038835254	58.7719653396085	40.1881492226444	25857.0	39.492535	42.459644	24930.004
europe	28	gp_mix	41417	gp_mix	37	97	1500	1.3761487921079	-0.5136138773558411	-0.4690383925076119	-1.3721675182595332	0.14518039	-0.1838137	0.05359111	32.2982975635039	38.5371889848687	5594.0	43.17123	41.002773	26076.104
europe	28	gp_mix	23518	gp_mix	37	467	1500	1.3761487921079	-1.5150590099740366	0.6978763826332448	-0.13902687463943303	0.14521958	-0.18389344	0.053611886	15.770151966139402	48.624414145636	23309.0	43.17188	41.002083	26076.402
europe	28	gp_mix	23084	gp_mix	37	1280	1500	1.3761487921079	0.7724872297930752	1.6333718152911083	-0.106867067845615	0.19941925	-0.068005	0.06258555	53.5244892534217	56.7111684374824	23771.0	44.066406	42.003864	26205.314
europe	28	gp_mix	16160	gp_mix	38	674	1500	1.376271919409434	1.1333129698430495	0.0018276358372322384	0.37290853454231104	0.06154113	-0.115417056	0.006104885	59.6442086716036	42.4701371923765	30835.0	41.88497	41.464386	25548.105
europe	28	gp_mix	32284	gp_mix	38	709	1500	1.376271919409434	-0.19938371589900628	-0.5141895191910221	-0.7434122636289598	0.036578506	-0.115419716	0.018104792	37.5614480062224	38.0436179398776	14745.0	41.47134	41.464363	25721.064
europe	28	gp_mix	17770	gp_mix	38	803	1500	1.376271919409434	1.223587686700309	-0.2090719537600201	0.23595283189531982	0.036567744	-0.115426384	0.018111719	61.140059143674	40.6609897936912	28861.0	41.47116	41.464306	25721.166
europe	28	gp_mix	34293	gp_mix	39	281	1500	1.375973363717397	0.9995995433941334	1.7711007620343346	-0.8905523027853373	-0.038028467	-0.13408749	-0.020826174	57.4046444968106	57.8447346218322	12692.0	40.287403	41.28688	25252.324
europe	28	gp_mix	37214	gp_mix	39	1063	1500	1.375973363717397	0.35944371995632945	1.3715824903234999	-1.0879667362049055	-0.038049277	-0.13410732	-0.020857543	46.8443091755263	54.3725498299168	9840.999999999998	40.28706	41.28671	25251.871
europe	28	gp_mix	5363	gp_mix	39	1268	1500	1.375973363717397	0.5190397712480981	-1.2074817055528182	1.3008102277053937	-0.18087158	-0.06637505	-0.11340961	49.4770866273395	31.9580869320177	44339.0	37.930992	41.875362	23915.262
europe	28	gp_mix	41228	gp_mix	40	41	1500	1.3806865493456522	-0.2184357898719671	1.452166546749999	-1.366638549909603	-0.15908977	-0.09593507	-0.09088807	37.4670919315262	55.2381350436215	5799.0	38.446194	41.78019	24170.902
europe	28	gp_mix	24243	gp_mix	40	211	1500	1.3806865493456522	-0.7285940773531864	-0.4854728951703628	-0.1972637328697237	-0.15909913	-0.095975004	-0.0909053	29.0503960385467	38.3938590509022	22639.0	38.446037	41.779842	24170.652
europe	28	gp_mix	40421	gp_mix	40	1002	1500	1.3806865493456522	-1.2208138611042165	0.2854623160689229	-1.3019896214853675	-0.06829982	-0.053635325	-0.011441307	20.9296532534105	45.0957485715603	6730.0	39.944065	42.147907	25315.004
europe	28	gp_mix	1308	gp_mix	41	549	1500	1.376297926902771	-0.45794009479988496	-1.461483354645853	1.6663400763378529	0.027480535	-0.15417372	-0.030508947	33.3898606552031	29.9239460377425	49408.0	41.35116	41.267612	24948.984
europe	28	gp_mix	37460	gp_mix	41	929	1500	1.376297926902771	-2.487099574649024	-0.07222885616134216	-1.0934052038909206	0.027472287	-0.15416719	-0.030512027	0.1099695672453791	41.9786536818092	9628.0	41.351025	41.267666	24948.94
europe	28	gp_mix	3674	gp_mix	41	1099	1500	1.376297926902771	-0.019150965207071664	-1.3773235198199114	1.461128247808021	0.027461682	-0.15416735	-0.030514471	40.5863647192968	30.6542097909327	46450.0	41.35085	41.267666	24948.904
europe	28	gp_mix	13669	gp_mix	42	27	1500	1.3761807680130005	1.215808948732924	-0.029948395985236614	0.5982416998383067	0.19613677	-0.19345702	0.08297587	60.8453688842901	42.3983953918645	33938.0	43.92065	40.97612	26515.803
europe	28	gp_mix	33578	gp_mix	42	260	1500	1.3761807680130005	-0.3949988269506719	1.9866803230771877	-0.8265809788825728	0.13273437	-0.10401927	0.07384928	34.108865796616	59.9400082439797	13414.0	42.868286	41.75409	26384.338
europe	28	gp_mix	3951	gp_mix	42	481	1500	1.3761807680130005	0.16599066031036036	-1.7714827839717877	1.4408197962929605	0.19609983	-0.19343364	0.0829583	43.4202792282665	27.2496862051241	46075.0	43.920036	40.976322	26515.549
europe	28	gp_mix	38669	gp_mix	43	83	1500	0.6934594631195068	-0.18551708528171526	-0.7313450517492551	-1.175329466846736	-0.094805464	-0.04926758	0.11400921	37.9264784152636	36.1473903457824	8469.0	39.417168	42.089592	27118.078
europe	28	gp_mix	1246	gp_mix	43	719	1500	0.6934594631195068	-0.6299688009580545	-1.5140598011858597	1.6607336010008376	-0.09483443	-0.04927495	0.113997854	30.6226688989019	29.3284450437507	49490.0	39.416695	42.089527	27117.914
europe	28	gp_mix	7383	gp_mix	43	1206	1500	0.6934594631195068	0.9010055171344977	-0.6104583024963698	1.1277575597040153	-0.010764571	-0.023356779	0.018217895	55.7816330774376	37.2005455744135	41781.0	40.798237	42.315323	25732.545
europe	28	gp_mix	37071	gp_mix	44	143	1500	1.37607581615448	0.8050593849404392	1.5364872974364343	-1.0868292617187376	-0.100035645	-0.11795567	-0.10426659	54.33591031685	55.6748113597961	9974.000000000002	39.333904	41.44564	24131.293
europe	28	gp_mix	13835	gp_mix	44	832	1500	1.37607581615448	1.136436047443997	-0.5469388840945529	0.5646218159020764	-0.050681427	-0.08755171	-0.05211192	59.8284993772756	37.7561374652921	33769.0	40.15195	41.707134	24882.766
europe	28	gp_mix	4463	gp_mix	44	1015	1500	1.37607581615448	0.34153953166948214	-1.4510069561064531	1.376570803382047	-0.10002016	-0.11794831	-0.104259446	46.6530395433573	29.980627536301	45468.0	39.33416	41.445705	24131.396
europe	28	gp_mix	2846	gp_mix	45	698	1500	1.3806260029474895	-0.07483792992583316	-1.4395488282846371	1.5369982577799688	0.010808895	-0.056117356	0.0023072371	39.4998442513729	30.0678762072653	47489.0	40.91511	42.061165	25399.912
europe	28	gp_mix	42266	gp_mix	45	1211	1500	1.3806260029474895	-0.42029097014244704	1.2348042433170354	-1.446914467063253	0.20543222	-0.204458	0.076359965	33.7914171683136	53.2524696165944	4541.0	44.131157	40.775166	26465.766
europe	28	gp_mix	34317	gp_mix	45	1316	1500	1.3806260029474895	-0.1217025137215585	-0.7468366014789334	-0.8814384107277081	-0.0040052263	-0.060396504	-0.029791031	38.7254320209636	36.0731608118679	12680.0	40.670315	42.02407	24937.916
europe	28	gp_mix	17283	gp_mix	46	459	1500	1.3758843104044596	0.9583231249198301	-0.5273257765502264	0.27295309860724687	0.079174235	-0.12662812	0.022323314	56.6437490515101	37.9000863101754	29437.0	42.046196	41.377663	25785.28
europe	28	gp_mix	32315	gp_mix	46	730	1500	1.3758843104044596	-0.6228572762998308	-0.45215062794830035	-0.737878684279493	0.06663283	-0.06585987	0.016315868	30.3895301941145	38.5525167918675	14709.0	41.837955	41.905056	25697.75
europe	28	gp_mix	36899	gp_mix	46	1079	1500	1.3758843104044596	-2.356929405042046	0.38107459826786516	-1.0536606664265524	0.07915955	-0.12662111	0.022313109	1.5966681352434975	45.7839163408973	10107.999999999998	42.04595	41.377724	25785.13
europe	28	gp_mix	35324	gp_mix	47	37	1500	1.3761779149373372	-0.42580722808154586	-0.32377903514865736	-0.9450549626182108	0.06490621	-0.13864224	0.0037827091	33.7105589131166	39.8186013649101	11674.0	41.832264	41.421356	25367.984
europe	28	gp_mix	19576	gp_mix	47	1133	1500	1.3761779149373372	1.2806953936905432	-0.02544749091826238	0.1269790978687585	0.06491784	-0.138628	0.0037804553	61.9545606978955	42.4012977809682	27146.0	41.83246	41.42148	25367.951
europe	28	gp_mix	28864	gp_mix	47	1183	1500	1.3761779149373372	-0.1669915525410129	-0.2350607786419133	-0.49724238939385174	0.064911425	-0.13864735	0.0037704771	37.994168154985	40.5866472774199	18137.0	41.83235	41.42131	25367.807
europe	28	gp_mix	33719	gp_mix	48	360	1500	1.37603493531545	-0.3062413024010644	-0.3724607241365374	-0.828795020843343	0.15900706	-0.14454806	0.12595226	35.513591789614	39.4813897269994	13282.0	43.20825	41.48211	27071.658
europe	28	gp_mix	27525	gp_mix	48	1242	1500	1.37603493531545	-1.5237956768251464	0.3993016086773275	-0.4040292849735779	0.37683076	-0.28421888	0.07993877	15.376678923418602	46.2562571899274	19417.0	46.8108	40.256016	26407.074
europe	28	gp_mix	26171	gp_mix	48	1349	1500	1.37603493531545	-0.43027797286171254	-0.37131131491408415	-0.3057134993280902	0.37183407	-0.30998582	0.07652759	33.4621716003017	39.4914797441092	20837.0	46.728157	40.029823	26357.805
europe	28	gp_mix	31128	gp_mix	49	462	1500	1.3760709245999654	-1.4651535182785507	0.11932189140434499	-0.6660944361596781	6.743753e-05	-0.13294305	-0.018630482	16.9080645459211	43.5243138590634	15898.0	40.82195	41.320084	25235.469
europe	28	gp_mix	7358	gp_mix	49	610	1500	1.3760709245999654	1.0632770452031552	-0.7556456457532235	1.1309317891458792	0.06944926	-0.13645902	0.035367228	58.1745964614186	35.879052304637	41814.0	41.954327	41.28936	26014.203
europe	28	gp_mix	28749	gp_mix	49	1295	1500	1.3760709245999654	0.453517740794068	1.6143273222465482	-0.5023123731803709	-0.016266597	-0.11722841	-0.023913296	48.22271082944	56.5873214092718	18260.0	40.55536	41.457394	25159.283
europe	28	gp_mix	2265	gp_mix	50	700	1500	1.3806293884913126	-0.21633831499976677	-1.483812621253532	1.5878204472708681	0.029423434	-0.13975449	-0.010063634	37.1076366417861	29.8096906741168	48195.0	41.173042	41.55175	25158.066
europe	28	gp_mix	2420	gp_mix	50	831	1500	1.3806293884913126	-0.09020013250681698	-1.493878105302403	1.5747804211895677	0.006200673	-0.21390057	-0.017370595	39.194221488985	29.7217558257891	48007.0	40.78889	40.90399	25052.723
europe	28	gp_mix	5719	gp_mix	50	1237	1500	1.3806293884913126	0.6151287474779316	-1.2387778790629025	1.2908824065578532	0.006232908	-0.21391274	-0.017360788	50.8618111448785	31.9503818505106	43914.0	40.78942	40.903885	25052.863
europe	28	gp_mix	3156	gp_mix	51	289	1500	1.3764135877291361	-0.13225549835062994	-1.3319746419060776	1.5125843810351447	0.22479041	-0.17244956	0.061580352	38.3844422267715	31.0456631856041	47147.0	44.31435	41.094032	26168.676
europe	28	gp_mix	44297	gp_mix	51	813	1500	1.3764135877291361	-1.1768767275756244	0.8232669419484905	-1.589547698219245	0.22479394	-0.17245007	0.06157281	21.0351107436926	49.7228502767608	2297.0	44.314407	41.09403	26168.566
europe	28	gp_mix	16658	gp_mix	51	840	1500	1.3764135877291361	1.077175440149903	-0.07888291164091984	0.34380338047236486	-0.007417348	-0.23562257	-0.0026476092	58.4709747142494	41.9048767716217	30249.0	40.457787	40.54658	25240.08
europe	28	gp_mix	42758	gp_mix	52	707	1500	1.3758074084917704	-2.2361891315487155	0.28103524578023215	-1.496889507970802	-0.26241818	-0.0045812065	-0.19740693	3.8678844061562927	44.9050407413113	3914.0	36.56628	42.418102	22795.1
europe	28	gp_mix	2183	gp_mix	52	1118	1500	1.3758074084917704	-0.25994290943824433	-1.76834819118939	1.5558909770100702	0.015849348	-0.0957934	0.0018373678	36.6072875780568	27.060506161638	48270.0	41.17619	41.623894	25690.06
europe	28	gp_mix	10812	gp_mix	52	1128	1500	1.3758074084917704	1.3508541594373622	-0.5527594218060591	0.8083878467147945	-0.24401493	-0.007297576	-0.19739333	63.2924921219095	37.6449655842233	37409.0	36.871155	42.39445	22795.297
europe	28	gp_mix	27445	gp_mix	53	484	1500	0.6927432696024577	-1.361047626707918	0.6969622699185284	-0.38917384590829945	-0.071243875	0.121763214	-0.052797955	17.9732424450043	48.8190543544055	19503.0	39.391315	43.809155	24354.627
europe	28	gp_mix	37455	gp_mix	53	644	1500	0.6927432696024577	-0.4564024939848689	1.6404700673921193	-1.0723772451707918	-0.09982503	0.113325596	-0.08580675	32.995493031091	57.0368710966394	9649.0	38.916706	43.735664	23878.533
europe	28	gp_mix	29354	gp_mix	53	1073	1500	0.6927432696024577	-1.6270400302272618	0.7864073948823049	-0.5203511172097643	0.7144014	-0.38793394	0.37769005	13.556256828074702	49.5981084834829	17611.0	52.437492	39.369766	30563.656
europe	28	gp_mix	16789	gp_mix	54	1116	1500	1.3763527115186056	1.346435240033027	-0.4480489307345183	0.32790657640556004	0.03572923	-0.14751162	-0.008572647	62.9250837664835	38.6547028635066	30085.0	41.40547	41.26111	25222.854
europe	28	gp_mix	2944	gp_mix	54	1352	1500	1.3763527115186056	0.07409985219312258	-1.6739030235302703	1.5255481539038187	-0.035759464	-0.027616441	0.023793275	42.0354568331213	28.0235125682626	47391.0	40.231747	42.300896	25690.543
europe	28	gp_mix	2537	gp_mix	54	1453	1500	1.3763527115186056	-0.15797397283390394	-1.7577289839624282	1.5571051029006526	0.11339208	-0.09506514	0.09986629	38.2251913385464	27.2965339316751	47847.0	42.68057	41.715946	26789.803
europe	28	gp_mix	20319	gp_mix	55	19	1500	1.3802705645561217	1.1029537793970168	-0.258695033846726	0.06179612533910474	0.18018748	-0.09829849	0.069538005	58.9323482314784	40.1841913506379	26407.0	43.717793	41.578518	26519.637
europe	28	gp_mix	24286	gp_mix	55	463	1500	1.3802705645561217	-2.254455133115077	0.6023730683909135	-0.2007674232674437	0.1801908	-0.09830513	0.06953765	3.5754477988237596	47.6694497998946	22587.0	43.717846	41.57846	26519.63
europe	28	gp_mix	8939	gp_mix	55	961	1500	1.3802705645561217	1.1534724006824197	-0.37411462147429775	0.9811809489415111	0.1801928	-0.09830734	0.069537245	59.7652983907721	39.1808497551777	39783.0	43.71788	41.57844	26519.625
europe	28	gp_mix	43939	gp_mix	56	197	1500	1.3765126148859659	-0.9932035318074836	0.4417858397771521	-1.5729687882282115	0.13288906	-0.19042842	0.04011566	24.0917232816806	46.4626033733088	2678.0	42.872314	40.95365	26030.443
europe	28	gp_mix	20504	gp_mix	56	429	1500	1.3765126148859659	1.084479593218334	-0.2515060462264648	0.05141338573285214	0.13287392	-0.19042072	0.040105592	58.7426170584084	40.4214331829931	26194.0	42.872063	40.953716	26030.297
europe	28	gp_mix	5437	gp_mix	56	1215	1500	1.3765126148859659	0.7170193488634633	-1.3518360494324255	1.2994025308661459	0.13288689	-0.19042836	0.04011529	52.6142398574082	30.8334357621735	44261.0	42.87228	40.95365	26030.438
europe	28	gp_mix	614	gp_mix	57	116	1500	0.6922367970148723	-0.6706201360777958	-1.380097093061507	1.730944676255704	0.03940915	-0.19443692	-0.04013789	29.7464217427556	30.6592303443916	50245.0	41.46674	40.932182	24667.877
europe	28	gp_mix	14342	gp_mix	57	290	1500	0.6922367970148723	1.1863128900781759	-0.5591482920962447	0.5481744063845599	-0.083671816	-0.014174086	-0.048990455	60.3984569383438	37.7722030658983	33164.0	39.435066	42.494038	24540.033
europe	28	gp_mix	24242	gp_mix	57	1036	1500	0.6922367970148723	0.6237718834811616	1.774723945011194	-0.1811117292212529	-0.07290775	0.011734612	-0.01698509	51.1127010762339	57.9936462771047	22632.0	39.612743	42.71852	25002.238
europe	28	gp_mix	30914	gp_mix	58	369	1500	1.374935511747996	0.4845429612833602	1.3274364781271417	-0.6397744827881193	0.16704994	-0.18765813	0.07964857	48.8098256773811	54.0538447626591	16118.0	43.552963	40.931282	26498.383
europe	28	gp_mix	8126	gp_mix	58	526	1500	1.374935511747996	0.8165654921039527	-0.45854752379964114	1.0725002199079368	0.60164505	-0.27527222	0.2986475	54.3072594716743	38.5850481629365	40824.0	50.748734	40.172436	29658.266
europe	28	gp_mix	9862	gp_mix	58	561	1500	1.374935511747996	1.1544832185966483	-0.0669488978257157	0.9153834567325154	0.16724776	-0.18767901	0.07972831	59.9023024487892	41.9767691903289	38557.0	43.556236	40.9311	26499.533
europe	28	gp_mix	35560	gp_mix	59	111	1500	1.375273350874583	-0.10520657975793789	-0.501380682741441	-0.9641183806793836	0.07021971	-0.13679326	-0.0013380777	38.9490912407123	38.3382164606435	11448.0	41.87244	41.504257	25313.277
europe	28	gp_mix	12272	gp_mix	59	1191	1500	1.375273350874583	1.2476255633216298	-0.21864251170122903	0.7080930790396148	0.070219696	-0.13679373	-0.0013375571	61.4930289799497	40.793486383194	35530.0	41.87244	41.504253	25313.285
europe	28	gp_mix	4284	gp_mix	59	1329	1500	1.375273350874583	0.20357978118756181	-1.1532062790948965	1.4130299920479725	0.070220575	-0.1367922	-0.0013338579	44.0947854286361	32.677828351082	45682.0	41.872456	41.50427	25313.338
europe	28	gp_mix	7808	gp_mix	60	268	1500	0.6981808503468832	0.8406571690327116	-0.6464815155156347	1.0992219932971423	-0.045216806	-0.015473287	-0.012299359	54.7884771199743	36.8920244663837	41189.0	40.277367	42.341084	25263.273
europe	28	gp_mix	38454	gp_mix	60	824	1500	0.6981808503468832	-1.899601228840352	0.7370324430495029	-1.1706906582013714	-0.055475745	-0.013178794	0.0036185319	9.901513744497493	48.8393262942235	8666.0	40.10932	42.360897	25491.342
europe	28	gp_mix	16212	gp_mix	60	1361	1500	0.6981808503468832	1.4223677911113668	-0.3690272569174744	0.37287507068406756	-0.14090785	-0.043449398	-0.03303413	64.317222076522	39.287974106335	30782.0	38.709892	42.099495	24966.188
europe	28	gp_mix	42742	gp_mix	61	221	1500	1.3752659519513448	-0.43633310908396516	1.3745751004767728	-1.491240825672157	-0.0508712	-0.167151	-0.07340836	33.7485035291215	54.5522599718956	3939.0	40.14478	41.226826	24298.922
europe	28	gp_mix	3470	gp_mix	61	1222	1500	1.3752659519513448	0.06961788709043029	-1.600355148345597	1.487820272268311	0.017931087	-0.13380845	-0.12938716	42.1441509481027	28.8393673687414	46718.0	41.286472	41.51501	23495.072
europe	28	gp_mix	27882	gp_mix	61	1471	1500	1.3752659519513448	-0.2994719429991483	-0.5027452585193823	-0.4334335352325556	-0.050866153	-0.16717178	-0.07341322	36.0195497460217	38.3262201204768	19129.0	40.144863	41.226646	24298.852
europe	28	gp_mix	6149	gp_mix	62	85	1500	1.3753146648406982	0.4544751174055892	-1.0506477581197728	1.2597950485258798	0.32406336	-0.21849664	0.14192098	48.1939244715332	33.5239613128816	43348.0	46.039474	40.74771	27239.559
europe	28	gp_mix	19696	gp_mix	62	313	1500	1.3753146648406982	-0.15716485132136737	2.048116639296487	0.1273781979665391	0.32388026	-0.21844235	0.1418032	38.0893971120982	60.4237639400631	27030.0	46.036446	40.74818	27237.863
europe	28	gp_mix	21680	gp_mix	62	714	1500	1.3753146648406982	-0.3195773641690347	-0.45488966580537255	-0.006349420064337812	0.13454029	-0.10565133	0.034021966	35.406279978665	38.6956275131793	25103.0	42.908478	41.7273	25684.746
europe	28	gp_mix	36763	gp_mix	63	48	1500	0.6926636735598246	-0.08655764790626068	1.9180733611011735	-1.043355394391524	-0.5919692	0.2104406	-0.31821412	39.4062672356537	59.4062482058229	10229.0	31.113499	44.440186	20746.717
europe	28	gp_mix	28780	gp_mix	63	471	1500	0.6926636735598246	-2.1017689441720018	0.38540825249209953	-0.4925557826346136	-0.115139335	-0.06652717	0.020202253	6.340779036182312	45.9736373080727	18218.0	38.937298	42.01278	25655.232
europe	28	gp_mix	5563	gp_mix	63	768	1500	0.6926636735598246	0.4065184421205159	-1.1882851178363516	1.2917343603455893	-0.26649892	0.10199946	-0.14045803	47.4966355590317	32.1814457867461	44098.0	36.4538	43.48978	23324.957
europe	28	gp_mix	39148	gp_mix	64	191	1500	1.3753771622975668	0.997259857972361	1.6020988961220675	-1.1892482510175726	0.7170608	-0.36127746	0.25132954	56.8776406880613	56.3858279534795	8025.0	52.250748	39.444057	28884.717
europe	28	gp_mix	22806	gp_mix	64	819	1500	1.3753771622975668	0.6782750103735548	1.593865270193979	-0.08545790923563111	0.7170522	-0.36128289	0.25132576	51.6102829937124	56.3147808499144	24008.0	52.250607	39.444008	28884.662
europe	28	gp_mix	18206	gp_mix	64	880	1500	1.3753771622975668	1.2324670797599173	-0.46097908299873447	0.21571394088706466	0.5584107	-0.2854299	0.19571821	60.761588714982395	38.583742198595	28369.0	49.630978	40.098537	28079.459
europe	28	gp_mix	16550	gp_mix	65	697	1500	0.6967418392499288	1.097178917969564	-0.071322176038595	0.35028726828820866	0.45128348	-0.15716399	0.45062238	58.5093698927776	41.929790045762	30376.0	47.83538	41.181335	31836.047
europe	28	gp_mix	25770	gp_mix	65	1180	1500	0.6967418392499288	-2.497703861791258	0.6438486023954749	-0.2817339795695303	0.11759973	-0.04368595	0.0908707	-0.899228595325873	48.1653612870039	21179.0	42.320965	42.17075	26601.041
europe	28	gp_mix	14394	gp_mix	65	1477	1500	0.6967418392499288	1.361097329039386	-0.3930446712870505	0.5368630743047098	0.45127243	-0.15716463	0.4506081	62.870853667753	39.1246928584518	33091.0	47.835197	41.181328	31835.84
europe	28	gp_mix	16256	gp_mix	66	302	1500	0.6926019350687663	1.251594811048141	-0.028924996757937034	0.3559083898288921	-0.03009898	-0.005741281	-0.025729824	61.617101855413	42.2377966483683	30739.0	40.51846	42.43907	25229.676
europe	28	gp_mix	7104	gp_mix	66	857	1500	0.6926019350687663	1.069744543374568	-0.9318642998966513	1.1448397039049847	-0.44450018	0.10163101	-0.17754489	58.6235681740933	34.3986196843035	42128.0	33.69678	43.37126	23038.076
europe	28	gp_mix	30818	gp_mix	66	1278	1500	0.6926019350687663	-1.0403179866377816	0.5657423818863385	-0.6507427521637127	-0.05037599	-0.0017989927	-0.04074031	23.8887100180359	47.4006052665605	16207.0	40.18467	42.4733	25012.984
europe	28	gp_mix	9318	gp_mix	67	154	1500	1.3753912965456645	1.0301539157742339	-0.35528759566865203	0.9576376558585651	0.037800252	-0.23252772	0.084279224	57.9124112413997	39.419047351088	39289.0	41.454975	40.488174	26715.793
europe	28	gp_mix	20056	gp_mix	67	1020	1500	1.3753912965456645	-0.6133303690961984	1.6731415541425738	0.08186238766402255	-0.077831626	-0.15071055	-0.016245568	30.6564661125161	57.0848491249935	26681.0	39.537308	41.20073	25268.6
europe	28	gp_mix	29620	gp_mix	67	1283	1500	1.3753912965456645	-1.3271994496493884	1.0184555348552813	-0.56489709220268	0.097942665	-0.13840488	0.03743844	18.8174867758209	51.3831200594489	17370.0	42.452393	41.3079	26041.455
europe	28	gp_mix	36698	gp_mix	68	595	1500	1.3752935528755188	-0.8114588121269309	-0.5039834135856381	-1.03284150044598	0.20646372	-0.15368472	0.09974142	27.3657043934015	38.2588977663363	10310.0	44.157703	41.30775	26701.457
europe	28	gp_mix	41524	gp_mix	68	814	1500	1.3752935528755188	-1.2875566945372974	0.4973075896378278	-1.3664366344257053	0.1532678	-0.11105481	0.15218571	19.5118291268948	46.9737142372247	5482.0	43.280167	41.678783	27460.463
europe	28	gp_mix	32071	gp_mix	68	876	1500	1.3752935528755188	-0.32983616988735487	-0.42218804043145153	-0.7119600169741814	0.06599006	-0.07506575	0.071160756	35.3107180080906	38.9708103501024	14954.0	41.840405	41.99202	26287.818
europe	28	gp_mix	16308	gp_mix	69	246	1500	1.3749209761619567	1.3448484560105534	-0.5268879710122825	0.3632047484361011	-0.05193977	-0.057005353	-0.029967219	63.0052883930909	37.9553487952806	30669.0	40.068462	42.02804	24989.303
europe	28	gp_mix	20697	gp_mix	69	339	1500	1.3749209761619567	1.2081912240005297	-0.646714798844557	0.039582055677947696	-0.16144775	-0.00539886	-0.07269103	60.761223711425	36.9167535081999	25994.0	38.270218	42.475338	24372.123
europe	28	gp_mix	15341	gp_mix	69	924	1500	1.3749209761619567	1.1072858198651863	-0.27282569250905064	0.443435486597962	-0.05908235	-0.05374881	-0.030788518	59.104244053058	40.1574256577991	31828.0	39.95117	42.056267	24977.44
europe	28	gp_mix	43540	gp_mix	70	196	1500	0.6961427370707194	-0.9276150058960522	1.075824023334749	-1.5348781681288148	0.10694678	-0.10799772	0.030087933	25.2288650413003	51.874253397936	3122.0	42.3585	41.643875	25730.76
europe	28	gp_mix	6759	gp_mix	70	878	1500	0.6961427370707194	0.6301613432444854	-1.0645436959842016	1.1954831642202026	0.11902039	-0.105828896	0.039810073	51.0215659212981	33.3775683144714	42567.0	42.558407	41.662617	25871.215
europe	28	gp_mix	26533	gp_mix	70	1117	1500	0.6961427370707194	0.24644275431485957	1.4457870071961416	-0.3365509939463788	0.42064583	-0.34975955	0.18137604	44.6681899749903	55.0714090750925	20434.0	47.552536	39.55461	27916.39
europe	28	gp_mix	32626	gp_mix	71	721	1500	1.3747162779172262	-1.2815390572310341	0.16254755040013405	-0.7602098505858085	0.19506603	-0.17836912	0.080280334	19.6555315982325	44.0336656251732	14400.0	44.05327	41.091312	26401.146
europe	28	gp_mix	44414	gp_mix	71	818	1500	1.3747162779172262	-1.3190637985221467	0.8155171426118383	-1.617568053370553	0.061789844	-0.061327405	0.009387672	19.0355156249929	49.6692567821895	2158.0	41.851166	42.101463	25388.889
europe	28	gp_mix	13235	gp_mix	71	1077	1500	1.3747162779172262	1.3696927304896978	-0.5789396067515724	0.6425744004988533	0.1950649	-0.17838632	0.080286115	63.4614580507288	37.6341050396161	34430.0	44.05325	41.091164	26401.229
europe	28	gp_mix	41358	gp_mix	72	327	1500	0.69208931128184	-1.8565336020826655	1.1184240052465668	-1.3696254077971135	0.30925637	-0.21847923	-0.028115079	9.70563284599875	52.2791013254469	5646.0	45.670918	40.694397	24975.055
europe	28	gp_mix	560	gp_mix	72	1086	1500	0.69208931128184	-0.5132622127108661	-1.3989307768163168	1.730157557506909	-0.045168053	-0.02035658	-0.03182538	32.0121060792082	30.4653969291557	50309.0	39.785316	42.411194	24921.596
europe	28	gp_mix	43630	gp_mix	72	1208	1500	0.69208931128184	-1.004657104193482	1.0308204594512294	-1.551185809857775	-0.019434074	-0.030185279	-0.029157385	23.8519628047214	51.5199878839635	3030.0	40.212658	42.326023	24960.037
europe	28	gp_mix	41996	gp_mix	73	729	1500	0.6920221249262491	-0.7277679321693368	0.7196519004447576	-1.4247869611183326	-0.114747986	-0.13607901	-0.08428788	28.9783301065986	48.893595412461	4885.0	39.095165	41.416252	24284.102
europe	28	gp_mix	15771	gp_mix	73	1048	1500	0.6920221249262491	1.1098412080311733	-0.28708799093123044	0.40224585797786316	-0.19593266	0.0934429	-0.043946102	59.3049000291879	40.0967399840994	31325.0	37.755352	43.421806	24867.91
europe	28	gp_mix	2342	gp_mix	73	1051	1500	0.6920221249262491	-0.13907207582653236	-1.8424300656900108	1.561209339138279	-0.11472234	-0.13606262	-0.08425449	38.6937400161132	26.5062192443276	48097.0	39.09559	41.416393	24284.586
europe	28	gp_mix	16661	gp_mix	74	496	1500	0.6918780406316122	0.9281374828824923	-0.08626288211483386	0.3244118897441897	-0.005892247	-0.03354554	-0.025744723	56.2378442029786	41.712121451075	30245.0	40.81434	42.169567	25174.182
europe	28	gp_mix	10516	gp_mix	74	759	1500	0.6918780406316122	1.257070756995134	-0.4489107930381312	0.8461785404675888	-0.111217536	-0.08565734	-0.07719365	61.6694741662679	38.5653111442788	37801.0	39.075115	41.717377	24429.121
europe	28	gp_mix	31533	gp_mix	74	903	1500	0.6918780406316122	-0.6421150296310568	-0.39955908377000393	-0.6936407481085196	-0.1112278	-0.08564889	-0.077222176	30.3084802007884	38.9935514917485	15502.0	39.074947	41.71745	24428.707
europe	28	gp_mix	16816	gp_mix	75	25	1500	1.3791147391001384	0.9758188826988689	-0.4548866613008731	0.31953701062726575	-0.11085768	-0.06793775	-0.044503246	56.9744200363919	38.6144334889621	30054.0	39.100452	41.987396	24815.553
europe	28	gp_mix	6285	gp_mix	75	426	1500	1.3791147391001384	0.5352763431521088	-1.178497748196112	1.231019542312664	-0.095553875	0.027986772	0.003902617	49.7282499073238	32.3068493467227	43170.0	39.352173	42.82355	25512.102
europe	28	gp_mix	23123	gp_mix	75	769	1500	1.3791147391001384	-0.14773891797537736	-0.4091006032034781	-0.11855279417181554	-0.11084914	-0.06793082	-0.044491503	38.4938188624319	39.0135420974688	23750.0	39.100594	41.987457	24815.723
europe	28	gp_mix	22454	gp_mix	76	715	1500	0.6920307755470276	-0.5359228690262896	-0.2013198227135092	-0.07157816710977222	-0.014554449	-0.15210666	-0.0068788733	31.9188277621715	40.905748809388	24350.0	40.561714	41.335804	25281.57
europe	28	gp_mix	20055	gp_mix	76	998	1500	0.6920307755470276	0.25847452530615284	1.40052808612906	0.09038358791791774	0.030364603	-0.10468928	-0.062054362	45.0878001365271	54.9037414213589	26682.0	41.30635	41.750168	24487.129
europe	28	gp_mix	1418	gp_mix	76	1405	1500	0.6920307755470276	-0.3067622445282665	-1.3498811740413186	1.6610375716019694	-0.014607578	-0.15208241	-0.006874648	35.7176946200374	30.8688700136358	49297.0	40.560833	41.336018	25281.63
europe	28	gp_mix	28121	gp_mix	77	157	1500	0.6921350797017415	-0.45806449748078515	1.5553678365769095	-0.4409207968231316	0.4121925	-0.23164609	0.22247688	33.0538043500846	56.0990220956335	18887.0	47.474136	40.612457	28429.912
europe	28	gp_mix	18908	gp_mix	77	271	1500	0.6921350797017415	-0.6511841561360179	1.9595323617093827	0.18230197028830655	0.41219863	-0.23167303	0.22247209	29.8537729156525	59.601579912272	27852.0	47.474236	40.612225	28429.844
europe	28	gp_mix	28115	gp_mix	77	1031	1500	0.6921350797017415	-0.3506775723397009	1.7474524290244848	-0.4407122448653698	0.41221142	-0.23166049	0.22248578	34.8332272140819	57.7636595115783	18890.0	47.47445	40.61233	28430.041
europe	28	gp_mix	7879	gp_mix	78	420	1500	0.6921358784039815	0.8437583296680355	-0.48373475766964275	1.0788480031888945	0.07688184	-0.14323819	-0.069430314	54.989622842949	38.3424496773879	41099.0	42.31212	41.304703	24598.535
europe	28	gp_mix	24241	gp_mix	78	604	1500	0.6921358784039815	-1.0564677607455044	0.48261245732908076	-0.20683952199200195	-0.1346053	-0.13712384	-0.26421216	23.5763127772687	46.7494810222036	22624.0	38.81595	41.357895	21799.57
europe	28	gp_mix	127	gp_mix	78	1252	1500	0.6921358784039815	-0.5583155691540478	-1.3723542349279159	1.7599318358787692	-0.07086825	0.1475154	0.15843181	31.8114429721999	30.6116344145386	50886.0	39.86961	43.8342	27872.855
europe	28	gp_mix	17890	gp_mix	79	76	1500	1.3748398582140604	1.0386325789186912	0.03487589645102577	0.23140322964558	-0.20648274	0.12929188	-0.0968694	57.9543262703576	42.8991943212781	28724.0	37.269455	43.719254	23952.03
europe	28	gp_mix	19948	gp_mix	79	250	1500	1.3748398582140604	-0.14985832871910526	-0.4901607166782976	0.09794709403477493	0.0053891297	-0.25645128	-0.18391322	38.2101449141647	38.3389329869541	26784.0	40.78924	40.36884	22686.707
europe	28	gp_mix	34854	gp_mix	79	440	1500	1.3748398582140604	0.5134956996531689	1.7782598388799387	-0.9084772688446467	0.1293458	-0.1960291	0.006260318	49.2303236596422	58.0415409400303	12154.0	42.84851	40.893642	25451.186
europe	28	gp_mix	4218	gp_mix	80	59	1500	0.6960412422815959	0.2295375632625372	-1.5201827308734017	1.4198299174605036	0.091685124	-0.10097779	-0.0063097137	44.5203052817378	29.4660985788241	45756.0	42.239124	41.799843	25165.32
europe	28	gp_mix	25403	gp_mix	80	964	1500	0.6960412422815959	-0.4505251707797396	1.6699678313155588	-0.25698895518864007	0.04747053	-0.063466474	0.02417707	33.2666291494735	57.1904272955622	21546.0	41.50746	42.12584	25605.49
europe	28	gp_mix	1690	gp_mix	80	1386	1500	0.6960412422815959	-0.10836860840198528	-1.5487263069114565	1.6401504806119669	0.07878536	-0.07748063	0.019847473	38.9286349421461	29.2180377210672	48937.0	42.02566	42.004047	25542.979
europe	28	gp_mix	7192	gp_mix	81	205	1500	0.6918819983800252	0.779785038085952	-1.0711857686313988	1.1665691732984926	0.6183617	-0.30807224	0.20179614	53.4127477583585	33.4056395863909	42010.0	50.735054	40.01581	28069.883
europe	28	gp_mix	11404	gp_mix	81	613	1500	0.6918819983800252	1.2141887133182048	-0.047781045216875366	0.8010104729464154	0.61836326	-0.30807993	0.20179348	60.618646923642	42.2704758052198	36728.0	50.73508	40.01574	28069.844
europe	28	gp_mix	36901	gp_mix	81	1279	1500	0.6918819983800252	-1.9728554975600745	0.4252140632150757	-1.0413859984796823	0.61834913	-0.30808046	0.20179114	7.751876847143592	46.367607734186	10106.999999999998	50.734844	40.015736	28069.81
europe	28	gp_mix	30252	gp_mix	82	91	1500	0.6921947479248047	-0.5242272057655167	-0.21139000965404106	-0.6063426227361064	-0.18230984	0.0003944086	-0.0605265	32.1948022092947	40.8263666787524	16820.0	37.890785	42.6583	24602.127
europe	28	gp_mix	22694	gp_mix	82	966	1500	0.6921947479248047	-0.1105870849881185	-0.6209717677785269	-0.09413120598200826	0.062341653	-0.06863895	0.07487665	39.0856074857051	37.2834854446089	24123.0	41.96642	42.06116	26532.676
europe	28	gp_mix	512	gp_mix	82	1059	1500	0.6921947479248047	-0.6714365058791298	-1.4556016145410984	1.7465474769283782	-0.18236373	0.00040364917	-0.060557175	29.7424515522716	30.0639392541449	50367.0	37.889885	42.65838	24601.691
europe	28	gp_mix	6000	gp_mix	83	416	1500	0.69223552942276	0.7221144654282042	-1.364767305221155	1.24780430253518	-0.026274566	-0.023880895	0.07058203	52.5600337595578	30.6340413108501	43549.0	40.146038	42.269283	26467.945
europe	28	gp_mix	8832	gp_mix	83	518	1500	0.69223552942276	1.1953073142958215	-0.3140787467899626	0.9999688205091193	0.24665178	-0.19007516	0.12885724	60.4091788144674	39.7511555580933	39953.0	44.673237	40.82717	27313.496
europe	28	gp_mix	20511	gp_mix	83	1462	1500	0.69223552942276	0.6210418125635482	2.0296876603876086	0.052115265363287075	0.29184115	-0.20096456	0.14884958	50.8834785974971	60.0886627400448	26200.0	45.42282	40.73268	27603.578
europe	28	gp_mix	22489	gp_mix	84	529	1500	1.3749979297320047	-0.9555845310544729	0.9178839006359893	-0.053007956914236896	0.23872377	-0.27285227	0.05445639	25.016772639471	50.6867858864473	24302.0	44.66522	40.366394	25850.32
europe	28	gp_mix	15003	gp_mix	84	646	1500	1.3749979297320047	1.2340753734636776	-0.3850448714256383	0.500651916187352	0.20318513	-0.12644835	0.04090526	61.0404819667293	39.3939958588496	32279.0	44.080544	41.63531	25655.08
europe	28	gp_mix	25758	gp_mix	84	1484	1500	1.3749979297320047	-1.1906728020707258	-0.13716081861868862	-0.268725004124935	0.21591303	-0.094906956	0.027273826	21.1491621836816	41.5424652299799	21194.0	44.28994	41.908688	25458.682
europe	28	gp_mix	12783	gp_mix	85	122	1500	1.3794654250144958	1.0677618706723035	-0.3718043315447244	0.6636976423076986	-0.005761345	-0.10481861	-0.01889563	58.3956863241714	39.3050186958958	34926.0	40.733208	41.62791	25013.87
europe	28	gp_mix	22451	gp_mix	85	436	1500	1.3794654250144958	-0.5871315589498655	-0.4711793799841716	-0.06433706226265434	-0.11626032	-0.46230003	0.37946132	31.1680337800479	38.4404125939192	24354.0	38.915188	38.51767	30798.523
europe	28	gp_mix	16594	gp_mix	85	575	1500	1.3794654250144958	1.197152054660495	-0.44793174711044137	0.3465080992457381	0.026806409	-0.051440917	-0.027518105	60.5245188575479	38.6426771015072	30320.0	41.26904	42.09232	24888.66
europe	28	gp_mix	8133	gp_mix	86	444	1500	0.6923796971638997	1.128722004464027	-0.35575703148706256	1.0714051087140437	-0.04066495	-0.09650726	-0.03212751	59.3937609301873	39.5714978119557	40813.0	40.325146	41.845837	24887.559
europe	28	gp_mix	14420	gp_mix	86	1388	1500	0.6923796971638997	1.023500400281054	-0.3036650746956844	0.5338939220600222	-0.017636731	-0.2114076	-0.09627848	57.6779642146306	40.0284882042109	33056.0	40.700657	40.83784	23961.775
europe	28	gp_mix	45121	gp_mix	86	1402	1500	0.6923796971638997	-1.8419090212995424	0.9472573440255071	-1.6688833259153153	0.00078957947	-0.08217949	-0.030854506	10.953148408517002	51.0025341418908	1267.0	41.001125	41.97153	24905.93
europe	28	gp_mix	2108	gp_mix	87	909	1500	1.3751214385032653	-0.2455937677190524	-1.6865157757842755	1.5976580772252214	0.04744413	-0.13396776	-0.008510863	36.681966328076	28.0719310110859	48361.0	41.5657	41.436737	25194.133
europe	28	gp_mix	19135	gp_mix	87	1317	1500	1.3751214385032653	-0.12341464045369632	1.9170503271408972	0.15870492856034832	0.047438096	-0.13396303	-0.008510861	38.7181880478641	59.0925290137479	27606.0	41.565598	41.43678	25194.133
europe	28	gp_mix	37700	gp_mix	87	1480	1500	1.3751214385032653	0.4869487911613337	1.977093849048034	-1.103247623210214	-0.250277	-0.11528492	-0.29408458	48.8904269910975	59.609401995274	9404.0	36.603916	41.597565	21075.11
europe	28	gp_mix	11433	gp_mix	88	695	1500	0.6927078286806743	1.3379395467398936	-0.5308345759305415	0.7821981539657505	0.007310215	-0.23800379	-0.04089898	62.9053089784978	38.0373707035056	36700.0	41.053154	40.591267	24858.137
europe	28	gp_mix	17690	gp_mix	88	911	1500	0.6927078286806743	1.13228337413555	-0.2071929577353531	0.24428037988290377	0.0073325546	-0.23803112	-0.040902372	59.5279368634159	40.8599786693553	28961.0	41.05352	40.591026	24858.088
europe	28	gp_mix	11183	gp_mix	88	916	1500	0.6927078286806743	1.180907675596569	-0.5253476053301757	0.8011041669584543	-0.03495336	-0.046608888	0.016017139	60.3264655814706	38.0852247681693	36972.0	40.35908	42.260498	25676.986
europe	28	gp_mix	11776	gp_mix	89	830	1500	0.6922680974006653	1.1552257324106305	-0.3766587518676081	0.7555570957939687	-0.12924175	-0.09260273	-0.059867196	59.918581622629	39.3369979991895	36212.0	38.558723	41.786236	24495.13
europe	28	gp_mix	20507	gp_mix	89	1209	1500	0.6922680974006653	0.7012441777372825	1.6897834156215354	0.05885113999486154	0.0019161152	-0.16803409	-0.08096087	52.3691640246555	57.1546620881454	26201.0	40.739796	41.135838	24192.035
europe	28	gp_mix	38240	gp_mix	89	1374	1500	0.6922680974006653	-0.29155680234544085	-0.6280300869366763	-1.1454737591264599	-0.110140435	-0.015539331	-0.04564876	35.8595302891731	37.1695770665751	8896.0	38.87637	42.450706	24699.436
europe	28	gp_mix	1367	gp_mix	90	11	1500	1.379212216536204	-0.25717964729724624	-1.2564064118577811	1.6633231226682712	0.18548693	-0.22145689	0.07600932	36.3479143846692	31.6366235888778	49348.0	43.652817	40.690304	26401.883
europe	28	gp_mix	10512	gp_mix	90	738	1500	1.379212216536204	1.3546739277345337	-0.4237219930170727	0.8648280225334324	0.13241109	-0.12046358	0.040114544	62.9467993229409	38.9208975768011	37805.0	42.77696	41.573784	25882.988
europe	28	gp_mix	37768	gp_mix	90	770	1500	1.379212216536204	-0.6203800548223715	1.847723989514518	-1.104950022718195	0.13736954	-0.1729149	0.04934056	30.3543638544334	58.7913725264386	9330.0	42.858784	41.114944	26016.36
europe	28	gp_mix	41744	gp_mix	91	591	1500	1.3751856684684753	-1.4090998505307402	0.7177164471675662	-1.39130888351275	0.15853861	-0.16009536	0.076295756	17.3562232868628	48.9447584933681	5223.0	43.33772	41.255024	26414.637
europe	28	gp_mix	37828	gp_mix	91	1253	1500	1.3751856684684753	-0.788292075111049	-0.43475552727616407	-1.109791543531515	0.15853308	-0.16008893	0.07629554	27.6452755755861	38.8489713758556	9288.0	43.337627	41.25508	26414.633
europe	28	gp_mix	22123	gp_mix	91	1362	1500	1.3751856684684753	-0.5002195292793208	-0.5349665456574249	-0.043696111386095346	0.12629083	-0.09624155	0.061711814	32.4196898216134	37.9711113229943	24682.0	42.803257	41.814392	26204.049
europe	28	gp_mix	3053	gp_mix	92	107	1500	0.692105237642924	0.10169586755409811	-1.1890216871488741	1.5176208070081298	-0.09188427	-0.14038292	-0.07063754	42.5602581446502	32.2378142156357	47248.0	39.35856	41.246243	24415.041
europe	28	gp_mix	8560	gp_mix	92	1234	1500	0.692105237642924	1.1204009669162256	-0.3507027595436663	1.0314666866902893	-0.0578694	-0.10944107	-0.06567526	59.4090493324524	39.4394684825426	40259.0	39.921143	41.51205	24486.379
europe	28	gp_mix	26437	gp_mix	92	1464	1500	0.692105237642924	0.3019547727436835	1.7103216881304972	-0.3409500816415168	-0.10952584	-0.09938364	-0.0693733	45.8724242260313	57.1448846660861	20529.0	39.066776	41.59845	24433.215
europe	28	gp_mix	28992	gp_mix	93	379	1500	1.3749629060427349	-1.3975973413413456	0.32686213678878645	-0.532909136035242	-0.2587655	0.022136375	-0.12409851	17.6763830960745	45.1951364285902	17977.0	36.609245	42.590973	23829.967
europe	28	gp_mix	11975	gp_mix	93	1201	1500	1.3749629060427349	1.2605024826344915	-0.02578336005985481	0.7211887829724196	-0.25876376	0.02213033	-0.12409827	61.8667845133972	42.1814564883432	35932.0	36.609272	42.590923	23829.97
europe	28	gp_mix	35997	gp_mix	93	1297	1500	1.3749629060427349	0.2956281757710507	1.7137487989462457	-1.0212075794650701	-0.25876	0.02212467	-0.1240955	45.8259336194753	57.0473578534791	10986.0	36.609337	42.590874	23830.01
europe	28	gp_mix	5230	gp_mix	94	419	1500	1.3748976230621337	0.4039377279706142	-1.7135293191748848	1.3351536081179185	0.16259098	-0.0950508	0.082459584	47.4612169783369	27.7807968375251	44514.0	43.479206	41.79601	26489.877
europe	28	gp_mix	225	gp_mix	94	649	1500	1.3748976230621337	-0.6211804014456664	-1.627382813539562	1.768631136987424	0.16258858	-0.095062666	0.082453445	30.5476467932425	28.5267824490908	50751.0	43.479164	41.795906	26489.787
europe	28	gp_mix	37916	gp_mix	94	1143	1500	1.3748976230621337	-2.0689825348427666	0.3280986983628895	-1.1200375390432409	0.16259421	-0.095064625	0.08245346	6.660152957498077	45.4602733760151	9188.0	43.479256	41.79589	26489.79
europe	28	gp_mix	810	gp_mix	95	454	1500	0.6963796377182007	-0.49418920783666664	-1.4781431205677031	1.7090356465773742	-0.07848261	-0.076854385	-0.11581289	32.6542692398227	29.752244345441703	50003.0	39.529808	41.888527	23762.44
europe	28	gp_mix	25022	gp_mix	95	531	1500	0.6963796377182007	-0.13968514453603992	1.589864941438404	-0.24491538644212074	-0.034390043	-0.19303995	-0.020574203	38.5175540744211	56.3236504406875	21906.0	40.25907	40.882267	25131.934
europe	28	gp_mix	39292	gp_mix	95	1334	1500	0.6963796377182007	-1.8174828940095427	0.3443069007521378	-1.2218561314276304	0.30892125	-0.188185	0.21850897	10.7677844147459	45.5361206019841	7858.0	45.937233	40.924313	28569.85
europe	28	gp_mix	43356	gp_mix	96	73	1500	0.6925496737162272	-0.9672717787452517	0.8194461000062415	-1.5241862874526502	0.19392389	-0.121116064	0.16436718	24.784820895427	49.7002452505462	3296.0	43.939598	41.530033	27605.379
europe	28	gp_mix	15410	gp_mix	96	292	1500	0.6925496737162272	1.212034181339145	-0.1269962538068876	0.45309021225988283	-0.087433375	0.0010265512	0.025379704	60.7340740284351	41.4789564125037	31762.0	39.298405	42.59103	25604.436
europe	28	gp_mix	16850	gp_mix	96	1144	1500	0.6925496737162272	0.9959785448695527	-0.05843421801539772	0.3309083334221696	0.24309431	-0.07016374	0.16482861	57.1700775504198	42.0745217919429	30003.0	44.7507	41.972633	27612.021
europe	28	gp_mix	42241	gp_mix	97	26	1500	1.3753169099489848	-0.3069194940589494	0.8306102530743329	-1.441290686995071	-0.051624145	-0.021133471	-0.036309045	35.7339465218012	49.7445034257679	4568.0	39.95127	42.287834	25023.406
europe	28	gp_mix	31133	gp_mix	97	548	1500	1.3753169099489848	-1.067252458706726	0.5583575559593728	-0.6632945322904147	-0.14187597	-0.036127828	-0.06617393	23.1737091077761	47.3610419768415	15895.0	38.460365	42.156567	24588.598
europe	28	gp_mix	3246	gp_mix	97	577	1500	1.3753169099489848	-0.05339701163777225	-1.307284454505613	1.4759029814622577	-0.06626841	-0.105758995	-0.057542913	39.9219834964681	31.0281062279508	47040.0	39.709354	41.546974	24714.258
europe	28	gp_mix	31417	gp_mix	98	789	1500	1.3752463618914286	-1.0098860611631484	1.1588319548243289	-0.6699997502381277	0.0028966584	-0.15122864	-0.01327822	23.8355168569244	52.6173647771166	15609.0	40.66731	41.288643	25106.992
europe	28	gp_mix	36619	gp_mix	98	1096	1500	1.3752463618914286	-0.13599329171587254	-0.6458327957435338	-1.0303740736732951	0.7435359	-0.58501816	0.9420461	38.3590478912773	37.0115641318485	10397.000000000002	52.97625	37.537457	38923.598
europe	28	gp_mix	9886	gp_mix	98	1269	1500	1.3752463618914286	1.2879496821922716	-0.6243652128223083	0.9143473808427294	0.0028918458	-0.151225	-0.013270726	62.0240565693831	37.1972046056811	38523.0	40.66723	41.288673	25107.1
europe	28	gp_mix	847	gp_mix	99	522	1500	1.3748456199963888	-0.29651035387676117	-1.3598411993627502	1.6986782283419475	0.1079387	-0.049674075	-0.08654892	35.7992463606865	30.7250505920953	49973.0	42.49633	42.07201	24188.578
europe	28	gp_mix	3712	gp_mix	99	871	1500	1.3748456199963888	0.24740882445914916	-1.53245998587813	1.449841686895465	0.00080622546	-0.10740783	-0.03892315	44.8057522096418	29.2300512566937	46379.0	40.722374	41.572	24876.447
europe	28	gp_mix	16189	gp_mix	99	976	1500	1.3748456199963888	0.9999579952685133	-0.5327293252154918	0.3723808471653147	-0.027598452	-0.07044376	0.019920666	57.2668655119111	37.8884174950526	30817.0	40.252033	41.89213	25726.342
europe	28	gp_mix	42267	gp_mix	100	256	1500	0.6968259652455647	-1.3041385742517515	0.5708556139640474	-1.44224692801377	0.015217669	-0.105063915	-0.028029228	19.1243234233227	47.6532811994778	4541.0	40.965527	41.745174	25000.143
europe	28	gp_mix	26139	gp_mix	100	336	1500	0.6968259652455647	0.6289618590965652	1.630968504981197	-0.31441976958874823	0.15867084	-0.13705382	0.1035151	51.1257216583623	56.9195665266487	20857.0	43.340317	41.465553	26903.162
europe	28	gp_mix	36001	gp_mix	100	1466	1500	0.6968259652455647	-0.6666325367400877	-0.5141649314604096	-0.9957750221381132	0.06994787	-0.043763645	0.00024899037	29.6778798923553	38.1692818585218	11000.0	41.871555	42.28099	25409.236
europe	28	gp_mix	8835	gp_mix	101	152	1500	1.3751493255297342	0.9857141845080909	-0.38189046884902667	1.007918339676053	0.020051623	-0.065468304	0.008479731	57.0413921195276	39.2073103187383	39944.0	41.12438	41.934654	25519.217
europe	28	gp_mix	5144	gp_mix	101	485	1500	1.3751493255297342	0.4229947126829982	-1.2456032000494686	1.3325242705861078	0.04350295	-0.13517813	-0.032461032	47.7660898588527	31.7626912882374	44629.0	41.51093	41.3338	24928.324
europe	28	gp_mix	35320	gp_mix	101	1444	1500	1.3751493255297342	-0.4885283946777433	-0.3098271658815012	-0.9499023198170997	0.020699268	-0.06734763	0.029996172	32.7414590051537	39.8284472052204	11687.0	41.135056	41.918457	25829.762
europe	28	gp_mix	43141	gp_mix	102	716	1500	0.6922873536745707	-0.7741072399284099	1.0473959335714909	-1.540197611739805	-0.37458354	-0.12334665	-0.4280289	28.2909283788017	51.5006493748399	3506.0	34.88639	41.415565	19502.893
europe	28	gp_mix	31503	gp_mix	102	975	1500	0.6922873536745707	-0.4320647610221789	-0.5209587691076881	-0.7040318891103327	-0.41113314	-0.009991451	-0.29721513	33.937472889505	37.9904307615999	15533.0	34.28302	42.39204	21384.453
europe	28	gp_mix	3473	gp_mix	102	1083	1500	0.6922873536745707	0.19321667617308103	-1.4961238638355825	1.4633107763300242	-0.41137177	-0.010049555	-0.29729357	44.2598149510227	29.590102958668105	46707.0	34.27908	42.391537	21383.324
europe	28	gp_mix	34824	gp_mix	103	13	1500	1.375000786781311	-0.16691563696181802	1.7314271614704546	-0.9154528569673509	0.12911354	-0.13434248	0.08728089	37.9594332794779	57.5468004911097	12189.0	42.874405	41.387077	26686.715
europe	28	gp_mix	1417	gp_mix	103	569	1500	1.375000786781311	-0.26576196592900475	-1.5934814877255186	1.6511894372560527	0.12911355	-0.13432522	0.08729163	36.3182878462154	28.7492469043981	49298.0	42.874405	41.38723	26686.87
europe	28	gp_mix	1101	gp_mix	103	838	1500	1.375000786781311	-0.42226478549522	-1.693786433639603	1.6755355012180737	0.14782843	-0.15243846	0.04410003	33.7198717967022	27.8804900873735	49650.0	43.185127	41.230347	26062.398
europe	28	gp_mix	27597	gp_mix	104	494	1500	1.3748475829760234	-0.4642281391890645	-0.5201417067835459	-0.4198185834959637	-0.14127998	-0.19188005	-0.22998005	33.04000754034	38.088729277741	19367.0	38.423626	40.927376	22098.432
europe	28	gp_mix	42932	gp_mix	104	508	1500	1.3748475829760234	-0.5560101206744197	1.1280431022475856	-1.5074474488853253	0.066142574	-0.07007695	0.06438233	31.5099806361096	52.3414196750842	3718.0	41.88141	41.980667	26333.77
europe	28	gp_mix	39936	gp_mix	104	969	1500	1.3748475829760234	-0.6926982018216612	-0.5241843740622649	-1.2638447155995107	-0.020200998	-0.09451957	-0.04029202	29.231358642355	38.0537702823739	7223.0	40.442043	41.7693	24827.697
europe	28	gp_mix	31136	gp_mix	105	745	1500	1.3790951132774354	-0.3027487196510049	-0.5963709786447524	-0.6546159480632283	0.06514167	-0.114670604	-0.0056206416	35.6305283245333	37.3259714214122	15919.0	41.727154	41.530334	25356.053
europe	28	gp_mix	34233	gp_mix	105	977	1500	1.3790951132774354	-0.1577955588711552	-0.5719398602644009	-0.8716571438798787	0.06516445	-0.11468811	-0.0056042746	38.032672072631	37.5392104911016	12763.0	41.72753	41.53018	25356.291
europe	28	gp_mix	15001	gp_mix	105	1135	1500	1.3790951132774354	1.033213897148991	-0.39392844944306094	0.4718526157760408	0.06512563	-0.11467882	-0.005621874	57.769916181776	39.0929251858889	32299.0	41.72689	41.530262	25356.035
europe	28	gp_mix	16388	gp_mix	106	129	1500	0.6923533360163371	1.4296000707574683	-0.20867655028635845	0.3713583114892829	0.25047827	-0.25849408	0.13111214	64.296532651424	40.8330405182383	30575.0	44.849358	40.4004	27118.135
europe	28	gp_mix	1751	gp_mix	106	195	1500	0.6923533360163371	-0.12807502122336692	-1.5502236365674196	1.641717036184424	0.25048202	-0.2584874	0.13111071	38.6059060136573	29.1822975153263	48854.0	44.849422	40.400455	27118.113
europe	28	gp_mix	15264	gp_mix	106	486	1500	0.6923533360163371	1.1250881956832925	-0.24549283854792456	0.4652504629780479	0.24138284	-0.26874936	0.13512191	59.274239536787	40.5133073405936	31926.0	44.69935	40.311337	27175.83
europe	28	gp_mix	30227	gp_mix	107	263	1500	0.6923340439796448	-0.09809712489572801	-0.5101169032578601	-0.6037238218057708	-0.020286512	-0.11278505	-0.1320898	39.121546871438	38.0504115788893	16844.0	40.41346	41.499893	23689.547
europe	28	gp_mix	42453	gp_mix	107	264	1500	0.6923340439796448	-0.5451265077401909	1.4970917647419137	-1.468856668205446	-0.026530532	-0.027340187	0.0031466503	31.6993938443859	55.4762284792311	4287.0	40.309788	42.24169	25652.441
europe	28	gp_mix	23965	gp_mix	107	1198	1500	0.6923340439796448	0.3311795857213647	2.08172557567756	-0.1880025830404893	-0.006557751	-0.032712214	-0.012989881	46.2489473498495	60.5517953126814	22878.0	40.641403	42.195053	25418.227
europe	28	gp_mix	12643	gp_mix	108	408	1500	0.6925588170687358	1.2232644669587303	-0.42134563033907696	0.6654766758054435	-0.11661183	0.038531456	-0.048954867	61.2387205677095	38.7947261332047	35088.0	39.025215	42.74918	24781.559
europe	28	gp_mix	37922	gp_mix	108	1127	1500	0.6925588170687358	-0.488005258054454	-0.3312132630052693	-1.12946790090443	-0.53001755	0.12767565	-0.22434986	32.8679660958375	39.5697685749431	9194.0	32.171455	43.515724	22251.297
europe	28	gp_mix	35376	gp_mix	108	1333	1500	0.6925588170687358	-0.21972444441370584	1.5739894916892858	-0.9619933470567797	-0.5299029	0.12753634	-0.2242514	37.3157331439322	55.9524847809484	11610.0	32.173355	43.514526	22252.719
europe	28	gp_mix	44716	gp_mix	109	243	1500	0.69223925669988	-0.969814527673594	0.9073563004540639	-1.6158507780613223	0.29473674	-0.13915484	0.12774266	24.4457857171946	50.4822636946185	1853.0	45.384495	41.378082	27141.898
europe	28	gp_mix	31220	gp_mix	109	1055	1500	0.69223925669988	-0.45303713621880565	-0.13086489082906777	-0.6519719133281974	0.29480347	-0.13916528	0.12776442	33.0026949397106	41.4502036330186	15833.0	45.385597	41.377995	27142.215
europe	28	gp_mix	31591	gp_mix	109	1286	1500	0.69223925669988	-1.6673493324226627	0.5615443780053333	-0.6803091245875188	0.23427154	-0.11139849	0.103575654	12.8958570583953	47.4738546197526	15422.0	44.383297	41.619553	26791.383
europe	28	gp_mix	41308	gp_mix	110	491	1500	1.3789230505625407	-1.7455366257740572	0.9025158825343707	-1.3520177733115595	0.018694784	-0.1285051	-0.015775084	11.808083735330698	50.4978884604691	5715.0	41.044518	41.51364	25112.371
europe	28	gp_mix	4548	gp_mix	110	659	1500	1.3789230505625407	0.33240939798390423	-1.690119177123272	1.3794533853326756	0.018696198	-0.12850283	-0.015774678	46.2433209351514	27.9058466823793	45366.0	41.04454	41.51366	25112.377
europe	28	gp_mix	22936	gp_mix	110	1434	1500	1.3789230505625407	-0.12343124282209977	-0.6273391590736607	-0.09763936349206252	0.03615449	-0.108581334	0.004279665	38.6892360782767	37.1668379195596	23924.0	41.333855	41.687256	25403.492
europe	28	gp_mix	40714	gp_mix	111	162	1500	0.6919285774230957	-0.36991746195832304	1.6148486819849366	-1.3125776952772348	0.10374936	-0.0055203843	0.045242976	34.6601574999714	56.5257588024865	6407.0	42.527794	42.495636	26014.828
europe	28	gp_mix	21558	gp_mix	111	179	1500	0.6919285774230957	0.7164484557751754	1.753087754180875	-0.011252304167215947	0.1566856	-0.37737504	0.05963434	52.7047691731729	57.7227153439491	25199.0	43.40707	39.275894	26222.65
europe	28	gp_mix	16876	gp_mix	111	1130	1500	0.6919285774230957	1.0290536378995392	-0.20801159663134963	0.31913421355234023	0.17864937	-0.029769948	0.18864274	57.8971624785825	40.7423446055978	29970.0	43.77189	42.285667	28085.617
europe	28	gp_mix	24360	gp_mix	112	312	1500	0.6923927505811055	0.18916150367878	1.6591532956469113	-0.19339025701879095	-0.049276423	-0.030844681	-0.0027114158	43.7906727127245	56.9851443169939	22531.0	39.834446	42.325974	25272.207
europe	28	gp_mix	31852	gp_mix	112	826	1500	0.6923927505811055	-0.11217659121535067	1.5809196099065665	-0.7057011056759693	-0.11020195	0.04086772	-0.05852507	38.7907922571627	56.3065392720727	15166.0	38.823555	42.94801	24469.826
europe	28	gp_mix	33380	gp_mix	112	1383	1500	0.6923927505811055	0.3915076324408979	1.4805631578354177	-0.8127542483892616	0.40477434	-0.20385095	0.26275358	47.1480525846977	55.4360396398311	13627.0	47.368176	40.825302	29088.541
europe	28	gp_mix	41252	gp_mix	113	394	1500	1.3748852332433066	-0.9522783948936138	0.4584759942073608	-1.353512553798216	0.12757546	-0.08308232	0.01975917	24.7540348448744	46.5136947289439	5784.0	42.73432	41.828373	25611.387
europe	28	gp_mix	9459	gp_mix	113	443	1500	1.3748852332433066	1.1713356769517376	-0.2725999459641265	0.955314902746625	0.099996544	-0.14318344	0.00316654	60.1136250742213	40.1887532576587	39119.0	42.275112	41.308407	25371.82
europe	28	gp_mix	8674	gp_mix	113	1081	1500	1.3748852332433066	0.9550944951684073	-0.38617011615213637	1.0253381383418503	0.09999457	-0.14318424	0.00316507	56.5130652173524	39.2061950310064	40130.0	42.27508	41.3084	25371.799
europe	28	gp_mix	33920	gp_mix	114	380	1500	0.6923089027404785	-0.21463377924784138	-0.1834449996426473	-0.8371364576091521	0.054045677	-0.019218467	0.028463565	37.0839276666244	41.0259161642257	13074.0	41.57314	42.433437	25586.816
europe	28	gp_mix	24593	gp_mix	114	587	1500	0.6923089027404785	-0.4098281461090086	-0.45447869052903683	-0.1960033883543552	0.4250429	-0.24623093	0.15926896	33.8225382564305	38.7029898987751	22342.0	47.771915	40.4878	27477.695
europe	28	gp_mix	20314	gp_mix	114	1376	1500	0.6923089027404785	-0.07598991088915043	-0.48043397796902515	0.0864465816248567	0.003187496	-0.006363513	-0.0024244813	39.4004476119718	38.4805370416248	26425.0	40.723377	42.543613	25140.31
