sim	exp	nam	typ	gro	ind	idx	snp	run	true_lat	true_lon	pred_lat	pred_lon	diff_space	true_tim	pred_tim	diff_time
europe	17	downsample	gt	0	38456	47	574	1.4128840843836465	38.5987428412494	35.4420214621576	42.788715	27.569954	810.3177	8681.0	7117.234	1563.76611328125
europe	17	downsample	gt	0	31417	140	574	1.4128840843836465	52.6173647771166	23.8355168569244	50.000317	38.72207	1072.7081	15609.0	15252.776	356.2236328125
europe	17	downsample	gt	0	22694	237	574	1.4128840843836465	37.2834854446089	39.0856074857051	41.818653	39.273777	504.54526	24123.0	20772.43	3350.5703125
europe	17	downsample	gt	1	36567	186	574	1.4071183482805887	61.8178483016446	36.1164318722046	58.891094	37.54938	334.8264	10438.0	8246.1455	2191.8544921875
europe	17	downsample	gt	1	21767	189	574	1.4071183482805887	40.8347379692162	58.9902669627915	37.871777	39.59804	1695.9034	25018.0	23648.387	1369.61328125
europe	17	downsample	gt	2	5532	81	574	1.4043129444122315	32.0652887834136	51.9520905503001	30.355844	46.58146	544.8946	44149.0	43615.816	533.18359375
europe	17	downsample	gt	2	13062	103	574	1.4043129444122315	39.7189649431949	56.4695133765317	41.783943	58.30789	276.9378	34628.0	32684.473	1943.52734375
europe	17	downsample	gt	2	24842	151	574	1.4043129444122315	53.2898079782722	41.5684435691117	53.158585	36.969215	306.4686	22088.0	17745.422	4342.578125
europe	17	downsample	gt	3	21518	96	574	1.4081655065218608	36.8036402593971	35.1815118771511	46.0726	49.172855	1552.3088	25245.0	26786.326	-1541.326171875
europe	17	downsample	gt	3	3319	99	574	1.4081655065218608	32.4107061607008	38.7403906263061	28.469055	55.13933	1630.141	46925.0	42602.312	4322.6875
europe	17	downsample	gt	3	42000	241	574	1.4081655065218608	52.2246128215833	19.7530766464126	47.765553	22.832447	542.36475	4872.0	-1992.4766	6864.4765625
europe	17	downsample	gt	4	44176	28	574	1.4068361520767212	49.9669406585958	22.5212265048728	50.621746	31.18575	619.42346	2423.0	6471.049	-4048.048828125
europe	17	downsample	gt	4	4263	53	574	1.4068361520767212	31.2398891012366	42.8779669319815	33.83991	50.87953	803.55164	45697.0	41999.9	3697.1015625
europe	17	downsample	gt	4	45212	69	574	1.4068361520767212	45.0712086480875	14.7522265813415	41.23569	20.60521	637.90436	1113.0	-773.9047	1886.9047241210938
europe	17	downsample	gt	5	36001	12	574	0.37981942494710286	38.1692818585218	29.6778798923553	36.96973	32.87611	311.81583	11000.0	78.78833	10921.211669921875
europe	17	downsample	gt	5	12535	139	574	0.37981942494710286	39.6894063436575	57.5347314402328	38.59202	60.17196	258.09106	35193.0	143.99197	35049.00802612305
europe	17	downsample	gt	5	24126	187	574	0.37981942494710286	38.6727596573722	37.4010012209525	37.76783	32.454193	443.6455	22727.0	77.81368	22649.186317443848
europe	17	downsample	gt	6	5215	10	574	1.408575177192688	30.7639914737493	45.8280622412721	34.880333	52.427647	767.66925	44516.0	41928.99	2587.01171875
europe	17	downsample	gt	6	18236	155	574	1.408575177192688	40.0544618586562	57.8770056919211	41.435	43.744026	1199.1031	28334.0	26074.172	2259.828125
europe	17	downsample	gt	6	31681	177	574	1.408575177192688	54.1834794585663	44.0715134552406	58.235886	40.839745	492.8025	15340.0	13396.051	1943.94921875
europe	17	downsample	gt	7	2530	113	574	1.4085382183392843	31.8838065684989	37.7377311010333	29.57545	53.814766	1556.4447	47863.0	41922.855	5940.14453125
europe	17	downsample	gt	7	11736	161	574	1.4085382183392843	39.6359597497797	64.3181039884999	42.676018	55.115353	840.75714	36279.0	34652.453	1626.546875
europe	17	downsample	gt	7	29354	212	574	1.4085382183392843	49.5981084834829	13.5562568280747	43.765915	48.19067	2694.6604	17611.0	26845.85	-9234.849609375
europe	17	downsample	gt	8	6729	142	574	0.7205360253651937	34.8546588054135	49.7908298669372	34.77978	51.695473	174.0688	42610.0	338.5033	42271.49670410156
europe	17	downsample	gt	8	45409	146	574	0.7205360253651937	45.9760916188557	9.57370929467447	45.57948	9.148964	55.04505	677.0	2.822675	674.1773250102997
europe	17	downsample	gt	8	11432	216	574	0.7205360253651937	40.8610079979592	59.2308243308681	35.154705	54.28859	767.8646	36702.0	358.0505	36343.9494934082
europe	17	downsample	gt	9	13510	88	574	1.4060032447179158	38.1791766440076	59.8103927223022	40.501564	55.146626	476.91046	34116.0	33470.516	645.484375
europe	17	downsample	gt	9	32948	215	574	1.4060032447179158	53.9601305973644	20.4073990100502	48.0933	39.078796	1453.7185	14080.0	17461.291	-3381.291015625
europe	17	downsample	gt	9	40644	229	574	1.4060032447179158	55.5712337861235	45.483937820187	57.613174	30.924143	917.8784	6488.0	4271.3286	2216.67138671875
europe	17	downsample	gt	10	22489	25	574	1.4027816613515218	50.6867858864473	25.016772639471	48.937347	45.43883	1473.4138	24302.0	23642.424	659.576171875
europe	17	downsample	gt	10	37460	32	574	1.4027816613515218	41.9786536818092	0.10996956724538	46.11647	31.764463	2553.83	9628.0	9021.391	606.609375
europe	17	downsample	gt	10	29842	40	574	1.4027816613515218	57.442602365508	40.3324160059173	49.042522	41.867233	939.54974	17163.0	19306.502	-2143.501953125
europe	17	downsample	gt	11	21838	68	574	2.4061758438746135	58.0443273160943	52.2001361333504	47.793552	46.408268	1203.082	24962.0	19376.049	5585.951171875
europe	17	downsample	gt	11	16025	89	574	2.4061758438746135	39.6329281366042	62.5666765553205	39.360386	49.96544	1080.7855	31035.0	26355.271	4679.728515625
europe	17	downsample	gt	11	41308	136	574	2.4061758438746135	50.4978884604691	11.8080837353307	41.008957	19.098036	1195.7891	5715.0	-2001.9205	7716.9205322265625
europe	17	downsample	gt	12	560	20	574	1.4061527887980143	30.4653969291557	32.0121060792082	23.029436	51.911797	2137.862	50309.0	46698.5	3610.5
europe	17	downsample	gt	12	1565	193	574	1.4061527887980143	31.0969462858382	36.6137212933321	25.492464	48.957798	1358.5404	49100.0	42027.746	7072.25390625
europe	17	downsample	gt	12	41214	209	574	1.4061527887980143	50.0232486144787	15.2131672520337	47.111256	29.512394	1098.8694	5825.0	5308.187	516.81298828125
europe	17	downsample	gt	13	27713	3	574	1.4016763965288799	60.8027531553517	51.6298502247224	57.29215	45.613182	519.9605	19259.0	17999.506	1259.494140625
europe	17	downsample	gt	13	6833	72	574	1.4016763965288799	33.3482238896629	52.3275165958723	30.767635	53.95516	325.3582	42466.0	42858.754	-392.75390625
europe	17	downsample	gt	13	18337	128	574	1.4016763965288799	41.105041525526	61.5315383045867	35.637146	39.076874	2043.0889	28232.0	23339.383	4892.6171875
europe	17	downsample	gt	14	26501	22	574	1.4048596938451132	38.7375665597591	27.8738552131943	56.370667	47.14861	2418.6309	20484.0	19102.219	1381.78125
europe	17	downsample	gt	14	37253	71	574	1.4048596938451132	61.2657116427066	35.318264556835	59.12418	33.408222	260.45197	9817.0	3423.789	6393.2109375
europe	17	downsample	gt	14	37029	169	574	1.4048596938451132	41.0923782893246	21.4294386735337	44.349247	23.963583	417.08844	9999.0	808.731	9190.268981933594
europe	17	downsample	gt	15	45376	78	574	1.4024705171585083	39.0347939040604	-2.54539501818286	44.29382	28.85776	2656.0266	771.0	6145.363	-5374.36279296875
europe	17	downsample	gt	15	37488	185	574	1.4024705171585083	47.1101131553957	22.952621373748	48.564545	31.208876	636.74255	9599.0	6278.2466	3320.75341796875
europe	17	downsample	gt	15	25267	208	574	1.4024705171585083	39.9038801515773	-3.00960735726831	48.118828	47.576805	4070.2354	21662.0	24469.482	-2807.482421875
europe	17	downsample	gt	16	1926	18	574	1.4064651012420655	30.8332909427576	37.2680767959081	3.3154907	35.22241	3067.3645	48620.0	42413.645	6206.35546875
europe	17	downsample	gt	16	38239	200	574	1.4064651012420655	48.5423867634797	24.795675102068	48.251656	28.114477	247.12875	8876.0	3921.2358	4954.76416015625
europe	17	downsample	gt	16	19665	201	574	1.4064651012420655	37.3545823484321	60.8720035188695	40.145226	43.217846	1559.3138	27058.0	27179.709	-121.708984375
europe	17	downsample	gt	17	8429	24	574	1.4059948245684306	39.603628425466	57.2145719856115	44.232643	51.403286	703.9995	40409.0	32060.58	8348.419921875
europe	17	downsample	gt	17	40210	60	574	1.4059948245684306	40.8576472920153	33.0774115697646	41.721336	33.462536	101.28465	6949.0	14345.377	-7396.376953125
europe	17	downsample	gt	17	33009	223	574	1.4059948245684306	53.6978818387611	40.7751818796946	58.24351	41.110905	505.88065	14012.0	13210.867	801.1328125
europe	17	downsample	gt	18	3707	23	574	1.4024207512537639	29.7370682161472	39.7349427362737	28.624945	49.101227	917.406	46398.0	43700.004	2697.99609375
europe	17	downsample	gt	18	40902	62	574	1.4024207512537639	52.7723332689325	34.705686004515	47.56888	33.391712	586.0896	6190.0	10645.139	-4455.138671875
europe	17	downsample	gt	18	40211	106	574	1.4024207512537639	61.8398806147175	47.8862156455265	53.681004	35.78428	1153.074	6944.0	9797.5625	-2853.5625
europe	17	downsample	gt	19	34293	91	574	2.405454623699188	57.8447346218322	57.4046444968106	50.561203	38.66717	1455.635	12692.0	13828.648	-1136.6484375
europe	17	downsample	gt	19	7106	112	574	2.405454623699188	35.0312218188918	52.601606112095	34.570625	52.769238	53.45434	42117.0	37341.543	4775.45703125
europe	17	downsample	gt	19	2108	207	574	2.405454623699188	28.0719310110859	36.681966328076	27.847586	52.85657	1587.6318	48361.0	41351.152	7009.84765625
europe	17	downsample	gt	20	33453	182	574	1.4033329685529072	39.7411851942387	29.1003071344062	38.73865	29.856983	129.12488	13547.0	11549.244	1997.755859375
europe	17	downsample	gt	20	11946	183	574	1.4033329685529072	41.8328964092251	58.2471663778345	41.35592	51.652435	550.8288	35943.0	34435.2	1507.80078125
europe	17	downsample	gt	20	5480	239	574	1.4033329685529072	33.3851841750022	48.6783655242794	30.043047	50.908447	427.29138	44207.0	41528.684	2678.31640625
europe	17	downsample	gt	21	11975	122	574	1.4074985027313232	42.1814564883432	61.8667845133972	39.807423	51.61498	899.3228	35932.0	36109.25	-177.25
europe	17	downsample	gt	21	21523	163	574	1.4074985027313232	40.521159883505	59.8753022123124	39.53927	37.933434	1866.5511	25226.0	20466.408	4759.591796875
europe	17	downsample	gt	21	19872	195	574	1.4074985027313232	39.2076472094672	39.6321327790997	50.311638	47.272144	1372.4447	26868.0	24615.1	2252.900390625
europe	17	downsample	gt	22	37762	160	574	1.4059071818987527	49.2359181954342	16.1492605692191	45.612804	22.121786	603.14545	9328.0	-2285.7874	11613.787353515625
europe	17	downsample	gt	22	3471	213	574	1.4059071818987527	29.815162404763	41.4497651647193	24.461506	54.35419	1407.615	46709.0	44367.79	2341.2109375
europe	17	downsample	gt	22	37428	230	574	1.4059071818987527	36.7979408021532	30.3630603268875	40.445873	33.64063	495.50388	9668.0	12797.367	-3129.3671875
europe	17	downsample	gt	23	510	63	574	0.3793709595998128	28.964158434617	36.2001224217704	32.82087	35.40895	435.43564	50378.0	103.424774	50274.57522583008
europe	17	downsample	gt	23	19135	107	574	0.3793709595998128	59.0925290137479	38.7181880478641	47.26771	13.75483	2099.007	27606.0	33.122406	27572.87759399414
europe	17	downsample	gt	23	3800	210	574	0.3793709595998128	28.2424631002564	41.2196333373701	31.609354	44.836864	511.4654	46266.0	133.11661	46132.883392333984
europe	17	downsample	gt	24	43350	38	574	1.4057801087697348	53.5842527748122	21.9512790519975	47.965187	25.165272	664.25183	3316.0	-776.4121	4092.412109375
europe	17	downsample	gt	24	3867	135	574	1.4057801087697348	30.0923616183276	41.5106832697669	30.305714	51.269855	937.90594	46192.0	41836.676	4355.32421875
europe	17	downsample	gt	24	19723	168	574	1.4057801087697348	41.9015578817525	56.8016188805759	40.980488	41.887245	1245.8302	27006.0	23329.87	3676.130859375
europe	17	downsample	gt	25	23706	56	574	1.4015388051668802	39.7579144517532	33.4685505187492	38.462997	38.01348	417.6729	23146.0	20212.93	2933.0703125
europe	17	downsample	gt	25	36173	132	574	1.4015388051668802	56.6460075413054	40.2709387663009	59.493176	38.830452	327.7088	10837.0	7736.803	3100.19677734375
europe	17	downsample	gt	25	41020	157	574	1.4015388051668802	57.0362063690165	31.3745116520653	60.063705	31.697712	337.16336	6065.0	1555.0995	4509.9005126953125
europe	17	downsample	gt	26	40341	35	574	1.4063499013582865	54.9734917565726	34.7653941524296	52.59346	31.639172	334.92587	6815.0	5604.1553	1210.8447265625
europe	17	downsample	gt	26	16900	204	574	1.4063499013582865	42.3557388218522	59.0106487684159	46.480698	49.3259	894.6095	29948.0	28566.049	1381.951171875
europe	17	downsample	gt	26	37251	206	574	1.4063499013582865	57.2789748867698	28.7976902035398	54.429806	35.80324	539.52844	9819.0	9117.067	701.9326171875
europe	17	downsample	gt	27	8150	15	574	1.407041605313619	36.6880203846393	56.2434411135656	38.304295	53.28782	316.65756	40767.0	39263.277	1503.72265625
europe	17	downsample	gt	27	32335	42	574	1.407041605313619	55.0112359807776	54.7395823548559	58.57258	41.589424	891.36804	14685.0	13358.226	1326.7744140625
europe	17	downsample	gt	27	18234	117	574	1.407041605313619	39.1497587689436	59.2483724798362	36.086464	37.21997	1964.8134	28342.0	23114.771	5227.228515625
europe	17	downsample	gt	28	2459	29	574	1.4016279578208923	28.2772071373235	38.6449514237374	29.46188	51.9598	1302.4952	47950.0	39905.418	8044.58203125
europe	17	downsample	gt	28	26787	46	574	1.4016279578208923	44.9185514762032	4.0544720597662	39.97941	32.99092	2423.02	20166.0	12538.183	7627.8173828125
europe	17	downsample	gt	28	43836	87	574	1.4016279578208923	48.7882347314309	16.3992671426876	50.52205	24.61712	621.8028	2789.0	-2329.209	5118.208984375
europe	17	downsample	gt	29	4520	61	574	1.4049549619356791	27.908096869422	44.6810861037294	33.397373	53.204197	1017.8012	45388.0	42713.93	2674.0703125
europe	17	downsample	gt	29	37825	166	574	1.4049549619356791	57.3192390131375	28.3558878359928	54.64722	38.724598	709.19025	9283.0	12216.502	-2933.501953125
europe	17	downsample	gt	29	28307	247	574	1.4049549619356791	58.9955932146816	31.3301912181366	58.0952	43.648067	720.653	18697.0	15918.953	2778.046875
europe	17	downsample	gt	30	32555	74	574	0.37774776220321654	40.6038552863617	31.0698908440578	45.106922	37.197296	706.83655	14482.0	123.40217	14358.597831726074
europe	17	downsample	gt	30	27137	124	574	0.37774776220321654	54.1475892905058	38.2358356239186	56.34222	45.500046	520.7735	19814.0	150.7222	19663.277801513672
europe	17	downsample	gt	30	19304	190	574	0.37774776220321654	41.4443610492389	57.0716807419964	42.749012	58.440548	183.8459	27428.0	204.73486	27223.26513671875
europe	17	downsample	gt	31	32337	13	574	2.406550168991089	58.6404413666629	50.4829678205864	50.05867	37.190765	1281.02	14680.0	12705.433	1974.5673828125
europe	17	downsample	gt	31	27254	19	574	2.406550168991089	49.2454394192187	22.2267896488306	45.796974	36.965607	1169.0131	19690.0	15036.699	4653.30078125
europe	17	downsample	gt	31	24995	127	574	2.406550168991089	38.7720504221414	30.1586169296081	39.29171	32.75547	231.6189	21953.0	14198.269	7754.7314453125
europe	17	downsample	gt	32	7858	14	574	1.406035570303599	40.1808201490914	58.6988960983175	39.852104	54.054123	397.1864	41132.0	39791.43	1340.5703125
europe	17	downsample	gt	32	12671	34	574	1.406035570303599	40.5062388641277	60.3179309763769	42.764168	52.05142	731.0494	35059.0	35227.55	-168.55078125
europe	17	downsample	gt	32	601	73	574	1.406035570303599	30.6829436536879	35.5212979975985	18.394123	45.622456	1704.1677	50248.0	48983.12	1264.87890625
europe	17	downsample	gt	33	16976	111	574	1.4020443121592203	38.1867544671528	56.6333385647268	47.19885	51.35142	1090.4695	29851.0	28811.4	1039.599609375
europe	17	downsample	gt	33	41998	121	574	1.4020443121592203	46.9639659487552	21.9129707641411	43.651775	29.24883	681.2933	4873.0	7196.8936	-2323.8935546875
europe	17	downsample	gt	33	3246	236	574	1.4020443121592203	31.0281062279508	39.9219834964681	26.282366	49.83201	1100.8942	47040.0	43207.957	3832.04296875
europe	17	downsample	gt	34	21680	130	574	1.4051347573598225	38.6956275131793	35.406279978665	46.549137	46.78666	1274.1761	25103.0	25128.94	-25.939453125
europe	17	downsample	gt	34	1386	180	574	1.4051347573598225	28.1372329606023	35.76839780505	22.741266	50.34448	1580.3268	49336.0	47623.26	1712.73828125
europe	17	downsample	gt	34	16689	196	574	1.4051347573598225	40.9007328923811	61.8864364009685	47.832066	48.083027	1337.7017	30214.0	25642.225	4571.775390625
europe	17	downsample	gt	35	42502	118	574	1.4015761733055114	53.4694992977435	11.1649357082912	47.059387	25.06123	1214.6798	4239.0	336.66132	3902.3386840820312
europe	17	downsample	gt	35	17718	173	574	1.4015761733055114	41.2676107985385	61.4908655562683	44.663002	47.597057	1190.109	28917.0	29378.041	-461.041015625
europe	17	downsample	gt	35	45072	240	574	1.4015761733055114	47.5675365321174	12.9999175925651	46.88814	26.250418	1002.1765	1348.0	2358.58	-1010.580078125
europe	17	downsample	gt	36	38420	80	574	1.408181329568227	57.3859758227231	29.8785508039743	59.871223	37.25082	507.98013	8712.0	6977.8735	1734.12646484375
europe	17	downsample	gt	36	13337	108	574	1.408181329568227	41.8675830669379	57.6835812414685	43.096893	50.27643	622.38434	34299.0	31347.973	2951.02734375
europe	17	downsample	gt	36	10235	188	574	1.408181329568227	38.4988968269542	58.8990656166834	40.793743	52.03062	640.8094	38143.0	34821.695	3321.3046875
europe	17	downsample	gt	37	18556	192	574	1.4072618683179219	40.3384179181205	57.2427855708733	42.915035	43.52813	1173.8915	28059.0	24843.25	3215.75
europe	17	downsample	gt	37	42817	224	574	1.4072618683179219	50.4705805354083	25.3074846005457	50.57619	28.673706	238.23953	3856.0	1986.2163	1869.78369140625
europe	17	downsample	gt	37	40958	225	574	1.4072618683179219	43.963852002117	4.51986010200089	49.44601	29.769575	2008.5482	6140.0	6672.158	-532.158203125
europe	17	downsample	gt	38	26533	55	574	1.4020332455635072	55.0714090750925	44.6681899749903	54.426823	44.596264	71.82303	20434.0	18838.967	1595.033203125
europe	17	downsample	gt	38	5230	104	574	1.4020332455635072	27.7807968375251	47.4612169783369	40.284153	50.571327	1419.2668	44514.0	33641.312	10872.6875
europe	17	downsample	gt	38	37529	159	574	1.4020332455635072	38.7051320136078	30.7299607336269	37.443367	24.293358	580.487	9593.0	5600.7954	3992.20458984375
europe	17	downsample	gt	39	7196	41	574	1.4054513176282246	35.5729410024466	51.777815521568	32.463116	50.891136	355.31656	42001.0	44193.277	-2192.27734375
europe	17	downsample	gt	39	42718	83	574	1.4054513176282246	49.9246591847723	27.181311360916	45.113705	24.271381	577.748	3965.0	2003.5822	1961.4178466796875
europe	17	downsample	gt	39	13450	242	574	1.4054513176282246	42.1485692899668	58.7045208833549	42.370705	51.86983	562.8572	34182.0	38380.074	-4198.07421875
europe	17	downsample	gt	40	44554	39	574	1.401554814974467	41.574328656537	23.6844041770032	43.190292	30.85809	615.77203	2027.0	10782.267	-8755.2666015625
europe	17	downsample	gt	40	13977	105	574	1.401554814974467	40.4927592044979	63.6404435551483	38.765083	48.83633	1280.7472	33590.0	34452.203	-862.203125
europe	17	downsample	gt	41	557	70	574	1.4061716079711915	28.8217603471691	29.3417382079973	28.769827	49.381447	1950.4432	50319.0	40552.918	9766.08203125
europe	17	downsample	gt	41	45174	95	574	1.4061716079711915	48.4533813058984	20.6722524320638	45.571102	25.013596	459.2675	1177.0	-1644.814	2821.81396484375
europe	17	downsample	gt	41	36901	119	574	1.4061716079711915	46.367607734186	7.75187684714359	40.433403	35.649998	2334.738	10107.0	15545.709	-5438.708984375
europe	17	downsample	gt	42	43384	0	574	1.405777633190155	49.5774827115251	14.1002284121715	47.150642	23.489592	743.6664	3289.0	-2015.5758	5304.5758056640625
europe	17	downsample	gt	42	9193	54	574	1.405777633190155	37.4831545060641	59.5091982054628	37.02445	52.115276	656.2269	39436.0	35826.227	3609.7734375
europe	17	downsample	gt	42	43230	90	574	1.405777633190155	42.5414680085358	23.3973173471527	49.232582	24.575989	749.5635	3434.0	-1744.2075	5178.20751953125
europe	17	downsample	gt	43	44272	11	574	1.4017082889874777	46.1098407326439	20.9113261704701	50.094288	24.157999	504.27884	2317.0	-2048.2244	4365.224365234375
europe	17	downsample	gt	43	13570	198	574	1.4017082889874777	41.9413947724302	61.3827427649021	43.409416	52.349377	755.9003	34066.0	31362.494	2703.505859375
europe	17	downsample	gt	43	37214	211	574	1.4017082889874777	54.3725498299168	46.8443091755263	60.015266	39.93905	751.9625	9841.0	9812.321	28.6787109375
europe	17	downsample	gt	44	38922	172	574	1.406769839922587	53.4059558099192	10.5205852331373	50.56115	25.16652	1049.5051	8227.0	-1719.8429	9946.842895507812
europe	17	downsample	gt	44	18210	203	574	1.406769839922587	39.4603583925588	62.8687239306053	41.52252	42.37527	1743.9304	28354.0	20906.648	7447.3515625
europe	17	downsample	gt	44	11720	221	574	1.406769839922587	42.5544470586461	59.0021361636631	42.983124	50.77059	673.3431	36310.0	28772.766	7537.234375
europe	17	downsample	gt	45	17760	4	574	1.4028034726778666	39.8693692454586	64.5288330098853	48.28481	48.32396	1591.9895	28884.0	29778.549	-894.548828125
europe	17	downsample	gt	45	43161	217	574	1.4028034726778666	44.2611222354905	18.745576568388	48.63586	33.789547	1248.3057	3505.0	11500.594	-7995.59375
europe	17	downsample	gt	45	29356	246	574	1.4028034726778666	47.6095410891642	24.2485048578001	43.8761	39.316074	1238.3197	17610.0	22157.426	-4547.42578125
europe	17	downsample	gt	46	29547	6	574	2.406334920724233	56.2268443758001	35.4984762898444	48.566547	42.277317	966.9663	17426.0	15481.166	1944.833984375
europe	17	downsample	gt	46	13507	174	574	2.406334920724233	39.2580386836222	61.0437297974955	45.233322	49.980186	1125.6222	34122.0	24319.24	9802.759765625
europe	17	downsample	gt	46	15622	238	574	2.406334920724233	41.8294591825002	59.2940602830769	42.849476	52.36952	580.151	31487.0	27777.021	3709.978515625
europe	17	downsample	gt	47	33719	167	574	1.4065440535545348	39.4813897269994	35.513591789614	39.482258	33.43455	178.4259	13282.0	19005.158	-5723.158203125
europe	17	downsample	gt	47	15145	202	574	1.4065440535545348	41.7455451929192	55.6256164257603	43.91686	52.028957	379.82053	32072.0	32575.508	-503.5078125
europe	17	downsample	gt	47	6930	233	574	1.4065440535545348	34.6311251082059	52.9400801450063	31.944418	50.30852	386.07483	42349.0	41737.016	611.984375
europe	17	downsample	gt	48	30911	36	574	1.402806834379832	38.9197874518345	29.1815649488038	36.184963	37.262253	774.17206	16126.0	17955.533	-1829.533203125
europe	17	downsample	gt	48	16604	184	574	1.402806834379832	40.7721794641572	56.3466651765407	43.0595	46.462185	855.89667	30298.0	23117.977	7180.0234375
europe	17	downsample	gt	48	25366	232	574	1.402806834379832	52.3624493823089	5.1223794554138	53.59957	46.788673	2752.814	21576.0	18331.588	3244.412109375
europe	17	downsample	gt	49	30628	133	574	1.4055305520693462	42.5722911864245	19.9999146702859	41.215675	32.671467	1058.6067	16406.0	12736.067	3669.9326171875
europe	17	downsample	gt	49	5391	228	574	1.4055305520693462	31.8066945939006	50.1656911909317	36.78146	53.69034	640.833	44307.0	38724.5	5582.5
europe	17	downsample	gt	49	31952	243	574	1.4055305520693462	59.5726290631109	43.9500269009791	47.903725	39.957397	1323.2272	15078.0	16604.01	-1526.009765625
europe	17	downsample	gt	50	7475	26	574	2.4032597064971926	33.558636663864	55.0014380737887	35.577065	52.929287	293.87375	41651.0	33338.1	8312.8984375
europe	17	downsample	gt	50	3401	37	574	2.4032597064971926	31.9436419165717	43.4650170977982	22.846313	49.175564	1157.5259	46816.0	38489.395	8326.60546875
europe	17	downsample	gt	50	757	205	574	2.4032597064971926	30.6471272103514	30.7754270728005	28.062515	50.435505	1924.4062	50063.0	37070.234	12992.765625
europe	17	downsample	gt	51	38966	50	574	2.4084000984827676	59.862226177942	58.2178121381502	59.840656	43.83537	801.64087	8189.0	12167.4795	-3978.4794921875
europe	17	downsample	gt	51	37730	144	574	2.4084000984827676	59.9076213951142	37.0578384780535	55.56768	38.11835	486.65106	9370.0	9058.505	311.4951171875
europe	17	downsample	gt	51	45170	165	574	2.4084000984827676	46.2128342163623	10.4197343270622	46.17262	20.748022	794.45044	1182.0	-2118.5452	3300.545166015625
europe	17	downsample	gt	52	24600	110	574	1.4073620239893596	41.6325597687921	34.0721839545807	39.161633	33.036583	288.40454	22339.0	13855.865	8483.134765625
europe	17	downsample	gt	52	11939	156	574	1.4073620239893596	38.498111040807	63.087707184378	44.555107	50.91821	1214.4948	35963.0	30361.824	5601.17578125
europe	17	downsample	gt	52	30255	245	574	1.4073620239893596	49.627322038031	18.0803362400279	45.22556	33.22774	1237.3394	16800.0	10386.947	6413.052734375
europe	17	downsample	gt	53	2840	17	574	1.403256928920746	32.7934124180475	41.8165833370307	31.93794	53.73198	1122.5371	47506.0	37322.14	10183.859375
europe	17	downsample	gt	53	20727	109	574	1.403256928920746	38.7616924570871	35.3817288402669	38.399605	40.07123	409.57037	25973.0	19935.502	6037.498046875
europe	17	downsample	gt	53	8333	249	574	1.403256928920746	38.2459055336815	56.1488844650693	38.807728	55.01104	117.04497	40511.0	33978.332	6532.66796875
europe	17	downsample	gt	54	43565	131	574	1.4052454034487407	52.4295033738886	19.1184746436291	50.393356	28.62301	696.36017	3097.0	2661.0793	435.920654296875
europe	17	downsample	gt	54	16256	153	574	1.4052454034487407	42.2377966483683	61.617101855413	43.818604	49.051964	1035.3223	30739.0	31507.375	-768.375
europe	17	downsample	gt	54	15482	181	574	1.4052454034487407	41.5974367780482	59.7503231137517	42.97954	46.75696	1078.6857	31652.0	29612.88	2039.119140625
europe	17	downsample	gt	55	15264	58	574	1.4018892327944437	40.5133073405936	59.274239536787	40.322746	46.92109	1045.1344	31926.0	31750.494	175.505859375
europe	17	downsample	gt	55	11540	66	574	1.4018892327944437	41.0189855448563	57.9476441163655	44.50135	48.137363	888.7996	36569.0	30559.182	6009.818359375
europe	17	downsample	gt	55	42576	227	574	1.4018892327944437	44.4680168446108	18.3710671340034	40.35279	30.329327	1081.7562	4162.0	11871.776	-7709.7763671875
europe	17	downsample	gt	56	22806	1	574	1.4066710392634074	56.3147808499144	51.6102829937124	53.774246	43.386597	594.68665	24008.0	18692.406	5315.59375
europe	17	downsample	gt	56	24360	150	574	1.4066710392634074	56.9851443169939	43.7906727127245	56.458668	42.00278	123.79515	22531.0	15508.393	7022.607421875
europe	17	downsample	gt	56	24719	191	574	1.4066710392634074	39.7264436109945	28.4578337357603	42.25604	41.314503	1113.9086	22225.0	23072.94	-847.939453125
europe	17	downsample	gt	57	20453	100	574	1.4059322992960612	39.7427061827731	29.4936775172444	38.024303	39.10923	853.4781	26255.0	24780.855	1474.14453125
europe	17	downsample	gt	57	21861	102	574	1.4059322992960612	47.7004248853952	5.48428185487459	48.50554	40.024387	2544.448	24930.0	20548.953	4381.046875
europe	17	downsample	gt	57	13112	114	574	1.4059322992960612	38.1025355490867	63.6313690124094	41.918125	57.461838	675.0339	34580.0	34557.1	22.8984375
europe	17	downsample	gt	58	32073	84	574	1.401858099301656	49.0178518582199	28.9027417433661	36.875385	37.5058	1518.6382	14936.0	22813.459	-7877.458984375
europe	17	downsample	gt	58	16575	149	574	1.401858099301656	40.0937077662939	60.8868990588292	43.636738	50.70772	929.5839	30343.0	30415.219	-72.21875
europe	17	downsample	gt	58	22027	170	574	1.401858099301656	40.3663338655796	38.7198799810096	47.08313	44.83085	893.2055	24773.0	23138.557	1634.443359375
europe	17	downsample	gt	59	7879	2	574	1.405710271994273	38.3424496773879	54.989622842949	42.728745	53.02008	515.3088	41099.0	34489.59	6609.41015625
europe	17	downsample	gt	59	32284	31	574	1.405710271994273	38.0436179398776	37.5614480062224	40.099945	35.37949	296.22525	14745.0	16287.713	-1542.712890625
europe	17	downsample	gt	59	24993	44	574	1.405710271994273	42.0905433590082	-4.40613192465563	42.735218	38.89148	3515.6448	21936.0	18733.896	3202.103515625
europe	17	downsample	gt	60	6695	27	574	1.4013222376505534	35.2498714452174	49.498305668912	31.125723	55.86542	748.9366	42654.0	40881.617	1772.3828125
europe	17	downsample	gt	60	42555	52	574	1.4013222376505534	53.314152918187	16.9256852806476	49.39337	25.695862	748.13934	4191.0	-735.67303	4926.673034667969
europe	17	downsample	gt	60	4578	164	574	1.4013222376505534	31.4267746486963	45.286889832629	28.516657	54.952145	985.18884	45336.0	41605.543	3730.45703125
europe	17	downsample	gt	61	18117	21	574	1.4085103631019593	38.1930558182192	64.0799434969732	41.987392	42.04437	1915.649	28448.0	23021.84	5426.16015625
europe	17	downsample	gt	61	14170	147	574	1.4085103631019593	40.9386312780352	60.7454339804337	44.07886	49.807156	961.255	33373.0	29951.625	3421.375
europe	17	downsample	gt	61	26135	158	574	1.4085103631019593	59.1972395757811	32.951600580723	56.453854	47.091015	888.9787	20859.0	19831.094	1027.90625
europe	17	downsample	gt	62	24286	33	574	1.4081835627555848	47.6694497998946	3.57544779882376	37.852776	36.473125	2872.1257	22587.0	21393.592	1193.408203125
europe	17	downsample	gt	62	23518	65	574	1.4081835627555848	48.624414145636	15.7701519661394	44.14198	33.593502	1451.039	23309.0	13651.995	9657.0048828125
europe	17	downsample	gt	62	29778	152	574	1.4081835627555848	38.7038797225834	30.3993037248915	48.93227	49.49707	1899.3116	17242.0	27426.56	-10184.560546875
europe	17	downsample	gt	63	38990	7	574	1.4038691679636637	38.0327000406154	33.2038025402339	43.97956	25.977125	896.49536	8180.0	4892.252	3287.748046875
europe	17	downsample	gt	63	2632	145	574	1.4038691679636637	30.5095523127043	36.1171512270578	31.385141	53.16203	1626.7771	47737.0	43239.246	4497.75390625
europe	17	downsample	gt	63	26445	176	574	1.4038691679636637	39.6194892641079	28.5575275065944	41.398224	39.39203	936.4038	20539.0	21736.914	-1197.9140625
europe	17	downsample	gt	64	6285	45	574	1.4052286823590596	32.3068493467227	49.7282499073238	34.450195	52.25403	334.34528	43170.0	41939.418	1230.58203125
europe	17	downsample	gt	64	29804	79	574	1.4052286823590596	38.5812789607705	33.0174844504405	40.437153	31.15385	261.03604	17209.0	12454.29	4754.7099609375
europe	17	downsample	gt	64	43789	143	574	1.4052286823590596	50.4703016185216	15.9972365866472	49.74638	28.444792	890.2651	2856.0	3180.2285	-324.228515625
europe	17	downsample	gt	65	41053	57	574	1.4014660954475402	37.9439402448545	30.9673350622805	40.970078	28.69169	389.06024	6047.0	9520.309	-3473.30859375
europe	17	downsample	gt	65	16711	101	574	1.4014660954475402	39.8883920806777	63.7426739374289	46.19386	47.053883	1522.5859	30190.0	26952.955	3237.044921875
europe	17	downsample	gt	65	20724	141	574	1.4014660954475402	55.9810381066868	49.8323584049135	44.084503	41.634796	1444.2543	25970.0	22410.033	3559.966796875
europe	17	downsample	gt	66	17266	93	574	1.4066259582837424	39.3395024009256	58.0714640047758	46.66948	52.22571	942.9089	29457.0	31349.133	-1892.1328125
europe	17	downsample	gt	66	5563	97	574	1.4066259582837424	32.1814457867461	47.4966355590317	38.762215	52.68536	869.2385	44098.0	36550.168	7547.83203125
europe	17	downsample	gt	66	15003	197	574	1.4066259582837424	39.3939958588496	61.0404819667293	43.669483	51.170635	948.2565	32279.0	31888.033	390.966796875
europe	17	downsample	gt	67	19281	43	574	1.4066730618476868	55.830219060578	53.3368715968688	38.824585	38.27531	2194.8079	27456.0	20331.98	7124.01953125
europe	17	downsample	gt	67	28669	82	574	1.4066730618476868	53.705212476366	55.229601632786	55.145893	40.523643	962.8287	18346.0	13371.658	4974.341796875
europe	17	downsample	gt	67	13057	231	574	1.4066730618476868	39.2572442858185	60.9839063849179	40.938118	52.894615	712.6912	34634.0	35180.36	-546.359375
europe	17	downsample	gt	68	84	49	574	1.4013410131136577	30.2417987361324	29.2746789725978	27.567225	54.20003	2439.5464	50937.0	46167.08	4769.921875
europe	17	downsample	gt	68	13986	92	574	1.4013410131136577	41.2777412825399	58.5342567306448	43.008022	52.42639	538.92236	33572.0	32333.822	1238.177734375
europe	17	downsample	gt	68	8560	94	574	1.4013410131136577	39.4394684825426	59.4090493324524	36.25287	56.222183	451.43228	40259.0	40648.98	-389.98046875
europe	17	downsample	gt	69	8079	126	574	1.4062735756238303	36.2465312227784	58.4332489910076	38.823307	53.40835	527.5148	40868.0	40410.445	457.5546875
europe	17	downsample	gt	69	6117	154	574	1.4062735756238303	30.4194129448117	48.8394743284545	33.586895	51.84114	451.7904	43399.0	41977.38	1421.62109375
europe	17	downsample	gt	69	16772	199	574	1.4062735756238303	42.2164708928333	62.9981703617538	44.124653	48.805557	1168.8192	30093.0	31409.648	-1316.6484375
europe	17	downsample	gt	70	35997	77	574	1.4027456005414327	57.0473578534791	45.8259336194753	54.846554	42.91046	304.63937	10986.0	15941.959	-4955.958984375
europe	17	downsample	gt	70	26230	162	574	1.4027456005414327	50.315657757349	10.8033837119745	41.741787	35.744995	2134.7036	20757.0	15928.979	4828.021484375
europe	17	downsample	gt	70	6652	244	574	1.4027456005414327	33.3459181024462	52.6070007908321	34.380966	53.80909	159.88908	42696.0	40602.43	2093.5703125
europe	17	downsample	gt	71	34412	9	574	1.4066293398539225	57.1978936617769	39.324185213038	57.103825	37.20056	128.5082	12574.0	8014.664	4559.3359375
europe	17	downsample	gt	71	6759	64	574	1.4066293398539225	33.3775683144714	51.0215659212981	36.45197	54.206722	448.50397	42567.0	38227.883	4339.1171875
europe	17	downsample	gt	71	9910	76	574	1.4066293398539225	43.4080165045691	60.4794293095517	38.125546	55.107887	741.0308	38486.0	38165.332	320.66796875
europe	17	downsample	gt	72	11237	171	574	1.4076240301132201	39.847770465713	56.0698093481344	41.107414	54.75448	178.86813	36922.0	37973.934	-1051.93359375
europe	17	downsample	gt	72	11942	179	574	1.4076240301132201	40.2585307209281	56.3375719761857	38.74016	51.429188	453.64566	35958.0	36184.19	-226.19140625
europe	17	downsample	gt	72	31890	235	574	1.4076240301132201	46.3409139628655	23.69729559401	53.8784	43.74327	1648.6582	15117.0	18389.305	-3272.3046875
europe	17	downsample	gt	73	29390	16	574	1.4030439098676046	38.1171279079566	38.397929854913	39.430565	32.609535	522.50745	17597.0	15481.876	2115.1240234375
europe	17	downsample	gt	73	26165	75	574	1.4030439098676046	56.4563949889188	48.6554853157202	55.93652	44.3087	274.99796	20836.0	19030.512	1805.48828125
europe	17	downsample	gt	73	22894	123	574	1.4030439098676046	37.2295935801137	-3.01206779561896	38.5927	41.415356	3862.1091	23935.0	26042.393	-2107.392578125
europe	17	downsample	gt	74	38159	59	574	1.4055446624755858	49.0167603271428	25.3476355246645	39.846096	32.701946	1173.7948	8945.0	12950.099	-4005.0986328125
europe	17	downsample	gt	74	9459	194	574	1.4055446624755858	40.1887532576587	60.1136250742213	43.896793	55.10231	583.953	39119.0	34855.25	4263.75
europe	17	downsample	gt	74	31591	214	574	1.4055446624755858	47.4738546197526	12.8958570583953	41.734108	33.688637	1758.8265	15422.0	12847.065	2574.9345703125
europe	17	downsample	gt	75	8204	98	574	1.401877482732137	36.4906372229623	59.8450870316209	34.277966	50.59981	873.0847	40687.0	41770.152	-1083.15234375
europe	17	downsample	gt	75	21307	175	574	1.401877482732137	36.5729701375453	29.9152225744024	38.977768	37.489983	717.14795	25427.0	22741.65	2685.349609375
europe	17	downsample	gt	75	41208	234	574	1.401877482732137	46.8236230069025	23.9695475005925	47.00622	30.200613	473.5934	5843.0	7740.259	-1897.2587890625
europe	17	downsample	gt	76	5791	120	574	1.4074307362238565	29.9269557257894	51.2378383782838	31.762028	51.542213	206.10892	43807.0	33070.008	10736.9921875
europe	17	downsample	gt	76	32311	218	574	1.4074307362238565	39.789569748552	37.3177208614853	41.301533	43.40568	541.0413	14722.0	20860.986	-6138.986328125
europe	17	downsample	gt	76	4760	248	574	1.4074307362238565	29.4696542375928	45.8584430539363	25.953705	51.310192	663.81714	45092.0	35974.84	9117.16015625
europe	17	downsample	gt	77	7895	48	574	2.4059756676356	35.9201305577435	60.115203299472	31.686539	51.13089	953.70386	41083.0	39997.83	1085.171875
europe	17	downsample	gt	77	37922	134	574	2.4059756676356	39.5697685749431	32.8679660958375	40.62778	29.603895	301.5036	9194.0	9647.863	-453.86328125
europe	17	downsample	gt	77	16799	178	574	2.4059756676356	40.3263150028041	61.9835661274199	44.758095	46.958202	1323.4369	30059.0	24706.914	5352.0859375
europe	17	downsample	gt	78	6094	115	574	1.4022907813390095	30.7554224397501	55.5173741561721	26.367826	46.077995	1042.4287	43414.0	39868.555	3545.4453125
europe	17	downsample	gt	78	45451	125	574	1.4022907813390095	51.5209828629865	18.6826112978407	52.886024	26.468374	551.5415	535.0	-1876.1023	2411.102294921875
europe	17	downsample	gt	78	10009	226	574	1.4022907813390095	40.492792714207	58.9074186623469	41.31142	50.15633	740.7667	38386.0	34156.11	4229.890625
europe	17	downsample	gt	79	34939	8	574	1.4060616652170816	45.5660174192103	24.5371881133177	40.90407	35.578194	1032.4612	12061.0	16932.318	-4871.318359375
europe	17	downsample	gt	79	31503	30	574	1.4060616652170816	37.9904307615999	33.937472889505	37.87018	37.09477	277.22302	15533.0	20401.908	-4868.908203125
europe	17	downsample	gt	79	41744	67	574	1.4060616652170816	48.9447584933681	17.3562232868628	52.98365	28.163374	878.7227	5223.0	901.91003	4321.0899658203125
europe	17	downsample	gt	80	24204	138	574	1.403460439046224	38.1094846530522	33.1046526007912	44.071697	42.90776	1054.3949	22674.0	23236.926	-562.92578125
europe	17	downsample	gt	80	10788	219	574	1.403460439046224	37.0289002183355	59.9955394319028	40.57725	55.071312	580.98254	37449.0	37964.78	-515.78125
europe	17	downsample	gt	80	28869	222	574	1.403460439046224	46.2737218318217	23.270760584355	41.67563	32.13017	873.2129	18118.0	12118.433	5999.5673828125
europe	17	downsample	gt	81	45194	85	574	1.408319612344106	52.0646671226942	23.6822676753375	50.199463	32.57655	653.85724	1135.0	8375.044	-7240.0439453125
europe	17	downsample	gt	81	15041	137	574	1.408319612344106	40.0307603841802	60.0721503741557	44.782936	45.284866	1321.5688	32227.0	29566.9	2660.099609375
europe	17	downsample	gt	81	28941	148	574	1.408319612344106	49.1696012211861	3.59381872665867	37.444332	35.816254	2885.395	18027.0	21994.627	-3967.626953125
europe	17	downsample	gt	82	31538	5	574	0.7252148270606995	35.8546685219402	39.2175383987633	40.46141	51.439228	1183.5802	15495.0	178.53421	15316.465789794922
europe	17	downsample	gt	82	4947	51	574	0.7252148270606995	31.6672860958789	46.0408924823327	30.827478	41.981857	396.9808	44869.0	146.60783	44722.392166137695
europe	17	downsample	gt	82	19660	220	574	0.7252148270606995	59.9458343862762	43.6990456221483	40.650616	49.94524	2188.6052	27069.0	172.87456	26896.125442504883
europe	17	downsample	gt	83	6121	86	574	1.4036168336868287	31.1671173759361	54.1116143794717	30.852594	49.04039	484.52255	43387.0	40958.586	2428.4140625
europe	17	downsample	gt	83	18306	116	574	1.4036168336868287	41.4295236165435	57.6365967730721	40.910145	44.69852	1083.4875	28281.0	27034.096	1246.904296875
europe	17	downsample	gt	83	15187	129	574	1.4036168336868287	37.5047566775669	61.462157808378	42.860268	48.537453	1247.1165	32008.0	28931.486	3076.513671875
