190004990	1680	1772	2	1393	0
190008688	3757	4	0	1086	0
190009701	2419	1244	0	1184	0
190010028	3611	51	0	1185	0
190010245	1866	956	0	2025	0
190010308	3379	784	0	684	0
190010735	3972	1	0	874	0
190013680	3161	17	0	1669	0
190020770	3111	365	0	1371	0
190021536	2668	764	0	1415	0
190022936	2641	1131	2	1073	0
190025493	4033	378	0	436	0
190036140	3412	384	0	1051	0
190036693	3319	922	0	606	0
190038095	2373	11	0	2463	0
190042680	3382	759	0	706	0
190042706	3412	297	0	1138	0
190051347	2877	1063	1	906	0
190057680	2165	511	0	2171	0
190060095	3614	483	0	750	0
190063211	4137	335	0	375	0
190064165	2363	506	0	1978	0
190070861	3031	355	1	1460	0
190070919	3471	173	0	1203	0
190072935	3659	248	1	939	0
190074054	4205	0	0	642	0
190079736	3667	67	0	1113	0
190082594	2991	807	1	1048	0
190086179	2779	1130	2	936	0
190091352	3448	576	0	823	0
190096421	4192	344	0	311	0
190099810	2219	333	0	2295	0
190102031	2530	929	0	1388	0
190102883	2480	6	0	2361	0
190104227	3146	883	0	818	0
190104315	3644	155	0	1048	0
190104929	3468	182	0	1197	0
190107648	2191	1365	2	1289	0
190107883	2020	1492	2	1333	0
190108881	3220	819	0	808	0
190112653	3520	442	0	885	0
190113163	2987	0	0	1860	0
190116362	4229	596	0	22	0
190117274	4108	79	0	660	0
190128081	4181	212	0	454	0
190131750	4040	144	0	663	0
190135811	3163	1266	0	418	0
190146769	3814	16	0	1017	0
190149198	2715	407	1	1724	0
190152217	2897	888	2	1060	0
190152876	2412	283	1	2151	0
190155633	2174	907	0	1766	0
190158234	3602	155	0	1090	0
190164775	2796	194	0	1857	0
190170732	2484	289	1	2073	0
190175182	2846	923	2	1076	0
190176008	3026	995	0	826	0
190176259	3789	487	0	571	0
190182496	2468	999	0	1380	0
190186387	3809	244	1	793	0
190205783	4069	339	0	439	0
190212077	2543	1	0	2303	0
190213697	1443	1564	0	1840	0
190218239	2705	6	0	2136	0
190220059	3004	1171	1	671	0
190227948	2778	286	1	1782	0
190237900	4223	327	0	297	0
190239907	3336	784	0	727	0
190239919	3019	922	0	906	0
190256835	1909	411	0	2527	0
190259941	2806	979	2	1060	0
190260168	3621	179	1	1046	0
190263214	2817	1644	0	386	0
190263977	3450	9	0	1388	0
190271930	4306	74	0	467	0
190272976	4287	238	0	322	0
190281673	3471	0	0	1376	0
190284018	2273	1	0	2573	0
190284647	2381	49	0	2417	0
190287713	3463	766	1	617	0
190288297	2026	1225	0	1596	0
190290366	3064	6	0	1777	0
190291699	3126	1	0	1720	0
190298512	3064	2	0	1781	0
190303149	1859	1736	0	1252	0
190304839	4115	459	0	273	0
190306342	1724	1885	0	1238	0
190307072	3651	255	0	941	0
190307177	3261	813	0	773	0
190322712	4068	4	1	774	0
190326628	3366	216	0	1265	0
190330335	1828	1509	1	1509	0
190342876	3099	1161	0	587	0
190347665	3447	603	1	796	0
190348016	2196	2185	1	465	0
190351677	2768	345	1	1733	0
190366496	1517	2180	1	1149	0
190371671	2325	428	0	2094	0
190376525	3326	7	0	1514	0
190377988	1941	1363	1	1542	0
190383667	2295	2076	0	476	0
190383968	3500	2	0	1345	0
190385136	3473	204	1	1169	0
190385714	3914	753	0	180	0
190389741	3626	367	1	853	0
190399621	3012	0	0	1835	0
190399946	2757	616	1	1473	0
190402554	2713	2064	0	70	0
190404508	3222	1617	0	8	0
190406331	4157	144	2	544	0
190410223	3984	106	0	757	0
190412764	1872	315	0	2660	0
190412944	1777	636	1	2433	0
190418653	3278	656	1	912	0
190418961	3814	705	1	327	0
190424966	3888	171	1	787	0
190430409	1938	303	0	2606	0
190433413	4001	292	1	553	0
190436676	3496	480	1	870	0
190441481	3189	315	0	1343	0
190442971	3666	962	0	219	0
190446098	2977	1264	0	606	0
190446253	2737	1083	1	1026	0
190456126	2598	396	0	1853	0
190458764	4308	380	0	159	0
190459007	2357	440	1	2049	0
190460227	4429	269	0	149	0
190460509	4011	360	0	476	0
190460578	1956	514	0	2377	0
190463473	4123	5	0	719	0
190466822	1930	1979	1	937	0
190472727	3119	794	1	933	0
190476627	2857	173	0	1817	0
190476831	3748	47	0	1052	0
190483784	3365	1081	1	400	0
190485034	4120	486	0	241	0
190485500	3074	1300	0	473	0
190492280	4193	281	1	372	0
190492543	3922	648	0	277	0
190496007	4182	81	1	583	0
190496045	4091	94	1	661	0
190497340	2878	297	0	1672	0
190501742	1601	159	0	3087	0
190503966	3816	158	0	873	0
190504197	4037	100	0	710	0
190510003	4339	268	1	239	0
190514183	2470	1988	0	389	0
190522315	2416	351	0	2080	0
190528074	3479	215	0	1153	0
190529516	2927	13	0	1907	0
190530697	2788	364	0	1695	0
190531642	3765	435	1	646	0
190531999	2128	1149	1	1569	0
190533700	2232	334	0	2281	0
190533711	2344	1110	1	1392	0
190536070	3646	618	3	580	0
190543311	3772	1064	0	11	0
190545283	4054	423	1	369	0
190546031	4312	213	0	322	0
190548529	2733	634	2	1478	0
190549233	4027	124	0	696	0
190551418	4014	406	1	426	0
190552365	3694	123	1	1029	0
190558106	3688	105	0	1054	0
190559288	2988	1642	1	216	0
190560021	2513	547	1	1786	0
190566014	2454	1782	1	610	0
190567035	2733	300	0	1814	0
190569947	2497	745	2	1603	0
190570848	3412	209	2	1224	0
190574644	3947	72	0	828	0
190577336	3065	1619	1	162	0
190581372	3220	247	0	1380	0
190581761	2367	1	0	2479	0
190582368	4231	211	0	405	0
190582618	3172	381	2	1292	0
190583153	2187	816	0	1844	0
190583615	4386	79	1	381	0
190588074	1474	45	0	3328	0
190588300	2987	370	0	1490	0
190593964	3592	563	1	691	0
190594968	2495	429	1	1922	0
190597478	2025	500	2	2320	0
190604337	2460	317	1	2069	0
190608808	3824	181	0	842	0
190615637	4030	547	1	269	0
190624011	3475	52	0	1320	0
190633751	2221	333	1	2292	0
190634131	2314	339	2	2192	0
190634151	1972	362	1	2512	0
190634200	2484	907	1	1455	0
190635780	3523	161	0	1163	0
190637116	2573	1196	0	1078	0
190645553	3927	440	0	480	0
190648859	3094	780	1	972	0
190650449	2815	293	1	1738	0
190651533	1751	979	1	2116	0
190653512	3728	1007	0	112	0
190655320	2583	1036	0	1228	0
190658429	3882	15	0	950	0
190664289	4032	236	1	578	0
190670697	4068	216	1	562	0
190670915	4301	140	1	405	0
190671884	3905	246	1	695	0
190675536	2902	780	2	1163	0
190679850	4380	64	1	402	0
190681824	2243	896	1	1707	0
190682509	1781	409	0	2657	0
190684263	4395	1	0	451	0
190687458	4043	392	0	412	0
190687853	3426	823	0	598	0
190689428	2298	52	0	2497	0
190694813	4253	214	1	379	0
190697022	3238	900	2	707	0
190697042	3618	131	0	1098	0
190707275	3702	973	0	172	0
190709144	2639	337	1	1870	0
190713300	2419	690	1	1737	0
190713980	2685	1124	2	1036	0
190718173	3954	69	0	824	0
190719032	4272	75	0	500	0
190722425	3522	27	0	1298	0
190722671	2950	140	1	1756	0
190734565	3820	22	0	1005	0
190735457	4132	190	1	524	0
190744790	3099	119	1	1628	0
190745969	4015	112	1	719	0
190749781	2575	156	0	2116	0
190752173	2010	0	0	2837	0
190756155	2335	189	0	2323	0
190756262	2694	792	3	1358	0
190757036	3437	208	1	1201	0
190759102	3353	5	0	1489	0
190760328	3846	1	0	1000	0
190760498	1855	1541	2	1449	0
190760788	3709	142	1	995	0
190764092	3237	871	0	739	0
190764197	2728	1027	0	1092	0
190769794	3149	207	0	1491	0
190773629	3662	11	0	1174	0
190773829	1873	329	0	2645	0
190776743	2708	59	0	2080	0
190777826	3472	26	0	1349	0
190782034	3452	39	0	1356	0
190785818	2352	284	0	2211	0
190794433	3306	764	0	777	0
190795621	2094	1487	0	1266	0
190796378	2331	632	3	1881	0
190799545	3661	178	1	1007	0
190799752	1845	335	0	2667	0
190801615	1893	1509	2	1443	0
190802275	3577	8	0	1262	0
190802683	1917	775	3	2152	0
190804630	3578	911	2	356	0
190806186	2065	1222	2	1558	0
190811488	3423	7	0	1417	0
190812123	3407	258	3	1179	0
190812578	2927	6	0	1914	0
190813289	2645	802	1	1399	0
190818216	2839	1655	2	351	0
190825536	3024	1473	2	348	0
190827087	4279	433	0	135	0
190833014	1553	1050	0	2244	0
190833409	1905	2416	2	524	0
190833506	1899	6	0	2942	0
190834267	1806	2586	2	453	0
190834358	2409	2020	2	416	0
190834797	3508	1136	2	201	0
190837957	2484	888	3	1472	0
190841394	2636	450	3	1758	0
190841673	2069	2295	2	481	0
190844249	3008	651	2	1186	0
190845460	2874	1124	3	846	0
190847263	2799	1629	0	419	0
190850400	2940	438	1	1468	0
190850980	3238	2	0	1607	0
190855691	2855	453	3	1536	0
190856240	2430	1934	2	481	0
190858591	4204	548	2	93	0
190860403	4166	585	0	96	0
190863011	4336	131	1	379	0
190864892	2291	35	0	2521	0
190868520	2101	935	2	1809	0
190872337	3661	857	0	329	0
190872645	3900	349	0	598	0
190874331	3993	109	1	744	0
190876141	2589	1837	2	419	0
190879020	3014	0	0	1833	0
190883422	2495	1649	2	701	0
190885399	2089	1806	0	952	0
190894392	1843	676	0	2328	0
190894924	3325	353	0	1169	0
190895591	3992	221	0	634	0
190896473	2801	899	2	1145	0
190896859	2640	38	0	2169	0
190896933	3259	409	2	1177	0
190897687	1830	620	2	2395	0
190897974	3020	618	2	1207	0
190898476	1665	6	0	3176	0
190901041	3225	433	2	1187	0
190903993	3502	345	2	998	0
190908741	3291	339	0	1217	0
190914777	3162	1351	2	332	0
190916796	3160	1	0	1686	0
190919517	2309	6	0	2532	0
190921719	2262	1073	0	1512	0
190923380	2694	489	1	1663	0
190923429	3168	4	0	1675	0
190923837	3518	678	0	651	0
190929003	2595	199	0	2053	0
190929421	3873	922	0	52	0
190932733	2210	722	1	1914	0
190934017	3246	1356	0	245	0
190934383	3750	507	0	590	0
190935277	2697	1620	0	530	0
190940126	2622	938	0	1287	0
190943406	2732	900	0	1215	0
190944360	2746	872	2	1227	0
190952999	3856	129	0	862	0
190962403	1611	824	1	2411	0
190963860	3395	269	1	1182	0
190965934	4197	150	1	499	0
190977609	3554	583	0	710	0
190979916	2107	1	0	2739	0
190989756	2592	1876	0	379	0
190990146	3585	608	0	654	0
190992075	3569	1043	1	234	0
191005111	1877	717	1	2252	0
191012376	2184	671	1	1991	0
191016101	3365	423	1	1058	0
191016342	2590	478	1	1778	0
191018849	1494	510	0	2843	0
191022593	1866	396	0	2585	0
191031600	3769	1	0	1077	0
191034512	3129	637	1	1080	0
191045247	1754	382	0	2711	0
191050262	1940	666	1	2240	0
191062388	2385	1531	1	930	0
191065967	2998	140	0	1709	0
191069587	2186	282	0	2379	0
191076486	3092	1092	1	662	0
191084822	2696	1548	1	602	0
191086114	3774	271	0	802	0
191095755	1718	1828	2	1299	0
191098914	2282	1580	2	983	0
191103162	4273	340	2	232	0
191103819	4089	355	1	402	0
191106026	3682	540	1	624	0
191106183	2492	1019	1	1335	0
191117027	1467	407	0	2973	0
191124173	3275	921	2	649	0
191133789	3870	511	2	464	0
191134645	1660	469	0	2718	0
191136824	3183	948	2	714	0
191139166	3323	673	2	849	0
191149630	3660	637	0	550	0
191150439	2891	350	0	1606	0
191151059	3019	47	0	1781	0
191153510	3784	270	0	793	0
191157872	1689	1547	0	1611	0
191158206	1919	1508	0	1420	0
191160058	3936	1	0	910	0
191165564	2598	1004	0	1245	0
191179176	2367	1017	0	1463	0
191180003	1834	2030	0	983	0
191180990	4113	495	0	239	0
191187375	2770	1394	0	683	0
191191530	1903	873	0	2071	0
191195800	3017	694	0	1136	0
191199033	2521	549	0	1777	0
191210269	2799	659	0	1389	0
191220906	3277	564	0	1006	0
191224970	2825	662	0	1360	0
191226198	3841	287	1	718	0
191231062	2477	631	0	1739	0
191244858	3487	84	0	1276	0
191247138	3498	1101	0	248	0
191247589	4068	620	0	159	0
191247886	2242	157	0	2448	0
191257627	4340	93	0	414	0
191259736	2101	836	0	1910	0
191259879	2671	708	0	1468	0
191262661	3319	2	0	1526	0
191263053	3708	439	0	700	0
191265832	2699	366	0	1782	0
191272940	3138	281	0	1428	0
191277082	3896	784	0	167	0
191279242	3908	293	0	646	0
191281247	2814	134	0	1899	0
191286691	2810	356	0	1681	0
191286974	4054	54	0	739	0
191291742	2665	529	0	1653	0
191301131	3727	252	1	867	0
191301433	3878	785	0	184	0
191305526	3820	689	0	338	0
191309805	2637	415	0	1795	0
191316648	2668	1439	0	740	0
191317107	3029	592	0	1226	0
191317201	2399	1680	0	768	0
191320291	2968	552	0	1327	0
191321186	4392	56	0	399	0
191331855	2971	1863	0	13	0
191349614	3550	637	0	660	0
191362050	3344	398	0	1105	0
191371865	3502	50	0	1295	0
191375688	2913	320	1	1613	0
191386639	3897	355	0	595	0
191389270	3751	5	0	1091	0
191390753	3384	8	0	1455	0
191391663	3955	320	1	571	0
191392523	2651	740	0	1456	0
191393679	3905	366	0	576	0
191395497	3913	820	0	114	0
191397516	3227	1206	1	413	0
191406473	3879	1	0	967	0
191409975	2524	1669	0	654	0
191410076	2415	42	0	2390	0
191428481	3297	89	1	1460	0
191429227	4034	362	1	450	0
191429504	3000	712	0	1135	0
191430223	4262	70	0	515	0
191433463	4038	82	0	727	0
191437899	2931	1482	0	434	0
191446589	3374	80	0	1393	0
191449983	2551	1736	1	559	0
191461104	3167	139	1	1540	0
191462474	2288	976	0	1583	0
191467283	4231	107	0	509	0
191478482	3825	311	0	711	0
191480148	3830	354	0	663	0
191481432	3248	738	0	861	0
191484339	4372	346	0	129	0
191491194	3793	334	0	720	0
191491273	3794	138	0	915	0
191493450	3428	841	0	578	0
191496074	3652	0	0	1195	0
191497548	1791	451	0	2605	0
191500470	1829	10	0	3008	0
191502099	2767	707	0	1373	0
191505973	2431	383	1	2032	0
191507200	3656	573	2	616	0
191510852	2036	1569	2	1240	0
191511510	2580	1106	0	1161	0
191518936	3889	469	0	489	0
191521306	2704	333	0	1810	0
191525413	3680	203	0	964	0
191528503	3755	2	0	1090	0
191544441	3547	482	0	818	0
191544785	4020	277	1	549	0
191544894	3587	1	0	1259	0
191547994	3613	819	0	415	0
191558022	1692	640	2	2513	0
191558101	1795	2718	1	333	0
191558155	2237	582	2	2026	0
191559356	4306	482	0	59	0
191562066	2741	734	2	1370	0
191563157	3428	731	0	688	0
191568395	4262	472	0	113	0
191571287	2203	490	2	2152	0
191577392	2033	1015	0	1799	0
191579301	2860	816	1	1170	0
191586713	4045	68	1	733	0
191586972	2006	470	0	2371	0
191590362	3787	471	0	589	0
191590626	1886	1285	1	1675	0
191595538	2977	707	0	1163	0
191599645	4156	262	0	429	0
191606863	3837	867	1	142	0
191610760	2403	1897	3	544	0
191614636	3061	103	0	1683	0
191615655	2342	2100	1	404	0
191618082	1879	2268	1	699	0
191618129	3354	135	0	1358	0
191619165	2720	304	1	1822	0
191619550	3695	345	1	806	0
191623693	3957	480	2	408	0
191624744	3860	73	0	914	0
191627004	2586	283	1	1977	0
191629117	2867	1	0	1979	0
191631257	3483	1	0	1363	0
191633138	3306	264	2	1275	0
191633346	3018	267	0	1562	0
191636974	4243	17	0	587	0
191638186	2377	795	1	1674	0
191638233	3767	877	1	202	0
191640183	4254	0	0	593	0
191640296	3813	4	0	1030	0
191640891	1804	413	0	2630	0
191641336	3847	303	0	697	0
191642084	4047	171	0	629	0
191642616	3793	190	0	864	0
191643850	2106	290	0	2451	0
191646281	3222	305	0	1320	0
191654036	2119	1548	0	1180	0
191661348	3248	2	0	1597	0
191667913	4029	31	0	787	0
191670376	3063	712	1	1071	0
191675417	2844	402	0	1601	0
191677851	2998	322	0	1527	0
191678015	3282	775	0	790	0
191681670	2436	118	0	2293	0
191685442	2317	1098	0	1432	0
191685518	3530	570	0	747	0
191685910	3106	846	0	895	0
191689375	1951	426	2	2468	0
191689401	2101	139	0	2607	0
191693460	2299	2027	1	520	0
191707320	2655	1117	0	1075	0
191708687	2831	297	2	1717	0
191712635	3796	432	0	619	0
191714607	1994	360	1	2492	0
191719427	2217	1731	0	899	0
191721463	2559	1924	1	363	0
191721949	3917	290	0	640	0
191724075	3810	48	0	989	0
191728182	4077	114	1	655	0
191749151	3334	274	2	1237	0
191749508	2972	506	0	1369	0
191751272	1471	625	0	2751	0
191755233	2147	1808	2	890	0
191755912	3597	659	2	589	0
191758487	2327	773	0	1747	0
191760299	1552	589	2	2704	0
191772972	4018	304	2	523	0
191775629	4343	15	0	489	0
191776078	2651	349	0	1847	0
191777520	3658	238	0	951	0
191779192	3495	535	2	815	0
191786574	4010	26	0	811	0
191798964	3535	112	1	1199	0
191799462	3878	42	0	927	0
191805526	3985	517	0	345	0
191809043	3521	4	0	1322	0
191811151	2973	2	0	1872	0
191815643	2242	502	2	2101	0
191819777	3925	210	2	710	0
191819881	2744	213	1	1889	0
191822724	2159	393	1	2294	0
191823868	3246	53	0	1548	0
191836316	4141	192	0	514	0
191838017	2436	1545	0	866	0
191840926	2527	981	1	1338	0
191840970	2436	1698	0	713	0
191849764	1745	1147	1	1954	0
191851625	3461	8	0	1378	0
191851713	3402	522	2	921	0
191855740	3775	632	1	439	0
191861377	3521	390	1	935	0
191862551	3995	87	1	764	0
191863963	3797	44	0	1006	0
191865100	3590	110	0	1147	0
191866249	1770	195	0	2882	0
191867252	3705	9	0	1133	0
191868080	3379	1003	0	465	0
191868313	2200	1033	1	1613	0
191868441	3914	388	1	544	0
191870504	2627	225	0	1995	0
191871493	3208	36	0	1603	0
191872334	4122	69	0	656	0
191875752	3348	121	0	1378	0
191893808	3931	431	1	484	0
191896753	3163	431	2	1251	0
191903159	3633	154	1	1059	0
191903992	3823	329	1	694	0
191911219	3979	418	1	449	0
191914013	3947	5	0	895	0
191916122	2865	1101	1	880	0
191919101	1993	276	1	2577	0
191923076	2610	636	2	1599	0
191924125	3886	307	2	652	0
191924244	1896	1509	1	1441	0
191928253	3995	91	0	761	0
191939788	2626	119	1	2101	0
191946024	3381	25	0	1441	0
191953675	3677	1052	0	118	0
191954328	3954	3	0	890	0
191955405	2118	1271	1	1457	0
191962527	1764	380	0	2703	0
191965676	2903	224	2	1718	0
191969983	3548	139	0	1160	0
191975137	3502	47	0	1298	0
191979580	4141	99	2	605	0
191983048	2507	560	1	1779	0
191983858	3773	395	0	679	0
191988621	2333	266	2	2246	0
191989360	3035	276	2	1534	0
192001465	2630	291	0	1926	0
192006638	3952	102	2	791	0
192008037	3271	701	1	874	0
192011987	2372	2259	2	214	0
192016893	2873	912	3	1059	0
192017623	4242	445	0	160	0
192021513	1857	1416	3	1571	0
192021769	1721	1450	3	1673	0
192023003	2626	1064	3	1154	0
192025946	3312	3	0	1532	0
192028868	3123	4	0	1720	0
192033140	2774	571	2	1500	0
192039382	3263	3	0	1581	0
192040576	4412	386	0	49	0
192041106	1782	1828	3	1234	0
192044734	1781	361	2	2703	0
192046447	2681	1287	3	876	0
192054435	2177	1	0	2669	0
192054477	2718	899	3	1227	0
192056067	2091	1226	3	1527	0
192059022	4246	74	1	526	0
192060662	3032	184	2	1629	0
192069031	1505	366	2	2974	0
192072520	3347	857	1	642	0
192074419	2386	2172	0	289	0
192074537	2262	1176	1	1408	0
192074894	2456	146	1	2244	0
192076535	3683	516	1	647	0
192078551	3256	220	2	1369	0
192081347	3733	135	2	977	0
192081869	3420	1294	0	133	0
192085298	3193	1247	0	407	0
192088638	3702	576	3	566	0
192091291	3551	375	0	921	0
192093098	1759	666	2	2420	0
192096277	3177	511	1	1158	0
192098612	4117	6	0	724	0
192099777	4144	131	2	570	0
192100668	2119	1845	1	882	0
192108216	2202	1	0	2644	0
192111059	4285	296	0	266	0
192114806	2749	243	0	1855	0
192120953	2152	1866	1	828	0
192130474	2420	388	1	2038	0
192137558	2935	4	0	1908	0
192151174	3988	469	1	389	0
192160274	2990	1283	1	573	0
192162949	3512	733	0	602	0
192165292	1554	319	1	2973	0
192167887	3028	10	0	1809	0
192169796	1620	2234	1	992	0
192199554	3555	573	0	719	0
192204463	1540	693	3	2611	0
192205562	2918	776	2	1151	0
192206032	2744	843	0	1260	0
192207628	3023	29	0	1795	0
192208913	2162	533	1	2151	0
192211842	1745	1232	0	1870	0
192212322	2714	195	1	1937	0
192215064	2101	201	0	2545	0
192225979	1790	441	1	2615	0
192229056	1602	470	1	2774	0
192233536	4090	147	1	609	0
192236376	2782	847	2	1216	0
192243897	3707	9	0	1131	0
192243923	3774	5	0	1068	0
192245030	1773	423	1	2650	0
192246590	4218	249	0	380	0
192249116	1876	611	3	2357	0
192259645	2902	368	1	1576	0
192260668	3420	273	1	1153	0
192263786	3214	12	0	1621	0
192268839	2634	800	2	1411	0
192275796	3577	201	1	1068	0
192277049	3126	258	1	1462	0
192281969	1665	2	0	3180	0
192283229	2777	754	2	1314	0
192292787	2722	34	0	2091	0
192294011	3426	215	1	1205	0
192296038	4152	292	0	403	0
192300077	2681	7	0	2159	0
192304799	2969	29	0	1849	0
192306425	3693	88	0	1066	0
192310247	1699	678	2	2468	0
192313535	2983	192	1	1671	0
192315253	3238	342	1	1266	0
192317785	4381	199	0	267	0
192320329	2278	2	0	2567	0
192323415	3693	56	0	1098	0
192323753	3345	255	1	1246	0
192323981	4150	122	1	574	0
192326007	2544	430	1	1872	0
192326277	2021	595	2	2229	0
192327772	3225	6	0	1616	0
192328455	1985	553	1	2308	0
192351266	4205	147	1	494	0
192353005	3814	128	0	905	0
192356989	2489	415	2	1941	0
192363315	3023	2	0	1822	0
192364147	1988	0	0	2859	0
192369866	2134	2418	0	295	0
192370110	1887	2652	1	307	0
192372355	3453	1216	0	178	0
192372674	3013	1291	1	542	0
192373779	3507	769	1	570	0
192374997	3491	5	1	1350	0
192377556	3059	1171	2	615	0
192378308	2443	1	0	2403	0
192378909	2135	9	1	2702	0
192378979	1855	539	1	2452	0
192387427	3653	31	1	1162	0
192390039	3893	6	1	947	0
192390473	3799	8	1	1039	0
192390633	2751	1785	1	310	0
192407679	2052	244	1	2550	0
192410674	1824	313	1	2709	0
192411202	2558	1030	1	1258	0
192411280	3014	367	0	1466	0
192414422	3976	157	0	714	0
192414988	2870	1028	2	947	0
192417680	4002	74	0	771	0
192418433	3808	250	0	789	0
192418922	3880	239	0	728	0
192418962	3077	460	1	1309	0
192419245	1971	4	0	2872	0
192421227	2824	440	0	1583	0
192424135	2317	599	0	1931	0
192424968	3600	5	0	1242	0
192427901	2280	536	0	2031	0
192430085	2610	995	1	1241	0
192430497	1842	756	0	2249	0
192431400	3106	35	0	1706	0
192431998	3051	18	0	1778	0
192457756	2193	4	0	2650	0
192461456	2675	335	4	1833	0
192469303	3721	3	0	1123	0
192476716	3480	1069	0	298	0
192479609	2320	23	0	2504	0
192481285	2129	1798	1	919	0
192484169	4308	334	1	204	0
192485318	3706	1	0	1140	0
192485470	2880	1198	1	768	0
192486308	2371	1711	1	764	0
192487042	1824	41	0	2982	0
192489724	2572	268	0	2007	0
192498901	3317	3	1	1526	0
192502783	3083	1034	1	729	0
192509866	2246	7	0	2594	0
192510030	3245	1189	0	413	0
192510350	2483	6	0	2358	0
192510957	2770	161	1	1915	0
192511183	2993	378	1	1475	0
192515849	2246	1640	3	958	0
192519865	2402	1903	1	541	0
192520271	3159	1	0	1687	0
192521764	4361	8	0	478	0
192521978	1954	2	0	2891	0
192522918	2932	1	0	1914	0
192523807	2051	342	1	2453	0
192524049	3870	686	1	290	0
192524269	2045	2277	1	524	0
192530615	2425	1860	3	559	0
192533518	3341	104	1	1401	0
192536758	2510	1791	1	545	0
192536813	2841	1502	1	503	0
192538496	1795	2188	0	864	0
192540520	1878	90	0	2879	0
192541021	2584	1710	1	552	0
192541733	2513	6	0	2328	0
192543623	3359	93	0	1395	0
192544795	1951	2301	0	595	0
192545099	3429	1021	2	395	0
192547052	2475	138	0	2234	0
192547710	2637	943	1	1266	0
192547791	2047	91	0	2709	0
192548045	3251	248	0	1348	0
192549912	2158	169	0	2520	0
192551624	2527	632	1	1687	0
192551676	3273	504	0	1070	0
192552600	3960	239	1	647	0
192553865	2023	349	0	2475	0
192553946	3114	203	0	1530	0
192555470	2951	110	0	1786	0
192556309	1736	398	0	2713	0
192557002	2866	5	0	1976	0
192558683	3922	169	0	756	0
192559460	1694	176	0	2977	0
192559646	1851	377	0	2619	0
192559726	2735	3	0	2109	0
192560454	2833	36	0	1978	0
192561472	3728	238	1	880	0
192561545	3307	666	1	873	0
192561712	3244	229	1	1373	0
192562158	3953	197	1	696	0
192563351	2326	109	0	2412	0
192567674	3953	139	0	755	0
192568943	4139	431	1	276	0
192569061	1706	1148	2	1991	0
192569198	1867	1332	1	1647	0
192570002	3073	722	4	1048	0
192570150	3429	323	1	1094	0
192570707	4139	90	0	618	0
192572111	1842	2380	1	624	0
192575730	2575	6	0	2266	0
192578390	1701	508	0	2638	0
192578636	3767	1045	0	35	0
192578940	1448	1188	2	2209	0
192578992	1371	701	1	2774	0
192581100	3551	567	4	725	0
192581115	3245	710	2	890	0
192583395	3234	278	1	1334	0
192584350	2519	2322	0	6	0
192584795	3305	843	3	696	0
192589418	3533	559	2	753	0
192589752	2522	1041	2	1282	0
192598635	2108	703	2	2034	0
192601784	2126	121	0	2600	0
192602512	1896	128	1	2822	0
192603690	3514	588	0	745	0
192607587	3800	46	0	1001	0
192608458	2147	107	1	2592	0
192609268	3460	675	0	712	0
192612394	3504	1270	1	72	0
192614316	1957	2	0	2888	0
192616680	4154	367	1	325	0
192618785	2853	125	0	1869	0
192620453	1774	2920	0	153	0
192620483	1663	159	0	3025	0
192621580	1998	1154	0	1695	0
192625360	2058	179	0	2610	0
192626761	2249	1	0	2597	0
192626826	1952	1702	3	1190	0
192626856	2586	1063	3	1195	0
192627124	1872	205	0	2770	0
192631158	2665	1018	0	1164	0
192644450	2228	1336	2	1281	0
192645772	3897	32	0	918	0
192660401	2216	1298	2	1331	0
192660758	3160	0	2	1685	0
192664002	2880	257	0	1710	0
192670237	3772	568	0	507	0
192672496	4012	43	0	792	0
192672605	2784	8	0	2055	0
192672910	2202	95	0	2550	0
192675664	3002	167	0	1678	0
192682671	4182	57	0	608	0
192693582	3355	91	0	1401	0
192696196	2560	1008	2	1277	0
192696385	1943	5	0	2899	0
192696582	4035	54	0	758	0
192704697	4046	376	0	425	0
192712413	3588	72	0	1187	0
192714077	3084	12	0	1751	0
192715815	3026	777	2	1042	0
192718080	4271	10	0	566	0
192719371	3787	93	0	967	0
192721711	2200	1032	3	1612	0
192730505	1854	1219	2	1772	0
192732350	1539	1435	2	1871	0
192734274	1803	1409	2	1633	0
192737445	2473	992	2	1380	0
192743717	1442	1527	2	1876	0
192744533	1875	1348	2	1622	0
192744812	3791	563	0	493	0
192746141	1915	3	0	2929	0
192755492	3436	512	1	898	0
192755994	2829	165	0	1853	0
192756895	3117	564	3	1163	0
192757432	1811	1094	1	1941	0
192758083	3670	533	3	641	0
192758558	1927	233	0	2687	0
192758615	1927	1293	3	1624	0
192759186	1811	297	0	2739	0
192759617	1619	1140	3	2085	0
192763529	2649	6	0	2192	0
192764820	2271	361	0	2215	0
192764888	2406	678	1	1762	0
192765128	2668	1153	3	1023	0
192765943	2840	1151	3	853	0
192768324	2430	242	0	2175	0
192768710	2841	519	1	1486	0
192770933	2871	1053	3	920	0
192771062	3650	174	0	1023	0
192778997	2230	16	0	2601	0
192779087	2216	2	0	2629	0
192784838	3979	264	1	603	0
192785898	3980	6	0	861	0
192795419	2883	1411	0	553	0
192796240	3346	1168	0	333	0
192796532	3605	30	1	1211	0
192802381	2035	80	0	2732	0
192802451	2126	50	1	2670	0
192805734	3001	6	0	1840	0
192806241	3793	426	0	628	0
192807179	2906	765	2	1174	0
192808938	2295	121	0	2431	0
192809225	3853	728	1	265	0
192811910	2091	2053	0	703	0
192816251	2149	4	0	2694	0
192818018	3791	673	0	383	0
192819373	2643	1559	0	645	0
192821620	3120	1215	0	512	0
192822069	2280	1957	0	610	0
192823596	2671	1650	0	526	0
192830056	2401	1684	0	762	0
192838215	2222	1950	0	675	0
192842431	3247	9	0	1591	0
192843391	3289	1186	0	372	0
192845807	1767	1159	2	1919	0
192847620	1616	3	0	3228	0
192856679	1730	2302	0	815	0
192857032	3534	30	0	1283	0
192857286	3044	1184	0	619	0
192858325	1863	10	0	2974	0
192862203	3152	5	0	1690	0
192862634	2501	1819	0	527	0
192863894	3474	366	0	1007	0
192864118	3328	467	0	1052	0
192867327	2876	488	0	1483	0
192873010	3556	422	0	869	0
192877721	2099	618	0	2130	0
192877943	3194	512	0	1141	0
192877970	2705	627	0	1515	0
192880701	1835	578	0	2434	0
192883135	1631	48	0	3168	0
192883411	2953	753	2	1139	0
192885481	2910	771	0	1166	0
192885931	2100	1042	2	1703	0
192886399	1864	1162	2	1819	0
192887993	3093	582	2	1170	0
192888214	1795	1097	2	1953	0
192888345	1464	1455	2	1926	0
192889405	1864	21	0	2962	0
192891048	2330	68	0	2449	0
192892023	4219	242	0	386	0
192895375	2765	128	1	1953	0
192898177	1797	33	0	3017	0
192900136	3848	137	1	861	0
192900182	3494	516	1	836	0
192902415	3437	866	0	544	0
192902638	2745	6	0	2096	0
192908842	1909	8	0	2930	0
192909490	3550	3	0	1294	0
192910766	1644	348	1	2854	0
192911972	2997	1318	2	530	0
192912108	1928	280	1	2638	0
192912921	2329	6	0	2512	0
192916392	3661	12	0	1174	0
192918569	2135	23	0	2689	0
192919372	1453	305	1	3088	0
192921361	3019	22	0	1806	0
192924234	2252	25	0	2570	0
192931169	2101	42	0	2704	0
192931703	2167	261	1	2418	0
192942805	2237	16	0	2594	0
192943921	1751	26	0	3070	0
192945133	4164	3	0	680	0
192945348	3463	129	1	1254	0
192952891	2853	13	0	1981	0
192953181	3189	8	0	1650	0
192958145	2658	14	0	2175	0
192980247	3978	50	0	819	0
192995213	3950	5	0	892	0
193001209	2728	1519	2	598	0
193010623	2885	821	1	1140	0
193011448	2120	1922	1	804	0
193024034	2064	51	1	2731	0
193027834	2622	86	1	2138	0
193027997	2234	1907	2	704	0
193035013	2220	78	0	2549	0
193039381	1553	717	0	2577	0
193042433	3898	5	0	944	0
193045347	2123	10	0	2714	0
193054154	3942	339	2	564	0
193054485	3902	610	2	333	0
193057971	3669	785	0	393	0
193066438	2310	45	1	2491	0
193075432	3475	55	1	1316	0
193075444	3341	1017	1	488	0
193078888	1878	76	1	2892	0
193078985	2047	1900	1	899	0
193088957	3081	1170	2	594	0
193090029	3212	1078	2	555	0
193091984	2154	1811	1	881	0
193093706	3021	5	0	1821	0
193095246	3626	1	0	1220	0
193115698	1428	2203	2	1214	0
193123221	3263	1092	1	491	0
193133527	3671	562	1	613	0
193140246	1535	2397	2	913	0
193140278	1712	2213	2	920	0
193144503	2875	5	0	1967	0
193145645	3887	34	1	925	0
193152317	4267	429	0	151	0
193164147	4004	21	0	822	0
193175173	4073	21	0	753	0
193179171	3298	85	1	1463	0
193207746	2888	1338	1	620	0
193210415	1995	408	0	2444	0
193213778	2863	6	0	1978	0
193216895	2562	53	1	2231	0
193237041	4181	456	1	209	0
193245666	2628	651	0	1568	0
193246319	3556	898	1	392	0
193247476	3966	2	0	879	0
193250804	3625	723	1	498	0
193252584	1884	2045	1	917	0
193260360	3384	32	1	1430	0
193265225	2013	142	1	2691	0
193275029	3608	1193	1	45	0
193279932	1826	1859	1	1161	0
193282883	3886	246	0	715	0
193290358	3111	435	2	1299	0
193299093	3697	57	0	1093	0
193300796	3638	324	0	885	0
193302779	2497	28	0	2322	0
193305723	2209	879	1	1758	0
193322087	3540	56	1	1250	0
193324405	4046	222	0	579	0
193327849	2269	7	0	2571	0
193336296	2282	970	1	1594	0
193338028	3487	4	0	1356	0
193338224	3483	541	2	821	0
193338602	3490	499	3	855	0
193348090	1666	5	0	3176	0
193351688	2051	2	0	2794	0
193363593	2925	11	0	1911	0
193366468	2753	7	0	2087	0
193369701	3981	167	3	696	0
193370688	2715	47	0	2085	0
193374464	3236	1	0	1610	0
193377079	3180	21	0	1646	0
193378149	1791	756	3	2297	0
193383564	2044	641	1	2161	0
193385749	2887	6	0	1954	0
193388663	1911	44	0	2892	0
193391298	2268	387	0	2192	0
193400366	2633	4	0	2210	0
193407623	1976	115	0	2756	0
193409747	2678	49	0	2120	0
193411741	1998	444	0	2405	0
193421007	1933	4	0	2910	0
193421360	2070	548	2	2227	0
193421537	2806	7	0	2034	0
193421895	2477	6	0	2364	0
193424164	1771	965	0	2111	0
193427373	3584	156	0	1107	0
193428746	3972	145	0	730	0
193438444	2486	431	0	1930	0
193439482	4024	259	0	564	0
193441154	4077	145	0	625	0
193442375	2399	742	0	1706	0
193442639	3184	171	0	1492	0
193443340	2288	371	0	2188	0
193443701	2204	492	0	2151	0
193445226	2977	226	0	1644	0
193449584	2311	1129	0	1407	0
193450009	2022	521	1	2303	0
193450396	3775	52	0	1020	0
193451609	3640	890	1	316	0
193455331	4186	203	1	457	0
193457511	3746	288	0	813	0
193459612	2554	890	1	1402	0
193461097	1885	545	1	2416	0
193461282	3608	539	0	700	0
193461370	2675	891	2	1279	0
193462869	3195	718	2	932	0
193463850	3510	1192	1	144	0
193464130	3722	64	0	1061	0
193464403	3763	441	2	641	0
193464463	3631	596	1	619	0
193465097	2420	1160	2	1265	0
193467859	3668	182	1	996	0
193470234	1848	746	0	2253	0
193471088	3169	62	0	1616	0
193485046	3299	11	0	1537	0
193489169	2286	1341	0	1220	0
193493223	2393	34	0	2420	0
193493591	2344	579	1	1923	0
193498740	2190	51	0	2606	0
193500034	2540	1279	2	1026	0
193503444	2553	2112	0	182	0
193504005	2853	1015	2	977	0
193510827	3777	632	1	437	0
193521335	3889	465	1	492	0
193528905	2336	153	0	2358	0
193529375	2087	8	0	2752	0
193531058	4073	375	1	398	0
193539718	2307	170	0	2370	0
193547909	3782	126	0	939	0
193548084	2748	214	0	1885	0
193548522	3334	130	0	1383	0
193551614	3495	64	2	1286	0
193552110	3947	30	2	868	0
193554087	2177	2	0	2668	0
193557690	3289	2	0	1556	0
193557823	1880	1721	1	1245	0
193560110	1710	385	0	2752	0
193560799	3410	5	0	1432	0
193562789	3662	169	0	1016	0
193574615	3862	398	1	586	0
193579334	3003	852	1	991	0
193581809	1830	3007	0	10	0
193584122	1849	406	0	2592	0
193586356	2680	0	0	2167	0
193586378	2517	242	0	2088	0
193586754	4130	84	0	633	0
193589444	2275	2192	0	380	0
193592394	2878	352	1	1616	0
193603469	2066	1536	1	1244	0
193608318	4192	176	1	478	0
193618908	4224	66	0	557	0
193621208	3283	785	1	778	0
193625233	1928	493	1	2425	0
193626806	4126	209	1	511	0
193627682	2359	1330	1	1157	0
193629813	1731	362	0	2754	0
193641001	1711	1770	1	1365	0
193641751	2836	1	0	2010	0
193644270	4029	446	1	371	0
193646322	2275	1384	1	1187	0
193648828	2822	324	1	1700	0
193651544	3217	19	0	1611	0
193652286	2295	2549	0	3	0
193655428	2162	329	0	2356	0
193656619	2106	470	1	2270	0
193661878	2243	1752	1	851	0
193664898	3236	964	1	646	0
193665195	4332	60	0	455	0
193665684	3238	101	0	1508	0
193672364	4155	2	0	690	0
193674850	1751	2662	0	434	0
193676401	3118	203	0	1526	0
193681412	1872	1565	1	1409	0
193681625	3552	136	0	1159	0
193683624	2334	7	0	2506	0
193683743	3680	147	0	1020	0
193686395	4134	31	1	681	0
193694777	1721	1010	1	2115	0
193694880	3086	992	1	768	0
193696566	3644	617	1	585	0
193702204	1998	1629	1	1219	0
193702274	1826	1682	1	1338	0
193711172	3121	823	1	902	0
193714777	4118	343	1	385	0
193715137	3585	185	0	1077	0
193715287	1917	441	0	2489	0
193715323	1716	1163	2	1966	0
193717514	3845	2	0	1000	0
193720149	3754	114	0	979	0
193720321	2765	550	2	1530	0
193722984	4082	3	0	762	0
193733125	3246	1405	0	196	0
193734579	2026	32	0	2789	0
193734900	2624	65	0	2158	0
193736204	4185	584	0	78	0
193738279	2966	1707	0	174	0
193740265	3259	1057	1	530	0
193741207	3273	234	0	1340	0
193741751	2020	686	2	2139	0
193743093	1880	1956	2	1009	0
193746662	4421	174	1	251	0
193749837	4014	652	1	180	0
193750148	3103	1194	1	549	0
193752801	4256	530	0	61	0
193753223	2744	976	1	1126	0
193757197	2011	4	0	2832	0
193757625	2552	0	0	2295	0
193757853	3395	993	2	457	0
193757975	3428	908	1	510	0
193774083	3638	803	1	405	0
193774135	3480	821	2	544	0
193777886	2563	0	0	2284	0
193779607	3474	2	0	1371	0
193780164	2857	4	0	1986	0
193782409	3674	0	0	1173	0
193783317	3956	272	1	618	0
193789972	3649	70	0	1128	0
193790553	4008	1	0	838	0
193790892	2512	620	1	1714	0
193792484	3315	1228	1	303	0
193804209	3010	1106	1	730	0
193808319	2983	333	0	1531	0
193808664	2036	2490	1	320	0
193815221	3876	40	0	931	0
193824571	4174	672	0	1	0
193827417	3171	61	0	1615	0
193830644	3770	147	0	930	0
193833027	2325	429	0	2093	0
193834315	3167	943	1	736	0
193837904	2171	525	0	2151	0
193850098	2603	1848	0	396	0
193857840	3472	832	0	543	0
193861043	2972	5	0	1870	0
193861933	3734	894	0	219	0
193863165	3461	1073	0	313	0
193864579	1808	562	0	2477	0
193868613	2720	233	0	1894	0
193871478	2223	2163	0	461	0
193873337	3290	1334	0	223	0
193875277	2335	2013	0	499	0
193876342	3747	679	1	420	0
193876513	3274	774	0	799	0
193876531	3397	849	0	601	0
193878858	2057	567	0	2223	0
193879808	2036	393	0	2418	0
193881324	2646	570	0	1631	0
193883110	2611	884	2	1350	0
193884662	3275	53	0	1519	0
193886619	3357	303	1	1186	0
193889533	4218	251	0	378	0
193890360	3749	709	2	387	0
193890660	2474	518	0	1855	0
193898454	3865	178	0	804	0
193899103	4130	234	0	483	0
193901257	3476	134	0	1237	0
193901506	2263	1454	2	1128	0
193917413	2917	360	0	1570	0
193921548	2190	1286	2	1369	0
193923694	1948	537	0	2362	0
193926831	1628	47	0	3172	0
193927096	1652	3191	0	4	0
193927215	2404	246	0	2197	0
193929977	4042	654	0	151	0
193930099	3700	1	0	1146	0
193931609	1709	3130	0	8	0
193935362	3553	1286	0	8	0
193938733	2970	216	0	1661	0
193938944	3887	723	0	237	0
193942375	3350	126	0	1371	0
193942577	3888	3	0	956	0
193945243	3980	212	0	655	0
193946970	3443	122	2	1280	0
193950034	3997	662	0	188	0
193957391	2090	2198	2	557	0
193957678	1870	2284	0	693	0
193963113	2229	7	0	2611	0
193969210	2070	258	1	2518	0
193972364	3551	1	0	1295	0
193975784	3488	1029	2	328	0
193981818	2579	1575	2	691	0
193982199	4196	4	0	647	0
193983693	4150	524	2	171	0
193994024	2750	1566	2	529	0
193995560	3012	6	0	1829	0
194000953	3107	387	0	1353	0
194002833	2197	9	0	2641	0
194003902	3151	42	0	1654	0
194011229	2627	3	0	2217	0
194011689	1846	1782	0	1219	0
194013060	2825	1226	0	796	0
194013261	1983	5	0	2859	0
194014041	2249	273	0	2325	0
194015205	3263	1007	0	577	0
194017664	1809	571	0	2467	0
194019184	2341	32	0	2474	0
194019611	1863	1	0	2983	0
194020311	4180	17	0	650	0
194022818	3646	99	0	1102	0
194023617	3793	1031	0	23	0
194025148	2961	2	0	1884	0
194025452	2497	1527	2	821	0
194025971	1949	2892	0	6	0
194026099	2506	200	1	2140	0
194026432	2104	1682	2	1059	0
194026943	2324	466	1	2056	0
194030338	2455	164	0	2228	0
194032119	2438	2	0	2407	0
194032271	2536	2309	0	2	0
194032486	3500	453	0	894	0
194033705	3039	1064	2	742	0
194033812	4011	2	0	834	0
194035948	3226	932	0	689	0
194036654	2300	1899	0	648	0
194036748	3685	412	0	750	0
194036762	3499	53	0	1295	0
194036781	3424	63	0	1360	0
194037063	2041	462	1	2343	0
194037890	4079	145	0	623	0
194041377	3301	106	1	1439	0
194042670	4284	383	0	180	0
194043749	3436	1042	1	368	0
194049116	2632	154	0	2061	0
194049473	3205	1302	1	339	0
194051568	3078	28	0	1741	0
194053792	2968	121	0	1758	0
194056157	2059	2173	1	614	0
194062387	3322	1042	2	481	0
194062653	4284	319	0	244	0
194062976	3434	995	0	418	0
194064569	4156	379	0	312	0
194064837	2523	1788	0	536	0
194067570	4231	244	0	372	0
194068984	2519	888	0	1440	0
194070750	2717	669	1	1460	0
194072019	2105	45	0	2697	0
194080827	3124	473	0	1250	0
194084698	4187	10	0	650	0
194089817	1697	55	0	3095	0
194094489	3937	26	0	884	0
194094713	2761	229	1	1856	0
194096142	3166	15	0	1666	0
194096432	3851	15	0	981	0
194096582	4113	86	0	648	0
194098065	4209	66	0	572	0
194100930	4178	1	0	668	0
194106280	3778	181	0	888	0
194111799	2103	27	0	2717	0
194113102	4138	40	0	669	0
194116003	3748	42	0	1057	0
194116042	3416	0	0	1431	0
194117356	4155	21	0	671	0
194120062	3926	789	0	132	0
194128559	2459	747	2	1639	0
194130204	1537	653	2	2655	0
194131998	2847	9	0	1991	0
194132522	2680	171	0	1996	0
194138690	3978	56	0	813	0
194143136	4365	53	0	429	0
194144303	4335	107	0	405	0
194147462	3170	147	0	1530	0
194156042	2003	79	0	2765	0
194157220	3280	123	0	1444	0
194158003	3924	28	0	895	0
194165700	1740	6	0	3101	0
194183355	3730	1	0	1116	0
194196270	4039	569	0	239	0
194201170	4288	67	0	492	0
194202241	3569	1	0	1277	0
194202244	3592	53	0	1202	0
194206338	4088	713	0	46	0
194212515	4037	62	0	748	0
194216097	2030	2411	0	406	0
194216228	2048	1909	0	890	0
194216821	2649	256	0	1942	0
194221509	2454	1361	1	1031	0
194232033	2840	1677	0	330	0
194242977	3588	4	0	1255	0
194244627	3977	9	0	861	0
194250339	3439	10	0	1398	0
194250437	3814	82	0	951	0
194251044	3994	747	0	106	0
194251821	4021	113	0	713	0
194254120	4256	21	0	570	0
194254715	3522	949	0	376	0
194257034	1481	4	0	3362	0
194257047	1441	2472	0	934	0
194258749	3280	50	0	1517	0
194258816	1864	2710	0	273	0
194262272	1849	505	0	2493	0
194262813	3322	1	0	1524	0
194266253	2580	5	0	2262	0
194267401	3422	56	0	1369	0
194273375	2608	73	0	2166	0
194280696	1768	111	0	2968	0
194286869	3800	0	0	1047	0
194287896	3697	826	0	324	0
194288941	3883	45	0	919	0
194292509	3955	27	0	865	0
194295528	4222	569	0	56	0
194301753	3327	186	0	1334	0
194307301	2289	207	0	2351	0
194308202	3908	813	0	126	0
194314227	3028	26	0	1793	0
194320639	3418	1374	0	55	0
194322893	3997	11	0	839	0
194323268	3725	182	0	940	0
194324257	4049	539	0	259	0
194324467	3209	149	0	1489	0
194330700	4257	508	0	82	0
194331281	3603	4	0	1240	0
194331380	2468	2277	0	102	0
194333053	4209	200	1	437	0
194333340	4044	208	1	594	0
194334907	1636	2702	0	509	0
194336532	2813	45	0	1989	0
194336737	4030	1	0	816	0
194343159	4160	164	0	523	0
194347944	1587	241	0	3019	0
194347955	1615	161	1	3070	0
194348080	2747	20	0	2080	0
194350756	2716	353	0	1778	0
194351596	3845	169	0	833	0
194353541	3574	163	0	1110	0
194355575	3780	331	0	736	0
194356550	1649	4	0	3194	0
194357484	1652	718	1	2476	0
194364661	2475	1541	1	830	0
194368842	1824	1953	1	1069	0
194368935	3048	233	1	1565	0
194369594	2270	243	1	2333	0
194374269	1856	0	0	2991	0
194374315	2193	1952	0	702	0
194377156	3147	284	2	1414	0
194377232	2307	196	1	2343	0
194378897	2073	4	0	2770	0
194381602	2689	1238	2	918	0
194384676	4258	53	0	536	0
194387222	4090	473	0	284	0
194388088	3259	1086	0	502	0
194388939	1867	1932	2	1046	0
194389246	2047	1825	2	973	0
194390376	2758	1304	2	783	0
194390467	3661	782	2	402	0
194393942	3094	1067	2	684	0
194402500	1682	2994	1	170	0
194402539	1924	586	1	2336	0
194403061	2656	512	0	1679	0
194403573	3533	104	0	1210	0
194405611	2494	1865	0	488	0
194405972	1674	67	0	3106	0
194406002	1934	1841	2	1070	0
194412218	2047	312	0	2488	0
194416810	2360	1642	2	843	0
194420305	2193	256	1	2397	0
194421149	3828	650	2	367	0
194422151	2762	220	0	1865	0
194429698	2717	432	0	1698	0
194431981	2342	2	0	2503	0
194434837	2982	5	0	1860	0
194436341	3876	72	0	899	0
194438187	3512	2	0	1333	0
194438548	2616	208	2	2021	0
194438630	2745	1434	2	666	0
194445466	1879	1881	0	1087	0
194454698	3766	1001	0	80	0
194482304	2087	1723	0	1037	0
194486186	2969	380	1	1497	0
194487044	2384	30	0	2433	0
194487208	3839	2	0	1006	0
194490357	3249	4	0	1594	0
194492234	2578	46	0	2223	0
194492493	3526	1014	0	307	0
194492856	3503	9	0	1335	0
194496590	4044	737	0	66	0
194506982	3992	508	0	347	0
194525887	4002	49	0	796	0
194526294	3665	115	0	1067	0
194526999	3235	34	0	1578	0
194527095	1914	152	1	2780	0
194530914	2556	460	0	1831	0
194533087	4222	104	1	520	0
194537085	1571	2753	1	522	0
194539749	3699	1002	1	145	0
194543283	4201	134	0	512	0
194546767	3370	145	0	1332	0
194547812	1720	143	0	2984	0
194548819	2494	324	0	2029	0
194550938	2406	2015	1	425	0
194555331	3166	1107	1	573	0
194558050	2970	1255	1	621	0
194560463	3169	1085	1	592	0
194562638	1442	5	0	3400	0
194563362	3918	632	3	294	0
194564447	1913	319	0	2615	0
194565281	3675	5	0	1167	0
194571756	3809	404	0	634	0
194571844	2671	147	0	2029	0
194572285	3769	166	2	910	0
194572942	4332	60	0	455	0
194580669	3871	264	0	712	0
194580790	4001	157	2	687	0
194582814	4126	3	0	718	0
194583153	3799	335	0	713	0
194583299	3103	9	0	1735	0
194584118	4005	275	0	567	0
194584977	3961	111	0	775	0
194586994	2978	3	0	1866	0
194590401	2896	692	1	1258	0
194590693	2960	11	0	1876	0
194591264	3654	208	1	984	0
194591334	3150	243	2	1452	0
194593707	4362	28	0	457	0
194605928	4067	30	0	750	0
194606982	4110	32	3	702	0
194610063	2975	218	1	1653	0
194617533	3513	239	1	1094	0
194621839	2961	322	1	1563	0
194635480	2097	705	0	2045	0
194637756	3569	248	1	1029	0
194639330	3755	652	0	440	0
194641175	3633	256	0	958	0
194642050	1842	595	1	2409	0
194646744	1977	781	2	2087	0
194650365	2655	750	2	1440	0
194652655	2108	994	0	1745	0
194659708	1931	249	3	2664	0
194665433	2479	850	2	1516	0
194667160	4285	30	0	532	0
194669067	4276	97	1	473	0
194669867	2181	595	2	2069	0
194670740	3032	594	0	1221	0
194674393	2748	38	1	2060	0
194676357	1632	206	1	3008	0
194676971	3534	58	0	1255	0
194679220	2418	1332	0	1097	0
194684856	4094	206	1	546	0
194692393	3144	276	1	1426	0
194702869	3858	316	1	672	0
194703530	2224	147	0	2476	0
194704983	1942	631	0	2274	0
194707194	3858	4	0	985	0
194707591	2362	587	0	1898	0
194713204	2584	1122	3	1138	0
194713249	2437	741	2	1667	0
194721396	4065	170	1	611	0
194724361	2926	642	1	1278	0
194729943	2027	304	0	2516	0
194736589	4070	427	0	350	0
194743748	3475	0	0	1372	0
194746321	3105	1192	0	550	0
194749075	1812	2202	1	832	0
194765326	3484	112	0	1251	0
194766293	2132	113	1	2601	0
194766579	2315	1032	1	1499	0
194767985	3542	365	0	940	0
194769834	3075	35	0	1737	0
194771333	1608	98	1	3140	0
194772457	2547	1022	0	1278	0
194775338	2271	292	0	2284	0
194783067	4018	28	0	801	0
194783613	2425	742	0	1680	0
194792340	2328	186	0	2333	0
194793856	2241	3	0	2603	0
194797981	3775	465	0	607	0
194799330	3436	689	0	722	0
194802115	3678	190	0	979	0
194806232	3720	184	2	941	0
194816089	4114	188	0	545	0
194817105	3663	30	0	1154	0
194819196	1842	167	0	2838	0
194819222	2523	271	2	2051	0
194825742	3903	40	0	904	0
194830748	4332	50	0	465	0
194832490	4088	383	0	376	0
194839289	2542	1407	0	898	0
194839469	3148	394	3	1302	0
194840166	2326	35	0	2486	0
194842734	1986	687	0	2174	0
194843625	3981	255	0	611	0
194846016	1869	329	1	2648	0
194846662	4185	228	0	434	0
194849689	3482	495	0	870	0
194853172	3502	447	0	898	0
194863270	3184	192	0	1471	0
194867910	3388	468	0	991	0
194869500	3953	308	0	586	0
194870594	4181	44	0	622	0
194885556	3300	414	3	1130	0
194887602	1849	27	0	2971	0
194888936	4042	201	0	604	0
194889402	4320	189	0	338	0
194889564	3067	8	0	1772	0
194897654	4036	348	0	463	0
194899193	2919	185	0	1743	0
194900605	3361	0	0	1486	0
194905392	2488	1690	0	669	0
194907804	1889	1296	1	1661	0
194908327	3040	1225	0	582	0
194908606	3274	421	1	1151	0
194910364	4282	133	0	432	0
194910612	2188	477	2	2180	0
194912113	3173	310	0	1364	0
194915839	3954	62	0	831	0
194919249	2820	572	0	1455	0
194924039	2237	358	0	2252	0
194928513	4298	63	0	486	0
194931946	2868	0	0	1979	0
194940699	3290	689	0	868	0
194941213	2715	287	1	1844	0
194945222	2211	659	0	1977	0
194945499	3104	1193	0	550	0
194946012	3856	75	0	916	0
194950013	3104	142	0	1601	0
194956511	2272	339	0	2236	0
194960431	3240	172	0	1435	0
194961172	3733	407	0	707	0
194963718	2357	1623	0	867	0
194965856	2044	567	2	2234	0
194966107	1504	615	2	2726	0
194966117	1471	323	0	3053	0
194968395	2326	268	0	2253	0
194974690	3553	923	0	371	0
194975941	2047	1910	0	890	0
194978288	3570	862	0	415	0
194978642	3831	980	0	36	0
194980508	2854	828	2	1163	0
194985264	3904	115	2	826	0
194986387	3351	733	2	761	0
194987069	3982	132	1	732	0
194988537	2465	369	1	2012	0
194989149	2506	427	0	1914	0
194993511	2016	1841	0	990	0
194996485	4074	323	0	450	0
195005055	1888	520	0	2439	0
195011645	3153	1123	0	571	0
195011766	3015	1085	0	747	0
195018786	4110	224	0	513	0
195019082	2062	421	1	2363	0
195019104	2156	910	0	1781	0
195022896	3123	1	0	1723	0
195031417	3109	297	0	1441	0
195032861	3276	1092	0	479	0
195035296	2597	1004	2	1244	0
195042273	3983	434	0	430	0
195042525	3782	361	0	704	0
195043739	3568	682	2	595	0
195046841	2115	1390	2	1340	0
195052656	3214	1293	1	339	0
195052826	2837	1139	2	869	0
195052937	3622	452	0	773	0
195053221	1812	2030	1	1004	0
195053377	2612	1124	2	1109	0
195054533	3076	585	1	1185	0
195057599	4381	102	0	364	0
195058031	2830	18	0	1999	0
195058162	3016	568	1	1262	0
195058871	3952	233	1	661	0
195060217	1822	1124	1	1900	0
195071346	3851	71	0	925	0
195072318	3537	0	0	1310	0
195075702	2496	811	1	1539	0
195081319	1989	943	1	1914	0
195081609	3244	485	1	1117	0
195082488	3364	561	1	921	0
195082906	4071	262	1	513	0
195084047	3147	589	1	1110	0
195084106	3476	472	1	898	0
195088190	4308	127	1	411	0
195088756	3038	469	1	1339	0
195088757	3046	8	0	1793	0
195088871	3198	877	0	772	0
195090289	3868	311	1	667	0
195090413	3315	512	1	1019	0
195094539	2953	1175	2	717	0
195094607	2259	991	1	1596	0
195094980	4139	201	1	506	0
195103653	3318	773	1	755	0
195107223	3273	722	2	850	0
195112703	3501	798	1	547	0
195113302	3685	615	2	545	0
195113428	2790	460	2	1595	0
195114364	4180	157	1	509	0
195116480	1953	548	0	2346	0
195122910	3122	565	0	1160	0
195124472	2674	3	0	2170	0
195132199	3287	1283	0	277	0
195132593	1987	1527	1	1332	0
195135737	3197	1320	1	329	0
195139365	3264	1225	1	357	0
195141387	4317	424	0	106	0
195141706	2657	234	0	1956	0
195142845	4182	134	0	531	0
195143428	2059	2137	1	650	0
195145923	2963	1492	1	391	0
195146419	4231	495	0	121	0
195154649	2646	624	3	1574	0
195154919	3309	392	1	1145	0
195155293	3579	1030	0	238	0
195159312	2269	1761	2	815	0
195164692	2310	414	2	2121	0
195164925	2804	300	2	1741	0
195166911	2310	325	1	2211	0
195167314	1683	2515	1	648	0
195170004	1667	461	2	2717	0
195185423	3910	724	1	212	0
195191693	3519	566	0	762	0
195202201	4148	430	1	268	0
195205498	3580	7	0	1260	0
195205881	3371	994	2	480	0
195222580	1782	203	0	2862	0
195226251	3809	241	1	796	0
195226461	3868	68	0	911	0
195230471	3519	6	0	1322	0
195232067	3843	201	1	802	0
195239673	4044	315	0	488	0
195241106	4042	320	0	485	0
195245795	1950	54	0	2843	0
195247438	3471	166	0	1210	0
195248382	4072	1	0	774	0
195267072	3491	778	1	577	0
195269110	4149	554	0	144	0
195273096	2909	282	0	1656	0
195277736	4185	276	1	385	0
195279977	3129	172	1	1545	0
195280021	3674	154	0	1019	0
195280424	2720	332	0	1795	0
195286223	2333	237	0	2277	0
195292792	3610	5	0	1232	0
195297127	3041	469	1	1336	0
195299187	2154	326	1	2366	0
195302846	3125	91	0	1631	0
195303475	3950	320	1	576	0
195310452	4328	309	0	210	0
195311708	3074	4	0	1769	0
195313107	2205	1645	0	997	0
195316969	4121	223	1	502	0
195343788	2950	424	0	1473	0
195346285	3757	795	0	295	0
195350153	2981	883	0	983	0
195363004	3635	226	1	985	0
195363412	3488	698	0	661	0
195366376	3108	1217	0	522	0
195371400	2821	1433	0	593	0
195374041	2938	266	0	1643	0
195376972	3843	649	2	353	0
195383598	2314	367	1	2165	0
195386897	2631	316	0	1900	0
195387982	3343	417	1	1086	0
195390646	4148	129	1	569	0
195392852	3707	868	0	272	0
195394513	4114	219	1	513	0
195395950	3137	50	0	1660	0
195399786	4206	96	0	545	0
195400135	3565	176	1	1105	0
195404265	3746	196	1	904	0
195404406	4231	71	0	545	0
195420070	2817	165	0	1865	0
195423046	1808	4	0	3035	0
195426408	4189	187	1	470	0
195438036	2274	1613	0	960	0
195444102	3978	411	1	457	0
195445108	2897	12	0	1938	0
195445922	3780	407	1	659	0
195447286	4213	99	0	535	0
195448403	4230	144	0	473	0
195448770	3815	879	1	152	0
195454557	3328	1098	1	420	0
195454858	1832	296	0	2719	0
195454893	1747	35	0	3065	0
195456425	2583	1922	1	341	0
195459410	2437	1995	0	415	0
195459749	2526	1191	3	1127	0
195469709	3502	654	3	688	0
195483327	3149	951	1	746	0
195487796	1926	1383	1	1537	0
195493538	2806	1722	1	318	0
195525416	2797	1132	3	915	0
195526334	3853	0	0	994	0
195527078	2554	1095	3	1195	0
195529022	3215	575	2	1055	0
195531423	1929	1024	0	1894	0
195534620	3519	1087	1	240	0
195535090	4044	255	2	546	0
195545892	2661	1749	1	436	0
195546330	3407	307	0	1133	0
195548638	2992	6	0	1849	0
195560840	3567	908	1	371	0
195562355	2560	1870	1	416	0
195563502	1847	618	0	2382	0
195567234	1879	1826	0	1142	0
195576380	4203	391	0	253	0
195584779	1992	12	0	2843	0
195594521	4033	564	1	249	0
195595374	3069	563	0	1215	0
195597269	1973	1932	3	939	0
195598014	2493	895	2	1457	0
195605435	3937	909	0	1	0
195614258	4094	2	0	751	0
195621837	4200	419	1	227	0
195630589	2801	137	0	1909	0
195635172	3524	871	1	451	0
195642888	2888	135	0	1824	0
195647001	2976	1397	1	473	0
195649363	3997	254	1	595	0
195650269	3568	98	0	1181	0
195650518	2510	3	0	2334	0
195650718	2430	7	0	2410	0
195654906	2176	5	0	2666	0
195658978	4141	49	0	657	0
195660744	2761	146	0	1940	0
195663312	3150	594	0	1103	0
195663575	4041	592	1	213	0
195668756	2284	1643	3	917	0
195672584	3274	1047	3	523	0
195677617	2864	273	0	1710	0
195685800	4318	56	0	473	0
195686601	2042	832	2	1971	0
195687201	2751	834	1	1261	0
195693227	1786	814	2	2245	0
195702820	2126	1232	1	1488	0
195708999	3227	493	1	1126	0
195713159	2151	1165	1	1530	0
195719456	3462	0	0	1385	0
195721539	2907	314	0	1626	0
195721846	4380	21	0	446	0
195724306	3720	181	0	946	0
195726956	2696	494	1	1656	0
195730565	4067	135	0	645	0
195733306	3741	1	0	1105	0
195736070	4272	292	1	282	0
195740222	2884	951	2	1010	0
195741590	3595	17	0	1235	0
195745968	3774	499	2	572	0
195747936	3981	635	1	230	0
195750292	2841	70	0	1936	0
195750647	2587	1456	1	803	0
195752322	2014	16	0	2817	0
195752340	2276	1856	1	714	0
195755263	2074	36	0	2737	0
195755644	2268	21	0	2558	0
195755879	2413	56	0	2378	0
195757610	2062	1249	3	1533	0
195761086	2002	1827	1	1017	0
195761306	3598	111	0	1138	0
195763875	2036	1892	1	918	0
195765740	2269	1631	1	946	0
195777092	3340	1102	1	404	0
195778061	1738	2065	1	1043	0
195790500	1836	5	0	3006	0
195790658	3814	78	0	955	0
195793840	3354	31	0	1462	0
195799061	3821	708	1	317	0
195800781	2662	1354	1	830	0
195803417	3986	576	1	284	0
195804095	2395	1685	1	766	0
195804144	2112	1856	1	878	0
195805215	1905	1560	1	1381	0
195807493	2340	1668	1	838	0
195811203	4273	344	1	229	0
195820337	2028	1793	1	1025	0
195820984	2818	20	0	2009	0
195824510	2799	1278	1	769	0
195825304	1796	1883	1	1167	0
195831030	3265	4	0	1578	0
195831358	4028	3	0	816	0
195832253	4216	42	0	589	0
195832997	2179	1189	1	1478	0
195833829	4100	331	1	415	0
195834211	2872	684	1	1290	0
195834735	3725	549	1	572	0
195836536	3997	349	1	500	0
195838901	4258	208	0	381	0
195843656	3316	867	0	664	0
195844389	3916	739	1	191	0
195849028	3177	639	0	1031	0
195852133	3746	150	0	951	0
195853219	2435	1030	0	1382	0
195854637	4064	349	0	434	0
195855115	3860	189	1	797	0
195855900	3927	135	1	784	0
195858861	3327	148	1	1371	0
195858866	3348	452	1	1046	0
195859022	1957	365	0	2525	0
195859179	1899	486	1	2461	0
195862665	2745	63	0	2039	0
195862859	2218	777	0	1852	0
195863337	2111	567	1	2168	0
195863634	2482	1762	2	601	0
195864347	1645	1559	0	1643	0
195866279	1898	1467	2	1480	0
195866450	3105	327	0	1415	0
195869007	2549	1092	2	1204	0
195869123	1749	2452	1	645	0
195870335	1671	1	0	3175	0
195871839	2307	1795	1	744	0
195872295	3165	840	0	842	0
195877044	2580	1846	2	419	0
195881459	2746	1619	1	481	0
195881511	2662	1465	1	719	0
195882273	3513	14	0	1320	0
195883861	4259	485	1	102	0
195887534	1810	9	0	3028	0
195891127	3948	475	0	424	0
195901676	2523	565	1	1758	0
195901860	2759	2	0	2086	0
195903057	3969	149	1	728	0
195903910	4085	81	0	681	0
195904595	3522	963	1	361	0
195908303	2302	336	1	2208	0
195908996	3108	0	0	1739	0
195909031	3567	865	1	414	0
195909700	3878	254	0	715	0
195911568	3928	210	1	708	0
195912579	1651	15	0	3181	0
195912805	4210	106	0	531	0
195914273	3429	733	3	682	0
195915483	3664	593	2	588	0
195915909	3396	916	0	535	0
195916112	3174	764	0	909	0
195916500	3136	1399	1	311	0
195916769	2416	496	1	1934	0
195919285	3725	811	1	310	0
195927451	1734	898	0	2215	0
195928549	4131	216	0	500	0
195930996	4004	143	0	700	0
195932083	2404	1258	1	1184	0
195934150	3814	578	1	454	0
195934627	2322	524	2	1999	0
195935240	1600	756	1	2490	0
195935322	1566	740	2	2539	0
195938859	1850	608	1	2388	0
195939620	2005	565	2	2275	0
195939912	2217	776	1	1853	0
195939927	2005	580	2	2260	0
195940010	1890	574	2	2381	0
195940048	1767	1065	3	2012	0
195940509	1977	44	0	2826	0
195940621	1996	614	2	2235	0
195950283	3050	367	1	1429	0
195953642	3575	521	1	750	0
195954813	3618	700	1	528	0
195961068	2184	29	0	2634	0
195962082	3525	465	1	856	0
195965194	2821	298	1	1727	0
195967384	1839	39	0	2969	0
195967548	2103	204	0	2540	0
195973287	3967	359	0	521	0
195977493	3953	235	0	659	0
195982718	2244	3	0	2600	0
195985356	3390	8	0	1449	0
195985616	2141	297	0	2409	0
195987908	1607	2628	1	611	0
195989351	2164	986	4	1693	0
195991633	3368	2	0	1477	0
195995623	4179	0	0	668	0
195995948	3724	130	0	993	0
195996544	1900	2076	1	870	0
195996829	1990	4	0	2853	0
195996869	2280	8	0	2559	0
195997563	3694	284	1	868	0
195999508	1689	426	1	2731	0
196003100	3711	410	0	726	0
196003775	2285	238	0	2324	0
196010327	3351	550	0	946	0
196014544	3030	468	0	1349	0
196017413	1781	354	2	2710	0
196021544	3469	461	1	916	0
196023129	3662	2	0	1183	0
196024294	4203	90	1	553	0
196025203	3791	74	0	982	0
196026219	1789	137	1	2920	0
196027132	3597	208	0	1042	0
196030356	3880	797	0	170	0
196032605	2313	374	0	2160	0
196033535	1723	2631	0	493	0
196040041	2191	387	1	2268	0
196042662	2190	360	1	2296	0
196042922	1528	2775	0	544	0
196045758	2562	2	0	2283	0
196055836	3633	13	0	1201	0
196057313	2722	332	0	1793	0
196057888	1878	30	0	2939	0
196058460	2792	859	2	1194	0
196059593	1528	2387	3	929	0
196059868	3015	151	0	1681	0
196061711	3295	258	2	1292	0
196080988	2639	801	3	1404	0
196084492	2671	189	0	1987	0
196084727	3750	1	0	1096	0
196086617	2665	773	3	1406	0
196089818	2234	951	0	1662	0
196095647	3533	7	0	1307	0
196099023	4171	417	1	258	0
196099926	3493	252	2	1100	0
196102491	1898	2	0	2947	0
196103959	3508	183	0	1156	0
196104982	2705	314	2	1826	0
196105786	1712	1644	1	1490	0
196119310	3485	57	0	1305	0
196120294	3785	938	0	124	0
196124309	3682	96	0	1069	0
196125008	1647	520	1	2679	0
196136924	4229	96	1	521	0
196140902	3660	103	0	1084	0
196142986	3644	1089	0	114	0
196144843	1700	1650	1	1496	0
196150341	1968	2654	0	225	0
196153128	1802	2575	1	469	0
196163629	3675	989	0	183	0
196163897	3526	840	1	480	0
196166278	2904	138	0	1805	0
196167779	2417	132	1	2297	0
196167828	3645	90	0	1112	0
196175801	2789	2	0	2056	0
196187665	2910	1611	2	324	0
196203694	2646	89	0	2112	0
196204757	3524	1321	0	2	0
196208890	2731	147	0	1969	0
196212781	1676	10	0	3161	0
196223735	4004	194	0	649	0
196234323	2089	2305	2	451	0
196234515	2959	110	0	1778	0
196234826	2205	5	0	2637	0
196236134	2856	32	0	1959	0
196236194	3627	61	0	1159	0
196236425	2512	2081	0	254	0
196239368	3613	977	2	255	0
196240120	1728	2638	0	481	0
196256498	2260	446	2	2139	0
196281802	3939	498	1	409	0
196291977	4240	33	0	574	0
196304863	3886	290	0	671	0
196305221	2757	108	0	1982	0
196305924	3537	1	0	1309	0
196308262	3020	178	0	1649	0
196310128	4044	112	0	691	0
196318688	2631	5	0	2211	0
196322315	2621	114	0	2112	0
196324405	1918	296	0	2633	0
196324527	3047	89	0	1711	0
196339655	3208	215	0	1424	0
196346553	4267	39	0	541	0
196347066	2453	303	0	2091	0
196350079	2016	121	1	2709	0
196353384	3793	72	0	982	0
196356417	4116	2	0	729	0
196358779	2843	90	0	1914	0
196359665	3273	982	1	591	0
196360361	2456	137	0	2254	0
196368744	2704	110	1	2032	0
196378738	4027	1	0	819	0
196384116	3430	942	3	472	0
196387809	3620	411	1	815	0
196396086	2381	1658	3	805	0
196397819	1813	1604	2	1428	0
196397886	2078	1779	3	987	0
196400609	3433	0	0	1414	0
196402773	3601	812	1	433	0
196411281	3514	47	0	1286	0
196412070	3544	58	0	1245	0
196420287	3886	13	0	948	0
196422826	2002	184	1	2660	0
196432158	1777	1790	1	1279	0
196433870	3676	377	3	791	0
196438949	2622	1257	2	966	0
196455696	1647	1697	2	1501	0
196455824	3172	1563	1	111	0
196464754	3667	485	1	694	0
196467405	2647	2197	0	3	0
196480486	1773	3072	0	2	0
196482357	2949	1769	0	129	0
196486424	2176	2505	0	166	0
196494547	3415	406	1	1025	0
196495566	3437	359	0	1051	0
196502499	4050	56	0	741	0
196504871	2054	2567	1	225	0
196507222	1835	21	1	2990	0
196519023	1876	2758	0	213	0
196521078	4078	2	0	767	0
196536872	2759	1929	1	158	0
196542567	3896	97	1	853	0
196547425	1531	169	0	3147	0
196547688	2127	2564	0	156	0
196559586	3123	1575	1	148	0
196563144	3445	1273	1	128	0
196567697	3053	1667	1	126	0
196568270	3587	1179	1	80	0
196570706	3129	709	1	1008	0
196574923	2196	15	0	2636	0
196584468	2191	644	2	2010	0
196585217	2154	2643	1	49	0
196585821	3309	0	0	1538	0
196586359	2659	9	0	2179	0
196591163	3771	5	0	1071	0
196594399	2399	58	0	2390	0
196601528	3503	1	0	1343	0
196602406	3483	39	0	1325	0
196602514	1922	13	0	2912	0
196603917	1820	12	0	3015	0
196606933	2353	3	0	2491	0
196609396	4323	36	0	488	0
196615838	2699	25	0	2123	0
196619502	1625	1030	1	2191	0
196620917	1993	811	0	2043	0
196623337	3466	234	1	1146	0
196624694	2849	21	1	1976	0
196629504	1874	45	0	2928	0
196632470	2308	824	1	1714	0
196642233	2700	637	1	1509	0
196646176	3047	1336	1	463	0
196646387	3639	338	0	870	0
196651832	4100	96	0	651	0
196654324	1736	1989	1	1121	0
196659237	3978	563	1	305	0
196660261	3448	969	1	429	0
196673993	3500	892	1	454	0
196674714	2461	381	0	2005	0
196674917	2164	1835	1	847	0
196675571	2107	1804	1	935	0
196677163	3977	606	1	263	0
196679455	2763	953	1	1130	0
196680814	2717	693	1	1436	0
196686652	3455	689	1	702	0
196686918	1681	545	0	2621	0
196691059	3285	0	0	1562	0
196693451	1990	1835	1	1021	0
196695742	3485	296	1	1065	0
196696875	2416	2185	0	246	0
196696933	2000	1248	1	1598	0
196701051	4045	573	1	228	0
196702525	3519	378	2	948	0
196702810	3410	693	1	743	0
196706677	2880	8	0	1959	0
196709774	2745	459	0	1643	0
196710157	2735	412	0	1700	0
196711067	3176	15	0	1656	0
196716337	2461	0	0	2386	0
196760417	3180	381	0	1286	0
196766680	3601	3	0	1243	0
196787744	3083	930	1	833	0
196823030	4459	104	0	284	0
196825628	3273	239	0	1335	0
196825863	4116	1	0	730	0
196838060	2303	915	1	1628	0
196840272	2367	247	0	2233	0
196841630	2268	2567	0	12	0
196844593	2505	634	0	1708	0
196845017	2065	705	0	2077	0
196852781	4141	516	0	190	0
196862569	3287	227	0	1333	0
196867233	3649	379	1	818	0
196877749	2757	0	0	2090	0
196885344	3047	196	0	1604	0
196885831	3683	0	0	1164	0
196886770	3122	699	1	1025	0
196887181	3972	241	0	634	0
196887457	3816	83	1	947	0
196894326	3941	92	0	814	0
196916886	3982	848	0	17	0
196933245	2966	180	0	1701	0
196937536	3098	1032	1	716	0
196941493	2242	1527	1	1077	0
196943321	3776	79	0	992	0
196945789	3195	98	0	1554	0
196946775	3176	126	0	1545	0
196946869	3334	242	0	1271	0
196952092	3356	20	0	1471	0
196953858	2161	48	0	2638	0
196953997	2348	5	0	2494	0
196966105	2536	5	0	2306	0
196966853	2595	2072	0	180	0
196973183	3576	455	1	815	0
196977689	2443	0	0	2404	0
196978615	4173	252	1	421	0
196982154	2521	1694	0	632	0
196984679	4039	337	1	470	0
196986075	1861	10	0	2976	0
196989792	2009	8	0	2830	0
196990588	2549	5	0	2293	0
197005212	2605	1307	2	933	0
197005736	2053	1719	2	1073	0
197005883	3405	1322	0	120	0
197005945	1783	2	0	3062	0
197007479	3314	1399	0	134	0
197008597	3106	1028	0	713	0
197011636	2329	1551	0	967	0
197012111	2021	622	1	2203	0
197020658	2520	578	1	1748	0
197023048	1796	1817	2	1232	0
197023083	1855	14	0	2978	0
197026444	1622	3	0	3222	0
197027606	1639	3026	0	182	0
197030486	3091	1	0	1755	0
197031021	3752	992	0	103	0
197048391	4307	495	0	45	0
197069857	1737	18	0	3092	0
197070442	3690	387	0	770	0
197070776	2923	575	1	1348	0
197076194	2528	1369	0	950	0
197077516	3207	591	1	1048	0
197079671	3441	1311	0	95	0
197083196	3023	1640	0	184	0
197083329	3719	1035	0	93	0
197086669	1588	3064	0	195	0
197088303	2979	1734	0	134	0
197096480	3775	993	0	79	0
197101013	2699	1	0	2147	0
197102926	2453	773	2	1619	0
197111050	2729	9	0	2109	0
197116847	3506	24	0	1317	0
197119904	1853	2	0	2992	0
197121225	3185	3	0	1659	0
197121483	2294	895	2	1656	0
197123043	4291	193	0	363	0
197127578	3936	77	1	833	0
197129981	1874	931	3	2039	0
197143080	3450	28	0	1369	0
197143246	3056	540	2	1249	0
197143279	2712	2014	0	121	0
197143581	3010	1	0	1836	0
197152149	3372	1401	0	74	0
197155021	2526	1452	0	869	0
197159347	1765	994	3	2085	0
197161212	3578	1198	0	71	0
197161428	3684	1059	0	104	0
197165014	4062	610	0	175	0
197171234	3001	15	0	1831	0
197187605	3788	791	0	268	0
197192913	2326	530	3	1988	0
197192918	2297	403	0	2147	0
197195650	1633	2452	0	762	0
197203213	1954	7	0	2886	0
197215176	2518	466	1	1862	0
197216681	3754	270	1	822	0
197218799	4082	123	1	641	0
197221248	3873	167	0	807	0
197227033	1681	611	0	2555	0
197235171	3867	3	0	977	0
197244290	3831	245	1	770	0
197246542	2558	17	0	2272	0
197246968	3811	727	0	309	0
197250615	1858	2769	0	220	0
197256919	3905	9	0	933	0
197266535	1978	1401	3	1465	0
197283185	2924	1392	1	530	0
197290325	1899	533	0	2415	0
197293463	3715	4	0	1128	0
197295886	3387	718	1	741	0
197297408	4130	472	2	243	0
197298373	2826	1564	2	455	0
197299315	2166	1956	2	723	0
197302402	2304	1820	1	722	0
197305820	2987	38	0	1822	0
197306099	3601	889	1	356	0
197308507	1987	484	0	2376	0
197310747	2420	362	2	2063	0
197310777	2850	1494	0	503	0
197311228	2338	1964	0	545	0
197313189	3553	926	1	367	0
197316408	4074	57	0	716	0
197325908	3310	1250	0	287	0
197327399	3986	39	0	822	0
197342686	1996	978	1	1872	0
197342725	2027	926	1	1893	0
197343326	3438	4	0	1405	0
197343528	3209	3	0	1635	0
197344052	1894	6	0	2947	0
197344461	2835	502	1	1509	0
197347920	4158	166	1	522	0
197352969	3667	975	0	205	0
197355817	3272	428	1	1146	0
197359999	3629	765	0	453	0
197365105	3189	937	0	721	0
197368281	1800	924	0	2123	0
197372250	3341	388	1	1117	0
197372437	3045	384	1	1417	0
197384285	1839	2718	0	290	0
197386847	2465	1233	2	1147	0
197388076	3154	1081	0	612	0
197392067	3275	287	1	1284	0
197394090	2975	1861	0	11	0
197414097	2434	970	0	1443	0
197414540	2622	2216	0	9	0
197425806	2988	1855	0	4	0
197429275	3214	10	0	1623	0
197433329	1832	1527	0	1488	0
197438606	2586	720	2	1539	0
197444573	2851	5	0	1991	0
197446702	1861	1269	0	1717	0
197449166	4088	750	0	9	0
197450469	2243	5	0	2599	0
197464448	3335	1498	0	14	0
197480986	3157	101	0	1589	0
197482265	3022	1095	0	730	0
197483497	3475	1362	0	10	0
197488569	3536	548	0	763	0
197489357	2856	1151	1	839	0
197507540	3476	1362	0	9	0
197508901	2213	2137	1	496	0
197510762	3051	0	0	1796	0
197528149	3940	216	0	691	0
197529218	3813	846	0	188	0
197530833	2357	16	0	2474	0
197546459	3478	1134	1	234	0
197548933	3847	807	1	192	0
197552034	3257	452	0	1138	0
197555931	1841	3	0	3003	0
197559324	4129	147	0	571	0
197560387	3292	0	0	1555	0
197566842	1968	867	0	2012	0
197586232	3420	716	1	710	0
197590190	1841	1708	1	1297	0
197601092	2243	485	0	2119	0
197601668	2831	337	0	1679	0
197606708	1844	531	1	2471	0
197611682	3715	226	0	906	0
197612115	4099	746	0	2	0
197612247	1794	154	0	2899	0
197612759	3262	304	0	1281	0
197615058	4200	349	0	298	0
197615391	4129	118	0	600	0
197617436	3993	50	0	804	0
197626540	2300	10	0	2537	0
197629342	3940	752	0	155	0
197631141	4178	127	0	542	0
197638716	3877	218	0	752	0
197644773	3133	900	0	814	0
197646544	2476	319	0	2052	0
197658799	2511	1929	1	406	0
197659263	1817	1603	0	1427	0
197659555	2654	1816	0	377	0
197670799	1872	11	0	2964	0
197689967	3482	433	0	932	0
197694884	1583	14	0	3250	0
197698103	3224	1349	0	274	0
197701992	2343	592	0	1912	0
197702401	4209	122	0	516	0
197708342	2341	1934	1	571	0
197725373	2597	436	2	1812	0
197727298	2916	1643	1	287	0
197727642	4023	219	0	605	0
197729389	2773	34	0	2040	0
197731369	2741	21	0	2085	0
197733055	2334	2070	1	442	0
197735701	2748	4	0	2095	0
197738327	4254	492	0	101	0
197738780	3987	716	1	143	0
197740690	2235	2161	0	451	0
197743506	3505	257	0	1085	0
197746565	3646	652	0	549	0
197749868	4035	665	1	146	0
197754064	2779	389	0	1679	0
197755364	3877	166	1	803	0
197755646	2770	357	1	1719	0
197756149	2419	2424	0	4	0
197756304	1604	8	0	3235	0
197756422	2853	0	0	1994	0
197777147	1939	1752	2	1154	0
197780180	2076	8	0	2763	0
197781198	3499	233	0	1115	0
197784862	2292	28	0	2527	0
197793687	2865	342	1	1639	0
197807326	3953	3	0	891	0
197810079	2101	336	1	2409	0
197811282	1760	2495	0	592	0
197811566	3331	823	1	692	0
197813032	3543	173	0	1131	0
197814046	2290	1	0	2556	0
197814607	2086	653	0	2108	0
197814685	2764	231	0	1852	0
197815963	1628	3036	0	183	0
197816696	1923	153	0	2771	0
197823360	3077	1393	0	377	0
197828313	2082	8	0	2757	0
197830838	2288	153	0	2406	0
197832662	2404	155	0	2288	0
197836347	3459	591	0	797	0
197842458	2870	704	2	1271	0
197843204	2109	1080	0	1658	0
197844367	3929	369	0	549	0
197860833	3191	28	0	1628	0
197862321	3445	591	0	811	0
197864097	1897	56	0	2894	0
197866357	2554	651	1	1641	0
197867588	3398	57	0	1392	0
197867662	1895	400	0	2552	0
197869219	1914	132	1	2800	0
197869597	3401	3	0	1443	0
197874949	2099	918	1	1829	0
197877103	2218	1305	2	1322	0
197882038	2315	1113	0	1419	0
197883981	2182	15	0	2650	0
197887980	2698	530	2	1617	0
197891115	1826	10	0	3011	0
197892376	1631	12	0	3204	0
197893152	4163	308	1	375	0
197895434	3670	7	0	1170	0
197895717	2123	194	0	2530	0
197896728	1810	751	2	2284	0
197897332	2009	722	1	2115	0
197903352	3693	1120	0	34	0
197906399	3590	1224	0	33	0
197907335	3718	1100	0	29	0
197910646	2198	187	0	2462	0
197912090	2218	122	0	2507	0
197913101	2711	1093	1	1042	0
197914298	3694	290	1	862	0
197919593	2198	1080	1	1568	0
197919693	3108	473	0	1266	0
197922395	2706	986	3	1152	0
197927281	2208	823	1	1815	0
197928019	2159	653	2	2033	0
197929497	2394	1707	3	743	0
197938330	3426	782	4	635	0
197938806	2730	86	0	2031	0
197943073	3670	419	0	758	0
197946017	3856	4	0	987	0
197947218	2002	5	0	2840	0
197949082	3918	429	1	499	0
197951602	3072	2	0	1773	0
197952161	2974	1	0	1872	0
197955189	1906	1250	2	1689	0
197958740	2077	1063	2	1705	0
197962619	4244	6	0	597	0
197964151	1697	2461	2	687	0
197964342	2785	772	2	1288	0
197964890	2777	3	0	2067	0
197966427	4057	108	0	682	0
197967676	2722	136	0	1989	0
197968019	3254	1007	1	585	0
197968386	1730	836	0	2281	0
197968474	1879	1802	1	1165	0
197970270	2009	971	1	1866	0
197971220	3287	726	1	833	0
197971280	3109	1256	1	481	0
197972312	3119	1404	0	324	0
197973573	2422	372	2	2051	0
197973600	2755	42	0	2050	0
197976444	4233	142	1	471	0
197977954	2066	1150	1	1630	0
197982554	3636	923	0	288	0
197983420	3026	49	0	1772	0
197983550	3587	961	0	299	0
197987125	1774	898	1	2174	0
197987178	2232	1	0	2614	0
197987709	2831	141	0	1875	0
197991732	2945	1063	2	837	0
197991785	2377	18	0	2452	0
197993309	4024	614	0	209	0
197995095	2247	351	2	2247	0
197995961	3614	553	1	679	0
198000253	3835	641	1	370	0
198000533	3896	780	0	171	0
198003122	2852	1112	0	883	0
198003232	2510	7	0	2330	0
198013635	2372	1000	1	1474	0
198013738	3622	41	1	1183	0
198022138	2846	1520	1	480	0
198026579	2943	406	0	1498	0
198029452	2811	367	2	1667	0
198031333	1888	8	0	2951	0
198034569	3301	997	1	548	0
198034632	2702	33	0	2112	0
198036134	4306	34	0	507	0
198036478	3369	23	0	1455	0
198042339	3170	1	0	1676	0
198042715	3340	345	2	1160	0
198043253	2798	125	0	1924	0
198043518	3957	24	0	866	0
198044170	1640	405	0	2802	0
198045249	3274	572	1	1000	0
198048533	1985	5	0	2857	0
198051161	3787	106	0	954	0
198060028	3427	743	2	675	0
198066365	3777	54	0	1016	0
198068036	1952	2212	1	682	0
198071724	2469	489	2	1887	0
198074764	1889	11	0	2947	0
198077025	3416	279	2	1150	0
198081181	1524	493	1	2829	0
198081617	2515	1938	2	392	0
198081993	2592	495	2	1758	0
198083440	2322	539	2	1984	0
198083850	1695	1763	0	1389	0
198084065	3828	618	0	401	0
198095800	3409	576	2	860	0
198095880	4083	19	0	745	0
198097051	1580	2167	1	1099	0
198097178	1739	459	1	2648	0
198101649	1929	550	0	2368	0
198103833	2119	4	0	2724	0
198104516	2956	249	1	1641	0
198105828	3661	373	1	812	0
198110829	4267	5	0	575	0
198115684	1772	4	0	3071	0
198117538	3421	148	0	1278	0
198117642	1821	1588	2	1436	0
198127294	2009	0	0	2838	0
198128859	1966	536	1	2344	0
198132277	4101	127	1	618	0
198139136	1787	513	1	2546	0
198140938	1483	1755	2	1607	0
198141656	3812	143	1	891	0
198145832	2631	383	1	1832	0
198152759	2845	383	0	1619	0
198153564	4253	72	0	522	0
198155858	2288	502	0	2057	0
198157421	3955	176	1	715	0
198165379	2275	1286	1	1285	0
198166171	2781	4	0	2062	0
198172403	3635	618	1	593	0
198174863	3443	532	1	871	0
198178082	1682	0	0	3165	0
198184360	2840	230	1	1776	0
198188749	3618	454	1	774	0
198201125	3451	679	2	715	0
198203212	3208	193	1	1445	0
198207105	3903	215	1	728	0
198207613	2157	623	1	2066	0
198208017	3825	344	1	677	0
198210155	3749	165	1	932	0
198211191	1771	2	0	3074	0
198212636	2546	798	1	1502	0
198214016	3526	538	1	782	0
198214462	2449	380	0	2018	0
198224252	2430	310	1	2106	0
198229236	3841	487	1	518	0
198233907	3928	346	1	572	0
198238464	3417	230	0	1200	0
198252452	1985	613	1	2248	0
198252623	2941	260	0	1646	0
198253444	4192	3	0	652	0
198254389	3894	194	1	758	0
198256208	2646	307	0	1894	0
198259680	1703	570	1	2573	0
198261484	2322	2	0	2523	0
198269416	2972	198	0	1677	0
198273582	2621	7	0	2219	0
198273642	2635	4	0	2208	0
198276727	3115	9	0	1723	0
198277135	3349	198	1	1299	0
198285011	1630	493	0	2724	0
198285437	2713	302	0	1832	0
198286057	1925	501	0	2421	0
198286105	2184	346	0	2317	0
198287269	3984	44	0	819	0
198288709	2315	1360	2	1170	0
198291707	3265	880	1	701	0
198292803	3926	105	0	816	0
198293574	2157	827	1	1862	0
198294025	3402	728	1	716	0
198297440	3696	172	0	979	0
198299144	2885	1056	1	905	0
198299597	2530	321	1	1995	0
198311110	2804	25	0	2018	0
198311785	3486	2	0	1359	0
198311960	2649	264	0	1934	0
198315961	2091	2	0	2754	0
198316583	2790	1	0	2056	0
198316699	3399	703	2	743	0
198316947	1650	877	2	2318	0
198317345	3650	181	1	1015	0
198318763	2098	166	1	2582	0
198320984	3801	257	1	788	0
198325457	2410	319	0	2118	0
198327168	3953	178	0	716	0
198329019	3150	7	0	1690	0
198330571	3962	214	2	669	0
198333063	2436	645	2	1764	0
198341998	2301	653	2	1891	0
198342933	3726	177	0	944	0
198343578	2236	79	0	2532	0
198348414	1909	507	0	2431	0
198351796	4062	134	1	650	0
198351821	4078	231	1	537	0
198357611	2042	454	0	2351	0
198357721	3342	415	1	1089	0
198358334	2315	725	2	1805	0
198358403	2470	273	0	2104	0
198360082	1923	480	0	2444	0
198360083	1919	351	1	2576	0
198360497	4035	115	0	697	0
198361419	3750	405	1	691	0
198363459	2042	20	0	2785	0
198367279	3584	363	1	899	0
198370346	3498	2	0	1347	0
198371901	3157	36	0	1654	0
198373152	3376	200	0	1271	0
198376442	3651	5	0	1191	0
198377600	3681	123	0	1043	0
198379010	3563	348	0	936	0
198383520	3135	200	1	1511	0
198384986	2005	1332	0	1510	0
198387128	2217	25	0	2605	0
198389958	3050	217	0	1580	0
198393114	3330	3	0	1514	0
198393815	2801	323	0	1723	0
198393929	3189	2	0	1656	0
198393988	3310	194	0	1343	0
198396243	2299	542	0	2006	0
198408321	1804	602	0	2441	0
198408652	1975	2	0	2870	0
198409487	2097	1	0	2749	0
198410156	2799	599	0	1449	0
198410706	3335	61	0	1451	0
198410852	3983	97	0	767	0
198416117	1943	1105	0	1799	0
198416306	3109	241	0	1497	0
198417004	3503	221	0	1123	0
198417152	3486	130	0	1231	0
198418782	3663	225	0	959	0
198420658	3663	162	0	1022	0
198421267	3762	231	0	854	0
198421408	3722	543	0	582	0
198421498	3622	88	0	1137	0
198427763	3987	90	0	770	0
198431973	2037	1050	0	1760	0
198436133	3814	19	0	1014	0
198438299	1880	5	0	2962	0
198450275	2450	145	0	2252	0
198454280	2377	462	0	2008	0
198455824	2352	263	0	2232	0
198457080	3925	160	1	761	0
198461064	2821	188	1	1837	0
198464433	2893	94	0	1860	0
198466250	2558	253	0	2036	0
198469162	2279	316	0	2252	0
198469493	3732	59	0	1056	0
198474448	3880	142	0	825	0
198481331	2812	91	0	1944	0
198482638	2297	0	0	2550	0
198484407	2004	616	1	2226	0
198484427	1819	2907	0	121	0
198484750	3996	110	1	740	0
198485706	1853	349	1	2644	0
198486802	3079	217	0	1551	0
198488490	3869	228	1	749	0
198489373	1753	7	0	3087	0
198489457	2250	331	0	2266	0
198490350	3730	141	1	975	0
198498639	3422	4	0	1421	0
198501219	2216	12	0	2619	0
198501247	1848	313	1	2685	0
198506434	4267	28	0	552	0
198507058	4093	51	0	703	0
198510700	3149	443	0	1255	0
198511122	2407	565	0	1875	0
198513826	2034	115	0	2698	0
198528106	2303	354	0	2190	0
198528389	3698	315	0	834	0
198538009	3898	216	0	733	0
198538261	3280	174	0	1393	0
198542088	3215	8	0	1624	0
198543380	3180	2	0	1665	0
198543770	3255	0	0	1592	0
198543996	2848	520	0	1479	0
198544313	1624	355	1	2867	0
198544730	2968	210	1	1668	0
198564497	2750	729	1	1367	0
198577263	3500	52	0	1295	0
198580255	2176	2420	1	250	0
198588831	3254	0	0	1593	0
198589491	4020	202	1	624	0
198589576	2625	446	0	1776	0
198595506	2907	207	2	1731	0
198599301	2889	146	0	1812	0
198601197	3537	550	2	758	0
198603179	2138	1088	2	1619	0
198604769	3214	20	0	1613	0
198605219	2565	39	0	2243	0
198609305	3351	130	0	1366	0
198618545	2475	35	0	2337	0
198619686	1617	2285	1	944	0
198619888	2062	1226	2	1557	0
198625461	3085	3	0	1759	0
198628622	2918	842	0	1087	0
198632356	1800	1179	0	1868	0
198634625	1729	1658	1	1459	0
198634997	2628	1915	0	304	0
198637853	2876	459	1	1511	0
198638257	3298	240	0	1309	0
198639280	3815	169	2	861	0
198644124	2755	701	1	1390	0
198645459	3545	111	1	1190	0
198645606	1562	14	0	3271	0
198645649	1447	313	0	3087	0
198647860	3430	1	0	1416	0
198650006	3278	111	1	1457	0
198650513	3384	564	1	898	0
198653384	4240	75	0	532	0
198656407	2119	1017	1	1710	0
198658856	3623	191	1	1032	0
198660012	1840	297	0	2710	0
198663661	2667	248	1	1931	0
198664102	3939	206	0	702	0
198666232	2134	336	1	2376	0
198666630	2167	25	0	2655	0
198666970	4107	57	0	683	0
198670555	2317	148	0	2382	0
198671653	1592	110	0	3145	0
198675390	3129	43	0	1675	0
198676063	3878	26	0	943	0
198677420	3849	96	1	901	0
198680967	4133	235	1	478	0
198682178	3984	6	0	857	0
198692364	3538	250	1	1058	0
198699793	3427	708	1	711	0
198702518	4084	1	0	762	0
198705081	4193	252	1	401	0
198706395	3254	2	0	1591	0
198711972	3917	127	1	802	0
198712469	3968	127	0	752	0
198721192	3263	280	0	1304	0
198723915	3470	144	0	1233	0
198725242	1840	2	0	3005	0
198726620	3893	153	0	801	0
198733848	2900	130	0	1817	0
198738552	4202	2	0	643	0
198739870	3604	554	1	688	0
198745866	1984	379	1	2483	0
198750454	2847	1287	3	710	0
198750522	3896	610	3	338	0
198751401	1836	736	0	2275	0
198754162	2310	162	1	2374	0
198756347	3600	1	0	1246	0
198757361	2881	1266	1	699	0
198758216	2628	194	1	2024	0
198760069	2123	185	0	2539	0
198760554	3129	1217	1	500	0
198764636	3953	274	1	619	0
198771204	3838	455	1	553	0
198772336	2372	1277	3	1195	0
198773357	3478	637	1	731	0
198773703	2868	496	3	1480	0
198780386	1978	1712	3	1154	0
198783718	2158	43	0	2646	0
198785494	4255	290	0	302	0
198788077	3306	720	2	819	0
198790120	2501	1591	2	753	0
198795389	1787	1836	3	1221	0
198798913	1786	2064	1	996	0
198801107	4231	72	0	544	0
198802414	3030	1361	1	455	0
198805118	3689	0	0	1158	0
198808280	2744	675	0	1428	0
198811372	2674	429	0	1744	0
198816149	2157	481	2	2207	0
198825746	2416	2340	0	91	0
198825960	1884	247	0	2716	0
198829308	3590	0	0	1257	0
198833320	4115	532	1	199	0
198834762	3499	0	0	1348	0
198836079	3147	291	1	1408	0
198837151	4013	189	0	645	0
198845552	3232	1	0	1614	0
198848978	2613	5	0	2229	0
198859198	4161	397	2	287	0
198864590	4225	206	0	416	0
198871076	2391	1847	1	608	0
198872658	3417	318	3	1109	0
198884069	1595	1668	2	1582	0
198886404	1700	2357	0	790	0
198889074	3928	317	0	602	0
198894729	3782	771	0	294	0
198895844	4246	108	3	490	0
198898427	2493	1154	2	1198	0
198899996	3346	1073	1	427	0
198908492	2100	4	0	2743	0
198912797	2474	182	1	2190	0
198915302	2855	1541	2	449	0
198916372	2271	5	0	2571	0
198920607	2380	46	0	2421	0
198940624	2708	1648	2	489	0
198942452	1736	792	1	2318	0
198943015	3069	733	1	1044	0
198943840	2848	470	0	1529	0
198944015	1894	7	0	2946	0
198956465	3764	258	1	824	0
198956913	3351	48	1	1447	0
198959691	2529	405	0	1913	0
198966491	1693	2	0	3152	0
198972306	2017	2	0	2828	0
198974825	3593	413	0	841	0
198976520	3089	450	1	1307	0
198981241	2907	458	1	1481	0
198988196	3482	5	0	1360	0
198992043	3429	989	1	428	0
199004366	2799	3	0	2045	0
199007208	3948	618	1	280	0
199018143	3960	277	0	610	0
199019855	3072	387	1	1387	0
199020987	2658	420	1	1768	0
199028678	4309	58	0	480	0
199033762	3504	197	0	1146	0
199034906	3141	795	1	910	0
199038043	2060	414	3	2370	0
199038230	3037	87	0	1723	0
199042977	3408	68	0	1371	0
199051275	4099	2	0	746	0
199054140	4006	434	1	406	0
199054666	1624	1549	1	1673	0
199058893	1988	1730	0	1129	0
199060117	3033	38	0	1776	0
199070739	1891	1572	1	1383	0
199080141	3836	436	1	574	0
199081484	3802	105	0	940	0
199082557	2725	1286	1	835	0
199083265	3169	2	0	1676	0
199087095	3464	662	1	720	0
199090230	2470	2	0	2375	0
199090355	3236	2	0	1609	0
199091139	3722	188	0	937	0
199091699	3818	498	1	530	0
199093088	2086	1268	1	1492	0
199093350	3724	113	0	1010	0
199093876	3486	931	1	429	0
199097277	3402	861	1	583	0
199098858	4024	471	1	351	0
199102610	3053	967	1	826	0
199104660	2154	5	0	2688	0
199106728	2249	5	0	2593	0
199107702	3338	999	1	509	0
199107881	2818	5	0	2024	0
199108406	2046	1255	1	1545	0
199108772	2831	43	0	1973	0
199109802	3742	156	0	949	0
199118310	3574	754	1	518	0
199118713	2752	274	0	1821	0
199118810	3434	167	0	1246	0
199119411	3514	60	0	1273	0
199121704	3941	383	1	522	0
199124439	1774	1156	1	1916	0
199124447	1695	494	2	2656	0
199128718	3975	443	0	429	0
199134034	1694	441	2	2710	0
199134239	2477	1275	0	1095	0
199136768	3743	387	0	717	0
199138973	2266	44	0	2537	0
199139226	2166	7	0	2674	0
199141808	2217	32	0	2598	0
199145557	1900	321	0	2626	0
199147896	2980	203	2	1662	0
199168691	2289	3	0	2555	0
199171803	2833	878	3	1133	0
199174313	3942	534	1	370	0
199174674	4217	347	1	282	0
199189934	1972	262	2	2611	0
199191476	3971	568	1	307	0
199193571	3271	104	2	1470	0
199193889	3849	196	2	800	0
199195245	2952	93	0	1802	0
199203236	3997	0	0	850	0
199204675	1885	242	0	2720	0
199204697	1817	1575	1	1454	0
199208427	2287	5	0	2555	0
199208481	3300	732	3	812	0
199208653	3071	101	0	1675	0
199213194	2229	336	0	2282	0
199213309	4078	406	1	362	0
199213358	2599	1291	1	956	0
199216551	2659	4	0	2184	0
199216639	2590	1455	3	799	0
199217307	3242	162	0	1443	0
199221398	3965	607	1	274	0
199229628	2807	1941	0	99	0
199230753	1657	276	2	2912	0
199231736	1934	218	0	2695	0
199233200	2790	113	0	1944	0
199233585	1806	1	0	3040	0
199234743	1705	380	0	2762	0
199235065	4221	10	0	616	0
199235916	3856	619	1	371	0
199236358	2075	476	0	2296	0
199237218	2017	6	0	2824	0
199237269	1792	2	0	3053	0
199240239	2062	584	1	2200	0
199242683	4276	140	0	431	0
199243228	2060	858	1	1928	0
199249226	1611	11	0	3225	0
199250270	4006	291	1	549	0
199252317	3058	242	0	1547	0
199254953	1775	481	0	2591	0
199255106	3264	810	1	772	0
199255516	2757	5	0	2085	0
199265270	1575	1051	0	2221	0
199265581	3805	325	0	717	0
199265747	3852	272	0	723	0
199266874	2928	325	0	1594	0
199267084	1552	31	0	3264	0
199269383	2474	676	0	1697	0
199270943	2336	1165	0	1346	0
199274275	1929	1089	0	1829	0
199274762	2990	275	0	1582	0
199276194	2067	2065	0	715	0
199281617	2311	257	0	2279	0
199282548	2845	437	0	1565	0
199298683	2141	1618	1	1087	0
199300475	2712	504	0	1631	0
199301028	3411	335	0	1101	0
199301087	2410	911	0	1526	0
199304139	3891	2	0	954	0
199304892	3531	209	0	1107	0
199312280	3646	218	1	982	0
199312525	2620	1209	2	1016	0
199315719	4048	179	1	619	0
199316227	3217	255	0	1375	0
199316461	1987	797	0	2063	0
199319619	2009	802	1	2035	0
199320785	2671	756	1	1419	0
199327953	2003	1017	1	1826	0
199329274	3849	576	2	420	0
199330817	4285	49	0	513	0
199338148	3334	939	1	573	0
199338322	3508	128	0	1211	0
199339715	3851	90	0	906	0
199346031	2300	1906	0	641	0
199346904	2458	7	0	2382	0
199347080	2210	619	1	2017	0
199348223	3853	767	0	227	0
199348842	3738	117	1	991	0
199354034	2718	1031	1	1097	0
199356516	2058	5	0	2784	0
199356893	2356	1016	1	1474	0
199357512	1998	219	0	2630	0
199359440	4386	123	1	337	0
199359803	3439	617	1	790	0
199359830	3268	132	0	1447	0
199360836	2443	742	1	1661	0
199360977	1937	890	1	2019	0
199361785	1847	282	0	2718	0
199361834	2294	1050	1	1502	0
199362216	2813	674	1	1359	0
199367967	2258	144	1	2444	0
199368106	2145	259	1	2442	0
199369479	2887	198	0	1762	0
199375204	2691	260	1	1895	0
199377000	1950	1035	1	1861	0
199381611	4225	366	1	255	0
199391223	1963	246	1	2637	0
199391581	2468	797	1	1581	0
199395968	3569	395	1	882	0
199401245	3251	63	0	1533	0
199405454	1778	331	0	2738	0
199407267	2717	970	1	1159	0
199410972	3331	218	0	1298	0
199416609	2265	281	0	2301	0
199417045	2055	5	0	2787	0
199418899	3023	1287	0	537	0
199419657	2236	1238	1	1372	0
199422780	2334	96	0	2417	0
199425643	2561	1333	2	951	0
199425806	1547	1280	1	2019	0
199427193	2051	898	1	1897	0
199427321	2506	578	1	1762	0
199428096	2445	1972	0	430	0
199430143	2325	15	0	2507	0
199430288	2645	1569	0	633	0
199432864	1960	478	1	2408	0
199435069	4127	530	0	190	0
199435207	2282	2051	0	514	0
199437160	3113	725	1	1008	0
199441175	3611	458	1	777	0
199441252	2798	1715	1	333	0
199441374	2779	749	1	1318	0
199441521	2134	1430	0	1283	0
199441665	3486	573	1	787	0
199444461	3931	285	1	630	0
199445080	2336	92	0	2419	0
199445987	2182	2163	1	501	0
199446552	1480	2717	1	649	0
199449735	1730	69	0	3048	0
199450063	2138	359	0	2350	0
199451667	1475	1535	1	1836	0
199454878	3722	224	1	900	0
199456050	2244	92	0	2511	0
199457527	3384	692	2	769	0
199458964	1352	696	1	2798	0
199464611	3384	616	1	846	0
199464675	3311	171	0	1365	0
199467590	2738	3	0	2106	0
199471395	2430	520	1	1896	0
199471616	3684	207	1	955	0
199473534	3164	60	0	1623	0
199480321	4301	457	0	89	0
199480886	3891	38	0	918	0
199481478	1579	1089	0	2179	0
199485001	3833	269	1	744	0
199486685	3215	49	0	1583	0
199486821	2672	250	1	1924	0
199488833	1980	285	0	2582	0
199490128	2551	162	0	2134	0
199490657	2400	8	0	2439	0
199493894	2375	11	0	2461	0
199503966	4051	323	1	472	0
199507432	2100	11	0	2736	0
199513565	2771	650	1	1425	0
199519005	3290	419	1	1137	0
199519265	1741	64	0	3042	0
199519488	2988	637	0	1222	0
199520582	3288	479	1	1079	0
199521371	2413	1853	0	581	0
199530833	2593	1	0	2253	0
199531025	3960	290	1	596	0
199534908	4217	201	1	428	0
199538245	3674	368	1	804	0
199538529	1903	2	0	2942	0
199541770	1752	987	1	2107	0
199544080	1941	1687	2	1217	0
199544559	2084	745	1	2017	0
199545344	1722	96	0	3029	0
199545407	2700	1615	0	532	0
199546908	2768	58	0	2021	0
199547358	2792	615	1	1439	0
199549691	3090	1392	1	364	0
199551160	3146	934	2	765	0
199552645	2536	1780	1	530	0
199553110	4097	556	1	193	0
199555572	2665	1719	0	463	0
199556386	1706	74	0	3067	0
199557772	2092	1016	1	1738	0
199559047	2704	542	2	1599	0
199561902	3257	459	1	1130	0
199581581	1989	1200	1	1657	0
199583780	3471	190	0	1186	0
199584037	3584	889	0	374	0
199586940	2327	1411	2	1107	0
199587072	2389	1376	0	1082	0
199588458	1892	1155	0	1800	0
199588666	2975	160	0	1712	0
199589986	3519	102	0	1226	0
199590048	2490	365	0	1992	0
199590414	1981	184	0	2682	0
199590921	1978	482	0	2387	0
199591269	2951	9	0	1887	0
199593842	2843	653	0	1351	0
199598783	1904	496	0	2447	0
199599676	2226	375	0	2246	0
199600936	1745	492	0	2610	0
199608286	3493	198	0	1156	0
199610237	2043	299	0	2505	0
199615681	2196	199	0	2452	0
199615698	2120	126	0	2601	0
199623013	4227	80	0	540	0
199624270	3577	136	0	1134	0
199629438	2415	300	0	2132	0
199630119	2301	299	0	2247	0
199630426	3824	2	0	1021	0
199630688	3663	2	0	1182	0
199632996	1929	3	0	2915	0
199633712	3230	67	0	1550	0
199634402	2378	420	0	2049	0
199635416	2543	217	0	2087	0
199636349	1972	3	0	2872	0
199636944	1660	383	0	2804	0
199669967	1861	551	1	2434	0
199679992	2614	5	0	2228	0
199689355	2929	1063	1	854	0
199690702	2583	1292	0	972	0
199707262	3688	296	0	863	0
199712015	2211	103	0	2533	0
199716912	2981	1373	0	493	0
199721587	1827	530	3	2487	0
199721668	1800	0	0	3047	0
199725425	1385	37	0	3425	0
199728003	3514	723	0	610	0
199746995	2312	472	3	2060	0
199747903	2605	4	0	2238	0
199748480	2146	89	0	2612	0
199753433	2130	97	0	2620	0
199756126	1792	0	0	3055	0
199760124	2455	1085	2	1305	0
199764832	3328	907	0	612	0
199772399	2502	1026	2	1317	0
199778852	3981	156	0	710	0
199778956	3921	368	2	556	0
199779779	2501	464	0	1882	0
199779970	2516	986	2	1343	0
199781842	3784	6	0	1057	0
199782570	3234	773	0	840	0
199783024	3867	54	0	926	0
199784932	3003	93	0	1751	0
199786043	2503	150	1	2193	0
199787575	2380	8	0	2459	0
199787801	1949	1553	0	1345	0
199792844	2789	1020	0	1038	0
199797035	4138	11	0	698	0
199801507	2240	1417	1	1189	0
199803838	1663	536	3	2645	0
199814415	4085	52	0	710	0
199816681	1603	34	0	3210	0
199817206	1639	38	0	3170	0
199819434	2711	668	0	1468	0
199820938	2119	165	1	2562	0
199822974	3993	75	0	779	0
199824875	3609	486	0	752	0
199829615	1557	292	1	2997	0
199832023	1620	288	0	2939	0
199839780	4115	57	1	674	0
199839998	3774	460	1	612	0
199842523	1760	1664	1	1422	0
199844057	3625	87	1	1134	0
199849551	2290	258	1	2298	0
199856406	3458	20	0	1369	0
199858391	1435	314	1	3097	0
199861066	4186	40	0	621	0
199863555	2923	171	1	1752	0
199864160	3413	161	0	1273	0
199864433	3338	1022	0	487	0
199866560	2539	181	1	2126	0
199875480	2309	1495	0	1043	0
199875862	2563	1336	1	947	0
199878170	1801	1199	1	1846	0
199878777	3032	953	1	861	0
199889671	4026	511	0	310	0
199905828	2166	1402	0	1279	0
199907266	2239	71	0	2537	0
199912687	4007	0	0	840	0
199914211	2651	71	0	2125	0
199915416	3768	4	0	1075	0
199924396	3993	111	0	743	0
199925285	1798	117	0	2932	0
199926184	3091	1228	0	528	0
199931323	4082	74	0	691	0
199942960	2714	74	0	2059	0
199943572	3744	30	0	1073	0
199945630	2880	1310	0	657	0
199946176	1886	1473	0	1488	0
199954572	2734	82	1	2030	0
199960009	2749	89	1	2008	0
199963622	2026	2449	1	371	0
199965168	2553	703	0	1591	0
199966562	2385	975	1	1486	0
199971261	3166	1449	1	231	0
199972419	2327	2206	1	313	0
199975347	2388	2144	1	314	0
199985700	3532	204	1	1110	0
199985792	3950	110	1	786	0
199985998	1571	14	0	3262	0
199991798	2170	28	0	2649	0
199997403	4105	90	1	651	0
199998915	1484	200	0	3163	0
