sim	exp	nam	typ	cro	sta	end	gro	ind	idx	snp	run	true_lat	true_lon	pred_lat	pred_lon	diff_space	true_tim	pred_tim	diff_time
AADR	4	allwindow	gt	2	200000000	300000000	0	I13840	26	19418	7.436409044265747	40.671111	20.984722	46.6270751953125	11.95650577545166	981.81665	6102.0	3172.276611328125	2929.723388671875
AADR	4	allwindow	gt	2	200000000	300000000	0	I15969	827	19418	7.436409044265747	18.451	-69.686	18.98977279663086	-73.83971405029297	441.5089	995.0	1244.42041015625	-249.42041015625
AADR	4	allwindow	gt	2	200000000	300000000	0	DA13_noUDG.SG	2131	19418	7.436409044265747	49.060646	75.5032	50.56053161621094	87.4862289428711	874.854	2568.0	3235.61083984375	-667.61083984375
AADR	4	allwindow	gt	2	200000000	300000000	1	s19_X20_1_noUDG.SG	1189	19418	7.420378684997559	59.4308	24.9089	49.32243347167969	13.324681282043457	1347.2197	2787.0	4677.05322265625	-1890.05322265625
AADR	4	allwindow	gt	2	200000000	300000000	1	CR-01_noUDG.SG	4163	19418	7.420378684997559	34.003611	-119.726389	8.417808532714844	-83.46758270263672	4670.273	1017.0	4008.33203125	-2991.33203125
AADR	4	allwindow	gt	2	200000000	300000000	1	R11833.SG	4740	19418	7.420378684997559	40.5938	8.2045	48.15888595581055	14.818191528320312	991.0649	1639.0	1966.8760986328125	-327.8760986328125
AADR	4	allwindow	gt	2	200000000	300000000	2	MA974_noUDG.SG	1217	19418	9.429009612401327	59.45	28.08	53.9285774230957	18.285507202148438	855.4924	5586.0	4201.26708984375	1384.73291015625
AADR	4	allwindow	gt	2	200000000	300000000	2	I12410	3547	19418	9.429009612401327	41.3616	1.6694	48.61516571044922	4.150729179382324	829.70557	2375.0	2454.443603515625	-79.443603515625
AADR	4	allwindow	gt	2	200000000	300000000	2	I1369	4239	19418	9.429009612401327	-17.786	168.37	52.70838165283203	48.15127182006836	13591.788	2885.0	5297.154296875	-2412.154296875
AADR	4	allwindow	gt	2	200000000	300000000	3	MIB075	606	19418	6.4212228655815125	49.992004	15.776861	46.77024841308594	19.30017852783203	442.6598	3866.0	6342.55517578125	-2476.55517578125
AADR	4	allwindow	gt	2	200000000	300000000	3	PN13.SG	1808	19418	6.4212228655815125	53.04866	-9.140049	41.54175567626953	-0.3069404363632202	1440.0206	5572.0	3154.730712890625	2417.269287109375
AADR	4	allwindow	gt	2	200000000	300000000	3	C1639	4399	19418	6.4212228655815125	43.83	82.72	44.5207633972168	55.025238037109375	2199.3982	3491.0	4304.1279296875	-813.1279296875
AADR	4	allwindow	gt	2	200000000	300000000	4	I24259	1582	19418	7.4296648899714155	13.519983	144.806559	27.34234046936035	129.24720764160156	2229.5186	708.0	2152.700439453125	-1444.700439453125
AADR	4	allwindow	gt	2	200000000	300000000	4	I4262	2202	19418	7.4296648899714155	48.78176667	76.45303333	48.98904037475586	42.887413024902344	2434.1902	3743.0	3944.29833984375	-201.29833984375
AADR	4	allwindow	gt	2	200000000	300000000	4	C3315	4354	19418	7.4296648899714155	43.8	82.51	48.424800872802734	74.70491027832031	790.77563	2038.0	3918.337890625	-1880.337890625
AADR	4	allwindow	gt	2	200000000	300000000	5	gun012_noUDG.SG	261	19418	6.421202301979065	28.268611	-16.605556	44.236541748046875	4.927657127380371	2608.062	1324.0	3956.34326171875	-2632.34326171875
AADR	4	allwindow	gt	2	200000000	300000000	5	VLI011	521	19418	6.421202301979065	50.365945	14.446606	49.69325637817383	14.326947212219238	75.28619	4718.0	4746.328125	-28.328125
AADR	4	allwindow	gt	2	200000000	300000000	5	C783	4395	19418	6.421202301979065	43.6	82.62	49.9139518737793	81.60940551757812	706.2692	939.0	3240.765625	-2301.765625
AADR	4	allwindow	gt	2	200000000	300000000	6	FNO007	2967	19418	6.419533316294352	52.048428	106.766261	50.10590362548828	120.31845092773438	969.5413	7742.0	3903.381103515625	3838.618896484375
AADR	4	allwindow	gt	2	200000000	300000000	6	EHU001	3480	19418	6.419533316294352	42.419214	-3.484745	54.76856231689453	23.43145179748535	2385.3054	4121.0	3454.55615234375	666.44384765625
AADR	4	allwindow	gt	2	200000000	300000000	6	CCH289_noUDG.SG	3924	19418	6.419533316294352	37.6661	32.8257	46.973304748535156	20.716190338134766	1432.8308	8661.0	4456.02392578125	4204.97607421875
AADR	4	allwindow	gt	2	200000000	300000000	7	I14813	125	19418	7.42891161441803	40.783	43.95	49.527687072753906	40.884193420410156	1001.4117	3945.0	2282.345458984375	1662.654541015625
AADR	4	allwindow	gt	2	200000000	300000000	7	XJS1309_M4_noUDG	314	19418	7.42891161441803	36.5	117.0	37.070945739746094	109.13371276855469	703.19214	7827.0	4465.7626953125	3361.2373046875
AADR	4	allwindow	gt	2	200000000	300000000	7	VK506_noUDG.SG	1199	19418	7.42891161441803	58.17	22.25	49.4791259765625	19.528461456298828	982.54254	1237.0	2073.345703125	-836.345703125
AADR	4	allwindow	gt	2	200000000	300000000	8	I13726	1111	19418	7.424612971146901	51.357334	-2.988282	46.987239837646484	1.3232922554016113	578.0227	2133.0	4074.657470703125	-1941.657470703125
AADR	4	allwindow	gt	2	200000000	300000000	8	scy300_noUDG.SG	2463	19418	7.424612971146901	46.6684	29.8001	50.274444580078125	36.389827728271484	629.4954	2250.0	4070.57275390625	-1820.57275390625
AADR	4	allwindow	gt	2	200000000	300000000	8	Ash128_noUDG.SG	3901	19418	7.424612971146901	38.3482	34.2303	50.02333450317383	12.246893882751465	2167.644	10018.0	4135.34814453125	5882.65185546875
AADR	4	allwindow	gt	2	200000000	300000000	9	DA112_noUDG.SG	686	19418	7.427949976921082	50.5099972	14.05	39.78008270263672	40.18265151977539	2353.2295	2507.0	2776.590576171875	-269.590576171875
AADR	4	allwindow	gt	2	200000000	300000000	9	I13896	1160	19418	7.427949976921082	51.861211	-1.883011	48.73458480834961	7.235038757324219	734.34125	5486.0	3613.662353515625	1872.337646484375
AADR	4	allwindow	gt	2	200000000	300000000	9	Chaudardes1_noUDG	1233	19418	7.427949976921082	49.24	3.46	44.140174865722656	7.060239791870117	629.8807	8218.0	4062.82568359375	4155.17431640625
AADR	4	allwindow	gt	2	200000000	300000000	10	VPR001	737	19418	7.428560900688171	50.155159	14.318068	46.55278015136719	10.931321144104004	472.19812	4756.0	4244.515625	511.484375
AADR	4	allwindow	gt	2	200000000	300000000	10	I8550	770	19418	7.428560900688171	18.44	-69.64	18.319372177124023	-71.04887390136719	149.2716	1272.0	1042.4716796875	229.5283203125
AADR	4	allwindow	gt	2	200000000	300000000	10	SCH016	1393	19418	7.428560900688171	49.39	8.57	47.187164306640625	13.116459846496582	415.99048	7091.0	5363.6484375	1727.3515625
AADR	4	allwindow	gt	2	200000000	300000000	11	GBVPO.SG	1273	19418	6.429078074296315	43.14915	3.060582	49.97317886352539	15.78046989440918	1230.7015	3598.0	3887.16455078125	-289.16455078125
AADR	4	allwindow	gt	2	200000000	300000000	11	JpKo13.SG	2101	19418	6.429078074296315	35.72088	139.96344	36.932193756103516	121.8749771118164	1623.59	3917.0	5902.4267578125	-1985.4267578125
AADR	4	allwindow	gt	2	200000000	300000000	11	I8999	2698	19418	6.429078074296315	34.75146111	72.40193611	42.73625564575195	79.27450561523438	1068.51	2813.0	2594.43994140625	218.56005859375
AADR	4	allwindow	gt	2	200000000	300000000	12	OTTM_154_noUDG	1496	19418	10.428022913138072	48.22519	10.84977	45.04637908935547	10.863109588623047	353.46906	3709.0	3950.159423828125	-241.159423828125
AADR	4	allwindow	gt	2	200000000	300000000	12	I3788	2210	19418	10.428022913138072	42.68943333	73.11748333	50.912452697753906	6.917449474334717	4947.7876	3536.0	5893.15185546875	-2357.15185546875
AADR	4	allwindow	gt	2	200000000	300000000	12	TAF010_noUDG	2632	19418	10.428022913138072	34.807812	-2.410889	35.384735107421875	31.051881790161133	3030.4172	14649.0	8895.26171875	5753.73828125
AADR	4	allwindow	gt	2	200000000	300000000	13	IAG001	2536	19418	7.422764984766642	46.12105	91.571833	45.8004150390625	5.166962146759033	6319.7173	4466.0	2375.728759765625	2090.271240234375
AADR	4	allwindow	gt	2	200000000	300000000	13	I12906	2663	19418	7.422764984766642	51.557	3.598	55.631595611572266	5.6451239585876465	472.73303	2210.0	2442.076416015625	-232.076416015625
AADR	4	allwindow	gt	2	200000000	300000000	13	I6252	3636	19418	7.422764984766642	21.070453	30.664028	33.61006546020508	29.024051666259766	1403.6516	1155.0	4436.38525390625	-3281.38525390625
AADR	4	allwindow	gt	2	200000000	300000000	14	IO2	186	19418	8.430294338862101	-17.9634243	-67.1522097	3.4394543170928955	-76.46510314941406	2589.6255	985.0	1351.804931640625	-366.804931640625
AADR	4	allwindow	gt	2	200000000	300000000	14	I14327	930	19418	8.430294338862101	54.12647222	-0.287966667	47.19831848144531	18.3515682220459	1516.2357	2081.0	2555.472900390625	-474.472900390625
AADR	4	allwindow	gt	2	200000000	300000000	14	C3622	4480	19418	8.430294338862101	37.07	80.19	43.33955001831055	82.66576385498047	728.0602	1789.0	3705.2109375	-1916.2109375
AADR	4	allwindow	gt	2	200000000	300000000	15	I12783	944	19418	7.430304781595866	51.697969	-1.692092	47.70709991455078	2.5822088718414307	539.62256	2599.0	4697.6630859375	-2098.6630859375
AADR	4	allwindow	gt	2	200000000	300000000	15	I16819	1566	19418	7.430304781595866	13.519983	144.806559	49.4724006652832	19.00963020324707	11237.477	2518.0	5129.79443359375	-2611.79443359375
AADR	4	allwindow	gt	2	200000000	300000000	15	I3262	2714	19418	7.430304781595866	34.74319444	72.31421667	37.81814193725586	55.64915466308594	1530.1785	2844.0	3559.203369140625	-715.203369140625
AADR	4	allwindow	gt	2	200000000	300000000	16	MX258	1520	19418	8.460366197427113	47.767097	8.872239	47.59705352783203	12.628530502319336	281.8079	3917.0	4018.47998046875	-101.47998046875
AADR	4	allwindow	gt	2	200000000	300000000	16	I2514	1739	19418	8.460366197427113	36.15444444	54.38361111	44.307884216308594	66.0238265991211	1338.585	4347.0	4707.54638671875	-360.54638671875
AADR	4	allwindow	gt	2	200000000	300000000	16	C1679.SG	4429	19418	8.460366197427113	42.45	81.5	47.791534423828125	76.44622802734375	713.792	2250.0	2825.947509765625	-575.947509765625
AADR	4	allwindow	gt	2	200000000	300000000	17	ANI153	246	19418	8.429124128818511	43.2131	27.8644	42.880863189697266	23.479820251464844	358.1617	6434.0	5481.0927734375	952.9072265625
AADR	4	allwindow	gt	2	200000000	300000000	17	Burkhardtshohle_noUDG	1357	19418	8.429124128818511	48.32	9.35	44.292457580566406	13.834013938903809	564.7625	14620.0	5046.259765625	9573.740234375
AADR	4	allwindow	gt	2	200000000	300000000	17	BK-1653_noUDG	4286	19418	8.429124128818511	42.948	24.4302	123.78148651123047	205.62155151367188	1478.049	34948.0	36063.96875	-1115.96875
AADR	4	allwindow	gt	2	200000000	300000000	18	N17_noUDG.SG	2795	19418	6.4224943598111475	52.66	18.88	55.0550422668457	21.757831573486328	326.35263	3850.0	2990.406494140625	859.593505859375
AADR	4	allwindow	gt	2	200000000	300000000	18	BIY003	3153	19418	6.4224943598111475	54.99	73.37	44.886940002441406	78.0383529663086	1171.3723	2230.0	3324.904541015625	-1094.904541015625
AADR	4	allwindow	gt	2	200000000	300000000	18	C1699	4293	19418	6.4224943598111475	48.06	86.42	47.256229400634766	85.8694839477539	98.42676	4200.0	3236.096923828125	963.903076171875
AADR	4	allwindow	gt	2	200000000	300000000	19	irk061_noUDG.SG	3072	19418	9.428954776128133	53.9695	105.8412	49.41621780395508	97.52494812011719	763.91003	4341.0	3397.6982421875	943.3017578125
AADR	4	allwindow	gt	2	200000000	300000000	19	RA44	3789	19418	9.428954776128133	47.262067	7.659835	48.650108337402344	18.28474235534668	805.4175	4828.0	6153.24169921875	-1325.24169921875
AADR	4	allwindow	gt	2	200000000	300000000	19	KPM-23.SG	4780	19418	9.428954776128133	46.74644	19.44128	47.281742095947266	28.382274627685547	680.0897	1228.0	2923.4892578125	-1695.4892578125
AADR	4	allwindow	gt	2	200000000	300000000	20	TU874_SX8	3747	19418	8.445707126458485	47.2266239	8.8184374	41.32851791381836	10.62417984008789	671.3573	4573.0	2586.192626953125	1986.807373046875
AADR	4	allwindow	gt	2	200000000	300000000	20	C1673	4347	19418	8.445707126458485	43.08	81.52	48.39434051513672	83.66574096679688	613.87506	2229.0	3167.209228515625	-938.209228515625
AADR	4	allwindow	gt	2	200000000	300000000	20	C387_noUDG	4470	19418	8.445707126458485	36.97	79.94	48.150638580322266	63.816993713378906	1806.7987	1651.0	4108.7265625	-2457.7265625
AADR	4	allwindow	gt	2	200000000	300000000	21	XN180	1407	19418	7.4212252219518025	48.78	9.18	49.008460998535156	11.54643440246582	174.8465	7068.0	7708.84619140625	-640.84619140625
AADR	4	allwindow	gt	2	200000000	300000000	21	I0172	1513	19418	7.4212252219518025	51.42	11.68	53.06525421142578	-3.7278053760528564	1062.7361	5155.0	8307.1337890625	-3152.1337890625
AADR	4	allwindow	gt	2	200000000	300000000	21	TOP004	4605	19418	7.4212252219518025	-2.28	121.78	38.802520751953125	114.6559066772461	4626.1484	386.0	3365.878173828125	-2979.878173828125
AADR	4	allwindow	gt	2	200000000	300000000	22	MJ-40_noUDG.SG	2997	19418	7.430014248689016	52.532722	58.490389	45.926918029785156	26.89177894592285	2387.0203	2254.0	3475.463134765625	-1221.463134765625
AADR	4	allwindow	gt	2	200000000	300000000	22	I2636	3327	19418	7.430014248689016	59.35	-2.873	49.29442596435547	10.574271202087402	1412.4834	5397.0	7167.978515625	-1770.978515625
AADR	4	allwindow	gt	2	200000000	300000000	22	R10341.SG	4652	19418	7.430014248689016	42.2542	11.7576	46.91004180908203	26.76056671142578	1293.3784	2054.0	3816.88720703125	-1762.88720703125
AADR	4	allwindow	gt	2	200000000	300000000	23	I3348	1720	19418	8.429683029651642	30.24720461	79.73739624	39.19975662231445	21.03071403503418	5363.335	126.0	1384.5382080078125	-1258.5382080078125
AADR	4	allwindow	gt	2	200000000	300000000	23	I1853	3102	19418	8.429683029651642	53.87313333	91.46046667	54.15666961669922	12.435125350952148	4882.1626	3484.0	2666.049560546875	817.950439453125
AADR	4	allwindow	gt	2	200000000	300000000	23	Ash131_noUDG.SG	3898	19418	8.429683029651642	38.3482	34.2303	48.18016052246094	8.67070198059082	2325.18	9888.0	4764.44580078125	5123.55419921875
AADR	4	allwindow	gt	2	200000000	300000000	24	I1657	74	19418	6.434714086850485	40.39075	43.89106667	39.22883605957031	38.82291793823242	451.69736	5123.0	3501.274169921875	1621.725830078125
AADR	4	allwindow	gt	2	200000000	300000000	24	I18498_noUDG	1571	19418	6.434714086850485	13.519983	144.806559	49.20292282104492	16.848405838012695	11380.049	2742.0	3730.265380859375	-988.265380859375
AADR	4	allwindow	gt	2	200000000	300000000	24	bab001.SG	3418	19418	6.434714086850485	-29.533333	31.216667	4.051910400390625	36.52593231201172	3777.1775	2037.0	1691.7723388671875	345.2276611328125
AADR	4	allwindow	gt	2	200000000	300000000	25	I4280_noUDG	1787	19418	7.432830067475637	37.005	45.459	36.82194900512695	40.86388397216797	408.9964	2737.0	3560.0380859375	-823.0380859375
AADR	4	allwindow	gt	2	200000000	300000000	25	I4247	3471	19418	7.432830067475637	40.426	-3.535	31.609336853027344	18.855945587158203	2231.0977	4302.0	2218.02392578125	2083.97607421875
AADR	4	allwindow	gt	2	200000000	300000000	25	LAV012	3630	19418	7.432830067475637	14.091	-60.926	44.928104400634766	8.294221878051758	7277.198	602.0	2220.922607421875	-1618.922607421875
AADR	4	allwindow	gt	2	200000000	300000000	26	I2029	1422	19418	6.426221410433452	51.89583333	11.04666667	47.03046798706055	9.082772254943848	559.2552	7100.0	3946.674072265625	3153.325927734375
AADR	4	allwindow	gt	2	200000000	300000000	26	KBO001	2160	19418	6.426221410433452	50.18	76.91	50.09499740600586	109.32422637939453	2291.836	2297.0	5064.6318359375	-2767.6318359375
AADR	4	allwindow	gt	2	200000000	300000000	26	I0581_d	3485	19418	6.426221410433452	42.33333333	-3.5	44.14017868041992	14.359593391418457	1457.715	4746.0	2884.5712890625	1861.4287109375
AADR	4	allwindow	gt	2	200000000	300000000	27	I5502	925	19418	8.43181057771047	53.916717	-0.666972	47.2253532409668	7.997815132141113	961.9342	2054.0	3416.62939453125	-1362.62939453125
AADR	4	allwindow	gt	2	200000000	300000000	27	irk022_noUDG.SG	2927	19418	8.43181057771047	52.9943	103.4209	53.49778747558594	104.36109924316406	83.950096	4251.0	3236.279296875	1014.720703125
AADR	4	allwindow	gt	2	200000000	300000000	27	CBT005	3915	19418	8.43181057771047	40.019745	34.586129	43.758419036865234	13.53536605834961	1786.1324	5415.0	2783.470458984375	2631.529541015625
AADR	4	allwindow	gt	2	200000000	300000000	28	DA35_noUDG.SG	114	19418	7.427780445416769	40.52027778	44.93083333	47.07725143432617	22.28931999206543	1949.2057	3259.0	2306.26611328125	952.73388671875
AADR	4	allwindow	gt	2	200000000	300000000	28	I14809	1113	19418	7.427780445416769	51.75	-0.99	48.53242492675781	3.5847904682159424	483.85226	2199.0	3005.975341796875	-806.975341796875
AADR	4	allwindow	gt	2	200000000	300000000	28	R11543.SG	4712	19418	7.427780445416769	40.6885	43.8493	39.16598892211914	39.175540924072266	432.9279	1468.0	2124.469482421875	-656.469482421875
AADR	4	allwindow	gt	2	200000000	300000000	29	I19328	112	19418	9.438903586069744	40.416667	45.2	46.84109115600586	1.2205513715744019	3562.5728	2809.0	1689.8551025390625	1119.1448974609375
AADR	4	allwindow	gt	2	200000000	300000000	29	I7968	790	19418	9.438903586069744	19.24	-69.2	21.501615524291992	-71.83722686767578	372.55945	1015.0	1046.12646484375	-31.12646484375
AADR	4	allwindow	gt	2	200000000	300000000	29	I14096	995	19418	9.438903586069744	54.3955	-1.614	46.50625228881836	18.30915069580078	1652.4084	1973.0	1820.7840576171875	152.2159423828125
AADR	4	allwindow	gt	2	200000000	300000000	30	KYZ001	2243	19418	9.440357120831807	50.42	75.91	50.6964111328125	46.20577621459961	2084.427	2475.0	2146.840576171875	328.159423828125
AADR	4	allwindow	gt	2	200000000	300000000	30	Mezmaiskaya2_noUDG.SG	2448	19418	9.440357120831807	44.166667	40.0	109.1737060546875	188.54421997070312	3423.4814	43449.0	34577.08984375	8871.91015625
AADR	4	allwindow	gt	2	200000000	300000000	30	C3341	4364	19418	9.440357120831807	43.8	82.51	53.74089813232422	11.085018157958984	5120.001	4671.0	2719.541748046875	1951.458251953125
AADR	4	allwindow	gt	2	200000000	300000000	31	I18801_d	229	19418	10.428933942317963	42.514	26.571056	42.099700927734375	16.624019622802734	818.812	4775.0	2567.684814453125	2207.315185546875
AADR	4	allwindow	gt	2	200000000	300000000	31	Syltholm1.SG	4287	19418	10.428933942317963	54.623	11.458	48.706199645996094	13.250337600708008	669.3716	5746.0	7844.93212890625	-2098.93212890625
AADR	4	allwindow	gt	2	200000000	300000000	31	R3662.SG	4777	19418	10.428933942317963	45.467293	13.506565	42.01473617553711	21.884414672851562	774.2501	1360.0	2270.72607421875	-910.72607421875
AADR	4	allwindow	gt	2	200000000	300000000	32	I2928	1747	19418	10.435586849848429	36.15444444	54.38361111	50.266483306884766	-1.3202180862426758	4657.0986	4625.0	1855.5396728515625	2769.4603271484375
AADR	4	allwindow	gt	2	200000000	300000000	32	I4438	2373	19418	10.435586849848429	56.2833	25.1333	50.64460372924805	21.356382369995117	674.7534	7248.0	7254.10546875	-6.10546875
AADR	4	allwindow	gt	2	200000000	300000000	32	R3665.SG	4751	19418	10.435586849848429	43.524984	16.252825	42.478145599365234	11.385302543640137	412.51892	1780.0	2795.13427734375	-1015.13427734375
AADR	4	allwindow	gt	2	200000000	300000000	33	I15111	776	19418	7.431547717253367	18.394444	-68.61	15.350984573364258	-69.4572525024414	350.2165	607.0	288.0629577636719	318.9370422363281
AADR	4	allwindow	gt	2	200000000	300000000	33	I5881	4116	19418	7.431547717253367	48.91422	33.76493	49.00086212158203	20.147144317626953	992.9824	7077.0	5821.599609375	1255.400390625
AADR	4	allwindow	gt	2	200000000	300000000	33	CO001	4484	19418	7.431547717253367	-15.55	-72.65	24.186304092407227	-102.72138977050781	5493.602	1046.0	1322.5177001953125	-276.5177001953125
AADR	4	allwindow	gt	2	200000000	300000000	34	PN05.SG	1810	19418	8.438851090272268	53.04866	-9.140049	44.020660400390625	10.730409622192383	1764.8673	5729.0	2925.0771484375	2803.9228515625
AADR	4	allwindow	gt	2	200000000	300000000	34	RISE1169_noUDG.SG	2806	19418	8.438851090272268	50.170137	20.579034	48.90315628051758	17.17367935180664	283.21417	4747.0	2401.04833984375	2345.95166015625
AADR	4	allwindow	gt	2	200000000	300000000	34	MAL006_noUDG	4237	19418	8.438851090272268	-16.07388056	167.4477861	51.321712493896484	3.016842842102051	15858.646	2665.0	6125.1650390625	-3460.1650390625
AADR	4	allwindow	gt	2	200000000	300000000	35	PNL002	515	19418	9.438546776771545	50.250195	15.811275	49.374549865722656	14.91795539855957	116.5699	4653.0	3069.244873046875	1583.755126953125
AADR	4	allwindow	gt	2	200000000	300000000	35	I6294	3092	19418	9.438546776771545	53.58975	50.57129167	51.00017166137695	18.30236053466797	2194.0232	4709.0	2427.32861328125	2281.67138671875
AADR	4	allwindow	gt	2	200000000	300000000	35	VK332_noUDG.SG	3726	19418	9.438546776771545	56.41526	16.4326046	48.513301849365234	22.005474090576172	955.57825	1085.0	2239.277587890625	-1154.277587890625
AADR	4	allwindow	gt	2	200000000	300000000	36	I16537	98	19418	11.431367806593578	40.91666	44.5	39.91171646118164	35.44083023071289	774.6956	2977.0	1689.9302978515625	1287.0697021484375
AADR	4	allwindow	gt	2	200000000	300000000	36	I19913	1018	19418	11.431367806593578	51.3603	1.3405	53.58009338378906	2.7830512523651123	265.45343	3271.0	1943.2432861328125	1327.7567138671875
AADR	4	allwindow	gt	2	200000000	300000000	36	Aes6_d	3779	19418	11.431367806593578	47.465413	7.601691	46.22285842895508	23.0677547454834	1182.3749	4799.0	3007.7587890625	1791.2412109375
AADR	4	allwindow	gt	2	200000000	300000000	37	Sumidouro4_noUDG.SG	205	19418	8.449514226118724	-19.54	-43.94	1.4181562662124634	-41.697654724121094	2343.2568	10107.0	3558.944580078125	6548.055419921875
AADR	4	allwindow	gt	2	200000000	300000000	37	KBD001	3134	19418	8.449514226118724	43.826337	42.716199	45.336177825927734	51.69651794433594	730.35266	4030.0	5155.00537109375	-1125.00537109375
AADR	4	allwindow	gt	2	200000000	300000000	37	LD1174_noUDG.SG	3592	19418	8.449514226118724	37.406111	-4.416389	47.751827239990234	4.464817047119141	1358.9008	4466.0	4630.267578125	-164.267578125
AADR	4	allwindow	gt	2	200000000	300000000	38	VLI051	667	19418	8.432864705721537	50.365945	14.446606	51.47589874267578	14.979835510253906	128.95602	3721.0	5004.19140625	-1283.19140625
AADR	4	allwindow	gt	2	200000000	300000000	38	I11520	4194	19418	8.432864705721537	37.66666667	67.0	37.6788444519043	69.12908935546875	187.38705	3497.0	2744.2265625	752.7734375
AADR	4	allwindow	gt	2	200000000	300000000	38	TW004	4488	19418	8.432864705721537	-16.5564	-68.6725	5.718442440032959	-75.91289520263672	2601.6992	1025.0	790.9221801757812	234.07781982421875
AADR	4	allwindow	gt	2	200000000	300000000	39	I6936	1725	19418	11.442820715904237	30.24720461	79.73739624	41.078704833984375	40.47325897216797	3710.1755	127.0	2314.81787109375	-2187.81787109375
AADR	4	allwindow	gt	2	200000000	300000000	39	RISE684_noUDG.SG	2948	19418	11.442820715904237	53.708561	90.359808	45.578369140625	77.01641082763672	1315.2748	4239.0	2178.76171875	2060.23828125
AADR	4	allwindow	gt	2	200000000	300000000	39	SN-04_noUDG.SG	4142	19418	11.442820715904237	33.264278	-119.539	54.479957580566406	27.162988662719727	9750.124	4842.0	2525.29931640625	2316.70068359375
AADR	4	allwindow	gt	2	200000000	300000000	40	I14351	997	19418	9.442965352535248	53.9085	-1.384997	40.62925720214844	33.124000549316406	2951.5227	2048.0	1904.3729248046875	143.6270751953125
AADR	4	allwindow	gt	2	200000000	300000000	40	I14090	1168	19418	9.442965352535248	54.3955	-1.614	51.987709045410156	7.133068561553955	640.7259	1382.0	2868.311279296875	-1486.311279296875
AADR	4	allwindow	gt	2	200000000	300000000	40	I10359	1881	19418	9.442965352535248	32.58472222	35.01694444	45.6544189453125	44.57143020629883	1667.9259	3512.0	3932.56787109375	-420.56787109375
AADR	4	allwindow	gt	2	200000000	300000000	41	I1656	126	19418	9.4487078110377	40.377222	43.938333	41.94805908203125	59.71942901611328	1330.6359	3397.0	3657.071533203125	-260.071533203125
AADR	4	allwindow	gt	2	200000000	300000000	41	I14920	147	19418	9.4487078110377	25.366574	-76.520014	18.306507110595703	-66.9926986694336	1257.4573	938.0	1142.0504150390625	-204.0504150390625
AADR	4	allwindow	gt	2	200000000	300000000	41	I6795	2176	19418	9.4487078110377	50.09	74.44	48.48589324951172	73.24946594238281	198.16287	3642.0	3124.142578125	517.857421875
AADR	4	allwindow	gt	2	200000000	300000000	42	Bianbian_noUDG	312	19418	11.443337341149649	36.1	118.5	36.61478042602539	113.85437774658203	419.88782	9709.0	3880.386474609375	5828.613525390625
AADR	4	allwindow	gt	2	200000000	300000000	42	I4440	2375	19418	11.443337341149649	56.2833	25.1333	53.80584716796875	25.692829132080078	277.77417	7074.0	5929.50634765625	1144.49365234375
AADR	4	allwindow	gt	2	200000000	300000000	42	ALA039	3868	19418	11.443337341149649	36.23778	36.38472	36.61737823486328	34.64128875732422	161.5892	3337.0	5219.21142578125	-1882.21142578125
AADR	4	allwindow	gt	2	200000000	300000000	43	I4619	3941	19418	10.433870641390483	37.5432	41.8662	38.9703369140625	33.1794319152832	774.58105	4635.0	4008.7734375	626.2265625
AADR	4	allwindow	gt	2	200000000	300000000	43	I14733	3957	19418	10.433870641390483	37.79	41.01	37.10683059692383	45.250732421875	381.95523	2401.0	3293.414794921875	-892.414794921875
AADR	4	allwindow	gt	2	200000000	300000000	43	I1859	4260	19418	10.433870641390483	20.13333333	105.9833333	22.046171188354492	64.59159851074219	4286.596	3762.0	4065.96142578125	-303.96142578125
AADR	4	allwindow	gt	2	200000000	300000000	44	s19_X17_2_noUDG.SG	1188	19418	9.437767986456553	59.4383	24.8853	50.9761848449707	21.279298782348633	968.00055	2819.0	3373.967529296875	-554.967529296875
AADR	4	allwindow	gt	2	200000000	300000000	44	RISE98_noUDG.SG	3698	19418	9.437767986456553	55.381	13.445	51.69753646850586	13.920845985412598	410.78503	4082.0	7416.92724609375	-3334.92724609375
AADR	4	allwindow	gt	2	200000000	300000000	44	R3481.SG	4759	19418	9.437767986456553	42.466869	19.266164	42.41706466674805	14.72514533996582	372.6216	1699.0	1818.2926025390625	-119.2926025390625
AADR	4	allwindow	gt	2	200000000	300000000	45	I2457	883	19418	7.440687922636668	51.168023	-1.7725402	45.30170440673828	11.50051498413086	1177.0671	4056.0	2638.929443359375	1417.070556640625
AADR	4	allwindow	gt	2	200000000	300000000	45	I0057	1418	19418	7.440687922636668	51.89583333	11.04666667	49.549522399902344	30.300403594970703	1375.9664	7070.0	5563.43603515625	1506.56396484375
AADR	4	allwindow	gt	2	200000000	300000000	45	I4089	2867	19418	7.440687922636668	47.7467	22.395	48.133724212646484	16.553550720214844	437.1459	5636.0	4155.43701171875	1480.56298828125
AADR	4	allwindow	gt	2	200000000	300000000	46	DA23_noUDG.SG	2159	19418	8.434252031644185	52.6925	62.64722222	43.85490036010742	83.2919692993164	1806.6346	840.0	4867.556640625	-4027.556640625
AADR	4	allwindow	gt	2	200000000	300000000	46	HAN002_noUDG.SG	3126	19418	8.434252031644185	55.63639	35.89972	52.13213348388672	20.080915451049805	1104.5559	4605.0	2016.7305908203125	2588.2694091796875
AADR	4	allwindow	gt	2	200000000	300000000	46	C1656	4337	19418	8.434252031644185	43.22	81.84	52.430809020996094	7.631939888000488	5383.717	597.0	2756.82568359375	-2159.82568359375
AADR	4	allwindow	gt	2	200000000	300000000	47	I7966	788	19418	7.442877459526062	19.24	-69.2	17.844064712524414	-66.06779479980469	364.85526	1249.0	1085.1824951171875	163.8175048828125
AADR	4	allwindow	gt	2	200000000	300000000	47	ETR013	2080	19418	7.442877459526062	43.017037	11.948444	46.43110656738281	16.660070419311523	531.4872	982.0	2673.60107421875	-1691.60107421875
AADR	4	allwindow	gt	2	200000000	300000000	47	KPT004	3178	19418	7.442877459526062	53.044528	105.510583	45.31511688232422	99.5821762084961	960.66113	3773.0	3018.944580078125	754.055419921875
AADR	4	allwindow	gt	2	200000000	300000000	48	I10866	3600	19418	8.428963041305542	42.1333	3.1083	49.25608444213867	23.971723556518555	1795.5728	1947.0	4467.4951171875	-2520.4951171875
AADR	4	allwindow	gt	2	200000000	300000000	48	I4615	3939	19418	8.428963041305542	37.5432	41.8662	40.47063064575195	51.73176956176758	911.8357	4991.0	4778.79931640625	212.20068359375
AADR	4	allwindow	gt	2	200000000	300000000	48	C1235	4466	19418	8.428963041305542	36.46	81.95	42.25383377075195	81.94190979003906	644.2454	2752.0	3256.41064453125	-504.41064453125
AADR	4	allwindow	gt	2	200000000	300000000	49	I1298_enhanced	239	19418	8.43165545463562	43.374337	23.729298	47.16093826293945	9.710439682006836	1173.0685	7883.0	3102.783447265625	4780.216552734375
AADR	4	allwindow	gt	2	200000000	300000000	49	I16436_d	262	19418	8.43165545463562	49.4794	-2.4521	48.81184768676758	13.239500999450684	1141.6956	5814.0	3999.798828125	1814.201171875
AADR	4	allwindow	gt	2	200000000	300000000	49	I8919	2294	19418	8.43165545463562	-0.663	36.41	1.121876835823059	35.87810134887695	207.09364	2233.0	2645.2177734375	-412.2177734375
AADR	4	allwindow	gt	2	200000000	300000000	50	KO1011	560	19418	9.43487245241801	50.033343	15.168084	45.23360061645508	19.479007720947266	623.60114	3993.0	4144.55419921875	-151.55419921875
AADR	4	allwindow	gt	2	200000000	300000000	50	VK507_noUDG.SG	1200	19418	9.43487245241801	58.17	22.25	49.47529602050781	1.0386853218078613	1683.4728	1121.0	1663.7530517578125	-542.7530517578125
AADR	4	allwindow	gt	2	200000000	300000000	50	MX280	1523	19418	9.43487245241801	47.767097	8.872239	48.36014175415039	6.750790119171143	170.87791	3931.0	4358.1806640625	-427.1806640625
AADR	4	allwindow	gt	2	200000000	300000000	51	RISE662_noUDG.SG	2941	19418	8.431424037615459	53.547806	91.02565	51.96541213989258	50.632423400878906	2687.3284	4067.0	4487.60888671875	-420.60888671875
AADR	4	allwindow	gt	2	200000000	300000000	51	MDP001	3595	19418	8.431424037615459	38.102267	-1.864	53.68408203125	-1.498387098312378	1732.8435	4155.0	4033.655029296875	121.344970703125
AADR	4	allwindow	gt	2	200000000	300000000	51	R10766.SG	4675	19418	8.431424037615459	36.1898	5.4108	46.81332778930664	17.070594787597656	1525.7078	1836.0	2011.857421875	-175.857421875
AADR	4	allwindow	gt	2	200000000	300000000	52	I6900	2711	19418	8.433750331401825	34.74319444	72.31421667	36.79603958129883	65.87440490722656	624.0651	3216.0	3904.811767578125	-688.811767578125
AADR	4	allwindow	gt	2	200000000	300000000	52	KPT001	3175	19418	8.433750331401825	53.044528	105.510583	52.525604248046875	103.5913314819336	141.37708	3759.0	4374.24365234375	-615.24365234375
AADR	4	allwindow	gt	2	200000000	300000000	52	IKI036	3966	19418	8.433750331401825	41.6136944	35.8711361	45.888771057128906	37.14014434814453	486.15317	5405.0	2783.896484375	2621.103515625
AADR	4	allwindow	gt	2	200000000	300000000	53	MJ-31_noUDG.SG	4070	19418	7.425713857014974	46.9666667	32.0	55.752052307128906	9.959392547607422	1803.4917	3136.0	4666.68603515625	-1530.68603515625
AADR	4	allwindow	gt	2	200000000	300000000	53	AHUR_2064_noUDG.SG	4184	19418	7.425713857014974	37.41	-122.08	23.81616973876953	-98.8018798828125	2679.809	10962.0	5728.88232421875	5233.11767578125
AADR	4	allwindow	gt	2	200000000	300000000	53	Dushan4_1	4624	19418	7.425713857014974	23.6	107.13	26.159210205078125	131.93846130371094	2514.858	8707.0	3552.900390625	5154.099609375
AADR	4	allwindow	gt	2	200000000	300000000	54	I3616	3812	19418	8.433656024932862	24.32777778	121.7655556	31.39460563659668	124.2551498413086	822.94025	1641.0	3555.109130859375	-1914.109130859375
AADR	4	allwindow	gt	2	200000000	300000000	54	KRD003	4018	19418	8.433656024932862	36.329405	36.444255	40.45253372192383	15.79641342163086	1852.2645	7602.0	5304.63525390625	2297.36474609375
AADR	4	allwindow	gt	2	200000000	300000000	54	C4279.SG	4398	19418	8.433656024932862	43.83	82.8	45.87000274658203	70.90988159179688	963.3769	2241.0	2274.8544921875	-33.8544921875
AADR	4	allwindow	gt	2	200000000	300000000	55	I24251	1581	19418	9.432990113894144	13.519983	144.806559	16.9168758392334	142.70509338378906	439.87753	365.0	1989.4794921875	-1624.4794921875
AADR	4	allwindow	gt	2	200000000	300000000	55	I4475	4013	19418	9.432990113894144	37.177	40.952	51.90989685058594	24.008291244506836	2107.4766	1228.0	5582.41455078125	-4354.41455078125
AADR	4	allwindow	gt	2	200000000	300000000	55	C3320	4356	19418	9.432990113894144	43.8	82.51	46.460086822509766	81.39533996582031	308.4337	2252.0	3398.780029296875	-1146.780029296875
AADR	4	allwindow	gt	2	200000000	300000000	56	LJM3_noUDG	337	19418	8.550453241666158	36.508904	101.796482	31.573753356933594	114.48159790039062	1289.7642	4479.0	2640.264892578125	1838.735107421875
AADR	4	allwindow	gt	2	200000000	300000000	56	I20990	1097	19418	8.550453241666158	51.138291	-1.53093	50.575069427490234	12.037625312805176	953.1174	2220.0	1832.8953857421875	387.1046142578125
AADR	4	allwindow	gt	2	200000000	300000000	56	C3317	4355	19418	8.550453241666158	43.8	82.51	37.30113220214844	85.37271881103516	761.909	2130.0	3385.739990234375	-1255.739990234375
AADR	4	allwindow	gt	2	200000000	300000000	57	I6774	873	19418	8.436527637640635	50.862516	-0.121506	50.36917495727539	12.827038764953613	914.054	4121.0	2470.833251953125	1650.166748046875
AADR	4	allwindow	gt	2	200000000	300000000	57	WEHR_1474_d	1469	19418	8.436527637640635	48.25283	10.80879	53.45683670043945	20.52324867248535	892.9825	3924.0	4249.162109375	-325.162109375
AADR	4	allwindow	gt	2	200000000	300000000	57	I17892	4246	19418	8.436527637640635	10.03	-69.64	14.665024757385254	-71.2615737915039	544.6412	2337.0	1450.1739501953125	886.8260498046875
AADR	4	allwindow	gt	2	200000000	300000000	58	TAQ024	1919	19418	8.427829575538635	42.249972	11.767892	45.873775482177734	14.78805923461914	469.59903	2167.0	3048.63916015625	-881.63916015625
AADR	4	allwindow	gt	2	200000000	300000000	58	I20086	2469	19418	8.427829575538635	46.646667	29.808611	43.0361442565918	28.174997329711914	421.60043	2824.0	2631.04345703125	192.95654296875
AADR	4	allwindow	gt	2	200000000	300000000	58	I4876	3370	19418	8.427829575538635	44.53368	22.05032	48.88286209106445	14.342360496520996	760.4488	8455.0	6123.12939453125	2331.87060546875
AADR	4	allwindow	gt	2	200000000	300000000	59	GLZ003	3173	19418	8.429894622166952	52.279056	104.251778	48.54356384277344	95.4437484741211	748.92834	4478.0	5838.98779296875	-1360.98779296875
AADR	4	allwindow	gt	2	200000000	300000000	59	RISE94_noUDG.SG	3671	19418	8.429894622166952	56.025	14.233	43.77614212036133	46.62732696533203	2654.591	4487.0	1984.2813720703125	2502.7186279296875
AADR	4	allwindow	gt	2	200000000	300000000	59	R11102.SG	4657	19418	8.429894622166952	42.0263	11.9483	40.06514358520508	13.868218421936035	271.0513	3787.0	2609.215087890625	1177.784912109375
AADR	4	allwindow	gt	2	200000000	300000000	60	I19914	1091	19418	8.430582769711812	51.3603	1.3405	57.0593147277832	-2.3290517330169678	676.89716	2233.0	2560.009033203125	-327.009033203125
AADR	4	allwindow	gt	2	200000000	300000000	60	TW063	4499	19418	8.430582769711812	-16.555	-68.6745	-11.078192710876465	-68.1548843383789	611.57007	1223.0	1438.5792236328125	-215.5792236328125
AADR	4	allwindow	gt	2	200000000	300000000	60	KD004.SG	4585	19418	8.430582769711812	59.15966	-2.880505	51.24400329589844	9.196467399597168	1163.5486	2062.0	2045.2188720703125	16.7811279296875
AADR	4	allwindow	gt	2	200000000	300000000	61	Alh3a_noUDG.SG	1378	19418	8.425332375367482	48.58	12.2	50.78984832763672	12.559741973876953	247.082	1491.0	2678.283447265625	-1187.283447265625
AADR	4	allwindow	gt	2	200000000	300000000	61	OBKR_82	1468	19418	8.425332375367482	48.26656	10.87857	50.08089828491211	15.08896541595459	366.49844	3908.0	3589.487548828125	318.512451171875
AADR	4	allwindow	gt	2	200000000	300000000	61	I8131	3474	19418	8.425332375367482	38.9777	-0.16037	38.446292877197266	22.51632308959961	1963.3525	4459.0	5138.68994140625	-679.68994140625
AADR	4	allwindow	gt	2	200000000	300000000	62	SAN001	2492	19418	7.429690635204315	47.922006	112.966168	46.047645568847656	111.87264251708984	224.31361	1890.0	4176.154296875	-2286.154296875
AADR	4	allwindow	gt	2	200000000	300000000	62	I14308_d	2957	19418	7.429690635204315	42.78944444	131.2761111	53.31209945678711	18.270057678222656	7569.6836	6714.0	3944.262939453125	2769.737060546875
AADR	4	allwindow	gt	2	200000000	300000000	62	I0247	3026	19418	7.429690635204315	52.43	51.16	54.5587272644043	53.503379821777344	282.9101	2229.0	4659.31005859375	-2430.31005859375
AADR	4	allwindow	gt	2	200000000	300000000	63	C2046	4308	19418	7.421993446350098	46.48	90.75	48.917903900146484	73.64131927490234	1305.7549	4038.0	3388.643798828125	649.356201171875
AADR	4	allwindow	gt	2	200000000	300000000	63	C388_noUDG	4471	19418	7.421993446350098	36.97	79.94	39.5637092590332	68.7278823852539	1019.64954	1651.0	3283.948974609375	-1632.948974609375
AADR	4	allwindow	gt	2	200000000	300000000	63	SZRV-266.SG	4793	19418	7.421993446350098	46.97997	20.55983	48.27328109741211	91.38867950439453	5113.96	1162.0	3483.375732421875	-2321.375732421875
AADR	4	allwindow	gt	2	200000000	300000000	64	I7187	492	19418	7.4291226983070375	50.145766	14.221421	49.44501495361328	13.721979141235352	85.77072	6044.0	4480.05126953125	1563.94873046875
AADR	4	allwindow	gt	2	200000000	300000000	64	ULI003	2541	19418	7.4291226983070375	45.85636	91.931779	51.70983123779297	86.01988983154297	781.25714	3046.0	4656.71728515625	-1610.71728515625
AADR	4	allwindow	gt	2	200000000	300000000	64	VERT031	4613	19418	7.4291226983070375	48.783	25.852	51.40464401245117	10.777803421020508	1111.8888	5646.0	3853.053955078125	1792.946044921875
AADR	4	allwindow	gt	2	200000000	300000000	65	AITI_87	1470	19418	6.429217954476674	48.22281	10.84499	44.75225067138672	52.224369049072266	3152.5803	3692.0	2756.33740234375	935.66259765625
AADR	4	allwindow	gt	2	200000000	300000000	65	RISE1246_noUDG.SG	2815	19418	6.429217954476674	50.2	21.4	47.84630584716797	13.624149322509766	624.07196	4721.0	4910.908203125	-189.908203125
AADR	4	allwindow	gt	2	200000000	300000000	65	I6604	3473	19418	6.429217954476674	40.439	-3.501	47.31490707397461	13.528276443481445	1559.6718	3947.0	3816.28076171875	130.71923828125
AADR	4	allwindow	gt	2	200000000	300000000	66	I13729	1052	19418	7.420544866720835	52.170279	0.105604	52.015647888183594	-0.2457236498594284	29.5247	2350.0	2859.9443359375	-509.9443359375
AADR	4	allwindow	gt	2	200000000	300000000	66	VIL006	1982	19418	7.420544866720835	39.618016	8.958117	42.66516876220703	14.738303184509277	590.61053	2622.0	3457.593505859375	-835.593505859375
AADR	4	allwindow	gt	2	200000000	300000000	66	I6331	3643	19418	7.420544866720835	21.070453	30.664028	35.07061767578125	57.841392517089844	3072.085	1125.0	2439.548828125	-1314.548828125
AADR	4	allwindow	gt	2	200000000	300000000	67	MIB067	601	19418	8.428933370113374	49.992004	15.776861	51.477413177490234	8.320083618164062	549.8729	3782.0	3000.84228515625	781.15771484375
AADR	4	allwindow	gt	2	200000000	300000000	67	BOO001.A0101	2963	19418	8.428933370113374	69.2239	33.4828	49.80134201049805	99.50028991699219	4022.6565	3740.0	2539.709716796875	1200.290283203125
AADR	4	allwindow	gt	2	200000000	300000000	67	C3333	4369	19418	8.428933370113374	43.8	82.51	44.724422454833984	67.69499969482422	1182.578	2218.0	3410.609619140625	-1192.609619140625
AADR	4	allwindow	gt	2	200000000	300000000	68	HOP002	455	19418	8.422011121114094	50.080377	14.27686	47.1431770324707	36.398563385009766	1652.3448	4177.0	6358.322265625	-2181.322265625
AADR	4	allwindow	gt	2	200000000	300000000	68	I3954	2903	19418	8.422011121114094	48.832683	83.909744	47.8210334777832	72.83988952636719	825.3487	4690.0	4485.87255859375	204.12744140625
AADR	4	allwindow	gt	2	200000000	300000000	68	KD059.SG	4595	19418	8.422011121114094	59.32701	-3.00572	51.625579833984375	96.51898193359375	5731.674	3500.0	4509.80517578125	-1009.80517578125
AADR	4	allwindow	gt	2	200000000	300000000	69	ARS015.A0101	2574	19418	10.429269397258759	49.65725	99.725833	44.064151763916016	79.78901672363281	1632.2144	3255.0	2403.66162109375	851.33837890625
AADR	4	allwindow	gt	2	200000000	300000000	69	ULN003	2607	19418	10.429269397258759	46.28406	111.768265	49.64653015136719	93.09325408935547	1435.6241	3289.0	2726.698974609375	562.301025390625
AADR	4	allwindow	gt	2	200000000	300000000	69	ALM001_merged	3426	19418	10.429269397258759	37.952759	-1.508	48.718955993652344	16.18391990661621	1857.6058	3821.0	4430.1533203125	-609.1533203125
AADR	4	allwindow	gt	2	200000000	300000000	70	I14837	1114	19418	8.436169314384461	53.8954	-1.388994	47.97863006591797	1.7811274528503418	694.2231	2134.0	3486.74267578125	-1352.74267578125
AADR	4	allwindow	gt	2	200000000	300000000	70	DA93_noUDG.SG	2180	19418	8.436169314384461	43.06861111	68.24888889	45.991092681884766	63.17893600463867	516.6528	1126.0	2452.706787109375	-1326.706787109375
AADR	4	allwindow	gt	2	200000000	300000000	70	JAG001	2533	19418	8.436169314384461	47.8130833	108.531944	47.962120056152344	107.97570037841797	44.664852	2082.0	3420.039306640625	-1338.039306640625
AADR	4	allwindow	gt	2	200000000	300000000	71	ALA025	3860	19418	10.42394711971283	36.23778	36.38472	38.600345611572266	35.366966247558594	277.64948	3711.0	4080.702392578125	-369.702392578125
AADR	4	allwindow	gt	2	200000000	300000000	71	IKI030	3964	19418	10.42394711971283	41.6136944	35.8711361	45.182655334472656	20.757734298706055	1281.6533	5397.0	3891.39404296875	1505.60595703125
AADR	4	allwindow	gt	2	200000000	300000000	71	I1585_enhanced	3992	19418	10.42394711971283	40.3	29.56666667	39.62958908081055	35.28096008300781	492.57745	8021.0	4208.3642578125	3812.6357421875
AADR	4	allwindow	gt	2	200000000	300000000	72	I15046	691	19418	8.428794499238332	50.410265	14.074597	51.42775344848633	26.25531005859375	860.299	2256.0	3460.604736328125	-1204.604736328125
AADR	4	allwindow	gt	2	200000000	300000000	72	I14088	1166	19418	8.428794499238332	54.3955	-1.614	54.23369216918945	5.091307163238525	435.13916	1427.0	4051.498779296875	-2624.498779296875
AADR	4	allwindow	gt	2	200000000	300000000	72	R3361.SG	4713	19418	8.428794499238332	34.973503	40.555681	44.53124237060547	35.003753662109375	1163.2163	728.0	2331.056396484375	-1603.056396484375
AADR	4	allwindow	gt	2	200000000	300000000	73	I5729	383	19418	7.426552176475525	46.255979	16.692342	42.818519592285156	22.528427124023438	599.7675	2920.0	5367.431640625	-2447.431640625
AADR	4	allwindow	gt	2	200000000	300000000	73	I5402	3386	19418	7.426552176475525	44.640262	22.30333	44.633514404296875	17.563817977905273	374.95425	8156.0	7085.18115234375	1070.81884765625
AADR	4	allwindow	gt	2	200000000	300000000	73	ARK-49.SG	4833	19418	7.426552176475525	47.59417	21.05047	49.45229721069336	21.213665008544922	206.96349	1090.0	2140.11767578125	-1050.11767578125
AADR	4	allwindow	gt	2	200000000	300000000	74	I18220	1623	19418	8.43015462954839	47.101995	20.736495	50.45747756958008	14.211163520812988	606.10095	2312.0	3157.579833984375	-845.579833984375
AADR	4	allwindow	gt	2	200000000	300000000	74	RA58	3792	19418	8.43015462954839	47.3122	7.3843	46.83678436279297	11.218765258789062	295.1205	4865.0	3387.71875	1477.28125
AADR	4	allwindow	gt	2	200000000	300000000	74	IKI038	3968	19418	8.43015462954839	41.6136944	35.8711361	37.59535598754883	38.514530181884766	500.86417	5480.0	3051.54541015625	2428.45458984375
AADR	4	allwindow	gt	2	200000000	300000000	75	BKT001	2240	19418	7.431202868620555	47.41	74.77	45.35075378417969	83.05358123779297	675.0175	2587.0	2851.45849609375	-264.45849609375
AADR	4	allwindow	gt	2	200000000	300000000	75	I2472	3568	19418	7.431202868620555	42.57	-2.62	52.79722595214844	18.887493133544922	1958.8162	3428.0	3063.761474609375	364.238525390625
AADR	4	allwindow	gt	2	200000000	300000000	75	VK333_noUDG.SG	3727	19418	7.431202868620555	56.5765236	16.4602296	47.45452117919922	19.462467193603516	1034.6611	1052.0	3863.76806640625	-2811.76806640625
AADR	4	allwindow	gt	2	200000000	300000000	76	I4517	1867	19418	10.425466930866241	32.58472222	35.01694444	43.2904052734375	29.30838966369629	1290.573	2951.0	4467.18310546875	-1516.18310546875
AADR	4	allwindow	gt	2	200000000	300000000	76	I11735	2181	19418	10.425466930866241	50.77023611	49.34004167	48.80512619018555	49.63950729370117	219.56487	4328.0	2783.510498046875	1544.489501953125
AADR	4	allwindow	gt	2	200000000	300000000	76	R11545.SG	4775	19418	10.425466930866241	40.6885	43.8493	34.159690856933594	39.120365142822266	837.17505	3276.0	1964.48486328125	1311.51513671875
AADR	4	allwindow	gt	2	200000000	300000000	77	I19338	102	19418	8.431570998827617	40.416667	45.2	48.86383056640625	45.07587432861328	939.33264	3066.0	2969.138671875	96.861328125
AADR	4	allwindow	gt	2	200000000	300000000	77	Rochedane	1330	19418	8.431570998827617	47.21	6.45	45.74885940551758	16.38615608215332	777.39276	13027.0	3913.076416015625	9113.923583984375
AADR	4	allwindow	gt	2	200000000	300000000	77	CSP003	2227	19418	8.431570998827617	44.49	78.27	56.28648376464844	63.64042282104492	1665.0422	2654.0	4216.04296875	-1562.04296875
AADR	4	allwindow	gt	2	200000000	300000000	78	MIB076	654	19418	6.443671846389771	49.992004	15.776861	55.030643463134766	19.77469825744629	621.9274	3887.0	3828.865234375	58.134765625
AADR	4	allwindow	gt	2	200000000	300000000	78	Herx.SG	4568	19418	6.443671846389771	49.1411	8.2139	41.795650482177734	8.351339340209961	816.84674	7078.0	6058.9443359375	1019.0556640625
AADR	4	allwindow	gt	2	200000000	300000000	78	R10840.SG	4739	19418	6.443671846389771	54.687157	25.279652	52.98672103881836	16.414432525634766	611.15173	1581.0	3163.81201171875	-1582.81201171875
AADR	4	allwindow	gt	2	200000000	300000000	79	I5725	379	19418	7.438738906383515	45.900833	15.700288	47.739013671875	16.51487922668457	213.58412	2554.0	5969.7314453125	-3415.7314453125
AADR	4	allwindow	gt	2	200000000	300000000	79	MIB032	579	19418	7.438738906383515	49.992004	15.776861	49.228755950927734	21.290189743041992	406.111	3791.0	3588.440185546875	202.559814453125
AADR	4	allwindow	gt	2	200000000	300000000	79	I1506	1677	19418	7.438738906383515	47.846464	21.149429	50.64133071899414	8.265175819396973	984.0618	7146.0	3379.546630859375	3766.453369140625
AADR	4	allwindow	gt	2	200000000	300000000	80	I0046	1416	19418	6.429991908868154	51.89583333	11.04666667	46.09162139892578	22.56406593322754	1057.4956	7041.0	5356.333984375	1684.666015625
AADR	4	allwindow	gt	2	200000000	300000000	80	PAPV_172_noUDG.SG	2720	19418	6.429991908868154	9.0	-79.5	42.5198860168457	-93.37858581542969	3965.7432	763.0	2185.977783203125	-1422.977783203125
AADR	4	allwindow	gt	2	200000000	300000000	80	I3921	4219	19418	6.429991908868154	-16.711	168.133	11.850540161132812	130.80975341796875	5188.061	1260.0	2153.85986328125	-893.85986328125
AADR	4	allwindow	gt	2	200000000	300000000	81	I2230	34	19418	7.4372838139534	-38.3605556	-60.2441667	8.700833320617676	-73.6142807006836	5413.4546	8574.0	2167.056640625	6406.943359375
AADR	4	allwindow	gt	2	200000000	300000000	81	HJTM109_noUDG	352	19418	7.4372838139534	33.5922112	114.0221248	27.56777000427246	111.9730453491211	697.96387	3908.0	4720.939453125	-812.939453125
AADR	4	allwindow	gt	2	200000000	300000000	81	Inuk_noUDG.SG	1561	19418	7.4372838139534	69.2438	-53.5413	58.93596267700195	123.2442855834961	5759.8154	3885.0	3972.9345703125	-87.9345703125
AADR	4	allwindow	gt	2	200000000	300000000	82	I13781	702	19418	7.429116729895274	50.556196	13.763549	49.34968948364258	6.4095778465271	542.7174	2977.0	3715.858154296875	-738.858154296875
AADR	4	allwindow	gt	2	200000000	300000000	82	ALM043	3435	19418	7.429116729895274	37.952759	-1.508	45.823020935058594	13.974252700805664	1547.6086	3754.0	3476.189208984375	277.810791015625
AADR	4	allwindow	gt	2	200000000	300000000	82	FLR011	4565	19418	7.429116729895274	49.19	-0.38	50.763309478759766	21.336633682250977	1557.0685	5566.0	4720.5009765625	845.4990234375
AADR	4	allwindow	gt	2	200000000	300000000	83	I3753	2260	19418	9.439338632424672	50.2249	81.83678333	53.42231369018555	-1.44566011428833	5400.0127	2977.0	2614.682373046875	362.317626953125
AADR	4	allwindow	gt	2	200000000	300000000	83	I9133_noUDG.SG	3417	19418	9.439338632424672	-31.980439	18.517695	7.1010332107543945	35.63386535644531	4709.7964	1910.0	3153.045166015625	-1243.045166015625
AADR	4	allwindow	gt	2	200000000	300000000	83	MAL002	4234	19418	9.439338632424672	-16.07388056	167.4477861	5.26129150390625	119.64717864990234	5768.521	2525.0	4190.0859375	-1665.0859375
AADR	4	allwindow	gt	2	200000000	300000000	84	I2424	213	19418	9.430491570631663	43.05777778	26.98361111	40.77726364135742	31.876983642578125	477.6136	6288.0	3609.86181640625	2678.13818359375
AADR	4	allwindow	gt	2	200000000	300000000	84	I2558	2766	19418	9.430491570631663	-13.9049	-75.6607	-1.896889328956604	-68.98657989501953	1523.5093	1320.0	589.3547973632812	730.6452026367188
AADR	4	allwindow	gt	2	200000000	300000000	84	KD-29.SG	4797	19418	9.430491570631663	47.40403	21.39053	50.25236129760742	21.062864303588867	317.626	1241.0	3819.9296875	-2578.9296875
AADR	4	allwindow	gt	2	200000000	300000000	85	I1389_enhanced	1229	19418	7.429738839467366	47.39	7.271	40.447383880615234	5.179660797119141	789.86487	4361.0	1698.25341796875	2662.74658203125
AADR	4	allwindow	gt	2	200000000	300000000	85	rath3_noUDG.SG	1803	19418	7.429738839467366	55.292132	-6.191685	49.59907150268555	16.53816795349121	1656.0463	3580.0	1942.97412109375	1637.02587890625
AADR	4	allwindow	gt	2	200000000	300000000	85	SFI-43_noUDG.SG	2401	19418	7.429738839467366	33.896389	35.508333	37.73239517211914	52.62230682373047	1598.4127	2487.0	2131.409912109375	355.590087890625
AADR	4	allwindow	gt	2	200000000	300000000	86	ULN015	2611	19418	6.438372461001078	46.28406	111.768265	45.73653030395508	-4.277504920959473	8027.4863	3317.0	3011.75927734375	305.24072265625
AADR	4	allwindow	gt	2	200000000	300000000	86	RISE392_noUDG.SG	3121	19418	6.438372461001078	53.876	59.076	47.456504821777344	42.004730224609375	1393.7246	3943.0	3167.23779296875	775.76220703125
AADR	4	allwindow	gt	2	200000000	300000000	86	I8295	3241	19418	6.438372461001078	52.916944	103.657222	46.8707275390625	-63.95569610595703	8857.11	4500.0	2606.804443359375	1893.195556640625
AADR	4	allwindow	gt	2	200000000	300000000	87	BOT2016	2128	19418	8.430492003758749	53.16666667	67.66666667	48.966102600097656	90.44429016113281	1650.722	5396.0	3803.4365234375	1592.5634765625
AADR	4	allwindow	gt	2	200000000	300000000	87	DA86_noUDG.SG	2357	19418	8.430492003758749	43.06861111	68.24888889	45.88929748535156	91.40516662597656	1856.9559	1461.0	2366.89453125	-905.89453125
AADR	4	allwindow	gt	2	200000000	300000000	87	I0324	2730	19418	8.430492003758749	-7.914978	-79.305486	52.151329040527344	25.11465072631836	11683.78	1095.0	5320.88671875	-4225.88671875
AADR	4	allwindow	gt	2	200000000	300000000	88	I0968	2748	19418	7.439155757427216	-12.111111	-77.033889	36.50817108154297	77.38276672363281	16287.4	865.0	7436.33447265625	-6571.33447265625
AADR	4	allwindow	gt	2	200000000	300000000	88	PG2002	3132	19418	7.439155757427216	43.822691	43.350278	49.67022705078125	16.027353286743164	2167.1418	4361.0	5109.41259765625	-748.41259765625
AADR	4	allwindow	gt	2	200000000	300000000	88	R10659.SG	4708	19418	7.439155757427216	48.3099	16.3238	48.41717529296875	14.730914115905762	118.28022	1863.0	3629.51025390625	-1766.51025390625
AADR	4	allwindow	gt	2	200000000	300000000	89	I2446	7	19418	9.438057335217794	51.7977	-1.313464	53.62632751464844	-0.08411042392253876	219.54338	4215.0	2960.35400390625	1254.64599609375
AADR	4	allwindow	gt	2	200000000	300000000	89	I5382	865	19418	9.438057335217794	54.522812	-1.308134	54.09937286376953	10.366853713989258	757.93567	4070.0	5507.74755859375	-1437.74755859375
AADR	4	allwindow	gt	2	200000000	300000000	89	C3350	4318	19418	9.438057335217794	47.44	85.87	51.09541320800781	105.65264892578125	1486.6823	2574.0	3119.40478515625	-545.40478515625
AADR	4	allwindow	gt	2	200000000	300000000	90	I17258	960	19418	8.428809849421183	51.136489	-1.494026	44.158714294433594	13.004321098327637	1330.9469	2415.0	3167.944091796875	-752.944091796875
AADR	4	allwindow	gt	2	200000000	300000000	90	I20627	1096	19418	8.428809849421183	53.235833	-1.736944	47.573246002197266	39.62973403930664	2954.679	2227.0	2210.087890625	16.912109375
AADR	4	allwindow	gt	2	200000000	300000000	90	RISE507.508.merge_noUDG.SG	2918	19418	8.428809849421183	51.498	85.97	53.74641418457031	55.601905822753906	2049.1597	5052.0	2737.079345703125	2314.920654296875
AADR	4	allwindow	gt	2	200000000	300000000	91	I7021	2494	19418	8.436937952041626	47.999722	113.933333	50.5543098449707	101.3173599243164	956.8983	7050.0	4450.00341796875	2599.99658203125
AADR	4	allwindow	gt	2	200000000	300000000	91	I17893	4247	19418	8.436937952041626	10.03	-69.64	13.343269348144531	-66.8299331665039	478.8849	2226.0	1991.8555908203125	234.1444091796875
AADR	4	allwindow	gt	2	200000000	300000000	91	R11105.SG	4658	19418	8.436937952041626	42.0263	11.9483	45.77486801147461	12.370209693908691	418.1885	3610.0	4772.2314453125	-1162.2314453125
AADR	4	allwindow	gt	2	200000000	300000000	92	chy001_noUDG.SG	3063	19418	6.430361378192901	51.06666667	55.06666667	44.287750244140625	27.791982650756836	2161.544	1829.0	2566.06689453125	-737.06689453125
AADR	4	allwindow	gt	2	200000000	300000000	92	I7416	4208	19418	6.430361378192901	37.41666667	66.83333333	38.04399871826172	63.93918991088867	263.89548	3824.0	3405.026611328125	418.973388671875
AADR	4	allwindow	gt	2	200000000	300000000	92	C812	4436	19418	6.430361378192901	38.27	85.33	41.63652801513672	81.92930603027344	473.36093	2181.0	2820.718505859375	-639.718505859375
AADR	4	allwindow	gt	2	200000000	300000000	93	EDM124_noUDG	339	19418	8.439433825016021	42.0996111	118.9483178	49.95230484008789	91.15584564208984	2299.8284	3544.0	2673.270751953125	870.729248046875
AADR	4	allwindow	gt	2	200000000	300000000	93	I4312	4197	19418	8.439433825016021	37.75	67.0	39.270938873291016	59.07389450073242	709.81525	3609.0	4815.6884765625	-1206.6884765625
AADR	4	allwindow	gt	2	200000000	300000000	93	C1707	4297	19418	8.439433825016021	47.7	86.87	48.8083381652832	76.76943969726562	757.3115	4632.0	3817.276611328125	814.723388671875
AADR	4	allwindow	gt	2	200000000	300000000	94	I15733	94	19418	8.439059400558472	40.91666	44.5	43.81406021118164	16.155364990234375	2339.2415	3320.0	1578.6453857421875	1741.3546142578125
AADR	4	allwindow	gt	2	200000000	300000000	94	I4945	464	19418	8.439059400558472	50.1217475	14.4569508	52.96202850341797	31.471973419189453	1215.1138	4177.0	6261.78271484375	-2084.78271484375
AADR	4	allwindow	gt	2	200000000	300000000	94	I14091	1169	19418	8.439059400558472	54.3955	-1.614	52.880943298339844	6.293262004852295	547.469	1392.0	1703.4161376953125	-311.4161376953125
AADR	4	allwindow	gt	2	200000000	300000000	95	ULN004	2608	19418	8.429517165819805	46.28406	111.768265	46.9163703918457	110.14312744140625	142.68207	1952.0	3282.840087890625	-1330.840087890625
AADR	4	allwindow	gt	2	200000000	300000000	95	N31_noUDG.SG	2781	19418	8.429517165819805	52.61	18.8	45.27568817138672	16.048343658447266	839.7688	6130.0	5108.4931640625	1021.5068359375
AADR	4	allwindow	gt	2	200000000	300000000	95	I1917	4120	19418	8.429517165819805	48.991214	33.950515	45.54093551635742	34.71332931518555	387.94144	4955.0	3724.792236328125	1230.207763671875
AADR	4	allwindow	gt	2	200000000	300000000	96	I17266	1121	19418	7.438049618403117	51.138291	-1.53093	43.557533264160156	19.407846450805664	1779.7819	2183.0	4185.38037109375	-2002.38037109375
AADR	4	allwindow	gt	2	200000000	300000000	96	I7805	2035	19418	7.438049618403117	36.8831	14.5712	44.60599899291992	11.383152961730957	899.5658	3860.0	4324.18310546875	-464.18310546875
AADR	4	allwindow	gt	2	200000000	300000000	96	VERT100B	4611	19418	7.438049618403117	48.783	25.852	47.52851486206055	18.86590576171875	536.44775	5646.0	5166.0703125	479.9296875
AADR	4	allwindow	gt	2	200000000	300000000	97	L5704_noUDG_d	323	19418	6.430151275793711	26.2	119.1	37.62239074707031	97.38302612304688	2402.2288	4505.0	3866.6650390625	638.3349609375
AADR	4	allwindow	gt	2	200000000	300000000	97	I7673	3496	19418	6.430151275793711	41.981377	2.309824	47.25019836425781	-0.4476161599159241	625.0915	1153.0	3573.80859375	-2420.80859375
AADR	4	allwindow	gt	2	200000000	300000000	97	atp005_noUDG.SG	3533	19418	6.430151275793711	42.35267	-3.51832	49.1667366027832	15.134871482849121	1627.356	7069.0	4685.52783203125	2383.47216796875
AADR	4	allwindow	gt	2	200000000	300000000	98	I16176	836	19418	7.439014343420665	18.451	-69.686	12.211845397949219	-65.64545440673828	817.8149	694.0	817.4136962890625	-123.4136962890625
AADR	4	allwindow	gt	2	200000000	300000000	98	I3756	3508	19418	7.439014343420665	38.5781	-2.8417	49.10863494873047	-1.3395200967788696	1177.0576	3860.0	5883.26318359375	-2023.26318359375
AADR	4	allwindow	gt	2	200000000	300000000	98	R12229.SG	4665	19418	7.439014343420665	33.8522	35.8292	42.91994094848633	29.578369140625	1145.2372	1465.0	2440.718017578125	-975.718017578125
AADR	4	allwindow	gt	2	200000000	300000000	99	I7971	845	19418	7.440434722105662	19.8	-70.69	16.494850158691406	-64.44925689697266	754.7869	624.0	854.605224609375	-230.605224609375
AADR	4	allwindow	gt	2	200000000	300000000	99	MJ-36_noUDG.SG	4067	19418	7.440434722105662	48.5351833	26.9676	49.085166931152344	29.827878952026367	218.18251	1628.0	3915.0927734375	-2287.0927734375
AADR	4	allwindow	gt	2	200000000	300000000	99	KD058.SG	4594	19418	7.440434722105662	59.32701	-3.00572	43.508697509765625	22.40782356262207	2460.7917	3489.0	6088.64599609375	-2599.64599609375
AADR	4	allwindow	gt	2	200000000	300000000	100	I0679_d	232	19418	7.430077079931895	42.02	25.6	40.46571731567383	24.533536911010742	194.47026	7617.0	3756.95166015625	3860.04833984375
AADR	4	allwindow	gt	2	200000000	300000000	100	NIK007_noUDG.SG	3260	19418	7.430077079931895	57.52926373	39.66994055	48.09476089477539	74.35131072998047	2520.371	4540.0	2264.3466796875	2275.6533203125
AADR	4	allwindow	gt	2	200000000	300000000	100	C3349	4314	19418	7.430077079931895	47.44	85.87	42.3966064453125	74.02783203125	1086.3489	4531.0	3861.969970703125	669.030029296875
AADR	4	allwindow	gt	2	200000000	300000000	101	I14481	706	19418	6.4376427610715234	50.400094	13.42304	51.349822998046875	6.790441513061523	477.03094	2834.0	2984.652099609375	-150.652099609375
AADR	4	allwindow	gt	2	200000000	300000000	101	MJ-16_noUDG.SG	4083	19418	6.4376427610715234	49.40542	30.846856	51.15142059326172	29.862133026123047	206.36667	2544.0	2510.40185546875	33.59814453125
AADR	4	allwindow	gt	2	200000000	300000000	101	R2057.SG	4768	19418	6.4376427610715234	49.100115	6.179059	44.248538970947266	14.149455070495605	812.12164	1502.0	2198.50390625	-696.50390625
AADR	4	allwindow	gt	2	200000000	300000000	102	KIN004	361	19418	7.430161146322886	-5.08583	15.1287	15.649798393249512	35.17819595336914	3191.943	207.0	1930.248046875	-1723.248046875
AADR	4	allwindow	gt	2	200000000	300000000	102	POST_28	1460	19418	7.430161146322886	48.29573	10.89103	53.60416030883789	11.703493118286133	592.9972	3917.0	3843.9267578125	73.0732421875
AADR	4	allwindow	gt	2	200000000	300000000	102	StoraForvar11_noUDG.SG	3692	19418	7.430161146322886	57.285	17.971	54.70460891723633	16.645387649536133	298.5191	7365.0	4356.29150390625	3008.70849609375
AADR	4	allwindow	gt	2	200000000	300000000	103	NE39_noUDG	303	19418	7.439408373832703	45.91	125.9	44.04411315917969	120.35863494873047	482.58835	8196.0	6185.03173828125	2010.96826171875
AADR	4	allwindow	gt	2	200000000	300000000	103	I7575	1024	19418	7.439408373832703	52.122402	-0.511365	53.13139343261719	21.03548812866211	1453.1064	3107.0	5599.68994140625	-2492.68994140625
AADR	4	allwindow	gt	2	200000000	300000000	103	ORC002	1987	19418	7.439408373832703	39.667222	9.426111	42.54296875	12.697103500366211	421.07236	2249.0	2864.182373046875	-615.182373046875
AADR	4	allwindow	gt	2	200000000	300000000	104	I19858	1015	19418	8.439218966166179	51.052725	-1.7862875	52.23504638671875	0.05131140351295471	182.63974	3429.0	3040.35986328125	388.64013671875
AADR	4	allwindow	gt	2	200000000	300000000	104	KBD002	3136	19418	8.439218966166179	43.826337	42.716199	48.852783203125	9.544739723205566	2585.2234	4035.0	3104.284423828125	930.715576171875
AADR	4	allwindow	gt	2	200000000	300000000	104	I8140_d	3488	19418	8.439218966166179	37.1366	-3.5483	50.01346969604492	24.792909622192383	2670.2249	3895.0	3779.286376953125	115.713623046875
AADR	4	allwindow	gt	2	200000000	300000000	105	I12450	2674	19418	7.424098634719849	34.76584167	72.34913333	40.115352630615234	50.57017135620117	2006.7378	2751.0	3517.6328125	-766.6328125
AADR	4	allwindow	gt	2	200000000	300000000	105	BAS017	3452	19418	7.424098634719849	37.762609	-1.562	42.9857292175293	22.61162567138672	2120.1963	3685.0	4240.62548828125	-555.62548828125
AADR	4	allwindow	gt	2	200000000	300000000	105	C3361	4419	19418	7.424098634719849	43.54	83.28	43.828128814697266	83.1614990234375	33.425335	2028.0	2655.990478515625	-627.990478515625
AADR	4	allwindow	gt	2	200000000	300000000	106	ALG001_noUDG	1562	19418	7.43210201660792	16.263	-61.22	19.673757553100586	-68.70155334472656	877.3377	935.0	2009.618896484375	-1074.618896484375
AADR	4	allwindow	gt	2	200000000	300000000	106	NUR002	2248	19418	7.43210201660792	49.11	75.16	50.675296783447266	74.15283203125	188.40913	2596.0	4127.7451171875	-1531.7451171875
AADR	4	allwindow	gt	2	200000000	300000000	106	I2550	2755	19418	7.43210201660792	-14.9441	-75.426	49.38182067871094	4.392155170440674	10546.891	935.0	3317.20703125	-2382.20703125
AADR	4	allwindow	gt	2	200000000	300000000	107	SI-42_noUDG.SG	2407	19418	7.426474253336589	33.560556	35.398056	46.547183990478516	41.3961181640625	1530.4591	725.0	2719.339599609375	-1994.339599609375
AADR	4	allwindow	gt	2	200000000	300000000	107	I6556	2697	19418	7.426474253336589	34.75146111	72.40193611	39.728885650634766	43.39923095703125	2614.2512	2776.0	2606.6904296875	169.3095703125
AADR	4	allwindow	gt	2	200000000	300000000	107	R11540.SG	4694	19418	7.426474253336589	40.6885	43.8493	50.49291229248047	27.488365173339844	1669.5171	2341.0	1889.63330078125	451.36669921875
AADR	4	allwindow	gt	2	200000000	300000000	108	I14379	981	19418	8.434731082121532	51.329195	1.3693088	45.24809265136719	10.679006576538086	963.824	2801.0	1733.8134765625	1067.1865234375
AADR	4	allwindow	gt	2	200000000	300000000	108	PRZ001	2085	19418	8.434731082121532	43.029723	11.951344	45.78044891357422	15.746397018432617	429.36856	2610.0	3687.160888671875	-1077.160888671875
AADR	4	allwindow	gt	2	200000000	300000000	108	BAS024	3448	19418	8.434731082121532	37.762609	-1.562	45.56041717529297	11.722132682800293	1400.3058	4029.0	4285.1328125	-256.1328125
AADR	4	allwindow	gt	2	200000000	300000000	109	I6941	1709	19418	9.435116644700368	30.24720461	79.73739624	36.239715576171875	74.09452819824219	847.7917	1007.0	1637.1021728515625	-630.1021728515625
AADR	4	allwindow	gt	2	200000000	300000000	109	ALM040	3433	19418	9.435116644700368	37.952759	-1.508	49.96553039550781	10.8203706741333	1656.0907	3842.0	2542.020263671875	1299.979736328125
AADR	4	allwindow	gt	2	200000000	300000000	109	FGD-4.SG	4821	19418	9.435116644700368	46.47767	18.98364	46.85530471801758	97.24375915527344	5707.293	1365.0	2558.96142578125	-1193.96142578125
AADR	4	allwindow	gt	2	200000000	300000000	110	I2195	1876	19418	7.424903452396393	32.58472222	35.01694444	38.6076774597168	46.170204162597656	1209.1395	3372.0	4294.83837890625	-922.83837890625
AADR	4	allwindow	gt	2	200000000	300000000	110	SUC006	1976	19418	7.424903452396393	40.810297	8.444178	45.820125579833984	10.83742618560791	589.6819	4347.0	5094.00732421875	-747.00732421875
AADR	4	allwindow	gt	2	200000000	300000000	110	I2467	3467	19418	7.424903452396393	42.57	-2.62	49.454505920410156	16.671871185302734	1668.3629	4327.0	4756.96728515625	-429.96728515625
AADR	4	allwindow	gt	2	200000000	300000000	111	TMI001	2477	19418	7.43322787284851	47.799255	102.361242	53.832855224609375	28.613378524780273	4986.8105	1919.0	3575.417236328125	-1656.417236328125
AADR	4	allwindow	gt	2	200000000	300000000	111	RISE552_noUDG.SG	3037	19418	7.43322787284851	46.615	43.334	46.15605545043945	61.82854461669922	1416.2399	4382.0	2633.6943359375	1748.3056640625
AADR	4	allwindow	gt	2	200000000	300000000	111	MX182	3783	19418	7.43322787284851	47.262067	7.659835	45.14054870605469	8.450363159179688	243.61726	5158.0	5782.3125	-624.3125
AADR	4	allwindow	gt	2	200000000	300000000	112	Tamula3	1216	19418	7.424104785919189	57.505	26.584	41.85634231567383	59.72303009033203	2904.7551	5666.0	7141.1884765625	-1475.1884765625
AADR	4	allwindow	gt	2	200000000	300000000	112	I3715	4098	19418	7.424104785919189	47.9543	35.3893	53.35734176635742	6.891168594360352	2081.0256	7526.0	6849.46826171875	676.53173828125
AADR	4	allwindow	gt	2	200000000	300000000	112	I7419	4209	19418	7.424104785919189	37.41666667	66.83333333	38.84019470214844	52.35263442993164	1275.0947	3754.0	4332.828125	-578.828125
AADR	4	allwindow	gt	2	200000000	300000000	113	I18501_noUDG	1572	19418	9.429554979006449	13.519983	144.806559	46.870208740234375	26.37868881225586	10939.876	2703.0	7836.3154296875	-5133.3154296875
AADR	4	allwindow	gt	2	200000000	300000000	113	N4b2_noUDG.SG	2984	19418	9.429554979006449	62.0667	132.3333	47.83258056640625	115.79985809326172	1890.4796	4200.0	6090.3642578125	-1890.3642578125
AADR	4	allwindow	gt	2	200000000	300000000	113	DA246_noUDG.SG	3161	19418	9.429554979006449	51.698333	103.703056	56.8746223449707	103.37890625	575.95966	7723.0	4214.51416015625	3508.48583984375
AADR	4	allwindow	gt	2	200000000	300000000	114	XN172	1403	19418	9.42687402566274	48.78	9.18	48.34613037109375	13.840489387512207	346.27744	7101.0	6583.7138671875	517.2861328125
AADR	4	allwindow	gt	2	200000000	300000000	114	MX259	1516	19418	9.42687402566274	47.854144	8.7737404	48.61412811279297	13.557558059692383	364.18686	4246.0	6050.50830078125	-1804.50830078125
AADR	4	allwindow	gt	2	200000000	300000000	114	BIL001	2626	19418	9.42687402566274	49.351461	96.401508	46.74094772338867	97.94413757324219	312.08844	3297.0	3360.426513671875	-63.426513671875
AADR	4	allwindow	gt	2	200000000	300000000	115	GoyetQ116-1_noUDG	163	19418	7.422575779755911	50.446	5.008	41.66899108886719	13.869424819946289	1189.8221	35208.0	3838.960693359375	31369.039306640625
AADR	4	allwindow	gt	2	200000000	300000000	115	PDI008	2849	19418	7.422575779755911	18.431	-66.382	15.327801704406738	-68.83441162109375	432.59406	672.0	2439.17529296875	-1767.17529296875
AADR	4	allwindow	gt	2	200000000	300000000	115	I2631	3323	19418	7.422575779755911	59.23	-2.568	49.27280807495117	13.03329849243164	1493.7675	4957.0	4390.15087890625	566.84912109375
AADR	4	allwindow	gt	2	200000000	300000000	116	KIN002	360	19418	8.425483183066051	-5.08583	15.1287	13.117751121520996	40.536468505859375	3459.9211	201.0	2316.504638671875	-2115.504638671875
AADR	4	allwindow	gt	2	200000000	300000000	116	SN-25_noUDG.SG	4144	19418	8.425483183066051	33.264278	-119.539	75.58544158935547	38.04331588745117	7805.347	4378.0	2038.7066650390625	2339.2933349609375
AADR	4	allwindow	gt	2	200000000	300000000	116	CC7-335_noUDG	4285	19418	8.425483183066051	42.948	24.4302	125.43753814697266	130.1761932373047	5327.419	45117.0	8491.0615234375	36625.9384765625
AADR	4	allwindow	gt	2	200000000	300000000	117	I11538	2142	19418	6.472086465358734	50.66865833	57.71856944	53.66947555541992	0.24569061398506165	3825.954	3614.0	2682.8740234375	931.1259765625
AADR	4	allwindow	gt	2	200000000	300000000	117	I6332	3653	19418	6.472086465358734	21.070453	30.664028	16.51105308532715	36.86159896850586	826.0278	1112.0	2192.569091796875	-1080.569091796875
AADR	4	allwindow	gt	2	200000000	300000000	117	C3642	4479	19418	6.472086465358734	37.07	80.19	47.418880462646484	62.68072509765625	1836.9905	1789.0	2626.688720703125	-837.688720703125
AADR	4	allwindow	gt	2	200000000	300000000	118	I2423	212	19418	9.432588875293732	43.05777778	26.98361111	44.98023223876953	26.279640197753906	221.05183	6381.0	3842.067138671875	2538.932861328125
AADR	4	allwindow	gt	2	200000000	300000000	118	I17014	1078	19418	9.432588875293732	51.313891	-2.885217	50.21589279174805	5.549659729003906	605.3049	2227.0	3827.691650390625	-1600.691650390625
AADR	4	allwindow	gt	2	200000000	300000000	118	RISE516_noUDG.SG	2949	19418	9.432588875293732	53.156486	90.207811	53.10847091674805	76.9070053100586	886.0789	4065.0	3856.39013671875	208.60986328125
AADR	4	allwindow	gt	2	200000000	300000000	119	scy304_noUDG.SG	2465	19418	6.427021936575572	46.6684	29.8001	50.171844482421875	42.115753173828125	987.29083	2213.0	2966.71630859375	-753.71630859375
AADR	4	allwindow	gt	2	200000000	300000000	119	I13695	3809	19418	6.427021936575572	24.32777778	121.7655556	49.80006790161133	34.11882781982422	7805.461	1459.0	5351.21533203125	-3892.21533203125
AADR	4	allwindow	gt	2	200000000	300000000	119	MSG-1.SG	4830	19418	6.427021936575572	46.69103	24.67089	47.62841796875	16.698169708251953	611.4573	1476.0	2051.86767578125	-575.86767578125
AADR	4	allwindow	gt	2	200000000	300000000	120	I13711	993	19418	7.419602139790853	51.3603	1.3405	48.15326690673828	7.111693382263184	546.557	2928.0	3158.820556640625	-230.820556640625
AADR	4	allwindow	gt	2	200000000	300000000	120	I1485	2737	19418	7.419602139790853	-14.262222	-74.859167	-2.007744550704956	-73.17190551757812	1375.1841	1060.0	2604.501708984375	-1544.501708984375
AADR	4	allwindow	gt	2	200000000	300000000	120	R1554.SG	4727	19418	7.419602139790853	43.7237164	12.6346536	47.229461669921875	13.89415168762207	401.9847	1777.0	1823.5579833984375	-46.5579833984375
AADR	4	allwindow	gt	2	200000000	300000000	121	I4784	2209	19418	6.427723507086436	43.24655	77.813814	48.77399444580078	67.96356964111328	976.63617	3508.0	2896.317626953125	611.682373046875
AADR	4	allwindow	gt	2	200000000	300000000	121	NAU001_noUDG.SG	3265	19418	6.427723507086436	57.58700229	39.63080159	50.545387268066406	25.812238693237305	1190.268	4526.0	2390.645751953125	2135.354248046875
AADR	4	allwindow	gt	2	200000000	300000000	121	R3918.SG	4763	19418	6.427723507086436	44.966801	19.609892	45.18355178833008	12.277046203613281	576.1062	904.0	4769.58154296875	-3865.58154296875
AADR	4	allwindow	gt	2	200000000	300000000	122	I13778	13	19418	8.421461280186971	42.366667	18.733333	44.12309646606445	43.23436737060547	1986.713	3234.0	2246.038818359375	987.961181640625
AADR	4	allwindow	gt	2	200000000	300000000	122	I1840	3501	19418	8.421461280186971	42.57	-2.62	44.841922760009766	8.973761558532715	964.61224	3475.0	2153.41064453125	1321.58935546875
AADR	4	allwindow	gt	2	200000000	300000000	122	QinchangKD13	4636	19418	8.421461280186971	24.1	107.51	46.07700729370117	75.22635650634766	3775.9646	1439.0	3797.64453125	-2358.64453125
AADR	4	allwindow	gt	2	200000000	300000000	123	MIB083	611	19418	8.431489169597626	49.992004	15.776861	49.81652069091797	11.097847938537598	335.60922	4176.0	4253.720703125	-77.720703125
AADR	4	allwindow	gt	2	200000000	300000000	123	I1507	1614	19418	8.431489169597626	47.559165	20.721246	54.43099594116211	-0.2922019958496094	1648.4814	7661.0	7296.6044921875	364.3955078125
AADR	4	allwindow	gt	2	200000000	300000000	123	C851	4416	19418	8.431489169597626	43.22	81.84	49.45011520385742	11.305177688598633	5259.0776	2515.0	3231.63916015625	-716.63916015625
AADR	4	allwindow	gt	2	200000000	300000000	124	NE45_noUDG	288	19418	7.430141544342041	45.71	126.88	48.30788040161133	100.83421325683594	1986.0382	9241.0	3184.12744140625	6056.87255859375
AADR	4	allwindow	gt	2	200000000	300000000	124	CHN014	2619	19418	7.430141544342041	49.997104	92.054003	42.253047943115234	100.21388244628906	1064.9205	574.0	3023.202880859375	-2449.202880859375
AADR	4	allwindow	gt	2	200000000	300000000	124	I1722	2974	19418	7.430141544342041	44.25056667	40.21921667	53.21233367919922	26.310884475708008	1421.3705	6408.0	3021.1298828125	3386.8701171875
