sim	exp	nam	typ	cro	sta	end	gro	ind	idx	snp	run	true_lat	true_lon	pred_lat	pred_lon	diff_space	true_tim	pred_tim	diff_time
AADR	4	allwindow	gt	2	100000000	200000000	0	I13840	26	37015	11.446448743343353	40.671111	20.984722	41.861572265625	19.395286560058594	187.53079	6102.0	4868.06298828125	1233.93701171875
AADR	4	allwindow	gt	2	100000000	200000000	0	I15969	827	37015	11.446448743343353	18.451	-69.686	17.545055389404297	-64.68367767333984	538.49744	995.0	856.869384765625	138.130615234375
AADR	4	allwindow	gt	2	100000000	200000000	0	DA13_noUDG.SG	2131	37015	11.446448743343353	49.060646	75.5032	50.48258972167969	56.662628173828125	1358.4962	2568.0	2522.06787109375	45.93212890625
AADR	4	allwindow	gt	2	100000000	200000000	1	s19_X20_1_noUDG.SG	1189	37015	18.432734366257986	59.4308	24.9089	46.22499084472656	51.86125183105469	2303.6233	2787.0	3269.95166015625	-482.95166015625
AADR	4	allwindow	gt	2	100000000	200000000	1	CR-01_noUDG.SG	4163	37015	18.432734366257986	34.003611	-119.726389	24.361228942871094	-80.22301483154297	3955.513	1017.0	1600.9482421875	-583.9482421875
AADR	4	allwindow	gt	2	100000000	200000000	1	R11833.SG	4740	37015	18.432734366257986	40.5938	8.2045	46.326778411865234	1.6435648202896118	828.1188	1639.0	2277.77294921875	-638.77294921875
AADR	4	allwindow	gt	2	100000000	200000000	2	MA974_noUDG.SG	1217	37015	13.43812685807546	59.45	28.08	52.01214599609375	26.547046661376953	832.5441	5586.0	4695.20654296875	890.79345703125
AADR	4	allwindow	gt	2	100000000	200000000	2	I12410	3547	37015	13.43812685807546	41.3616	1.6694	51.74654769897461	1.4920440912246704	1154.8322	2375.0	3906.885009765625	-1531.885009765625
AADR	4	allwindow	gt	2	100000000	200000000	2	I1369	4239	37015	13.43812685807546	-17.786	168.37	44.32863235473633	25.221479415893555	15493.054	2885.0	5636.734375	-2751.734375
AADR	4	allwindow	gt	2	100000000	200000000	3	MIB075	606	37015	10.430410027503967	49.992004	15.776861	44.03142547607422	14.559990882873535	669.15106	3866.0	3444.83642578125	421.16357421875
AADR	4	allwindow	gt	2	100000000	200000000	3	PN13.SG	1808	37015	10.430410027503967	53.04866	-9.140049	47.41222381591797	14.387277603149414	1777.1288	5572.0	4792.4716796875	779.5283203125
AADR	4	allwindow	gt	2	100000000	200000000	3	C1639	4399	37015	10.430410027503967	43.83	82.72	41.91743087768555	32.88307189941406	4004.7085	3491.0	6206.38134765625	-2715.38134765625
AADR	4	allwindow	gt	2	100000000	200000000	4	I24259	1582	37015	12.432006351153056	13.519983	144.806559	19.62535285949707	137.9665985107422	995.7921	708.0	2497.559814453125	-1789.559814453125
AADR	4	allwindow	gt	2	100000000	200000000	4	I4262	2202	37015	12.432006351153056	48.78176667	76.45303333	41.45921325683594	32.912723541259766	3461.582	3743.0	2557.343505859375	1185.656494140625
AADR	4	allwindow	gt	2	100000000	200000000	4	C3315	4354	37015	12.432006351153056	43.8	82.51	44.7341423034668	76.87670135498047	460.3226	2038.0	3890.34033203125	-1852.34033203125
AADR	4	allwindow	gt	2	100000000	200000000	5	gun012_noUDG.SG	261	37015	10.442963131268819	28.268611	-16.605556	45.39052963256836	7.495451927185059	2847.6213	1324.0	3601.832763671875	-2277.832763671875
AADR	4	allwindow	gt	2	100000000	200000000	5	VLI011	521	37015	10.442963131268819	50.365945	14.446606	42.19432830810547	48.723690032958984	2757.7578	4718.0	3156.98291015625	1561.01708984375
AADR	4	allwindow	gt	2	100000000	200000000	5	C783	4395	37015	10.442963131268819	43.6	82.62	50.81455993652344	48.21188735961914	2692.3801	939.0	3035.77392578125	-2096.77392578125
AADR	4	allwindow	gt	2	100000000	200000000	6	FNO007	2967	37015	13.432257501284282	52.048428	106.766261	36.134376525878906	106.34962463378906	1769.867	7742.0	2975.912841796875	4766.087158203125
AADR	4	allwindow	gt	2	100000000	200000000	6	EHU001	3480	37015	13.432257501284282	42.419214	-3.484745	51.05528259277344	10.51455307006836	1431.0266	4121.0	1994.1422119140625	2126.8577880859375
AADR	4	allwindow	gt	2	100000000	200000000	6	CCH289_noUDG.SG	3924	37015	13.432257501284282	37.6661	32.8257	50.917903900146484	10.144553184509277	2313.6975	8661.0	4871.8974609375	3789.1025390625
AADR	4	allwindow	gt	2	100000000	200000000	7	I14813	125	37015	13.439939149220784	40.783	43.95	47.06881332397461	25.860666275024414	1603.4105	3945.0	1703.6114501953125	2241.3885498046875
AADR	4	allwindow	gt	2	100000000	200000000	7	XJS1309_M4_noUDG	314	37015	13.439939149220784	36.5	117.0	29.471336364746094	110.52436828613281	987.1545	7827.0	3156.15625	4670.84375
AADR	4	allwindow	gt	2	100000000	200000000	7	VK506_noUDG.SG	1199	37015	13.439939149220784	58.17	22.25	50.111995697021484	36.81935501098633	1300.0966	1237.0	2262.625244140625	-1025.625244140625
AADR	4	allwindow	gt	2	100000000	200000000	8	I13726	1111	37015	12.439484349886577	51.357334	-2.988282	49.2058219909668	14.639423370361328	1271.917	2133.0	2278.7998046875	-145.7998046875
AADR	4	allwindow	gt	2	100000000	200000000	8	scy300_noUDG.SG	2463	37015	12.439484349886577	46.6684	29.8001	45.792781829833984	12.121109962463379	1360.4746	2250.0	4456.88720703125	-2206.88720703125
AADR	4	allwindow	gt	2	100000000	200000000	8	Ash128_noUDG.SG	3901	37015	12.439484349886577	38.3482	34.2303	51.46628952026367	12.524820327758789	2231.8818	10018.0	4257.38720703125	5760.61279296875
AADR	4	allwindow	gt	2	100000000	200000000	9	DA112_noUDG.SG	686	37015	12.432190040747324	50.5099972	14.05	44.96760559082031	53.836021423339844	3000.416	2507.0	1970.8623046875	536.1376953125
AADR	4	allwindow	gt	2	100000000	200000000	9	I13896	1160	37015	12.432190040747324	51.861211	-1.883011	47.471221923828125	-2.6173861026763916	490.99008	5486.0	3730.274658203125	1755.725341796875
AADR	4	allwindow	gt	2	100000000	200000000	9	Chaudardes1_noUDG	1233	37015	12.432190040747324	49.24	3.46	52.31325912475586	8.160170555114746	475.20508	8218.0	6133.58447265625	2084.41552734375
AADR	4	allwindow	gt	2	100000000	200000000	10	VPR001	737	37015	14.438244406382243	50.155159	14.318068	47.84611129760742	10.362603187561035	386.14578	4756.0	4340.98095703125	415.01904296875
AADR	4	allwindow	gt	2	100000000	200000000	10	I8550	770	37015	14.438244406382243	18.44	-69.64	15.357537269592285	-68.32866668701172	370.0534	1272.0	887.9176025390625	384.0823974609375
AADR	4	allwindow	gt	2	100000000	200000000	10	SCH016	1393	37015	14.438244406382243	49.39	8.57	50.23320007324219	16.85308265686035	601.3717	7091.0	4331.42919921875	2759.57080078125
AADR	4	allwindow	gt	2	100000000	200000000	11	GBVPO.SG	1273	37015	11.432926428318023	43.14915	3.060582	49.50968933105469	18.605520248413086	1383.4532	3598.0	3857.809814453125	-259.809814453125
AADR	4	allwindow	gt	2	100000000	200000000	11	JpKo13.SG	2101	37015	11.432926428318023	35.72088	139.96344	33.33290481567383	125.90563201904297	1313.6708	3917.0	6745.62890625	-2828.62890625
AADR	4	allwindow	gt	2	100000000	200000000	11	I8999	2698	37015	11.432926428318023	34.75146111	72.40193611	37.16908264160156	81.14521026611328	831.1874	2813.0	2677.2177734375	135.7822265625
AADR	4	allwindow	gt	2	100000000	200000000	12	OTTM_154_noUDG	1496	37015	14.439851252237956	48.22519	10.84977	49.516258239746094	13.650169372558594	250.09468	3709.0	3301.325927734375	407.674072265625
AADR	4	allwindow	gt	2	100000000	200000000	12	I3788	2210	37015	14.439851252237956	42.68943333	73.11748333	36.26462936401367	65.5412826538086	965.2028	3536.0	2495.176025390625	1040.823974609375
AADR	4	allwindow	gt	2	100000000	200000000	12	TAF010_noUDG	2632	37015	14.439851252237956	34.807812	-2.410889	24.041723251342773	34.0201530456543	3702.2056	14649.0	7077.88037109375	7571.11962890625
AADR	4	allwindow	gt	2	100000000	200000000	13	IAG001	2536	37015	13.44090298016866	46.12105	91.571833	52.416648864746094	12.386707305908203	5495.003	4466.0	4165.78759765625	300.21240234375
AADR	4	allwindow	gt	2	100000000	200000000	13	I12906	2663	37015	13.44090298016866	51.557	3.598	51.83974838256836	2.6103732585906982	74.97564	2210.0	1872.8138427734375	337.1861572265625
AADR	4	allwindow	gt	2	100000000	200000000	13	I6252	3636	37015	13.44090298016866	21.070453	30.664028	35.825374603271484	28.156394958496094	1658.6997	1155.0	1276.01318359375	-121.01318359375
AADR	4	allwindow	gt	2	100000000	200000000	14	IO2	186	37015	11.434003738562266	-17.9634243	-67.1522097	18.1468505859375	-65.102294921875	4021.529	985.0	2145.31005859375	-1160.31005859375
AADR	4	allwindow	gt	2	100000000	200000000	14	I14327	930	37015	11.434003738562266	54.12647222	-0.287966667	51.85622024536133	8.227280616760254	622.82776	2081.0	2255.496337890625	-174.496337890625
AADR	4	allwindow	gt	2	100000000	200000000	14	C3622	4480	37015	11.434003738562266	37.07	80.19	39.30494689941406	80.06629943847656	248.74976	1789.0	3648.018798828125	-1859.018798828125
AADR	4	allwindow	gt	2	100000000	200000000	15	I12783	944	37015	12.443141957124075	51.697969	-1.692092	49.63572692871094	9.437007904052734	816.2639	2599.0	2421.91162109375	177.08837890625
AADR	4	allwindow	gt	2	100000000	200000000	15	I16819	1566	37015	12.443141957124075	13.519983	144.806559	39.316192626953125	40.829917907714844	10221.367	2518.0	4225.7119140625	-1707.7119140625
AADR	4	allwindow	gt	2	100000000	200000000	15	I3262	2714	37015	12.443141957124075	34.74319444	72.31421667	33.28865051269531	68.92828369140625	351.4647	2844.0	3154.560302734375	-310.560302734375
AADR	4	allwindow	gt	2	100000000	200000000	16	MX258	1520	37015	12.46213481426239	47.767097	8.872239	43.197933197021484	49.004486083984375	3133.6116	3917.0	4169.2099609375	-252.2099609375
AADR	4	allwindow	gt	2	100000000	200000000	16	I2514	1739	37015	12.46213481426239	36.15444444	54.38361111	40.159454345703125	46.97840118408203	785.38983	4347.0	3295.420654296875	1051.579345703125
AADR	4	allwindow	gt	2	100000000	200000000	16	C1679.SG	4429	37015	12.46213481426239	42.45	81.5	45.787696838378906	70.21934509277344	972.8752	2250.0	2891.87255859375	-641.87255859375
AADR	4	allwindow	gt	2	100000000	200000000	17	ANI153	246	37015	16.444352102279662	43.2131	27.8644	48.46747589111328	0.7107253670692444	2170.266	6434.0	6769.19091796875	-335.19091796875
AADR	4	allwindow	gt	2	100000000	200000000	17	Burkhardtshohle_noUDG	1357	37015	16.444352102279662	48.32	9.35	40.106109619140625	11.417771339416504	927.9946	14620.0	5085.18701171875	9534.81298828125
AADR	4	allwindow	gt	2	100000000	200000000	17	BK-1653_noUDG	4286	37015	16.444352102279662	42.948	24.4302	76.34530639648438	130.50706481933594	5793.7397	34948.0	21895.47265625	13052.52734375
AADR	4	allwindow	gt	2	100000000	200000000	18	N17_noUDG.SG	2795	37015	16.447235095500947	52.66	18.88	50.364437103271484	28.92324447631836	739.6399	3850.0	3696.6806640625	153.3193359375
AADR	4	allwindow	gt	2	100000000	200000000	18	BIY003	3153	37015	16.447235095500947	54.99	73.37	48.68497848510742	70.64214324951172	725.56024	2230.0	2934.418212890625	-704.418212890625
AADR	4	allwindow	gt	2	100000000	200000000	18	C1699	4293	37015	16.447235095500947	48.06	86.42	42.44813919067383	75.29942321777344	1069.3367	4200.0	3661.402587890625	538.597412109375
AADR	4	allwindow	gt	2	100000000	200000000	19	irk061_noUDG.SG	3072	37015	12.43810703754425	53.9695	105.8412	53.28458786010742	107.24706268310547	119.973915	4341.0	4874.60595703125	-533.60595703125
AADR	4	allwindow	gt	2	100000000	200000000	19	RA44	3789	37015	12.43810703754425	47.262067	7.659835	28.7913818359375	29.399873733520508	2781.745	4828.0	3942.072265625	885.927734375
AADR	4	allwindow	gt	2	100000000	200000000	19	KPM-23.SG	4780	37015	12.43810703754425	46.74644	19.44128	46.68534851074219	26.661569595336914	550.30237	1228.0	2230.63525390625	-1002.63525390625
AADR	4	allwindow	gt	2	100000000	200000000	20	TU874_SX8	3747	37015	13.442787857850393	47.2266239	8.8184374	47.275577545166016	11.137300491333008	175.10046	4573.0	3340.581298828125	1232.418701171875
AADR	4	allwindow	gt	2	100000000	200000000	20	C1673	4347	37015	13.442787857850393	43.08	81.52	40.600101470947266	79.29586029052734	331.61362	2229.0	2921.951904296875	-692.951904296875
AADR	4	allwindow	gt	2	100000000	200000000	20	C387_noUDG	4470	37015	13.442787857850393	36.97	79.94	38.12470245361328	82.58257293701172	265.99393	1651.0	4630.80029296875	-2979.80029296875
AADR	4	allwindow	gt	2	100000000	200000000	21	XN180	1407	37015	13.436812742551167	48.78	9.18	47.005859375	21.868532180786133	965.1678	7068.0	6191.56640625	876.43359375
AADR	4	allwindow	gt	2	100000000	200000000	21	I0172	1513	37015	13.436812742551167	51.42	11.68	46.17426681518555	10.76388168334961	587.1326	5155.0	6055.0	-900.0
AADR	4	allwindow	gt	2	100000000	200000000	21	TOP004	4605	37015	13.436812742551167	-2.28	121.78	27.235109329223633	109.19036102294922	3548.4104	386.0	2446.703369140625	-2060.703369140625
AADR	4	allwindow	gt	2	100000000	200000000	22	MJ-40_noUDG.SG	2997	37015	19.445396129290263	52.532722	58.490389	51.705848693847656	12.42611026763916	3092.4958	2254.0	2899.694580078125	-645.694580078125
AADR	4	allwindow	gt	2	100000000	200000000	22	I2636	3327	37015	19.445396129290263	59.35	-2.873	43.463191986083984	11.733345031738281	2026.319	5397.0	5947.890625	-550.890625
AADR	4	allwindow	gt	2	100000000	200000000	22	R10341.SG	4652	37015	19.445396129290263	42.2542	11.7576	43.51716232299805	20.266992568969727	707.0356	2054.0	2649.45849609375	-595.45849609375
AADR	4	allwindow	gt	2	100000000	200000000	23	I3348	1720	37015	12.459495337804158	30.24720461	79.73739624	45.048675537109375	16.621234893798828	5645.0615	126.0	2316.3466796875	-2190.3466796875
AADR	4	allwindow	gt	2	100000000	200000000	23	I1853	3102	37015	12.459495337804158	53.87313333	91.46046667	52.42772674560547	-4.4398298263549805	5882.071	3484.0	5908.51806640625	-2424.51806640625
AADR	4	allwindow	gt	2	100000000	200000000	23	Ash131_noUDG.SG	3898	37015	12.459495337804158	38.3482	34.2303	48.05385208129883	2.5707054138183594	2759.2195	9888.0	4894.89990234375	4993.10009765625
AADR	4	allwindow	gt	2	100000000	200000000	24	I1657	74	37015	13.441274134318034	40.39075	43.89106667	36.97944259643555	39.335453033447266	547.7883	5123.0	5246.71044921875	-123.71044921875
AADR	4	allwindow	gt	2	100000000	200000000	24	I18498_noUDG	1571	37015	13.441274134318034	13.519983	144.806559	36.84354782104492	47.2349967956543	9767.562	2742.0	3893.269287109375	-1151.269287109375
AADR	4	allwindow	gt	2	100000000	200000000	24	bab001.SG	3418	37015	13.441274134318034	-29.533333	31.216667	-6.903903007507324	30.024494171142578	2519.3718	2037.0	2402.018310546875	-365.018310546875
AADR	4	allwindow	gt	2	100000000	200000000	25	I4280_noUDG	1787	37015	13.449647303422292	37.005	45.459	38.48958969116211	34.596073150634766	968.6685	2737.0	2333.68115234375	403.31884765625
AADR	4	allwindow	gt	2	100000000	200000000	25	I4247	3471	37015	13.449647303422292	40.426	-3.535	44.18152618408203	16.534879684448242	1697.7931	4302.0	4365.4404296875	-63.4404296875
AADR	4	allwindow	gt	2	100000000	200000000	25	LAV012	3630	37015	13.449647303422292	14.091	-60.926	45.27094650268555	42.40565490722656	9908.329	602.0	5406.64306640625	-4804.64306640625
AADR	4	allwindow	gt	2	100000000	200000000	26	I2029	1422	37015	17.44398727416992	51.89583333	11.04666667	40.57202911376953	52.023223876953125	3340.2175	7100.0	4333.62060546875	2766.37939453125
AADR	4	allwindow	gt	2	100000000	200000000	26	KBO001	2160	37015	17.44398727416992	50.18	76.91	50.50222396850586	105.07591247558594	1987.1156	2297.0	3212.789794921875	-915.789794921875
AADR	4	allwindow	gt	2	100000000	200000000	26	I0581_d	3485	37015	17.44398727416992	42.33333333	-3.5	47.23939514160156	50.093994140625	4180.645	4746.0	6077.66162109375	-1331.66162109375
AADR	4	allwindow	gt	2	100000000	200000000	27	I5502	925	37015	15.451858631769817	53.916717	-0.666972	49.99501419067383	1.33701753616333	457.13644	2054.0	2608.295166015625	-554.295166015625
AADR	4	allwindow	gt	2	100000000	200000000	27	irk022_noUDG.SG	2927	37015	15.451858631769817	52.9943	103.4209	53.30930709838867	109.68219757080078	418.85452	4251.0	6222.287109375	-1971.287109375
AADR	4	allwindow	gt	2	100000000	200000000	27	CBT005	3915	37015	15.451858631769817	40.019745	34.586129	47.73256301879883	12.611828804016113	1949.8027	5415.0	1795.8424072265625	3619.1575927734375
AADR	4	allwindow	gt	2	100000000	200000000	28	DA35_noUDG.SG	114	37015	14.447347112496693	40.52027778	44.93083333	53.30996322631836	10.563045501708984	2932.8337	3259.0	1675.342529296875	1583.657470703125
AADR	4	allwindow	gt	2	100000000	200000000	28	I14809	1113	37015	14.447347112496693	51.75	-0.99	50.77545928955078	6.801272869110107	552.55743	2199.0	2361.997314453125	-162.997314453125
AADR	4	allwindow	gt	2	100000000	200000000	28	R11543.SG	4712	37015	14.447347112496693	40.6885	43.8493	41.6498908996582	42.281944274902344	169.22797	1468.0	2067.36328125	-599.36328125
AADR	4	allwindow	gt	2	100000000	200000000	29	I19328	112	37015	14.443748180071513	40.416667	45.2	42.12245178222656	33.40620803833008	1002.89514	2809.0	3085.493896484375	-276.493896484375
AADR	4	allwindow	gt	2	100000000	200000000	29	I7968	790	37015	14.443748180071513	19.24	-69.2	17.244266510009766	-72.956298828125	454.51364	1015.0	1949.61767578125	-934.61767578125
AADR	4	allwindow	gt	2	100000000	200000000	29	I14096	995	37015	14.443748180071513	54.3955	-1.614	50.96164321899414	1.9448459148406982	450.81848	1973.0	1679.34765625	293.65234375
AADR	4	allwindow	gt	2	100000000	200000000	30	KYZ001	2243	37015	15.448753603299458	50.42	75.91	51.116798400878906	46.84135055541992	2032.4244	2475.0	3764.34619140625	-1289.34619140625
AADR	4	allwindow	gt	2	100000000	200000000	30	Mezmaiskaya2_noUDG.SG	2448	37015	15.448753603299458	44.166667	40.0	118.99866485595703	179.1475372314453	3253.288	43449.0	33024.1328125	10424.8671875
AADR	4	allwindow	gt	2	100000000	200000000	30	C3341	4364	37015	15.448753603299458	43.8	82.51	53.31709289550781	48.67216110229492	2674.0295	4671.0	4251.13427734375	419.86572265625
AADR	4	allwindow	gt	2	100000000	200000000	31	I18801_d	229	37015	16.493825308481853	42.514	26.571056	51.9103889465332	16.535171508789062	1288.2933	4775.0	4377.33642578125	397.66357421875
AADR	4	allwindow	gt	2	100000000	200000000	31	Syltholm1.SG	4287	37015	16.493825308481853	54.623	11.458	53.70859146118164	17.36923599243164	397.88177	5746.0	6037.37158203125	-291.37158203125
AADR	4	allwindow	gt	2	100000000	200000000	31	R3662.SG	4777	37015	16.493825308481853	45.467293	13.506565	50.58918762207031	16.737783432006836	617.9884	1360.0	1687.4737548828125	-327.4737548828125
AADR	4	allwindow	gt	2	100000000	200000000	32	I2928	1747	37015	12.444787685076395	36.15444444	54.38361111	36.39284896850586	45.87186050415039	763.2523	4625.0	2841.74267578125	1783.25732421875
AADR	4	allwindow	gt	2	100000000	200000000	32	I4438	2373	37015	12.444787685076395	56.2833	25.1333	49.02936553955078	15.032663345336914	1053.653	7248.0	7353.6826171875	-105.6826171875
AADR	4	allwindow	gt	2	100000000	200000000	32	R3665.SG	4751	37015	12.444787685076395	43.524984	16.252825	50.625083923339844	20.015857696533203	839.0644	1780.0	2937.86767578125	-1157.86767578125
AADR	4	allwindow	gt	2	100000000	200000000	33	I15111	776	37015	13.442362948258717	18.394444	-68.61	18.045801162719727	-71.60714721679688	318.9191	607.0	1072.4976806640625	-465.4976806640625
AADR	4	allwindow	gt	2	100000000	200000000	33	I5881	4116	37015	13.442362948258717	48.91422	33.76493	41.9449462890625	31.9281063079834	788.0259	7077.0	4547.24169921875	2529.75830078125
AADR	4	allwindow	gt	2	100000000	200000000	33	CO001	4484	37015	13.442362948258717	-15.55	-72.65	1.6687545776367188	-73.59268188476562	1917.4413	1046.0	1159.6776123046875	-113.6776123046875
AADR	4	allwindow	gt	2	100000000	200000000	34	PN05.SG	1810	37015	15.468505203723907	53.04866	-9.140049	49.970787048339844	4.9990081787109375	1034.5522	5729.0	6427.1728515625	-698.1728515625
AADR	4	allwindow	gt	2	100000000	200000000	34	RISE1169_noUDG.SG	2806	37015	15.468505203723907	50.170137	20.579034	54.83079528808594	18.458478927612305	537.6875	4747.0	4260.9404296875	486.0595703125
AADR	4	allwindow	gt	2	100000000	200000000	34	MAL006_noUDG	4237	37015	15.468505203723907	-16.07388056	167.4477861	46.7392692565918	21.34554672241211	15393.557	2665.0	4999.81591796875	-2334.81591796875
AADR	4	allwindow	gt	2	100000000	200000000	35	PNL002	515	37015	15.436250317096711	50.250195	15.811275	47.025936126708984	15.952146530151367	358.67038	4653.0	4290.83935546875	362.16064453125
AADR	4	allwindow	gt	2	100000000	200000000	35	I6294	3092	37015	15.436250317096711	53.58975	50.57129167	50.056392669677734	26.92698097229004	1663.4364	4709.0	3021.987060546875	1687.012939453125
AADR	4	allwindow	gt	2	100000000	200000000	35	VK332_noUDG.SG	3726	37015	15.436250317096711	56.41526	16.4326046	49.524269104003906	21.37635612487793	834.1809	1085.0	1665.3758544921875	-580.3758544921875
AADR	4	allwindow	gt	2	100000000	200000000	36	I16537	98	37015	10.434371999899547	40.91666	44.5	46.58378982543945	13.521637916564941	2548.8826	2977.0	1835.0057373046875	1141.9942626953125
AADR	4	allwindow	gt	2	100000000	200000000	36	I19913	1018	37015	10.434371999899547	51.3603	1.3405	45.29670333862305	14.014782905578613	1151.7987	3271.0	2901.82568359375	369.17431640625
AADR	4	allwindow	gt	2	100000000	200000000	36	Aes6_d	3779	37015	10.434371999899547	47.465413	7.601691	38.705448150634766	36.998531341552734	2559.077	4799.0	4268.94970703125	530.05029296875
AADR	4	allwindow	gt	2	100000000	200000000	37	Sumidouro4_noUDG.SG	205	37015	11.438468062877655	-19.54	-43.94	6.1612043380737305	-70.70182037353516	4092.2441	10107.0	1380.884765625	8726.115234375
AADR	4	allwindow	gt	2	100000000	200000000	37	KBD001	3134	37015	11.438468062877655	43.826337	42.716199	52.831787109375	62.477909088134766	1761.8788	4030.0	5220.99365234375	-1190.99365234375
AADR	4	allwindow	gt	2	100000000	200000000	37	LD1174_noUDG.SG	3592	37015	11.438468062877655	37.406111	-4.416389	44.02235794067383	16.7724552154541	1924.4554	4466.0	4532.56005859375	-66.56005859375
AADR	4	allwindow	gt	2	100000000	200000000	38	VLI051	667	37015	13.439109639326732	50.365945	14.446606	51.43711853027344	12.464012145996094	183.06349	3721.0	4666.99755859375	-945.99755859375
AADR	4	allwindow	gt	2	100000000	200000000	38	I11520	4194	37015	13.439109639326732	37.66666667	67.0	36.47726058959961	58.737510681152344	744.62146	3497.0	3287.929443359375	209.070556640625
AADR	4	allwindow	gt	2	100000000	200000000	38	TW004	4488	37015	13.439109639326732	-16.5564	-68.6725	9.43903636932373	-75.26775360107422	2980.2266	1025.0	440.3305358886719	584.6694641113281
AADR	4	allwindow	gt	2	100000000	200000000	39	I6936	1725	37015	12.429348436991374	30.24720461	79.73739624	46.86151885986328	32.456172943115234	4425.494	127.0	2649.64111328125	-2522.64111328125
AADR	4	allwindow	gt	2	100000000	200000000	39	RISE684_noUDG.SG	2948	37015	12.429348436991374	53.708561	90.359808	50.871551513671875	73.35706329345703	1195.4249	4239.0	3874.67578125	364.32421875
AADR	4	allwindow	gt	2	100000000	200000000	39	SN-04_noUDG.SG	4142	37015	12.429348436991374	33.264278	-119.539	29.53586196899414	-16.53594207763672	9326.42	4842.0	4455.6298828125	386.3701171875
AADR	4	allwindow	gt	2	100000000	200000000	40	I14351	997	37015	14.433308700720469	53.9085	-1.384997	49.590213775634766	0.30485790967941284	494.0241	2048.0	3442.134033203125	-1394.134033203125
AADR	4	allwindow	gt	2	100000000	200000000	40	I14090	1168	37015	14.433308700720469	54.3955	-1.614	51.75292205810547	5.83631706237793	577.5435	1382.0	2021.3377685546875	-639.3377685546875
AADR	4	allwindow	gt	2	100000000	200000000	40	I10359	1881	37015	14.433308700720469	32.58472222	35.01694444	34.33870315551758	32.88405990600586	277.80768	3512.0	3872.213134765625	-360.213134765625
AADR	4	allwindow	gt	2	100000000	200000000	41	I1656	126	37015	14.433387545744578	40.377222	43.938333	45.8304328918457	57.048885345458984	1222.7758	3397.0	4791.21337890625	-1394.21337890625
AADR	4	allwindow	gt	2	100000000	200000000	41	I14920	147	37015	14.433387545744578	25.366574	-76.520014	18.42862892150879	-71.29629516601562	940.7773	938.0	941.1234741210938	-3.12347412109375
AADR	4	allwindow	gt	2	100000000	200000000	41	I6795	2176	37015	14.433387545744578	50.09	74.44	48.741859436035156	75.90571594238281	183.60565	3642.0	4213.98779296875	-571.98779296875
AADR	4	allwindow	gt	2	100000000	200000000	42	Bianbian_noUDG	312	37015	10.439350442091625	36.1	118.5	29.14122772216797	116.26226806640625	801.58276	9709.0	2904.30322265625	6804.69677734375
AADR	4	allwindow	gt	2	100000000	200000000	42	I4440	2375	37015	10.439350442091625	56.2833	25.1333	47.15221405029297	20.194976806640625	1070.1208	7074.0	7168.15869140625	-94.15869140625
AADR	4	allwindow	gt	2	100000000	200000000	42	ALA039	3868	37015	10.439350442091625	36.23778	36.38472	40.15435791015625	36.12306594848633	436.10263	3337.0	5433.65234375	-2096.65234375
AADR	4	allwindow	gt	2	100000000	200000000	43	I4619	3941	37015	14.440100912253062	37.5432	41.8662	39.73617172241211	43.88870620727539	300.50946	4635.0	5439.2568359375	-804.2568359375
AADR	4	allwindow	gt	2	100000000	200000000	43	I14733	3957	37015	14.440100912253062	37.79	41.01	39.33428192138672	35.255191802978516	528.8889	2401.0	2644.88330078125	-243.88330078125
AADR	4	allwindow	gt	2	100000000	200000000	43	I1859	4260	37015	14.440100912253062	20.13333333	105.9833333	39.03645324707031	19.91507911682129	8286.977	3762.0	5399.326171875	-1637.326171875
AADR	4	allwindow	gt	2	100000000	200000000	44	s19_X17_2_noUDG.SG	1188	37015	13.435254267851512	59.4383	24.8853	59.984840393066406	22.806007385253906	131.48773	2819.0	3643.79833984375	-824.79833984375
AADR	4	allwindow	gt	2	100000000	200000000	44	RISE98_noUDG.SG	3698	37015	13.435254267851512	55.381	13.445	52.67562484741211	14.095810890197754	303.8087	4082.0	3249.6943359375	832.3056640625
AADR	4	allwindow	gt	2	100000000	200000000	44	R3481.SG	4759	37015	13.435254267851512	42.466869	19.266164	47.012699127197266	23.69647216796875	614.54254	1699.0	1944.4744873046875	-245.4744873046875
AADR	4	allwindow	gt	2	100000000	200000000	45	I2457	883	37015	16.439801728725435	51.168023	-1.7725402	53.77973556518555	0.31520920991897583	322.97183	4056.0	3647.743896484375	408.256103515625
AADR	4	allwindow	gt	2	100000000	200000000	45	I0057	1418	37015	16.439801728725435	51.89583333	11.04666667	46.554141998291016	15.14926815032959	664.2417	7070.0	5726.3681640625	1343.6318359375
AADR	4	allwindow	gt	2	100000000	200000000	45	I4089	2867	37015	16.439801728725435	47.7467	22.395	49.37506103515625	11.075165748596191	851.61566	5636.0	5663.73828125	-27.73828125
AADR	4	allwindow	gt	2	100000000	200000000	46	DA23_noUDG.SG	2159	37015	14.432872319221497	52.6925	62.64722222	51.78058624267578	34.369266510009766	1915.8795	840.0	2560.19873046875	-1720.19873046875
AADR	4	allwindow	gt	2	100000000	200000000	46	HAN002_noUDG.SG	3126	37015	14.432872319221497	55.63639	35.89972	55.367095947265625	30.736600875854492	326.46573	4605.0	4674.580078125	-69.580078125
AADR	4	allwindow	gt	2	100000000	200000000	46	C1656	4337	37015	14.432872319221497	43.22	81.84	45.61918258666992	46.9272346496582	2763.4912	597.0	4387.39990234375	-3790.39990234375
AADR	4	allwindow	gt	2	100000000	200000000	47	I7966	788	37015	15.442600226402282	19.24	-69.2	17.147401809692383	-67.38646697998047	301.39297	1249.0	1161.7930908203125	87.2069091796875
AADR	4	allwindow	gt	2	100000000	200000000	47	ETR013	2080	37015	15.442600226402282	43.017037	11.948444	47.275306701660156	18.09326934814453	675.20197	982.0	3547.1337890625	-2565.1337890625
AADR	4	allwindow	gt	2	100000000	200000000	47	KPT004	3178	37015	15.442600226402282	53.044528	105.510583	45.26604461669922	109.78483581542969	918.66675	3773.0	3627.00732421875	145.99267578125
AADR	4	allwindow	gt	2	100000000	200000000	48	I10866	3600	37015	14.445098841190338	42.1333	3.1083	48.14337158203125	9.308262825012207	825.9008	1947.0	2275.643310546875	-328.643310546875
AADR	4	allwindow	gt	2	100000000	200000000	48	I4615	3939	37015	14.445098841190338	37.5432	41.8662	41.106292724609375	38.55046463012695	488.0864	4991.0	3641.203857421875	1349.796142578125
AADR	4	allwindow	gt	2	100000000	200000000	48	C1235	4466	37015	14.445098841190338	36.46	81.95	41.128292083740234	83.79547119140625	543.1325	2752.0	2458.470458984375	293.529541015625
AADR	4	allwindow	gt	2	100000000	200000000	49	I1298_enhanced	239	37015	12.437231429417928	43.374337	23.729298	40.079795837402344	16.126693725585938	729.1314	7883.0	3476.04443359375	4406.95556640625
AADR	4	allwindow	gt	2	100000000	200000000	49	I16436_d	262	37015	12.437231429417928	49.4794	-2.4521	47.82591247558594	16.33905792236328	1388.8477	5814.0	4144.94189453125	1669.05810546875
AADR	4	allwindow	gt	2	100000000	200000000	49	I8919	2294	37015	12.437231429417928	-0.663	36.41	14.37442684173584	32.28193664550781	1732.7205	2233.0	1872.90771484375	360.09228515625
AADR	4	allwindow	gt	2	100000000	200000000	50	KO1011	560	37015	15.441020385424297	50.033343	15.168084	42.039215087890625	29.801959991455078	1433.1204	3993.0	3357.443603515625	635.556396484375
AADR	4	allwindow	gt	2	100000000	200000000	50	VK507_noUDG.SG	1200	37015	15.441020385424297	58.17	22.25	49.34431838989258	46.29144287109375	1845.1775	1121.0	2858.209716796875	-1737.209716796875
AADR	4	allwindow	gt	2	100000000	200000000	50	MX280	1523	37015	15.441020385424297	47.767097	8.872239	47.82707977294922	13.938015937805176	378.3849	3931.0	3635.917724609375	295.082275390625
AADR	4	allwindow	gt	2	100000000	200000000	51	RISE662_noUDG.SG	2941	37015	13.435352683067322	53.547806	91.02565	42.93762969970703	63.53171920776367	2331.6077	4067.0	3203.81201171875	863.18798828125
AADR	4	allwindow	gt	2	100000000	200000000	51	MDP001	3595	37015	13.435352683067322	38.102267	-1.864	46.587127685546875	18.561185836791992	1917.3856	4155.0	5531.2470703125	-1376.2470703125
AADR	4	allwindow	gt	2	100000000	200000000	51	R10766.SG	4675	37015	13.435352683067322	36.1898	5.4108	51.40117263793945	11.910748481750488	1768.3107	1836.0	3247.282470703125	-1411.282470703125
AADR	4	allwindow	gt	2	100000000	200000000	52	I6900	2711	37015	13.436241734027863	34.74319444	72.31421667	37.18508529663086	71.52311706542969	280.7018	3216.0	3813.73681640625	-597.73681640625
AADR	4	allwindow	gt	2	100000000	200000000	52	KPT001	3175	37015	13.436241734027863	53.044528	105.510583	50.273319244384766	98.84093475341797	553.3771	3759.0	4249.7001953125	-490.7001953125
AADR	4	allwindow	gt	2	100000000	200000000	52	IKI036	3966	37015	13.436241734027863	41.6136944	35.8711361	37.39951705932617	51.0131950378418	1378.7238	5405.0	2806.32666015625	2598.67333984375
AADR	4	allwindow	gt	2	100000000	200000000	53	MJ-31_noUDG.SG	4070	37015	15.443043434619904	46.9666667	32.0	59.90006637573242	11.439922332763672	1964.5825	3136.0	3137.138427734375	-1.138427734375
AADR	4	allwindow	gt	2	100000000	200000000	53	AHUR_2064_noUDG.SG	4184	37015	15.443043434619904	37.41	-122.08	25.5108585357666	-101.37135314941406	2359.5867	10962.0	1432.65234375	9529.34765625
AADR	4	allwindow	gt	2	100000000	200000000	53	Dushan4_1	4624	37015	15.443043434619904	23.6	107.13	29.240554809570312	108.34095764160156	638.6723	8707.0	7653.35791015625	1053.64208984375
AADR	4	allwindow	gt	2	100000000	200000000	54	I3616	3812	37015	14.433734611670177	24.32777778	121.7655556	26.989734649658203	117.22651672363281	542.6855	1641.0	3340.1962890625	-1699.1962890625
AADR	4	allwindow	gt	2	100000000	200000000	54	KRD003	4018	37015	14.433734611670177	36.329405	36.444255	38.81904602050781	15.7907075881958	1837.0662	7602.0	3349.56982421875	4252.43017578125
AADR	4	allwindow	gt	2	100000000	200000000	54	C4279.SG	4398	37015	14.433734611670177	43.83	82.8	44.37972640991211	74.9228744506836	631.668	2241.0	2520.133544921875	-279.133544921875
AADR	4	allwindow	gt	2	100000000	200000000	55	I24251	1581	37015	11.438172761599223	13.519983	144.806559	13.121319770812988	141.65570068359375	343.80075	365.0	2365.4482421875	-2000.4482421875
AADR	4	allwindow	gt	2	100000000	200000000	55	I4475	4013	37015	11.438172761599223	37.177	40.952	44.052635192871094	22.610515594482422	1721.4584	1228.0	4325.984375	-3097.984375
AADR	4	allwindow	gt	2	100000000	200000000	55	C3320	4356	37015	11.438172761599223	43.8	82.51	43.14054489135742	77.09263610839844	443.191	2252.0	3325.060302734375	-1073.060302734375
AADR	4	allwindow	gt	2	100000000	200000000	56	LJM3_noUDG	337	37015	12.438949080308278	36.508904	101.796482	45.357177734375	101.18206024169922	985.2274	4479.0	3629.504638671875	849.495361328125
AADR	4	allwindow	gt	2	100000000	200000000	56	I20990	1097	37015	12.438949080308278	51.138291	-1.53093	53.6983528137207	5.207076072692871	538.03033	2220.0	1818.6378173828125	401.3621826171875
AADR	4	allwindow	gt	2	100000000	200000000	56	C3317	4355	37015	12.438949080308278	43.8	82.51	46.22609329223633	92.593017578125	836.55493	2130.0	4092.5712890625	-1962.5712890625
AADR	4	allwindow	gt	2	100000000	200000000	57	I6774	873	37015	13.434496589501698	50.862516	-0.121506	48.73554611206055	14.606158256530762	1081.2163	4121.0	2287.271728515625	1833.728271484375
AADR	4	allwindow	gt	2	100000000	200000000	57	WEHR_1474_d	1469	37015	13.434496589501698	48.25283	10.80879	48.37104034423828	15.983758926391602	382.857	3924.0	6241.4501953125	-2317.4501953125
AADR	4	allwindow	gt	2	100000000	200000000	57	I17892	4246	37015	13.434496589501698	10.03	-69.64	7.39445161819458	-70.66460418701172	313.94894	2337.0	1119.9283447265625	1217.0716552734375
AADR	4	allwindow	gt	2	100000000	200000000	58	TAQ024	1919	37015	14.439601667722066	42.249972	11.767892	48.09474182128906	19.423906326293945	883.7614	2167.0	1885.0318603515625	281.9681396484375
AADR	4	allwindow	gt	2	100000000	200000000	58	I20086	2469	37015	14.439601667722066	46.646667	29.808611	33.545555114746094	-14.817235946655273	4002.9434	2824.0	3525.18603515625	-701.18603515625
AADR	4	allwindow	gt	2	100000000	200000000	58	I4876	3370	37015	14.439601667722066	44.53368	22.05032	52.36536407470703	18.116159439086914	917.55585	8455.0	5751.22265625	2703.77734375
AADR	4	allwindow	gt	2	100000000	200000000	59	GLZ003	3173	37015	11.433539867401123	52.279056	104.251778	41.5658073425293	110.82550048828125	1290.3363	4478.0	5884.14892578125	-1406.14892578125
AADR	4	allwindow	gt	2	100000000	200000000	59	RISE94_noUDG.SG	3671	37015	11.433539867401123	56.025	14.233	48.95784378051758	21.595916748046875	929.46234	4487.0	3872.988037109375	614.011962890625
AADR	4	allwindow	gt	2	100000000	200000000	59	R11102.SG	4657	37015	11.433539867401123	42.0263	11.9483	44.91077423095703	7.9312028884887695	455.92056	3787.0	3554.6904296875	232.3095703125
AADR	4	allwindow	gt	2	100000000	200000000	60	I19914	1091	37015	12.442763272921244	51.3603	1.3405	47.22402572631836	7.930977821350098	662.8195	2233.0	1997.9835205078125	235.0164794921875
AADR	4	allwindow	gt	2	100000000	200000000	60	TW063	4499	37015	12.442763272921244	-16.555	-68.6745	-5.334887504577637	-60.97472381591797	1503.5337	1223.0	1469.0137939453125	-246.0137939453125
AADR	4	allwindow	gt	2	100000000	200000000	60	KD004.SG	4585	37015	12.442763272921244	59.15966	-2.880505	49.430419921875	19.660451889038086	1804.7123	2062.0	2054.181884765625	7.818115234375
AADR	4	allwindow	gt	2	100000000	200000000	61	Alh3a_noUDG.SG	1378	37015	13.445219802856446	48.58	12.2	50.946006774902344	12.777449607849121	266.33466	1491.0	2085.419921875	-594.419921875
AADR	4	allwindow	gt	2	100000000	200000000	61	OBKR_82	1468	37015	13.445219802856446	48.26656	10.87857	48.71834945678711	6.982749938964844	291.41483	3908.0	5240.359375	-1332.359375
AADR	4	allwindow	gt	2	100000000	200000000	61	I8131	3474	37015	13.445219802856446	38.9777	-0.16037	48.421085357666016	13.10133171081543	1492.372	4459.0	3907.087890625	551.912109375
AADR	4	allwindow	gt	2	100000000	200000000	62	SAN001	2492	37015	15.433119118213654	47.922006	112.966168	51.55176544189453	108.67982482910156	507.54266	1890.0	3640.879638671875	-1750.879638671875
AADR	4	allwindow	gt	2	100000000	200000000	62	I14308_d	2957	37015	15.433119118213654	42.78944444	131.2761111	49.95608901977539	10.744434356689453	8198.243	6714.0	4506.01123046875	2207.98876953125
AADR	4	allwindow	gt	2	100000000	200000000	62	I0247	3026	37015	15.433119118213654	52.43	51.16	50.77375411987305	59.08068084716797	576.85724	2229.0	4666.93603515625	-2437.93603515625
AADR	4	allwindow	gt	2	100000000	200000000	63	C2046	4308	37015	14.43967870871226	46.48	90.75	45.61674499511719	78.2099838256836	971.48676	4038.0	3891.0888671875	146.9111328125
AADR	4	allwindow	gt	2	100000000	200000000	63	C388_noUDG	4471	37015	14.43967870871226	36.97	79.94	40.86345291137695	71.68185424804688	834.8412	1651.0	3722.138671875	-2071.138671875
AADR	4	allwindow	gt	2	100000000	200000000	63	SZRV-266.SG	4793	37015	14.43967870871226	46.97997	20.55983	48.353572845458984	89.09745788574219	4957.5317	1162.0	3479.77001953125	-2317.77001953125
AADR	4	allwindow	gt	2	100000000	200000000	64	I7187	492	37015	12.43570844332377	50.145766	14.221421	47.34693145751953	12.221854209899902	343.98856	6044.0	4030.83935546875	2013.16064453125
AADR	4	allwindow	gt	2	100000000	200000000	64	ULI003	2541	37015	12.43570844332377	45.85636	91.931779	46.09220504760742	102.0931625366211	785.1583	3046.0	3746.25634765625	-700.25634765625
AADR	4	allwindow	gt	2	100000000	200000000	64	VERT031	4613	37015	12.43570844332377	48.783	25.852	46.770355224609375	19.737293243408203	508.5823	5646.0	2516.04150390625	3129.95849609375
AADR	4	allwindow	gt	2	100000000	200000000	65	AITI_87	1470	37015	11.441376686096191	48.22281	10.84499	47.24689865112305	10.569470405578613	110.45492	3692.0	3002.25244140625	689.74755859375
AADR	4	allwindow	gt	2	100000000	200000000	65	RISE1246_noUDG.SG	2815	37015	11.441376686096191	50.2	21.4	51.34331512451172	24.004884719848633	222.95049	4721.0	3653.24072265625	1067.75927734375
AADR	4	allwindow	gt	2	100000000	200000000	65	I6604	3473	37015	11.441376686096191	40.439	-3.501	43.01866149902344	0.9783098697662354	469.407	3947.0	3283.510009765625	663.489990234375
AADR	4	allwindow	gt	2	100000000	200000000	66	I13729	1052	37015	12.438433611392975	52.170279	0.105604	51.559654235839844	8.847978591918945	603.7459	2350.0	1800.3397216796875	549.6602783203125
AADR	4	allwindow	gt	2	100000000	200000000	66	VIL006	1982	37015	12.438433611392975	39.618016	8.958117	46.607662200927734	11.28152084350586	799.66705	2622.0	3163.724853515625	-541.724853515625
AADR	4	allwindow	gt	2	100000000	200000000	66	I6331	3643	37015	12.438433611392975	21.070453	30.664028	19.626298904418945	38.63124465942383	845.89923	1125.0	4680.2451171875	-3555.2451171875
AADR	4	allwindow	gt	2	100000000	200000000	67	MIB067	601	37015	15.558898003896077	49.992004	15.776861	47.162025451660156	13.556617736816406	354.5059	3782.0	2484.346435546875	1297.653564453125
AADR	4	allwindow	gt	2	100000000	200000000	67	BOO001.A0101	2963	37015	15.558898003896077	69.2239	33.4828	56.76353454589844	76.314453125	2489.7876	3740.0	3601.576416015625	138.423583984375
AADR	4	allwindow	gt	2	100000000	200000000	67	C3333	4369	37015	15.558898003896077	43.8	82.51	49.6619873046875	85.81049346923828	698.4979	2218.0	3483.004638671875	-1265.004638671875
AADR	4	allwindow	gt	2	100000000	200000000	68	HOP002	455	37015	16.438009834289552	50.080377	14.27686	48.611122131347656	10.504453659057617	318.33698	4177.0	2981.11962890625	1195.88037109375
AADR	4	allwindow	gt	2	100000000	200000000	68	I3954	2903	37015	16.438009834289552	48.832683	83.909744	45.224124908447266	66.64497375488281	1365.245	4690.0	3121.1826171875	1568.8173828125
AADR	4	allwindow	gt	2	100000000	200000000	68	KD059.SG	4595	37015	16.438009834289552	59.32701	-3.00572	48.61656951904297	10.430501937866211	1474.1971	3500.0	3705.465576171875	-205.465576171875
AADR	4	allwindow	gt	2	100000000	200000000	69	ARS015.A0101	2574	37015	16.43487728436788	49.65725	99.725833	47.188621520996094	100.81272888183594	285.96765	3255.0	5582.54052734375	-2327.54052734375
AADR	4	allwindow	gt	2	100000000	200000000	69	ULN003	2607	37015	16.43487728436788	46.28406	111.768265	49.394744873046875	107.12102508544922	489.66415	3289.0	3809.1171875	-520.1171875
AADR	4	allwindow	gt	2	100000000	200000000	69	ALM001_merged	3426	37015	16.43487728436788	37.952759	-1.508	45.820465087890625	6.738491058349609	1108.384	3821.0	5261.4921875	-1440.4921875
AADR	4	allwindow	gt	2	100000000	200000000	70	I14837	1114	37015	11.440369860331218	53.8954	-1.388994	47.502437591552734	-0.5631083250045776	713.2274	2134.0	2702.489501953125	-568.489501953125
AADR	4	allwindow	gt	2	100000000	200000000	70	DA93_noUDG.SG	2180	37015	11.440369860331218	43.06861111	68.24888889	54.38922119140625	87.51630401611328	1881.2793	1126.0	5308.69189453125	-4182.69189453125
AADR	4	allwindow	gt	2	100000000	200000000	70	JAG001	2533	37015	11.440369860331218	47.8130833	108.531944	46.92716598510742	102.88558959960938	436.3669	2082.0	3147.611572265625	-1065.611572265625
AADR	4	allwindow	gt	2	100000000	200000000	71	ALA025	3860	37015	10.442719741662343	36.23778	36.38472	40.53398132324219	29.91620445251465	738.59076	3711.0	3341.365234375	369.634765625
AADR	4	allwindow	gt	2	100000000	200000000	71	IKI030	3964	37015	10.442719741662343	41.6136944	35.8711361	45.84027099609375	9.358331680297852	2170.907	5397.0	5455.98876953125	-58.98876953125
AADR	4	allwindow	gt	2	100000000	200000000	71	I1585_enhanced	3992	37015	10.442719741662343	40.3	29.56666667	44.033226013183594	11.522335052490234	1540.4541	8021.0	4130.05615234375	3890.94384765625
AADR	4	allwindow	gt	2	100000000	200000000	72	I15046	691	37015	14.430435073375701	50.410265	14.074597	45.91310119628906	12.19813346862793	519.02264	2256.0	2027.5908203125	228.4091796875
AADR	4	allwindow	gt	2	100000000	200000000	72	I14088	1166	37015	14.430435073375701	54.3955	-1.614	50.60939407348633	11.144880294799805	958.8926	1427.0	2972.36572265625	-1545.36572265625
AADR	4	allwindow	gt	2	100000000	200000000	72	R3361.SG	4713	37015	14.430435073375701	34.973503	40.555681	45.03053665161133	18.11690902709961	2203.3835	728.0	3128.152587890625	-2400.152587890625
AADR	4	allwindow	gt	2	100000000	200000000	73	I5729	383	37015	13.437767012914021	46.255979	16.692342	51.207279205322266	22.91555404663086	714.62646	2920.0	5327.474609375	-2407.474609375
AADR	4	allwindow	gt	2	100000000	200000000	73	I5402	3386	37015	13.437767012914021	44.640262	22.30333	49.091121673583984	17.55390739440918	612.3602	8156.0	8438.2763671875	-282.2763671875
AADR	4	allwindow	gt	2	100000000	200000000	73	ARK-49.SG	4833	37015	13.437767012914021	47.59417	21.05047	49.90208435058594	63.002933502197266	3046.1055	1090.0	2568.17431640625	-1478.17431640625
AADR	4	allwindow	gt	2	100000000	200000000	74	I18220	1623	37015	11.436955801645915	47.101995	20.736495	50.612796783447266	1.542719841003418	1452.8081	2312.0	3915.138427734375	-1603.138427734375
AADR	4	allwindow	gt	2	100000000	200000000	74	RA58	3792	37015	11.436955801645915	47.3122	7.3843	45.23362731933594	12.679426193237305	467.8871	4865.0	5372.84228515625	-507.84228515625
AADR	4	allwindow	gt	2	100000000	200000000	74	IKI038	3968	37015	11.436955801645915	41.6136944	35.8711361	44.814964294433594	15.79206657409668	1661.0681	5480.0	4429.50048828125	1050.49951171875
AADR	4	allwindow	gt	2	100000000	200000000	75	BKT001	2240	37015	12.44068064292272	47.41	74.77	48.691463470458984	62.36268615722656	932.11115	2587.0	3292.813720703125	-705.813720703125
AADR	4	allwindow	gt	2	100000000	200000000	75	I2472	3568	37015	12.44068064292272	42.57	-2.62	40.93474197387695	21.73396873474121	2021.4332	3428.0	3263.45703125	164.54296875
AADR	4	allwindow	gt	2	100000000	200000000	75	VK333_noUDG.SG	3727	37015	12.44068064292272	56.5765236	16.4602296	48.26422882080078	11.063618659973145	993.3496	1052.0	2229.82470703125	-1177.82470703125
AADR	4	allwindow	gt	2	100000000	200000000	76	I4517	1867	37015	14.792416369915008	32.58472222	35.01694444	36.1236686706543	59.108299255371094	2240.2893	2951.0	2792.017578125	158.982421875
AADR	4	allwindow	gt	2	100000000	200000000	76	I11735	2181	37015	14.792416369915008	50.77023611	49.34004167	52.98847961425781	73.73749542236328	1684.3787	4328.0	2633.097412109375	1694.902587890625
AADR	4	allwindow	gt	2	100000000	200000000	76	R11545.SG	4775	37015	14.792416369915008	40.6885	43.8493	43.12984085083008	41.86066436767578	317.4255	3276.0	1701.77734375	1574.22265625
AADR	4	allwindow	gt	2	100000000	200000000	77	I19338	102	37015	17.432481308778126	40.416667	45.2	46.21794509887695	14.532419204711914	2546.092	3066.0	1373.7236328125	1692.2763671875
AADR	4	allwindow	gt	2	100000000	200000000	77	Rochedane	1330	37015	17.432481308778126	47.21	6.45	53.13033676147461	-3.72159481048584	977.1828	13027.0	6091.97900390625	6935.02099609375
AADR	4	allwindow	gt	2	100000000	200000000	77	CSP003	2227	37015	17.432481308778126	44.49	78.27	50.65180587768555	80.24372100830078	700.9085	2654.0	3745.3828125	-1091.3828125
AADR	4	allwindow	gt	2	100000000	200000000	78	MIB076	654	37015	13.434163757165273	49.992004	15.776861	47.95643997192383	79.48461151123047	4511.935	3887.0	5868.740234375	-1981.740234375
AADR	4	allwindow	gt	2	100000000	200000000	78	Herx.SG	4568	37015	13.434163757165273	49.1411	8.2139	47.388580322265625	19.473363876342773	855.03845	7078.0	5999.08203125	1078.91796875
AADR	4	allwindow	gt	2	100000000	200000000	78	R10840.SG	4739	37015	13.434163757165273	54.687157	25.279652	52.106136322021484	13.433295249938965	834.98376	1581.0	2769.985107421875	-1188.985107421875
AADR	4	allwindow	gt	2	100000000	200000000	79	I5725	379	37015	13.432100995381672	45.900833	15.700288	48.1046257019043	23.566654205322266	644.5027	2554.0	4156.2470703125	-1602.2470703125
AADR	4	allwindow	gt	2	100000000	200000000	79	MIB032	579	37015	13.432100995381672	49.992004	15.776861	45.0803108215332	24.080224990844727	827.8734	3791.0	3439.69873046875	351.30126953125
AADR	4	allwindow	gt	2	100000000	200000000	79	I1506	1677	37015	13.432100995381672	47.846464	21.149429	46.325748443603516	13.910714149475098	573.2983	7146.0	3190.412841796875	3955.587158203125
AADR	4	allwindow	gt	2	100000000	200000000	80	I0046	1416	37015	13.43635588089625	51.89583333	11.04666667	44.175758361816406	15.647753715515137	923.6184	7041.0	6330.76025390625	710.23974609375
AADR	4	allwindow	gt	2	100000000	200000000	80	PAPV_172_noUDG.SG	2720	37015	13.43635588089625	9.0	-79.5	25.84771728515625	-28.382965087890625	5696.661	763.0	4212.1630859375	-3449.1630859375
AADR	4	allwindow	gt	2	100000000	200000000	80	I3921	4219	37015	13.43635588089625	-16.711	168.133	-4.722410678863525	155.5757598876953	1910.8729	1260.0	2056.493896484375	-796.493896484375
AADR	4	allwindow	gt	2	100000000	200000000	81	I2230	34	37015	14.434895225365956	-38.3605556	-60.2441667	-5.689668655395508	-70.10557556152344	3766.7136	8574.0	3406.583740234375	5167.416259765625
AADR	4	allwindow	gt	2	100000000	200000000	81	HJTM109_noUDG	352	37015	14.434895225365956	33.5922112	114.0221248	36.013893127441406	113.12576293945312	281.43652	3908.0	4944.3154296875	-1036.3154296875
AADR	4	allwindow	gt	2	100000000	200000000	81	Inuk_noUDG.SG	1561	37015	14.434895225365956	69.2438	-53.5413	51.93285369873047	108.52852630615234	6461.5303	3885.0	3819.1259765625	65.8740234375
AADR	4	allwindow	gt	2	100000000	200000000	82	I13781	702	37015	14.429936536153157	50.556196	13.763549	48.85856246948242	11.55270004272461	246.77211	2977.0	3318.662109375	-341.662109375
AADR	4	allwindow	gt	2	100000000	200000000	82	ALM043	3435	37015	14.429936536153157	37.952759	-1.508	48.212425231933594	14.495084762573242	1723.1031	3754.0	4201.494140625	-447.494140625
AADR	4	allwindow	gt	2	100000000	200000000	82	FLR011	4565	37015	14.429936536153157	49.19	-0.38	46.08047103881836	11.132636070251465	928.151	5566.0	5814.8515625	-248.8515625
AADR	4	allwindow	gt	2	100000000	200000000	83	I3753	2260	37015	17.434537116686503	50.2249	81.83678333	54.62620162963867	3.507507562637329	5053.189	2977.0	2962.75244140625	14.24755859375
AADR	4	allwindow	gt	2	100000000	200000000	83	I9133_noUDG.SG	3417	37015	17.434537116686503	-31.980439	18.517695	-9.341800689697266	34.76325988769531	3022.8967	1910.0	2546.87060546875	-636.87060546875
AADR	4	allwindow	gt	2	100000000	200000000	83	MAL002	4234	37015	17.434537116686503	-16.07388056	167.4477861	21.326601028442383	126.1625747680664	6128.616	2525.0	5898.3837890625	-3373.3837890625
AADR	4	allwindow	gt	2	100000000	200000000	84	I2424	213	37015	15.451393163204193	43.05777778	26.98361111	45.5064811706543	21.47001838684082	516.3308	6288.0	5773.81982421875	514.18017578125
AADR	4	allwindow	gt	2	100000000	200000000	84	I2558	2766	37015	15.451393163204193	-13.9049	-75.6607	11.78635025024414	-61.25615692138672	3268.3845	1320.0	949.0952758789062	370.90472412109375
AADR	4	allwindow	gt	2	100000000	200000000	84	KD-29.SG	4797	37015	15.451393163204193	47.40403	21.39053	48.101097106933594	15.463290214538574	449.72977	1241.0	2792.698974609375	-1551.698974609375
AADR	4	allwindow	gt	2	100000000	200000000	85	I1389_enhanced	1229	37015	15.437600843111674	47.39	7.271	49.21220397949219	21.443260192871094	1066.0314	4361.0	4594.50634765625	-233.50634765625
AADR	4	allwindow	gt	2	100000000	200000000	85	rath3_noUDG.SG	1803	37015	15.437600843111674	55.292132	-6.191685	50.85691833496094	11.58967399597168	1281.6111	3580.0	2592.151611328125	987.848388671875
AADR	4	allwindow	gt	2	100000000	200000000	85	SFI-43_noUDG.SG	2401	37015	15.437600843111674	33.896389	35.508333	41.01844787597656	37.920772552490234	819.96545	2487.0	3646.700439453125	-1159.700439453125
AADR	4	allwindow	gt	2	100000000	200000000	86	ULN015	2611	37015	12.439408274491628	46.28406	111.768265	51.27504348754883	83.94752502441406	2098.613	3317.0	6953.77783203125	-3636.77783203125
AADR	4	allwindow	gt	2	100000000	200000000	86	RISE392_noUDG.SG	3121	37015	12.439408274491628	53.876	59.076	54.8552131652832	18.969390869140625	2564.8591	3943.0	3331.81396484375	611.18603515625
AADR	4	allwindow	gt	2	100000000	200000000	86	I8295	3241	37015	12.439408274491628	52.916944	103.657222	54.70829391479492	73.46726989746094	1976.5312	4500.0	6313.52099609375	-1813.52099609375
AADR	4	allwindow	gt	2	100000000	200000000	87	BOT2016	2128	37015	19.435770281155904	53.16666667	67.66666667	48.38492202758789	71.3216552734375	590.36914	5396.0	4796.0556640625	599.9443359375
AADR	4	allwindow	gt	2	100000000	200000000	87	DA86_noUDG.SG	2357	37015	19.435770281155904	43.06861111	68.24888889	46.9631462097168	92.9884262084961	1983.3799	1461.0	2458.15283203125	-997.15283203125
AADR	4	allwindow	gt	2	100000000	200000000	87	I0324	2730	37015	19.435770281155904	-7.914978	-79.305486	44.33254623413086	2.323044538497925	9963.47	1095.0	6939.0244140625	-5844.0244140625
AADR	4	allwindow	gt	2	100000000	200000000	88	I0968	2748	37015	20.470916132132214	-12.111111	-77.033889	23.19733428955078	-50.29681396484375	4886.8467	865.0	4442.572265625	-3577.572265625
AADR	4	allwindow	gt	2	100000000	200000000	88	PG2002	3132	37015	20.470916132132214	43.822691	43.350278	43.88595962524414	16.087390899658203	2176.0303	4361.0	3070.801025390625	1290.198974609375
AADR	4	allwindow	gt	2	100000000	200000000	88	R10659.SG	4708	37015	20.470916132132214	48.3099	16.3238	53.37078094482422	11.764017105102539	647.1432	1863.0	2374.000732421875	-511.000732421875
AADR	4	allwindow	gt	2	100000000	200000000	89	I2446	7	37015	19.455192255973817	51.7977	-1.313464	46.92688751220703	15.936984062194824	1357.3496	4215.0	1382.5101318359375	2832.4898681640625
AADR	4	allwindow	gt	2	100000000	200000000	89	I5382	865	37015	19.455192255973817	54.522812	-1.308134	44.77253341674805	8.983186721801758	1310.2488	4070.0	2983.935546875	1086.064453125
AADR	4	allwindow	gt	2	100000000	200000000	89	C3350	4318	37015	19.455192255973817	47.44	85.87	46.1485481262207	84.65147399902344	170.95255	2574.0	3238.25341796875	-664.25341796875
AADR	4	allwindow	gt	2	100000000	200000000	90	I17258	960	37015	18.463026424249012	51.136489	-1.494026	46.34491729736328	15.318062782287598	1339.1091	2415.0	1838.66748046875	576.33251953125
AADR	4	allwindow	gt	2	100000000	200000000	90	I20627	1096	37015	18.463026424249012	53.235833	-1.736944	51.959781646728516	4.669869899749756	455.20142	2227.0	2221.200927734375	5.799072265625
AADR	4	allwindow	gt	2	100000000	200000000	90	RISE507.508.merge_noUDG.SG	2918	37015	18.463026424249012	51.498	85.97	57.06529235839844	54.07918930053711	2138.4773	5052.0	2840.72509765625	2211.27490234375
AADR	4	allwindow	gt	2	100000000	200000000	91	I7021	2494	37015	15.459806346893311	47.999722	113.933333	49.881046295166016	105.09687805175781	677.96844	7050.0	3589.787353515625	3460.212646484375
AADR	4	allwindow	gt	2	100000000	200000000	91	I17893	4247	37015	15.459806346893311	10.03	-69.64	16.78264617919922	-69.59268951416016	750.87744	2226.0	1166.0850830078125	1059.9149169921875
AADR	4	allwindow	gt	2	100000000	200000000	91	R11105.SG	4658	37015	15.459806346893311	42.0263	11.9483	48.172054290771484	14.445255279541016	710.819	3610.0	4812.95458984375	-1202.95458984375
AADR	4	allwindow	gt	2	100000000	200000000	92	chy001_noUDG.SG	3063	37015	15.463976685206095	51.06666667	55.06666667	38.917076110839844	56.401702880859375	1354.9846	1829.0	2464.69580078125	-635.69580078125
AADR	4	allwindow	gt	2	100000000	200000000	92	I7416	4208	37015	15.463976685206095	37.41666667	66.83333333	38.59040451049805	46.40138626098633	1791.2681	3824.0	3995.83203125	-171.83203125
AADR	4	allwindow	gt	2	100000000	200000000	92	C812	4436	37015	15.463976685206095	38.27	85.33	38.677188873291016	78.64962005615234	583.1828	2181.0	2906.96533203125	-725.96533203125
