110000005	1879	76	0	2892	0
110001899	3093	784	0	970	0
110002052	2100	1073	0	1674	0
110002922	1595	2403	0	849	0
110004170	2047	1219	1	1580	0
110004196	2415	999	1	1432	0
110004375	1444	1578	1	1824	0
110005208	1728	1448	1	1670	0
110007840	1939	2	0	2906	0
110009648	1870	551	1	2425	0
110010962	1828	993	0	2026	0
110011486	1841	1355	0	1651	0
110012607	2713	34	0	2100	0
110013419	1505	0	0	3342	0
110014590	1474	26	0	3347	0
110017853	1967	154	0	2726	0
110019951	1858	325	0	2664	0
110020001	1806	317	0	2724	0
110022219	1890	1503	1	1453	0
110022616	1652	237	0	2958	0
110022881	1890	1530	1	1426	0
110023319	2459	138	0	2250	0
110024153	4127	260	0	460	0
110024438	2322	137	0	2388	0
110025223	1931	1623	1	1292	0
110025398	1728	56	0	3063	0
110025558	1987	148	0	2712	0
110026316	1748	1487	1	1611	0
110026466	1718	1522	0	1607	0
110027116	1564	1606	1	1676	0
110027873	2769	353	1	1724	0
110030964	1604	1692	1	1550	0
110033831	2156	1186	1	1504	0
110035171	2065	1694	0	1088	0
110042294	3711	539	2	595	0
110045136	3053	1028	2	764	0
110048555	1824	299	0	2724	0
110049719	3967	523	1	356	0
110053209	2975	947	0	925	0
110055025	4002	530	1	314	0
110057303	2617	158	0	2072	0
110061579	2981	24	0	1842	0
110062406	2087	37	0	2723	0
110067876	1832	1756	0	1259	0
110075402	1550	233	0	3064	0
110077153	1911	1708	0	1228	0
110078661	2731	1032	1	1083	0
110079303	1662	1589	1	1595	0
110079336	1756	1469	1	1621	0
110084175	2121	33	0	2693	0
110086000	1688	1845	1	1313	0
110086491	1958	1416	0	1473	0
110090029	2130	1471	0	1246	0
110095135	2271	1333	0	1243	0
110096179	2745	448	0	1654	0
110102339	1522	938	1	2386	0
110103065	1936	206	1	2704	0
110256233	1965	739	0	2143	0
110256377	1812	545	0	2490	0
110263731	2456	429	0	1962	0
110264476	1775	15	0	3057	0
110265558	2362	1246	1	1238	0
110266619	1420	75	0	3352	0
110270250	2153	1468	0	1226	0
110273191	1577	2656	0	614	0
110275142	1649	70	0	3128	0
110277487	1512	9	0	3326	0
110277530	1656	340	0	2851	0
110278908	1945	1253	0	1649	0
110280274	1499	4	0	3344	0
110280390	1800	319	0	2728	0
110280428	1626	7	0	3214	0
110280700	1580	6	0	3261	0
110280788	2027	2550	0	270	0
110282482	1574	9	0	3264	0
110286016	1835	4	0	3008	0
110286299	1645	1800	1	1401	0
110288836	1940	1	0	2906	0
110288901	1771	45	0	3031	0
110289252	2274	2385	0	188	0
110290160	1947	324	0	2576	0
110291087	2272	1271	0	1304	0
110302464	2611	999	0	1237	0
110303633	2074	73	0	2700	0
110305660	3270	135	0	1442	0
110312556	3669	4	0	1174	0
110316208	2954	731	1	1161	0
110317894	1888	4	0	2955	0
110317985	1427	16	0	3404	0
110320075	2699	599	1	1548	0
110322816	4195	578	0	74	0
110324864	3089	6	0	1752	0
110329222	3452	561	0	834	0
110332755	2069	2	0	2776	0
110336043	3370	133	0	1344	0
110343913	2535	825	1	1486	0
110344166	1521	70	0	3256	0
110351726	2800	9	0	2038	0
110352210	2195	6	0	2646	0
110353072	2097	557	0	2193	0
110353910	3102	216	0	1529	0
110354855	2418	799	1	1629	0
110362687	3263	33	0	1551	0
110368661	2913	1	0	1933	0
110369568	2332	2198	1	316	0
110373197	2170	742	1	1934	0
110381572	2148	1648	0	1051	0
110382217	2115	1558	0	1174	0
110387523	1705	289	0	2853	0
110388321	2493	271	1	2082	0
110389621	2492	200	0	2155	0
110393182	1670	376	0	2801	0
110395773	2896	1733	0	218	0
110398357	1933	29	0	2885	0
110398431	1727	1472	1	1647	0
110398506	1856	1242	1	1748	0
110399064	2353	1049	1	1444	0
110399823	3438	1107	0	302	0
110413313	2213	23	0	2611	0
110420421	1631	5	0	3211	0
110420681	2335	374	2	2136	0
110432886	2071	247	2	2527	0
110439949	3658	229	0	960	0
110441129	1738	6	0	3103	0
110441250	1854	5	0	2988	0
110443527	3750	338	1	758	0
110448229	2211	357	1	2278	0
110448910	1812	2536	0	499	0
110451861	1883	2964	0	0	0
110452645	3708	31	0	1108	0
110456591	1981	1694	1	1171	0
110458410	1761	1891	1	1194	0
110458618	2121	2669	0	57	0
110458666	1740	1046	1	2060	0
110459505	2724	2086	0	37	0
110459571	2395	5	0	2447	0
110461325	3469	1296	0	82	0
110478928	2076	2392	1	378	0
110544463	4847	0	0	0	0
110633908	4847	0	0	0	0
110857243	2127	2381	0	339	0
110863908	2661	1356	2	828	0
110871665	2051	7	0	2789	0
110875148	2164	5	0	2678	0
110876237	3422	544	4	877	0
110885207	2413	1	0	2433	0
110886142	2767	786	4	1290	0
110889108	3802	353	4	688	0
110891433	3814	552	1	480	0
110892827	4000	0	0	847	0
110900649	1774	1146	1	1926	0
110900895	3938	329	1	579	0
110904200	2558	3	0	2286	0
110905219	2705	757	1	1384	0
110906906	3280	668	4	895	0
110907324	1760	693	0	2394	0
110919321	3869	315	1	662	0
110925857	3960	5	0	882	0
110928478	1839	2998	0	10	0
110929964	3614	529	1	703	0
110932675	1932	1119	4	1792	0
110934723	2291	619	1	1936	0
110941884	1529	54	0	3264	0
110942496	1645	1043	4	2155	0
110958329	4238	44	0	565	0
110965438	3211	31	0	1605	0
110966667	2846	81	0	1920	0
110973266	1699	126	0	3022	0
110973315	1716	1092	4	2035	0
110973612	2489	118	0	2240	0
110974695	2326	118	0	2403	0
110981942	4186	263	1	397	0
110982530	3223	54	0	1570	0
111180543	4748	0	0	99	0
111183854	4847	0	0	0	0
111392259	2663	128	0	2056	0
111398058	3434	8	0	1405	0
111398472	1909	159	0	2779	0
111400934	2453	165	0	2229	0
111403162	2026	26	0	2795	0
111405512	1809	206	0	2832	0
111406073	2102	204	0	2541	0
111410840	2732	5	0	2110	0
111414965	2214	69	0	2564	0
111418157	3088	57	0	1702	0
111419426	3011	117	0	1719	0
111423830	2114	5	0	2728	0
111425009	4103	5	0	739	0
111439336	3355	131	0	1361	0
111447844	3050	20	0	1777	0
111447948	1968	253	0	2626	0
111451816	1452	875	1	2519	0
111463391	3847	215	0	785	0
111469138	3183	1242	3	419	0
111477532	1783	275	0	2789	0
111479485	1686	63	1	3097	0
111497347	1602	164	0	3081	0
111520743	3680	199	0	968	0
111525021	2288	63	0	2496	0
111528990	2521	6	0	2320	0
111530124	1794	5	0	3048	0
111535160	2138	1	0	2708	0
111540053	3612	1195	0	40	0
111540982	2769	1	0	2077	0
111543487	2341	1674	1	831	0
111549154	3264	72	0	1511	0
111549303	1841	78	0	2928	0
111555162	1761	231	0	2855	0
111555745	2127	1155	0	1565	0
111556526	3419	1	0	1427	0
111560106	2675	1	0	2171	0
111564188	1863	2	0	2982	0
111578581	1614	223	0	3010	0
111579057	2025	50	0	2772	0
111585185	2274	3	0	2570	0
111585306	1750	271	0	2826	0
111586214	3001	410	1	1435	0
111587016	2928	690	1	1228	0
111589645	3570	410	3	864	0
111590560	3028	780	4	1035	0
111591331	2446	1067	4	1330	0
111592606	1990	983	1	1873	0
111597247	2382	4	0	2461	0
111597291	1805	340	0	2702	0
111598365	2424	1735	0	688	0
111598958	3362	321	3	1161	0
111599706	2342	1016	4	1485	0
111600519	2343	677	3	1824	0
111604052	2380	46	0	2421	0
111604113	2390	1737	0	720	0
111605245	1791	647	1	2408	0
111607832	3823	430	2	592	0
111609570	1661	3	0	3183	0
111610816	2995	656	2	1194	0
111611627	3224	3	0	1620	0
111614766	2647	232	3	1965	0
111615079	1862	2157	0	828	0
111616104	1962	622	0	2263	0
111616141	1555	1532	2	1758	0
111616304	3417	995	0	435	0
111616619	2647	1155	5	1040	0
111616692	2044	1890	1	912	0
111616912	1459	600	3	2785	0
111617151	1751	1114	1	1981	0
111617678	2594	42	0	2211	0
111621251	2762	41	1	2043	0
111621563	1819	863	1	2164	0
111622200	2640	30	1	2176	0
111624648	1944	835	1	2067	0
111628522	1664	977	0	2206	0
111628736	3727	434	2	684	0
111629125	2306	1013	2	1526	0
111632235	2483	724	1	1639	0
111632332	3420	317	0	1110	0
111632684	1821	121	1	2904	0
111635197	2466	1707	0	674	0
111635607	3651	6	0	1190	0
111641138	2648	636	1	1562	0
111641263	2421	777	1	1648	0
111649832	2100	881	1	1865	0
111649952	2051	893	1	1902	0
111656866	2507	877	0	1463	0
111658010	2085	742	2	2018	0
111660324	3760	346	1	740	0
111662941	1799	2993	0	55	0
111666929	3192	381	3	1271	0
111677193	3348	45	1	1453	0
111680669	2833	26	1	1987	0
111681009	1891	11	0	2945	0
111685789	3654	543	1	649	0
111685899	3437	230	3	1177	0
111692581	2450	105	0	2292	0
111695479	2545	1109	0	1193	0
111698417	2660	32	1	2154	0
111701250	2585	284	0	1978	0
111704139	1745	1535	1	1566	0
111705738	2800	1412	0	635	0
111706085	1726	357	1	2763	0
111706226	1743	414	1	2689	0
111707405	3033	363	0	1451	0
111711089	3100	202	0	1545	0
111712123	3168	303	0	1376	0
111712134	3197	0	0	1650	0
111712290	3905	44	0	898	0
111712703	3541	800	0	506	0
111713046	2469	1241	0	1137	0
111713877	2077	789	1	1980	0
111716090	1734	20	0	3093	0
111718604	3590	8	0	1249	0
111718886	3308	848	2	689	0
111719883	1741	1827	0	1279	0
111720884	3622	587	1	637	0
111721567	2118	738	1	1990	0
111722118	2052	1265	1	1529	0
111723230	2476	131	1	2239	0
111723551	1717	1916	0	1214	0
111726640	4155	443	0	249	0
111728482	2983	947	0	917	0
111731905	1616	238	0	2993	0
111735129	1829	750	2	2266	0
111736823	1652	878	2	2315	0
111737275	1739	765	1	2342	0
111738371	2104	558	0	2185	0
111740221	1965	1117	0	1765	0
111740671	1960	696	0	2191	0
111746872	3441	441	0	965	0
111749201	1623	47	0	3177	0
111750028	1843	1383	0	1621	0
111750053	1919	1	0	2927	0
111757803	2624	157	0	2066	0
111757918	1456	2967	0	424	0
111758624	3260	4	0	1583	0
111759540	3104	521	0	1222	0
111762043	2721	1848	0	278	0
111765336	1810	276	0	2761	0
111765342	1839	5	0	3003	0
111765789	3507	3	0	1337	0
111766119	3592	895	0	360	0
111767152	2644	1607	0	596	0
111771647	2848	1765	0	234	0
111775107	2394	302	1	2150	0
111776154	2736	327	1	1783	0
111778564	2740	1539	1	567	0
111783592	4058	132	0	657	0
111787474	2503	2015	0	329	0
111789092	2303	795	1	1748	0
111789791	1534	523	0	2790	0
111791653	2020	493	1	2333	0
111792193	2791	215	0	1841	0
111794388	1731	1256	1	1859	0
111795509	3058	443	0	1346	0
111796039	2537	254	0	2056	0
111796195	3461	225	0	1161	0
111797458	2595	377	0	1875	0
111797531	1838	2440	0	569	0
111797679	2145	190	1	2511	0
111800680	1864	244	1	2738	0
111802105	1570	968	0	2309	0
111805853	2365	655	2	1825	0
111807027	1646	982	3	2216	0
111807303	2090	1878	0	879	0
111808537	1618	14	0	3215	0
111808558	1569	1215	0	2063	0
111809030	3409	1215	1	222	0
111810281	1986	2105	2	754	0
111810342	1706	19	0	3122	0
111812617	2582	1965	1	299	0
111813085	2002	1047	2	1796	0
111815634	1530	842	2	2473	0
111815871	2492	1984	0	371	0
111817641	1909	616	0	2322	0
111818527	2749	840	2	1256	0
111818658	3890	283	0	674	0
111823037	3630	130	1	1086	0
111823276	2688	649	1	1509	0
111824592	3601	150	1	1095	0
111825459	1702	772	1	2372	0
111826389	2028	303	1	2515	0
111830273	1708	789	0	2350	0
111835489	3069	513	0	1265	0
111836538	1709	1061	0	2077	0
111837116	1919	313	1	2614	0
111849659	3292	766	0	789	0
111850515	2328	193	0	2326	0
111851499	1748	1378	0	1721	0
111851616	2640	480	0	1727	0
111852366	1716	468	1	2662	0
111854524	2198	631	0	2018	0
111856773	2240	479	0	2128	0
111858527	2157	5	0	2685	0
111860975	1939	26	0	2882	0
111868010	1646	618	0	2583	0
111870220	2138	166	2	2541	0
111871897	2229	893	1	1724	0
111872148	2606	992	0	1249	0
111873698	2963	1	0	1883	0
111873932	4007	339	2	499	0
111874037	1735	1079	2	2031	0
111874119	1444	0	0	3403	0
111874276	1883	1038	2	1924	0
111876148	1757	1282	2	1806	0
111876941	2525	764	2	1556	0
111881810	3501	86	2	1258	0
111888634	3658	12	0	1177	0
111892984	2366	986	0	1495	0
111894673	3417	0	0	1430	0
111894720	3805	80	1	961	0
111896243	2006	286	2	2553	0
111897506	1738	219	2	2888	0
111900560	3351	163	1	1332	0
111900598	2899	952	0	996	0
111901834	3161	3	0	1683	0
111902743	3523	4	0	1320	0
111906762	2237	148	0	2462	0
111907691	1795	1843	0	1209	0
111909247	3689	436	2	720	0
111909610	2104	231	1	2511	0
111910459	3725	2	0	1120	0
111912681	2737	956	0	1154	0
111913056	2261	288	1	2297	0
111913154	1837	5	0	3005	0
111915223	2051	11	0	2785	0
111920741	1864	1336	0	1647	0
111931108	1694	26	0	3127	0
111931266	2514	4	0	2329	0
111931421	3716	147	0	984	0
111932694	3537	438	2	870	0
111933758	2520	819	2	1506	0
111933947	1473	5	0	3369	0
111934977	2156	975	2	1714	0
111938380	2959	77	0	1811	0
111938720	2104	1108	0	1635	0
111940996	1591	1700	0	1556	0
111941995	2047	1416	1	1383	0
111943790	2972	690	0	1185	0
111944740	2434	945	0	1468	0
111948809	1591	1333	1	1922	0
111949096	2619	912	0	1316	0
111949327	2334	1258	0	1255	0
111949415	2455	0	0	2392	0
111950541	2706	1225	0	916	0
111950594	2635	1028	0	1184	0
111951213	3817	461	0	569	0
111953254	3185	212	2	1448	0
111954323	2000	302	0	2545	0
111957073	3377	696	0	774	0
111957594	1839	706	0	2302	0
111957894	1641	1335	2	1869	0
111958050	1694	2872	0	281	0
111962454	2216	629	0	2002	0
111964519	2159	2475	0	213	0
111966222	2674	1827	2	344	0
111966540	2941	589	0	1317	0
111966947	3060	466	0	1321	0
111972005	3342	307	0	1198	0
111975491	3963	112	0	772	0
111979815	2318	1423	1	1105	0
111983296	1920	5	0	2922	0
111986397	2139	424	0	2284	0
111986509	2967	351	1	1528	0
111988016	2893	421	1	1532	0
111989372	1874	311	1	2661	0
111992975	1782	2143	2	920	0
112000058	3450	860	2	535	0
112002130	4177	145	0	525	0
112003867	2770	250	0	1827	0
112007943	2379	902	2	1564	0
112010090	2903	691	4	1249	0
112010486	3661	600	2	584	0
112023327	2777	13	0	2057	0
112037028	4847	0	0	0	0
112048665	3048	0	0	1799	0
112050032	2308	416	1	2122	0
112055296	4833	0	0	14	0
112086285	4847	0	0	0	0
112087672	4847	0	0	0	0
112109188	4784	0	0	63	0
112123206	3895	0	0	952	0
112132431	2783	0	0	2064	0
112143413	2785	361	0	1701	0
112150867	4846	0	0	1	0
112158761	3464	1	0	1382	0
112174433	4828	0	0	19	0
112180409	1693	10	0	3144	0
112180425	1729	21	0	3097	0
112203966	4805	0	0	42	0
112206808	4704	3	1	139	0
112213244	4545	232	0	70	0
112213687	4847	0	0	0	0
112219838	3552	5	0	1290	0
112227328	2928	2	0	1917	0
112247445	2649	1	0	2197	0
112250117	4842	0	0	5	0
112255472	1908	0	0	2939	0
112257811	2945	486	1	1415	0
112266178	3512	5	0	1330	0
112276649	2816	5	0	2026	0
112277340	2005	1532	1	1309	0
112277492	2586	948	1	1312	0
112277910	3510	2	0	1335	0
112280141	3010	1829	0	8	0
112286769	2188	1292	2	1365	0
112290345	2423	5	0	2419	0
112292616	1732	25	0	3090	0
112302844	2190	0	0	2657	0
112306612	4718	1	0	128	0
112317885	4508	246	0	93	0
112319781	1656	454	1	2736	0
112320588	4847	0	0	0	0
112324266	4627	0	0	220	0
112328688	4845	0	0	2	0
112343135	4161	3	0	683	0
112358343	4659	1	0	187	0
112364746	4847	0	0	0	0
112366602	2499	8	0	2340	0
112373169	3078	166	0	1603	0
112373660	1691	2430	1	725	0
112373702	1640	1762	2	1443	0
112375425	2076	1875	1	895	0
112375450	1857	1420	0	1570	0
112375931	1506	19	0	3322	0
112375963	1579	2127	1	1140	0
112376294	1903	1544	0	1400	0
112377364	1655	289	0	2903	0
112377558	4123	456	1	267	0
112378668	1615	2	0	3230	0
112379161	1787	3052	0	8	0
112383896	2717	1663	0	467	0
112388229	3294	1138	1	414	0
112388378	1860	312	1	2674	0
112390150	2279	268	0	2300	0
112392625	3421	1334	1	91	0
112396055	1818	371	2	2656	0
112397505	3342	287	1	1217	0
112399098	3900	452	0	495	0
112399167	3445	4	0	1398	0
112400039	2264	2439	0	144	0
112400193	3200	78	0	1569	0
112400597	2204	1437	0	1206	0
112409842	1788	2452	2	605	0
112411406	3200	189	1	1457	0
112414382	1889	521	1	2436	0
112414887	2267	18	0	2562	0
112415726	3225	855	0	767	0
112417919	2461	1470	1	915	0
112417975	2611	851	0	1385	0
112420344	1530	340	2	2975	0
112421566	2277	423	0	2147	0
112425540	1959	2069	2	817	0
112426186	2832	4	0	2011	0
112426857	2333	1	0	2513	0
112428409	3365	360	0	1122	0
112433668	1788	184	0	2875	0
112434143	2927	253	0	1667	0
112437140	2333	1202	2	1310	0
112438399	2337	1532	4	974	0
112438826	2231	1718	2	896	0
112442242	1843	209	2	2793	0
112442287	1589	0	0	3258	0
112442431	2173	1572	3	1099	0
112442561	2101	1778	2	966	0
112444132	2540	159	0	2148	0
112446780	2060	307	1	2479	0
112446831	1630	1215	3	1999	0
112447366	1555	269	2	3021	0
112447888	3231	788	4	824	0
112458189	1731	265	2	2849	0
112458934	2169	225	2	2451	0
112459314	2717	0	0	2130	0
112463110	1552	1181	2	2112	0
112463125	1480	1155	2	2210	0
112464175	1963	426	0	2458	0
112466265	1782	1469	2	1594	0
112466700	3871	0	0	976	0
112467197	2963	5	0	1879	0
112467693	2041	40	0	2766	0
112469058	2559	1	0	2287	0
112470155	1328	1219	2	2298	0
112470857	1547	5	0	3295	0
112471190	1951	122	1	2773	0
112472043	2590	130	2	2125	0
112473872	2651	1092	4	1100	0
112476248	3498	0	0	1349	0
112476764	4179	60	0	608	0
112480226	2086	3	0	2758	0
112490418	2839	403	1	1604	0
112496727	2894	0	0	1953	0
112521202	1651	44	0	3152	0
112521205	1676	1	0	3170	0
112526194	4846	0	0	1	0
112530084	4846	0	0	1	0
112535881	2045	51	0	2751	0
112549693	2678	107	0	2062	0
112581082	2847	467	0	1533	0
112598119	2135	607	1	2104	0
112634737	4286	176	1	384	0
112641666	1909	1517	1	1420	0
112641909	2361	1836	1	649	0
112645250	3223	290	0	1334	0
112651316	1890	1415	1	1541	0
112651405	2526	230	0	2091	0
112652892	2706	278	0	1863	0
112655242	3761	288	1	797	0
112658779	2282	564	0	2001	0
112661106	2273	585	1	1988	0
112662714	1751	3091	0	5	0
112662914	1873	788	1	2185	0
112663800	2529	2314	0	4	0
112664999	2267	203	1	2376	0
112665201	2436	609	1	1801	0
112665677	2816	647	1	1383	0
112666096	1785	734	1	2327	0
112670461	1884	1504	1	1458	0
112674805	2007	659	1	2180	0
112674858	2162	1251	2	1432	0
112677626	1751	1284	1	1811	0
112679305	1532	1675	2	1638	0
112680741	1589	1736	2	1520	0
112681220	2176	636	1	2034	0
112686988	3626	328	1	892	0
112699350	2365	1318	2	1162	0
112702793	3768	4	0	1075	0
112705290	1524	869	1	2453	0
112710828	3148	895	1	803	0
112712329	2738	488	1	1620	0
112712658	3235	308	2	1302	0
112715116	2594	6	0	2247	0
112722490	2371	1438	2	1036	0
112723117	2725	527	1	1594	0
112724421	1680	148	0	3019	0
112738562	1949	1540	1	1357	0
112741106	1796	692	1	2358	0
112743800	2365	1366	2	1114	0
112743917	3294	952	2	599	0
112744260	1925	804	1	2117	0
112747653	1904	1693	1	1249	0
112751737	1880	184	1	2782	0
112751928	1634	1758	2	1453	0
112753020	1996	664	1	2186	0
112753230	1699	1767	2	1379	0
112753883	1712	1762	2	1371	0
112754828	2681	524	0	1642	0
112754880	2099	733	1	2014	0
112754943	1358	995	1	2493	0
112755001	1956	1670	1	1220	0
112755699	1538	855	1	2453	0
112759182	2375	1443	2	1027	0
112760944	3772	576	1	498	0
112761852	2011	990	2	1844	0
112762623	3205	192	1	1449	0
112763025	2224	617	1	2005	0
112763105	1695	13	0	3139	0
112764394	2276	918	1	1652	0
112767406	2296	617	1	1933	0
112770770	1990	1636	1	1220	0
112770799	1783	641	0	2423	0
112770821	1955	146	0	2746	0
112771068	1647	13	0	3187	0
112775750	3803	233	1	810	0
112776979	2987	536	0	1324	0
112781917	1579	252	0	3016	0
112783957	3819	230	0	798	0
112785237	1736	1791	1	1319	0
112785640	2982	66	0	1799	0
112785891	2613	87	0	2147	0
112789381	2698	191	0	1958	0
112789792	4139	447	0	261	0
112792656	3563	359	1	924	0
112795908	1997	883	1	1966	0
112811082	1925	822	1	2099	0
112816047	2223	1870	0	754	0
112819016	2178	457	1	2211	0
112819601	1891	865	2	2089	0
112822084	3773	486	2	586	0
112830165	3828	590	0	429	0
112840503	2324	66	0	2457	0
112841760	2832	77	0	1938	0
112841856	2430	1516	2	899	0
112842047	1890	72	0	2885	0
112847164	2514	695	1	1637	0
112847878	3275	5	0	1567	0
112852718	3718	229	1	899	0
112853723	1713	1108	1	2025	0
112858485	3555	276	1	1015	0
112866558	3692	69	0	1086	0
112868426	2141	113	0	2593	0
112875039	4027	494	0	326	0
112879209	3161	1084	2	600	0
112884324	2361	1516	0	970	0
112889731	4070	242	0	535	0
112894026	1888	873	1	2085	0
112898848	1691	98	0	3058	0
112899509	2376	1357	0	1114	0
112906599	2037	1183	1	1626	0
112907613	2080	1119	2	1646	0
112911923	3535	470	1	841	0
112920849	2214	59	0	2574	0
112924973	1682	1133	1	2031	0
112928815	1932	1424	1	1490	0
112930064	3373	323	1	1150	0
112939042	2086	1646	1	1114	0
112939548	1923	418	1	2505	0
112940578	2020	470	2	2355	0
112943070	2037	2191	3	616	0
112945041	1657	43	0	3147	0
112945220	1743	603	1	2500	0
112946074	1678	154	0	3015	0
112949713	1963	658	1	2225	0
112950600	3949	69	1	828	0
112953542	2077	1259	0	1511	0
112966509	1749	983	1	2114	0
112991098	4278	26	1	542	0
112995810	3709	302	1	835	0
113008216	2470	2	0	2375	0
113009021	2269	803	3	1772	0
113014080	2892	652	1	1302	0
113015512	1828	1246	0	1773	0
113016362	1764	370	1	2712	0
113017065	1799	90	0	2958	0
113019332	2411	283	1	2152	0
113021811	3076	1120	0	651	0
113030742	1655	74	0	3118	0
113051746	1734	1260	2	1851	0
113063714	4198	82	0	567	0
113074576	2280	1210	2	1355	0
113076095	2688	881	0	1278	0
113088055	2263	1043	2	1539	0
113089267	2455	1374	1	1017	0
113091340	3635	527	0	685	0
113091685	3966	414	2	465	0
113097699	3230	808	0	809	0
113098645	3031	1096	1	719	0
113098812	1780	1771	1	1295	0
113101920	1944	394	3	2506	0
113217630	3287	8	0	1552	0
113218247	2787	1796	0	264	0
113219906	1547	1272	1	2027	0
113222500	1908	1110	1	1828	0
113225155	2052	1378	1	1416	0
113229110	3497	146	1	1203	0
113229692	2069	10	0	2768	0
113231682	3277	198	1	1371	0
113238346	1732	107	1	3007	0
113238530	2189	264	0	2394	0
113240183	2598	468	1	1780	0
113243321	2416	1182	1	1248	0
113244669	2581	1295	3	968	0
113245443	1786	3019	0	42	0
113246011	2118	265	1	2463	0
113251000	2721	822	0	1304	0
113277070	3515	408	3	921	0
113279499	1667	84	0	3096	0
113279514	1681	3120	0	46	0
113287730	2137	5	0	2705	0
113287964	3310	1325	2	210	0
113294298	1997	1078	0	1772	0
113303155	3565	986	0	296	0
113309969	3772	2	0	1073	0
113312283	3842	802	0	203	0
113313794	1676	393	0	2778	0
113317981	2589	324	0	1934	0
113319186	2832	1137	0	878	0
113321900	1703	1509	4	1631	0
113322346	3773	470	0	604	0
113330638	3803	184	0	860	0
113331702	2850	251	0	1746	0
113332421	3835	175	1	836	0
113342051	3282	239	0	1326	0
113342682	2424	1241	0	1182	0
113343099	1615	2555	0	677	0
113346508	2269	10	0	2568	0
113346512	2319	1773	0	755	0
113348962	2790	1194	2	861	0
113351218	1964	1660	0	1223	0
113355320	2531	1372	2	942	0
113358282	3621	779	2	445	0
113360172	2892	897	3	1055	0
113363950	2142	1739	2	964	0
113373950	2288	1846	0	713	0
113375364	1708	413	0	2726	0
113378875	2055	1405	1	1386	0
113382054	2067	125	1	2654	0
113384594	1996	2	0	2849	0
113384747	2733	1047	1	1066	0
113387570	1489	593	0	2765	0
113389232	1868	1514	1	1464	0
113389476	3176	215	0	1456	0
113391504	1669	347	0	2831	0
113391509	1667	318	0	2862	0
113394119	1679	2248	0	920	0
113394274	1523	453	0	2871	0
113395241	2957	282	0	1608	0
113398757	3262	18	0	1567	0
113399125	2065	2353	0	429	0
113399360	3129	1454	0	264	0
113399698	1617	2811	0	419	0
113410015	2504	822	0	1521	0
113415452	3586	0	0	1261	0
113429752	1647	1617	0	1583	0
113431092	1530	1507	0	1810	0
113442808	2333	1402	0	1112	0
113451498	1862	1401	0	1584	0
113457049	2563	1101	0	1183	0
113462989	3771	462	1	613	0
113464228	2180	1084	1	1582	0
113469152	2947	984	2	914	0
113470159	1809	1636	3	1399	0
113476596	1788	1300	2	1757	0
113478830	1732	83	0	3032	0
113479614	2083	1312	1	1451	0
113481547	2268	2492	0	87	0
113486079	1696	1664	3	1484	0
113486637	1625	1830	3	1389	0
113488188	1435	2064	3	1345	0
113488220	1364	2003	1	1479	0
113488633	2613	2	0	2232	0
113489255	2289	1336	3	1219	0
113491106	2024	1707	3	1113	0
113491565	3822	573	3	449	0
113495785	2500	2228	0	119	0
113497051	2411	1083	3	1350	0
113497950	2945	7	0	1895	0
113498566	2782	1171	3	891	0
113499249	3978	336	1	532	0
113505068	2064	1054	1	1728	0
113510000	3960	5	0	882	0
113513825	2166	2505	1	175	0
113521754	2238	1001	1	1607	0
113523967	1819	293	0	2735	0
113527660	3015	386	1	1445	0
113527906	1841	634	1	2371	0
113528872	2649	566	3	1629	0
113529183	4463	186	1	197	0
113529240	4399	58	0	390	0
113532083	2791	572	1	1483	0
113534830	2405	1449	1	992	0
113536651	3590	831	2	424	0
113537151	1839	8	0	3000	0
113537223	2051	678	0	2118	0
113539873	1778	13	0	3056	0
113540084	1812	1734	2	1299	0
113540177	3771	292	1	783	0
113541382	1363	5	0	3479	0
113541807	1804	1716	1	1326	0
113543273	2707	598	0	1542	0
113544007	2949	8	0	1890	0
113544467	2210	648	1	1988	0
113545678	3588	815	1	443	0
113552158	3439	558	2	848	0
113552737	2101	672	0	2074	0
113553165	3812	416	2	617	0
113553426	1629	2092	3	1123	0
113553668	1879	1247	2	1719	0
113555380	1674	2	0	3171	0
113555592	2094	1279	2	1472	0
113558914	1687	695	1	2464	0
113560921	4052	42	0	753	0
113564426	3834	219	1	793	0
113569039	1574	782	1	2490	0
113569084	1601	51	0	3195	0
113569345	1950	687	3	2207	0
113570809	2468	1488	3	888	0
113572357	2204	563	0	2080	0
113576902	2005	1840	0	1002	0
113577957	3336	1402	0	109	0
113578452	3486	274	1	1086	0
113580993	1595	96	0	3156	0
113582782	1687	925	3	2232	0
113583956	2184	4	0	2659	0
113588302	2968	623	0	1256	0
113590390	2010	465	0	2372	0
113591275	1887	732	3	2225	0
113594387	2110	1409	0	1328	0
113595724	1975	9	0	2863	0
113598255	2800	701	0	1346	0
113600326	2359	1303	2	1183	0
113602559	2519	2170	0	158	0
113603728	2059	1504	0	1284	0
113605957	1973	1072	2	1800	0
113611253	4080	4	0	763	0
113621210	1673	1235	0	1939	0
113623280	2243	1432	0	1172	0
113627234	1716	1782	0	1349	0
113633009	2424	142	0	2281	0
113636564	2028	139	0	2680	0
113638883	2109	6	0	2732	0
113645942	2103	203	0	2541	0
113649210	2188	939	2	1718	0
113654849	2004	1077	0	1766	0
113658075	2546	1825	0	476	0
113658705	1665	446	0	2736	0
113671378	1772	2281	0	794	0
113671410	1656	2363	0	828	0
113674709	2320	190	0	2337	0
113674721	2099	203	0	2545	0
113675080	1683	3063	0	101	0
113675269	1745	237	0	2865	0
113675428	1868	194	0	2785	0
113676219	1712	197	0	2938	0
113676381	1928	209	0	2710	0
113680114	3188	98	0	1561	0
113683875	3565	601	0	681	0
113690077	2718	1928	0	201	0
113690452	2849	1956	0	42	0
113691288	2613	1295	0	939	0
113691404	2365	1124	0	1358	0
113693653	2280	426	0	2141	0
113694339	2372	1041	2	1432	0
113694665	3207	330	0	1310	0
113696126	2250	1792	2	803	0
113696528	1570	300	0	2977	0
113696686	2718	527	0	1602	0
113696896	2213	264	0	2370	0
113697608	2715	0	0	2132	0
113698310	2165	7	0	2675	0
113699628	2356	5	0	2486	0
113700355	1961	1796	2	1088	0
113700394	1736	210	0	2901	0
113701598	4044	291	0	512	0
113703281	1698	1142	0	2007	0
113703646	2487	861	2	1497	0
113704724	1528	475	0	2844	0
113706171	4160	116	0	571	0
113709004	3269	2	0	1576	0
113710353	2158	1397	2	1290	0
113714904	1756	27	0	3064	0
113715676	1526	1783	2	1536	0
113716222	2452	1311	2	1082	0
113716254	1958	1488	2	1399	0
113716306	1652	483	0	2712	0
113717524	2685	148	0	2014	0
113719228	2895	11	0	1941	0
113719382	2644	1120	2	1081	0
113720974	1931	0	0	2916	0
113721112	3191	754	0	902	0
113721696	2380	1516	0	951	0
113723914	4298	291	0	258	0
113725172	4123	265	0	459	0
113727570	1727	19	0	3101	0
113728389	1714	1243	2	1888	0
113728681	1980	1590	2	1275	0
113730425	2036	1059	2	1750	0
113731317	2093	13	0	2741	0
113732263	2406	559	1	1881	0
113733825	1639	39	0	3169	0
113737630	1922	11	0	2914	0
113738023	1725	338	0	2784	0
113739675	3172	234	0	1441	0
113740259	1837	1511	2	1497	0
113742734	3148	1370	0	329	0
113751613	2615	547	2	1683	0
113752761	3159	11	0	1677	0
113753583	2915	1201	0	731	0
113755190	2749	1296	0	802	0
113757973	1731	2484	0	632	0
113758863	3787	668	0	392	0
113759330	2433	438	0	1976	0
113763463	1817	1119	0	1911	0
113763575	1812	2460	0	575	0
113764243	1817	3	0	3027	0
113768620	3385	400	0	1062	0
113780930	3290	967	0	590	0
113781335	4158	548	0	141	0
113782059	2121	297	0	2429	0
113782392	2986	14	0	1847	0
113789316	2994	1088	1	764	0
113796666	2288	1084	1	1474	0
113800049	1658	2469	1	719	0
113804512	2934	13	0	1900	0
113808371	2805	839	1	1202	0
113810458	2367	613	0	1867	0
113817268	1993	2043	1	810	0
113817334	2339	75	2	2431	0
113817455	1783	356	0	2708	0
113818632	1477	2440	1	929	0
113819258	2760	1481	1	605	0
113819536	2360	1772	0	715	0
113820580	3066	1172	1	608	0
113822168	2383	372	0	2092	0
113822448	2819	88	2	1938	0
113823151	2196	88	0	2563	0
113825303	2009	119	0	2719	0
113825386	2422	1776	1	648	0
113825966	2117	1539	3	1188	0
113827396	1642	2448	1	756	0
113827503	3249	172	0	1426	0
113827859	1599	108	2	3138	0
113828099	1712	1402	1	1732	0
113829522	1740	402	0	2705	0
113829709	1808	1860	4	1175	0
113830563	3061	1022	3	761	0
113830688	1596	2340	1	910	0
113831289	3055	1308	1	483	0
113832312	1905	1696	0	1246	0
113832333	1883	2109	0	855	0
113833570	2353	514	1	1979	0
113834835	1819	1726	2	1300	0
113836348	3571	743	2	531	0
113836944	3499	790	0	558	0
113837416	2802	1824	0	221	0
113837765	2275	1555	2	1015	0
113838102	2112	1025	3	1707	0
113838145	2391	929	3	1524	0
113838569	1664	277	0	2906	0
113838608	1482	2166	2	1197	0
113838628	1548	2172	0	1127	0
113838652	1605	2106	2	1134	0
113839151	2390	361	0	2096	0
113839586	2354	9	0	2484	0
113839918	2412	210	1	2224	0
113840014	1484	869	1	2493	0
113840539	3328	140	1	1378	0
113840791	1860	2655	0	332	0
113841030	1628	1295	1	1923	0
113842279	2585	46	0	2216	0
113843283	1749	1142	1	1955	0
113843337	1957	8	0	2882	0
113844475	4073	269	3	502	0
113847712	2553	419	0	1875	0
113848574	2442	1758	1	646	0
113849837	1907	1482	4	1454	0
113850114	2084	1120	1	1642	0
113851830	3029	6	0	1812	0
113858187	1586	31	0	3230	0
113861561	4304	45	0	498	0
113863536	3049	722	3	1073	0
113863771	3683	567	1	596	0
113866525	4214	142	0	491	0
113869347	1511	402	1	2933	0
113869843	1883	1901	0	1063	0
113870663	2156	362	0	2329	0
113872051	1832	318	1	2696	0
113873018	1766	366	1	2714	0
113873179	1448	5	0	3394	0
113874467	2814	787	2	1244	0
113876779	2204	1438	0	1205	0
113877023	2080	1526	0	1241	0
113877413	1808	749	0	2290	0
113877495	1758	2537	2	550	0
113879297	1780	512	0	2555	0
113880947	2171	2088	0	588	0
113885591	1599	5	0	3243	0
113887207	1919	921	0	2007	0
113887399	1824	836	0	2187	0
113889006	2010	755	0	2082	0
113889100	2033	496	2	2316	0
113889631	2343	751	0	1753	0
113890304	1504	852	1	2490	0
113890373	1883	16	0	2948	0
113891805	1439	3400	0	8	0
113891870	1938	19	0	2890	0
113892141	2131	894	4	1818	0
113893256	3660	123	1	1063	0
113894338	2052	1661	2	1132	0
113895079	2399	401	4	2043	0
113895516	1873	1104	2	1868	0
113896045	3769	1075	0	3	0
113898827	2339	2484	0	24	0
113898879	2187	2656	0	4	0
113898932	2391	2442	0	14	0
113900177	4080	300	2	465	0
113901313	3374	495	1	977	0
113912693	1908	1795	2	1142	0
113914312	3412	233	2	1200	0
113922276	2161	1165	0	1521	0
113922486	3301	42	0	1504	0
113922983	1812	1213	0	1822	0
113925061	1609	1006	0	2232	0
113926885	1802	41	0	3004	0
113929366	1910	484	1	2452	0
113932431	1537	1667	1	1642	0
113932562	1661	502	2	2682	0
113933432	1806	4	0	3037	0
113933804	1846	470	0	2531	0
113934174	2183	801	1	1862	0
113934221	1618	162	0	3067	0
113934734	2092	5	0	2750	0
113935028	1714	1043	1	2089	0
113935222	2601	594	1	1651	0
113935370	1984	403	1	2459	0
113937563	2682	126	0	2039	0
113941769	3834	663	2	348	0
113943470	2754	1063	0	1030	0
113945258	2192	451	1	2203	0
113948159	3110	1465	0	272	0
113954879	3339	794	2	712	0
113955074	1868	1340	1	1638	0
113963739	2354	1179	1	1313	0
113964631	1552	225	2	3068	0
113972945	1608	564	1	2674	0
113973632	2475	1101	2	1269	0
113978906	1642	207	2	2996	0
113978940	1839	1274	0	1734	0
113979580	4151	29	0	667	0
113981137	1726	1315	2	1804	0
113984503	2619	255	2	1971	0
113985170	1924	1162	0	1761	0
113989236	1665	816	0	2366	0
113990242	1673	734	0	2440	0
113990261	1697	1185	0	1965	0
113990393	1942	1247	2	1656	0
113991970	1824	1270	0	1753	0
113993385	2565	899	1	1382	0
113994417	1690	1544	1	1612	0
113994946	3474	5	0	1368	0
113995092	3213	21	0	1613	0
114000866	1974	1311	3	1559	0
114001363	2834	122	0	1891	0
114003479	1665	1282	2	1898	0
114003621	2033	1252	3	1559	0
114003904	1734	1127	0	1986	0
114004312	1533	64	0	3250	0
114007521	2131	873	0	1843	0
114010791	2351	638	2	1856	0
114012096	2028	554	3	2262	0
114014845	1641	87	0	3119	0
114017029	2694	1022	1	1130	0
114019129	1900	846	0	2101	0
114019182	2180	172	2	2493	0
114020848	3554	781	1	511	0
114022569	1967	273	1	2606	0
114022856	1593	850	0	2404	0
114023791	1759	2	0	3086	0
114024505	3934	377	1	535	0
114024606	1660	47	0	3140	0
114027459	1916	1240	1	1690	0
114030980	1891	0	0	2956	0
114032214	3292	0	0	1555	0
114037855	3778	9	0	1060	0
114038349	1874	2556	2	415	0
114038446	2534	0	0	2313	0
114039917	2066	144	0	2637	0
114040741	1581	936	0	2330	0
114050323	2460	634	0	1753	0
114057929	2366	2050	0	431	0
114059706	2634	1255	2	956	0
114060028	1573	960	0	2314	0
114062391	1580	1853	0	1414	0
114067329	2747	1343	3	754	0
114074610	2324	7	0	2516	0
114084836	2325	1396	1	1125	0
114096780	2848	1355	1	643	0
114100912	1517	177	1	3152	0
114104756	2551	0	0	2296	0
114107284	2182	535	1	2129	0
114110092	1868	1594	3	1382	0
114110469	2946	331	2	1568	0
114111901	1963	490	2	2392	0
114116974	1470	829	1	2547	0
114116997	1696	7	0	3144	0
114117512	3976	458	1	412	0
114119595	2325	451	1	2070	0
114120037	3224	855	4	764	0
114124426	1950	622	0	2275	0
114128721	1687	200	0	2960	0
114128884	1998	1583	1	1265	0
114134280	1721	18	0	3108	0
114137542	2026	460	0	2361	0
114138771	1699	1336	2	1810	0
114145639	2864	929	2	1052	0
114148961	2098	1224	4	1521	0
114154369	3090	832	2	923	0
114163041	2867	939	4	1037	0
114165235	1693	7	0	3147	0
114220055	2726	740	1	1380	0
114273105	2383	1287	2	1175	0
114361543	3139	394	0	1314	0
114369646	3744	140	0	963	0
114430089	1739	333	3	2772	0
114432293	2520	448	0	1879	0
114432419	2757	667	4	1419	0
114432890	1805	1970	2	1070	0
114435849	4035	547	2	263	0
114437346	1825	1804	4	1214	0
114447184	2770	1168	2	907	0
114450028	3924	258	2	663	0
114453880	2256	560	0	2031	0
114454645	2461	2	0	2384	0
114455006	2159	1203	4	1481	0
114455314	1996	71	0	2780	0
114458921	2951	925	2	969	0
114465556	2996	151	0	1700	0
114471782	3972	209	3	663	0
114471921	4229	155	2	461	0
114474026	4159	0	0	688	0
114477190	2104	1254	2	1487	0
114480150	2148	3	0	2696	0
114481730	2524	1	0	2322	0
114484421	1766	1394	2	1685	0
114485100	2155	1	0	2691	0
114485126	1757	221	1	2868	0
114488405	2027	1210	2	1608	0
114490322	2793	526	3	1525	0
114490570	3870	696	0	281	0
114493315	4194	85	0	568	0
114494026	3467	471	2	907	0
114500473	4001	69	0	777	0
114501242	2433	775	2	1637	0
114502754	2139	559	3	2146	0
114504195	3337	661	3	846	0
114504960	3708	89	0	1050	0
114509074	2256	617	2	1972	0
114513386	3372	573	3	899	0
114513901	2474	525	2	1846	0
114517801	4252	134	2	459	0
114519406	2808	2	0	2037	0
114520292	2841	191	1	1814	0
114525193	2728	531	1	1587	0
114529665	3059	220	0	1568	0
114533618	1769	2034	0	1044	0
114535073	3923	618	0	306	0
114546660	1845	303	0	2699	0
114548245	2561	10	0	2276	0
114552538	1917	30	0	2900	0
114553262	1403	68	0	3376	0
114553284	1375	2310	0	1162	0
114553800	1920	653	2	2272	0
114554241	2993	1128	0	726	0
114557772	2559	538	2	1748	0
114563960	2129	1184	1	1533	0
114566687	1812	769	2	2264	0
114569970	2059	233	0	2555	0
114570255	2642	2035	0	170	0
114576118	1856	1409	3	1579	0
114580423	2069	1334	3	1441	0
114581008	2104	1273	3	1467	0
114581489	3057	25	0	1765	0
114583321	3381	743	0	723	0
114583914	3070	483	1	1293	0
114583915	3114	890	0	843	0
114591194	2879	892	0	1076	0
114597466	2296	735	0	1816	0
114599209	4104	342	0	401	0
114601242	1990	2644	0	213	0
114602272	1904	4	0	2939	0
114604972	2221	487	0	2139	0
114607049	2708	139	1	1999	0
114609263	4095	122	0	630	0
114609860	2125	5	0	2717	0
114610614	4167	668	0	12	0
114610935	2961	162	0	1724	0
114614770	1845	2296	0	706	0
114616493	1851	1702	0	1294	0
114618852	3754	194	0	899	0
114618988	3628	222	0	997	0
114619997	3694	179	0	974	0
114626009	2576	299	2	1970	0
114627846	2435	366	2	2044	0
114628834	1981	122	0	2744	0
114630828	3413	218	2	1214	0
114631180	3435	75	0	1337	0
114631520	1796	2531	0	520	0
114635043	2688	127	0	2032	0
114639890	2745	508	2	1592	0
114640568	3268	126	0	1453	0
114642812	1841	690	0	2316	0
114644053	2130	928	1	1788	0
114647432	3178	135	0	1534	0
114650488	3295	65	1	1486	0
114652129	2646	7	0	2194	0
114653274	4013	64	0	770	0
114653871	4248	278	0	321	0
114657351	3534	21	0	1292	0
114658415	2008	208	0	2631	0
114675849	3843	153	2	849	0
114680422	1998	1350	0	1499	0
114680469	2266	170	0	2411	0
114684363	3384	21	0	1442	0
114684848	4203	43	0	601	0
114689888	4129	38	0	680	0
114694314	3563	87	0	1197	0
114694557	2890	324	2	1631	0
114701379	4038	74	0	735	0
114709419	1952	57	1	2837	0
114721050	3123	18	0	1706	0
114721495	1856	298	1	2692	0
114722802	3431	396	0	1020	0
114725960	3572	1037	0	238	0
114726616	1913	393	0	2541	0
114727950	2826	86	1	1934	0
114728208	2076	54	0	2717	0
114730384	3076	22	0	1749	0
114735416	1855	484	1	2507	0
114739110	2155	803	3	1886	0
114739473	1701	2409	2	735	0
114741437	1725	1425	1	1696	0
114742280	2492	305	0	2050	0
114743996	2823	3	0	2021	0
114745734	3803	8	0	1036	0
114752390	3560	1031	2	254	0
114755094	2445	26	0	2376	0
114756395	2646	1789	1	411	0
114758735	1863	451	0	2533	0
114765736	1624	730	0	2493	0
114766249	2673	429	1	1744	0
114766319	1917	3	0	2927	0
114766787	3130	93	0	1624	0
114767730	2386	1380	1	1080	0
114769078	2115	108	0	2624	0
114778351	2989	90	0	1768	0
114781788	3117	86	0	1644	0
114784936	2462	1429	1	955	0
114785221	1717	7	0	3123	0
114785397	2983	1182	1	681	0
114788748	1824	7	0	3016	0
114789184	1667	118	0	3062	0
114795670	4372	242	0	233	0
114799733	2614	1084	1	1148	0
114802570	2030	1986	1	830	0
114804521	2919	382	2	1544	0
114806974	2605	4	0	2238	0
114807544	2729	20	0	2098	0
114810033	3676	776	1	394	0
114813002	2579	156	1	2111	0
114815260	3751	43	0	1053	0
114815778	3980	97	1	769	0
114820819	2838	1245	1	763	0
114830803	2154	1893	1	799	0
114831015	1872	1989	2	984	0
114834816	2014	1890	1	942	0
114840487	1310	85	0	3452	0
114841673	1643	2801	1	402	0
114842877	1637	1	0	3209	0
114844433	3185	1168	1	493	0
114844907	2716	1481	1	649	0
114846282	1918	1822	1	1106	0
114852774	4147	27	0	673	0
114853076	3483	513	2	849	0
114870510	3051	650	1	1145	0
114871956	2360	10	0	2477	0
114876417	2387	1934	2	524	0
114879456	1662	1410	2	1773	0
114884165	2048	117	0	2682	0
114886592	2183	47	0	2617	0
114887705	1572	0	0	3275	0
114888218	2324	173	0	2350	0
114890713	2191	0	0	2656	0
114892625	2106	35	0	2706	0
114893036	2378	749	2	1718	0
114893889	3778	167	0	902	0
114896073	2899	7	0	1941	0
114896263	3750	243	1	853	0
114896407	3043	147	1	1656	0
114898402	1462	563	1	2821	0
114900306	3638	254	0	955	0
114900960	3356	270	0	1221	0
114901276	1786	518	0	2543	0
114905978	4154	100	0	593	0
114906138	2292	320	1	2234	0
114907114	1809	565	0	2473	0
114907133	1769	343	1	2734	0
114907387	3083	1	0	1763	0
114907586	2201	2	0	2644	0
114907835	3167	236	0	1444	0
114907993	3033	95	0	1719	0
114912069	1699	755	2	2391	0
114913478	2347	756	1	1743	0
114915181	4130	95	0	622	0
114917348	3622	184	0	1041	0
114918233	1668	481	0	2698	0
114918261	1962	7	0	2878	0
114920121	3294	325	2	1226	0
114920695	2672	2161	0	14	0
114921406	1980	68	0	2799	0
114922044	2157	275	0	2415	0
114922490	3325	449	2	1071	0
114922859	1771	17	0	3059	0
114924500	1627	29	0	3191	0
114924533	1808	137	0	2902	0
114928223	2346	782	0	1719	0
114928871	2282	536	2	2027	0
114929751	3435	3	0	1409	0
114934218	2106	786	0	1955	0
114937604	1764	871	2	2210	0
114937722	2233	919	0	1695	0
114939981	3612	263	0	972	0
114941829	4392	94	0	361	0
114943936	1935	0	0	2912	0
114945392	3495	5	0	1347	0
114948294	2911	1	0	1935	0
114953338	1604	18	0	3225	0
114961031	3924	61	0	862	0
114968227	2021	778	0	2048	0
114969652	2276	90	0	2481	0
114971913	2601	115	0	2131	0
114972257	2047	2787	0	13	0
114972524	3019	1539	0	289	0
114974072	2806	56	0	1985	0
114974385	3531	1147	0	169	0
114976978	2157	2254	0	436	0
114979501	2540	164	0	2143	0
114980457	2131	179	0	2537	0
114980967	4440	228	0	179	0
114983584	2367	2473	0	7	0
114984090	3155	1508	0	184	0
114992849	2764	337	0	1746	0
114994550	1755	50	1	3041	0
114995126	1650	50	0	3147	0
114999705	4153	178	0	516	0
114999941	2405	694	0	1748	0
115004679	3748	172	0	927	0
115005134	2095	709	2	2041	0
115008030	3022	532	0	1293	0
115010406	3126	211	0	1510	0
115012748	2313	23	0	2511	0
115018030	1911	190	0	2746	0
115018255	1896	724	0	2227	0
115018653	1867	693	0	2287	0
115020842	2552	108	0	2187	0
115022195	2188	7	0	2652	0
115022370	3170	0	0	1677	0
115022735	1962	12	0	2873	0
115023640	2986	1044	1	816	0
115026005	3336	2	0	1509	0
115026585	3072	668	2	1105	0
115029055	1275	3555	0	17	0
115036360	3607	1231	0	9	0
115039785	3050	1097	2	698	0
115042534	1978	1702	0	1167	0
115043178	3304	940	2	601	0
115049676	1905	2868	0	74	0
115049818	3154	591	0	1102	0
115052219	2051	3	0	2793	0
115053449	2906	1	0	1940	0
115057663	2817	1218	0	812	0
115063581	3677	456	0	714	0
115080639	4002	250	0	595	0
115081724	2675	8	0	2164	0
115087996	1703	1856	2	1286	0
115088054	2185	265	0	2397	0
115088587	3465	135	0	1247	0
115095318	2407	1	0	2439	0
115095488	2788	548	0	1511	0
115103743	2474	1388	0	985	0
115104954	1759	485	0	2603	0
115110675	3359	1290	0	198	0
115111077	3957	46	0	844	0
115112543	3286	1321	0	240	0
115118072	2367	816	0	1664	0
115121512	3927	912	0	8	0
115125735	3187	512	0	1148	0
115131208	2757	640	0	1450	0
115131805	2520	22	0	2305	0
115132038	1569	816	2	2460	0
115132914	1974	2851	0	22	0
115132936	1750	14	0	3083	0
115135084	2822	20	0	2005	0
115139758	3833	7	0	1007	0
115141616	2123	1470	1	1253	0
115160710	2452	955	1	1439	0
115164459	4093	463	0	291	0
115172244	2027	1760	1	1059	0
115178477	2046	2291	2	508	0
115178593	2024	17	0	2806	0
115181049	1963	2375	0	509	0
115182104	4215	1	0	631	0
115183079	1806	4	0	3037	0
115185121	4166	163	0	518	0
115186760	2477	4	0	2366	0
115192890	2939	982	0	926	0
115199348	3848	613	0	386	0
115199466	1724	1951	0	1172	0
115202129	3048	757	1	1041	0
115202256	2616	1593	2	636	0
115203917	4011	399	1	436	0
115204178	3369	4	0	1474	0
115204436	2181	1670	2	994	0
115205022	4122	39	0	686	0
115206033	3032	813	1	1001	0
115208480	2293	906	0	1648	0
115208681	3885	354	2	606	0
115209405	2685	1939	1	222	0
115209594	4398	155	0	294	0
115209729	3931	237	1	678	0
115210642	3394	455	2	996	0
115211357	4175	24	0	648	0
115213675	2111	1789	1	946	0
115213756	1510	603	2	2732	0
115215372	1820	9	0	3018	0
115217554	2985	1250	1	611	0
115218238	3829	0	0	1018	0
115218975	1929	1718	1	1199	0
115219528	2119	655	0	2073	0
115219702	3291	36	0	1520	0
115221157	3538	15	0	1294	0
115222728	2714	29	0	2104	0
115225681	3545	46	0	1256	0
115226421	3634	48	0	1165	0
115227658	2001	6	0	2840	0
115228540	3594	488	1	764	0
115230297	2204	7	0	2636	0
115232722	3168	2	0	1677	0
115232833	3797	7	0	1043	0
115240851	3160	6	0	1681	0
115242643	1939	4	0	2904	0
115245901	2631	1	0	2215	0
115247002	2007	87	0	2753	0
115248223	1817	77	0	2953	0
115250614	2785	50	0	2012	0
115253288	3785	347	0	715	0
115258220	2359	639	1	1848	0
115259063	3012	59	0	1776	0
115259392	3582	43	0	1222	0
115261657	2541	22	0	2284	0
115262906	3966	0	0	881	0
115266556	1770	96	0	2981	0
115269385	1518	6	0	3323	0
115269840	3240	6	0	1601	0
115270207	1785	720	1	2341	0
115271789	2490	496	4	1857	0
115271841	2497	918	4	1428	0
115271971	2153	3	0	2691	0
115272561	2843	700	0	1304	0
115272713	1965	1125	0	1757	0
115272799	3353	2	0	1492	0
115273333	3985	0	0	862	0
115278254	2227	200	2	2418	0
115278738	4318	411	1	117	0
115280624	1966	257	2	2622	0
115281036	2018	359	0	2470	0
115283777	1787	396	0	2664	0
115285693	1678	506	1	2662	0
115286254	3183	532	0	1132	0
115287292	3606	158	0	1083	0
115292826	2606	917	1	1323	0
115294661	1880	1277	2	1688	0
115295882	1663	255	0	2929	0
115298918	1862	175	0	2810	0
115303050	2214	836	0	1797	0
115309774	1726	523	0	2598	0
115310058	3278	329	0	1240	0
115310592	1801	16	0	3030	0
115312346	3217	186	0	1444	0
115315121	2945	2	0	1900	0
115315285	3564	0	0	1283	0
115321681	2720	211	0	1916	0
115326275	3260	383	2	1202	0
115337250	3106	209	0	1532	0
115341068	4119	192	1	535	0
115341833	4189	401	1	256	0
115343255	1963	329	2	2553	0
115345516	2977	527	1	1342	0
115348666	2064	352	2	2429	0
115349969	2837	189	0	1821	0
115351504	1877	336	0	2634	0
115352728	3269	173	0	1405	0
115352995	1917	2	0	2928	0
115353036	2023	642	0	2182	0
115353529	2882	245	2	1718	0
115355115	3722	129	0	996	0
115355392	2650	242	0	1955	0
115355707	1799	224	0	2824	0
115356187	2165	278	2	2402	0
115360811	3866	93	0	888	0
115370561	4120	60	1	666	0
115370635	2575	230	1	2041	0
115374217	3118	143	1	1585	0
115380121	2164	0	0	2683	0
115380383	2116	131	0	2600	0
115383695	4085	60	1	701	0
115384393	3241	444	3	1159	0
115385104	2588	4	0	2255	0
115386455	3512	128	4	1203	0
115386889	2592	205	4	2046	0
115387056	4230	64	4	549	0
115388286	1858	674	1	2314	0
115390606	3434	158	0	1255	0
115392476	3803	86	1	957	0
115393993	1869	3	0	2975	0
115394015	1875	0	0	2972	0
115394314	2553	10	0	2284	0
115394527	2091	377	1	2378	0
115403792	2974	151	1	1721	0
115405471	2417	503	2	1925	0
115405610	2361	13	0	2473	0
115406877	3494	195	3	1155	0
115407659	2685	574	2	1586	0
115408177	3980	42	0	825	0
115408606	2905	8	1	1933	0
115409918	3238	0	0	1609	0
115410964	2113	211	0	2523	0
115412706	1944	507	3	2393	0
115413975	2672	611	1	1563	0
115416080	3479	102	1	1265	0
115418679	3275	162	0	1410	0
115423055	1637	820	1	2389	0
115432190	3233	96	0	1518	0
115432648	3294	517	4	1032	0
115433759	4122	333	2	390	0
115434678	1407	153	0	3287	0
115434796	1846	13	0	2988	0
115436784	3623	45	0	1179	0
115437403	4021	2	0	824	0
115443075	1746	289	0	2812	0
115456461	3863	5	0	979	0
115457510	2532	7	0	2308	0
115458948	2501	131	0	2215	0
115459186	3631	0	0	1216	0
115459479	3671	45	0	1131	0
115460075	2373	83	0	2391	0
115463063	4100	392	2	353	0
115465870	2337	7	0	2503	0
115468483	2617	3	0	2227	0
115472398	3731	2	0	1114	0
115472604	4097	80	0	670	0
115472722	2294	1055	2	1496	0
115474339	3742	86	0	1019	0
115480685	2225	110	0	2512	0
115487457	1958	110	0	2779	0
115489819	2799	2	0	2046	0
115490198	3830	417	3	597	0
115491015	4066	84	0	697	0
115492887	1600	582	3	2662	0
115495142	2174	155	0	2518	0
115495215	2458	0	0	2389	0
115496223	2957	58	0	1832	0
115500323	2788	1600	0	459	0
115508903	3270	59	0	1518	0
115509907	3206	4	0	1637	0
115510868	1636	5	0	3206	0
115511716	2640	521	0	1686	0
115513329	2985	2	0	1860	0
115514550	2474	150	0	2223	0
115515053	3096	52	0	1699	0
115517617	1812	10	0	3025	0
115518696	3495	0	0	1352	0
115519059	3786	1	0	1060	0
115520205	1930	1320	2	1595	0
115521354	1844	3	0	3000	0
115521717	4048	35	0	764	0
115523084	1815	6	0	3026	0
115523174	3797	0	0	1050	0
115524203	3026	47	0	1774	0
115526908	2199	1314	4	1330	0
115527970	4259	8	0	580	0
115529358	3419	78	0	1350	0
115530826	1849	1332	1	1665	0
115532766	3592	626	2	627	0
115532886	2834	44	0	1969	0
115533907	1808	173	0	2866	0
115535141	1880	1205	4	1758	0
115536791	1972	158	0	2717	0
115537061	3984	3	0	860	0
115538408	4157	276	2	412	0
115543018	2106	918	1	1822	0
115543992	1615	15	0	3217	0
115550393	4021	491	2	333	0
115551331	1884	1815	1	1147	0
115551532	3049	13	0	1785	0
115551783	2166	1912	2	767	0
115554390	2412	1529	1	905	0
115555164	1981	1980	1	885	0
115557174	3190	102	0	1555	0
115557547	2833	121	0	1893	0
115558037	3026	263	1	1557	0
115558272	3401	991	1	454	0
115559766	2555	122	0	2170	0
115565509	2036	12	0	2799	0
115568909	2154	134	0	2559	0
115571683	3186	48	0	1613	0
115573050	2197	1809	1	840	0
115573499	4281	310	1	255	0
115576424	1867	1800	1	1179	0
115577204	2372	509	2	1964	0
115583208	3439	1221	0	187	0
115585365	2846	7	0	1994	0
115586939	4388	144	1	314	0
115589606	3811	787	2	247	0
115591358	2215	1587	2	1043	0
115595265	2267	20	0	2560	0
115599013	1924	748	2	2173	0
115600691	3154	10	0	1683	0
115605062	2992	183	0	1672	0
115605265	4106	113	0	628	0
115605450	1918	1	0	2928	0
115606344	2611	6	0	2230	0
115611322	1985	1	0	2861	0
115612907	4146	230	0	471	0
115613465	2990	549	0	1308	0
115613577	4279	180	2	386	0
115615188	2750	728	5	1364	0
115615507	3212	1	0	1634	0
115616554	3301	505	2	1039	0
115618939	1807	718	2	2320	0
115622199	1911	922	3	2011	0
115622845	4011	0	0	836	0
115626029	3187	622	2	1036	0
115627410	1560	1910	0	1377	0
115630286	1771	852	2	2222	0
115638290	3853	357	0	637	0
115639388	2780	2062	0	5	0
115639446	2974	3	0	1870	0
115644573	3700	566	3	578	0
115645162	3539	4	0	1304	0
115647583	2211	610	2	2024	0
115649800	2139	1006	2	1700	0
115650305	2407	961	0	1479	0
115651728	3881	6	0	960	0
115665948	3656	266	2	923	0
115677456	2899	1948	0	0	0
115679311	3618	263	0	966	0
115683104	2667	483	3	1694	0
115683514	2890	469	3	1485	0
115683864	2193	663	3	1988	0
115687956	2292	485	0	2070	0
115688530	1743	335	0	2769	0
115689571	2950	9	0	1888	0
115690243	2468	572	2	1805	0
115697773	2536	493	3	1815	0
115703711	3546	518	1	782	0
115708695	3091	1755	0	1	0
115708785	2250	845	1	1751	0
115710826	3040	750	4	1053	0
115710936	4215	188	2	442	0
115716385	4200	154	2	491	0
115720896	3387	677	1	782	0
115721365	2256	327	2	2262	0
115722009	2554	855	0	1438	0
115723034	2830	514	2	1501	0
115730311	4090	217	2	538	0
115730919	4104	224	0	519	0
115735167	3121	7	0	1719	0
115735521	2847	339	0	1661	0
115735755	2958	246	0	1643	0
115738265	2204	3	0	2640	0
115741748	2744	1195	2	906	0
115743547	3759	262	2	824	0
115743570	3691	147	2	1007	0
115743921	4097	142	0	608	0
115745317	3305	332	0	1210	0
115746837	3528	5	0	1314	0
115756457	2529	1787	2	529	0
115757709	4041	179	0	627	0
115759048	2017	71	0	2759	0
115767635	4239	58	1	549	0
115767961	4336	312	0	199	0
115787699	2776	8	0	2063	0
115788593	3851	340	2	654	0
115792420	2454	278	0	2115	0
115794126	2506	120	0	2221	0
115796372	1716	182	1	2948	0
115800609	2224	884	0	1739	0
115800880	3836	1011	0	0	0
115803517	4002	7	0	838	0
115805835	2116	7	0	2724	0
115807443	3769	1	0	1077	0
115812685	2369	996	3	1479	0
115813278	1842	1095	0	1910	0
115817749	4336	67	0	444	0
115818429	3748	22	0	1077	0
115822755	4101	407	1	338	0
115824599	3171	694	3	979	0
115827312	2070	2214	2	561	0
115827788	2403	356	4	2084	0
115828493	2760	265	1	1821	0
115829344	2673	4	0	2170	0
115832574	2012	716	2	2117	0
115833036	3616	344	3	884	0
115834653	2163	582	0	2102	0
115834724	2022	462	2	2361	0
115835900	4174	255	0	418	0
115838000	1790	761	0	2296	0
115838758	3703	189	4	951	0
115842674	1966	744	0	2137	0
115842836	3341	404	2	1100	0
115848781	1691	1718	3	1435	0
115849984	2336	2027	0	484	0
115850423	3712	930	0	205	0
115850492	3436	145	1	1265	0
115855757	2528	658	2	1659	0
115855833	2850	115	3	1879	0
115861277	3350	284	0	1213	0
115862022	3992	336	1	518	0
115869394	3098	636	2	1111	0
115871266	3667	663	5	512	0
115871821	1781	668	3	2395	0
115872179	1556	931	2	2358	0
115872796	2578	1201	2	1066	0
115873433	2277	760	2	1808	0
115873739	3096	555	2	1194	0
115874542	4293	248	1	305	0
115877270	2038	465	3	2341	0
115881852	2921	1455	0	471	0
115882346	3992	223	2	630	0
115887977	2399	1904	0	544	0
115890104	3805	197	0	845	0
115893956	2537	331	3	1976	0
115894082	3893	64	1	889	0
115897734	4067	591	0	189	0
115900885	1923	298	1	2625	0
115910694	3922	10	0	915	0
115912910	2690	85	2	2070	0
115914194	3886	21	0	940	0
115917470	3973	495	0	379	0
115929241	1714	1598	0	1535	0
115930215	2425	6	0	2416	0
115932634	1626	1326	1	1894	0
115936103	1679	1342	1	1825	0
115942640	4205	536	0	106	0
115943933	2208	1396	1	1242	0
115946323	3843	828	3	173	0
115955738	3724	292	1	830	0
115955900	2081	158	0	2608	0
115958079	2159	189	0	2499	0
115958119	3095	975	2	775	0
115958505	3779	91	0	977	0
115958703	2791	24	0	2032	0
115960906	2460	170	0	2217	0
115961802	3699	224	2	922	0
115964006	2562	844	2	1439	0
115964510	4119	674	0	54	0
115969880	2445	2172	0	230	0
115971909	3072	123	0	1652	0
115973475	3545	16	0	1286	0
115973833	1598	1561	2	1686	0
115976641	4363	26	0	458	0
115983419	2527	972	2	1346	0
115986734	3221	436	1	1189	0
115990647	3819	983	0	45	0
115992181	1891	55	0	2901	0
115993574	3566	146	1	1134	0
116003178	3108	130	0	1609	0
116007552	2296	111	0	2440	0
116007897	1605	9	0	3233	0
116007906	1641	716	1	2489	0
116014077	2053	165	1	2628	0
116018823	2711	1001	1	1134	0
116020564	2987	1606	0	254	0
116021851	3380	410	2	1055	0
116023110	4241	240	1	365	0
116027605	3272	119	3	1453	0
116027804	3202	90	3	1552	0
116028220	1953	713	2	2179	0
116029766	3754	863	1	229	0
116032517	3344	90	1	1412	0
116037570	3068	1494	1	284	0
116038127	3300	0	0	1547	0
116041685	3708	5	0	1134	0
116047164	2522	173	0	2152	0
116049252	2625	165	2	2055	0
116050472	1890	2365	2	590	0
116053919	2638	139	3	2067	0
116055185	2630	1566	2	649	0
116055374	3562	75	2	1208	0
116055977	2885	682	1	1279	0
116057300	4086	578	0	183	0
116071365	4184	569	0	94	0
116073382	1758	102	2	2985	0
116076876	3444	52	2	1349	0
116077461	1821	116	2	2908	0
116078442	3357	1130	0	360	0
116086938	3712	465	1	669	0
116094446	2844	127	0	1876	0
116097280	3563	0	0	1284	0
116097487	2778	109	1	1959	0
116098665	3841	774	1	231	0
116108068	4143	335	1	368	0
116108918	1814	2266	2	765	0
116110269	2894	1017	1	935	0
116110511	2071	2015	1	760	0
116115518	1695	3	0	3149	0
116120077	3257	1231	1	358	0
116123432	3415	1038	0	394	0
116130709	2711	1536	1	599	0
116146682	3279	1334	0	234	0
116147037	2289	1392	1	1165	0
116151844	3534	100	2	1211	0
116153801	2658	10	0	2179	0
116154002	3843	80	1	923	0
116154424	2909	858	1	1079	0
116156419	4018	693	0	136	0
116158409	1982	8	0	2857	0
116158557	2428	2004	0	415	0
116158650	1709	308	2	2828	0
116158696	1817	2	0	3028	0
116162614	2881	1063	1	902	0
116163121	1634	1524	2	1687	0
116163178	2054	210	1	2582	0
116163421	1777	1	0	3069	0
116165658	2346	1054	1	1446	0
116168072	2401	1185	1	1260	0
116169391	3921	74	1	851	0
116175870	3416	733	2	696	0
116185335	3683	681	1	482	0
116188083	3444	105	1	1297	0
116188970	1914	1741	2	1190	0
116189310	1946	210	1	2690	0
116189549	3323	119	0	1405	0
116201358	2792	1089	1	965	0
116202423	3766	71	0	1010	0
116214904	4251	560	1	35	0
116219686	3099	1623	0	125	0
116221768	2741	2	0	2104	0
116230909	2328	8	0	2511	0
116231075	1555	1273	1	2018	0
116238748	1993	2663	1	190	0
116239178	1605	1710	2	1530	0
116241186	2707	1122	1	1017	0
116243269	3721	575	1	550	0
116243444	4219	47	0	581	0
116243485	3847	385	2	613	0
116243912	3074	684	1	1088	0
116246828	2717	825	2	1303	0
116247080	3452	1394	0	1	0
116247721	4209	246	1	391	0
116249606	3679	61	0	1107	0
116251064	4314	182	2	349	0
116253324	2232	3	0	2612	0
116254809	3833	78	0	936	0
116255689	2685	606	2	1554	0
116256498	4048	260	1	538	0
116260745	2045	994	2	1806	0
116260989	3482	456	1	908	0
116266887	3649	382	2	814	0
116267032	2650	748	1	1448	0
116279799	2844	367	0	1636	0
116284135	3429	528	1	889	0
116285101	2327	3	0	2517	0
116289728	3756	685	1	405	0
116296595	3637	403	1	806	0
116298963	3982	446	1	418	0
116303546	2027	1332	1	1487	0
116303991	2492	2098	0	257	0
116307108	3879	259	1	708	0
116309137	3545	1281	0	21	0
116309193	3247	299	0	1301	0
116309909	2005	385	0	2457	0
116312161	3617	1013	0	217	0
116316515	3727	331	1	788	0
116320454	2784	6	0	2057	0
116320675	2646	2055	1	145	0
116323717	2824	762	1	1260	0
116327375	2313	1587	2	945	0
116332653	2668	155	0	2024	0
116334801	2243	1136	1	1467	0
116336938	3032	40	0	1775	0
116337401	4283	215	1	348	0
116340778	3975	75	0	797	0
116342244	1556	2	0	3289	0
116342481	1848	907	1	2091	0
116343952	4214	632	0	1	0
116346103	1949	870	1	2027	0
116358867	3981	77	1	788	0
116360926	2882	686	1	1278	0
116362694	3575	386	1	885	0
116363122	3860	371	1	615	0
116370610	2598	6	0	2243	0
116372286	1789	1076	1	1981	0
116373882	3511	436	1	899	0
116373937	2628	320	2	1897	0
116378532	3399	565	1	882	0
116381897	4001	294	1	551	0
116384205	3415	25	1	1406	0
116384329	4078	185	1	583	0
116393074	1577	242	1	3027	0
116396780	3032	114	0	1701	0
116398183	3620	3	0	1224	0
116415803	3091	1324	1	431	0
116416128	2475	313	3	2056	0
116416684	2199	2567	2	79	0
116417861	2917	1870	0	60	0
116419064	1718	464	2	2663	0
116419417	4243	66	2	536	0
116422188	3188	1263	2	394	0
116422975	2616	1601	2	628	0
116423224	3131	1716	0	0	0
116426293	1712	395	1	2739	0
116427627	2097	203	0	2547	0
116429790	2582	1802	1	462	0
116433735	2588	2203	1	55	0
116436374	1945	2162	2	738	0
116446487	2303	699	2	1843	0
116450146	3428	1379	0	40	0
116453945	1710	5	0	3132	0
116454257	4006	19	0	822	0
116459827	2661	35	1	2150	0
116464370	3372	202	2	1271	0
116467283	3879	836	1	131	0
116470814	1636	255	0	2956	0
116470871	1942	212	0	2693	0
116473217	2779	148	0	1920	0
116477107	2578	2262	0	7	0
116477240	4086	254	1	506	0
116478850	2802	148	0	1897	0
116479012	4298	8	0	541	0
116481940	2507	826	1	1513	0
116483984	3571	613	2	661	0
116484040	3915	373	2	557	0
116484698	2568	2062	0	217	0
116485014	3666	2	0	1179	0
116488137	1907	1021	3	1916	0
116488401	2281	4	0	2562	0
116488520	3358	221	2	1266	0
116493634	3178	168	2	1499	0
116493930	2122	848	3	1874	0
116495542	2232	1632	3	980	0
116498748	3026	34	1	1786	0
116501105	3917	651	1	278	0
116507473	1765	1967	3	1112	0
116508645	4049	59	0	739	0
116509666	2929	1218	1	699	0
116517742	4125	424	0	298	0
116521409	2990	552	1	1304	0
116522596	2555	1998	1	293	0
116526242	3889	552	1	405	0
116532361	3694	296	1	856	0
116532946	4188	167	1	491	0
116534922	2932	576	3	1336	0
116535883	2820	19	0	2008	0
116544673	3101	1731	0	15	0
116552104	3088	404	3	1352	0
116552965	2369	3	0	2475	0
116554158	4049	3	0	795	0
116554958	3340	4	0	1503	0
116555009	2886	6	0	1955	0
116556096	3096	1	0	1750	0
116564034	3655	115	1	1076	0
116564585	3759	3	0	1085	0
116564960	2688	851	1	1307	0
116565155	2795	3	0	2049	0
116568696	2313	4	0	2530	0
116572933	3320	7	0	1520	0
116574032	2281	4	0	2562	0
116575054	2137	2	0	2708	0
116575113	1930	1060	1	1856	0
116576057	3494	530	3	820	0
116576226	3187	279	2	1379	0
116576270	2784	12	0	2051	0
116580953	3490	431	1	925	0
116583565	3109	1736	0	2	0
116587138	4278	282	0	287	0
116590423	2533	234	1	2079	0
116600324	1663	2	0	3182	0
116601631	2675	825	2	1345	0
116606575	2845	1544	3	455	0
116609440	1946	1716	1	1184	0
116611596	2195	1548	1	1103	0
116615042	2980	1207	1	659	0
116616776	1843	1803	0	1201	0
116619642	2769	68	0	2010	0
116627575	1713	376	0	2758	0
116629216	2063	315	2	2467	0
116629690	2424	326	0	2097	0
116632510	2186	2	0	2659	0
116632989	2154	1091	0	1602	0
116633017	2117	979	2	1749	0
116634049	1937	364	1	2545	0
116635862	3489	836	3	519	0
116638503	1784	1244	2	1817	0
116638647	3695	154	1	997	0
116641718	1631	2282	3	931	0
116644461	3707	792	1	347	0
116645792	2386	4	0	2457	0
116646175	3718	624	0	505	0
116655795	3750	601	0	496	0
116657836	3993	121	1	732	0
116658046	3609	838	1	399	0
116658822	1962	315	2	2568	0
116660719	3395	196	2	1254	0
116661654	2555	1	0	2291	0
116662309	3065	1093	0	689	0
116668062	1662	1822	0	1363	0
116668375	2017	1640	2	1188	0
116669356	1939	1410	0	1498	0
116669368	2269	1196	0	1382	0
116673688	3829	583	0	435	0
116674061	3243	0	0	1604	0
116675350	2432	11	0	2404	0
116677902	2013	3	0	2831	0
116687647	3296	0	0	1551	0
116690881	4117	337	0	393	0
116696434	2861	900	1	1085	0
116697016	2909	8	0	1930	0
116697363	3467	838	0	542	0
116698291	2357	859	1	1630	0
116699333	3560	0	0	1287	0
116700963	3822	3	0	1022	0
116704529	3694	20	0	1133	0
116710270	3043	71	0	1733	0
116724487	3022	0	0	1825	0
116725284	1876	5	0	2966	0
116733337	3027	266	0	1554	0
116740649	4083	62	1	701	0
116741978	2198	130	0	2519	0
116745487	2735	48	0	2064	0
116756560	2033	302	1	2511	0
116766393	3913	16	0	918	0
116768311	3872	151	0	824	0
116768984	2097	39	1	2710	0
116769011	1679	338	0	2830	0
116774529	3003	491	0	1353	0
116776554	2822	578	0	1447	0
116776642	2341	490	0	2016	0
116779463	2168	740	0	1939	0
116781809	4037	224	0	586	0
116781845	4236	6	0	605	0
116784486	3271	579	0	997	0
116788199	3149	424	0	1274	0
116797990	3469	264	0	1114	0
116798122	1885	926	0	2036	0
116799732	1640	4	0	3203	0
116800903	4295	148	0	404	0
116801679	2689	439	0	1719	0
116817682	4132	299	0	416	0
116818756	1667	34	0	3146	0
116818806	2183	8	0	2656	0
116819705	3897	82	0	868	0
116823554	3840	448	1	558	0
116834237	4347	52	0	448	0
116837089	3462	583	0	802	0
116838204	4067	153	1	626	0
116841792	2676	353	0	1818	0
116851777	1617	5	0	3225	0
116854113	2294	470	0	2083	0
116856392	1747	4	0	3096	0
116856411	1726	214	1	2906	0
116856597	1966	41	0	2840	0
116857320	2761	3	0	2083	0
116857826	3645	4	0	1198	0
116863518	1612	538	0	2697	0
116867638	2270	167	0	2410	0
116870193	3133	151	1	1562	0
116871548	4135	302	0	410	0
116872975	3843	723	1	280	0
116875560	3725	367	0	755	0
116885707	4312	223	0	312	0
116891472	3866	385	1	595	0
116891560	2429	1085	1	1332	0
116894086	3840	242	0	765	0
116897654	2042	582	0	2223	0
116900138	3576	337	0	934	0
116902209	2729	684	0	1434	0
116902782	3812	256	0	779	0
116903413	3967	241	0	639	0
116904905	2899	491	0	1457	0
116905129	3558	353	0	936	0
116905270	3855	253	0	739	0
116908250	2328	705	0	1814	0
116908296	1917	18	0	2912	0
116909251	4036	364	0	447	0
116909434	3228	683	1	935	0
116910563	1941	28	0	2878	0
116911321	2796	871	1	1179	0
116911716	3281	849	0	717	0
116912305	4352	130	0	365	0
116915907	1914	1061	1	1871	0
116918152	3398	474	1	974	0
116918533	2274	938	1	1634	0
116919307	3150	597	1	1099	0
116919450	2366	906	1	1574	0
116923465	1991	740	0	2116	0
116931545	2563	614	0	1670	0
116950158	4167	325	0	355	0
116955767	2126	1390	0	1331	0
116955773	2191	0	0	2656	0
116961893	1673	333	1	2840	0
116962818	4119	2	0	726	0
116963241	3905	239	0	703	0
116966725	1773	7	0	3067	0
116966805	2763	178	0	1906	0
116968121	2433	25	0	2389	0
116976066	1949	303	0	2595	0
116984740	3854	9	0	984	0
116985848	3265	642	1	939	0
116994941	3489	5	0	1353	0
117007403	2305	231	0	2311	0
117008900	2772	565	0	1510	0
117021696	2717	1078	1	1051	0
117022828	2240	722	0	1885	0
117051796	1921	1415	0	1511	0
117054311	1796	87	1	2963	0
117054882	3938	740	1	168	0
117058620	4280	278	0	289	0
117065014	2754	1128	0	965	0
117070953	4033	3	0	811	0
117071213	4137	72	0	638	0
117071934	2811	722	0	1314	0
117072368	3099	144	0	1604	0
117072522	3886	198	1	762	0
117072756	3649	555	0	643	0
117080187	3154	390	1	1302	0
117080757	3204	717	0	926	0
117080769	2890	206	0	1751	0
117081596	3562	10	0	1275	0
117082368	2359	594	0	1894	0
117084959	4125	7	0	715	0
117095566	3698	115	0	1034	0
117100160	3713	377	0	757	0
117126551	1657	52	0	3138	0
117126557	1715	811	1	2320	0
117129458	4227	271	0	349	0
117130037	3582	262	0	1003	0
117130417	1784	244	0	2819	0
117132068	2768	126	1	1952	0
117132173	4054	69	0	724	0
117132704	2452	940	0	1455	0
117133149	2541	29	0	2277	0
117134847	2611	612	0	1624	0
117134904	2702	669	0	1476	0
117135798	3674	470	0	703	0
117146367	3800	351	0	696	0
117160547	4149	254	0	444	0
117169547	2754	656	0	1437	0
117170273	1762	34	0	3051	0
117172107	2960	1731	0	156	0
117178195	2039	2	0	2806	0
117179890	3347	533	0	967	0
117181039	3958	324	0	565	0
117182880	2912	830	0	1105	0
117183690	2405	724	0	1718	0
117183853	3594	649	0	604	0
117187174	2385	959	0	1503	0
117193056	2033	1412	0	1402	0
117197204	3434	714	0	699	0
117199307	2176	1040	0	1631	0
117214136	2784	927	1	1135	0
117216641	3721	255	0	871	0
117221756	1896	759	0	2192	0
117224260	2024	8	0	2815	0
117224730	2947	1529	1	370	0
117225420	2840	1202	1	804	0
117225494	1767	875	0	2205	0
117225980	3245	1260	1	341	0
117226672	2077	1417	1	1352	0
117230389	2326	1188	1	1332	0
117230622	3060	1065	1	721	0
117231184	2873	1109	1	864	0
117231442	2420	1412	1	1014	0
117231705	1996	1467	1	1383	0
117232169	2046	1500	1	1300	0
117233556	3487	679	1	680	0
117244997	2346	1040	1	1460	0
117245103	1913	1403	1	1530	0
117247766	2733	798	1	1315	0
117249923	1641	1547	0	1659	0
117249966	1909	1016	1	1921	0
117250490	2119	1059	2	1667	0
117250898	3205	1640	0	2	0
117251750	2545	907	0	1395	0
117254044	3489	499	2	857	0
117254847	1519	1189	3	2136	0
117256050	2682	1857	0	308	0
117256335	2072	2373	0	402	0
117256621	3412	1140	0	295	0
117257001	1985	2306	0	556	0
117258775	3787	431	0	629	0
117258847	3282	1230	0	335	0
117259737	3898	779	0	170	0
117260177	3671	826	0	350	0
117270675	3917	781	0	149	0
117275027	4271	479	0	97	0
117275240	2414	6	0	2427	0
117276888	2327	385	0	2135	0
117277447	3240	637	0	970	0
117282222	2257	2	0	2588	0
117284472	2689	2150	0	8	0
117284965	1653	1487	0	1707	0
117285637	3673	1	0	1173	0
117289005	2673	1846	0	328	0
117292282	2170	1040	0	1637	0
117293709	3739	479	0	629	0
117295542	1908	1111	2	1826	0
117297044	3402	538	0	907	0
117297189	3116	461	1	1269	0
117297215	2942	542	1	1362	0
117297533	2475	889	0	1483	0
117298129	1853	952	1	2041	0
117303977	4045	282	0	520	0
117304540	3864	833	0	150	0
117304779	1855	2565	0	427	0
117308287	2613	19	0	2215	0
117309557	2696	759	1	1391	0
117310394	1919	995	0	1933	0
117315895	3422	8	0	1417	0
117316123	2260	2	0	2585	0
117317846	3472	1161	0	214	0
117319906	1929	1373	1	1544	0
117320047	2865	838	1	1143	0
117320576	3774	372	0	701	0
117321526	3072	164	0	1611	0
117321639	2306	331	2	2208	0
117322101	4045	1	0	801	0
117322813	1983	890	1	1973	0
117326949	2863	577	0	1407	0
117326975	2728	599	0	1520	0
117336732	3342	247	2	1256	0
117337817	3694	798	0	355	0
117341109	1771	821	0	2255	0
117342103	3429	209	0	1209	0
117342826	3790	365	0	692	0
117343509	2093	1004	0	1750	0
117345084	2851	0	0	1996	0
117351054	3086	20	0	1741	0
117352829	3009	509	0	1329	0
117353329	3620	982	0	245	0
117353603	4060	596	0	191	0
117356414	3727	297	1	822	0
117356959	3319	192	0	1336	0
117364078	2876	1434	0	537	0
117365212	1759	6	0	3082	0
117368664	4161	212	0	474	0
117368952	3676	340	1	830	0
117370023	2130	889	0	1828	0
117370868	2467	913	1	1466	0
117375212	1823	901	0	2123	0
117375251	2374	970	0	1503	0
117375672	1876	738	0	2233	0
117377491	2105	29	0	2713	0
117384616	2571	975	0	1301	0
117387186	3143	5	0	1699	0
117405773	3001	1	0	1845	0
117409620	2108	29	0	2710	0
117409838	2156	7	0	2684	0
117410934	2046	1594	1	1206	0
117411169	1815	1721	1	1310	0
117420021	4425	139	0	283	0
117426163	2258	1156	1	1432	0
117432191	3987	26	0	834	0
117434548	1927	1351	1	1568	0
117437467	3476	507	1	863	0
117438270	1759	6	0	3082	0
117445623	3156	64	0	1627	0
117446797	1576	1469	3	1799	0
117449086	3997	9	0	841	0
117455795	4211	147	0	489	0
117457434	2656	20	0	2171	0
117457694	3111	1	0	1735	0
117458314	3346	2	0	1499	0
117463256	2288	1121	3	1435	0
117463712	2543	6	0	2298	0
117468479	3978	323	1	545	0
117468577	3084	689	1	1073	0
117473622	1929	1142	4	1772	0
117477000	3329	644	4	870	0
117488484	1517	3	0	3327	0
117516618	1820	622	1	2404	0
117521855	2131	1533	2	1181	0
117526462	3696	607	0	544	0
117526491	4131	248	0	468	0
117528901	4316	267	0	264	0
117530837	3631	615	0	601	0
117531891	2688	30	0	2129	0
117536965	2670	21	0	2156	0
117537339	2208	1089	0	1550	0
117543511	3854	365	0	628	0
117547214	2340	1022	0	1485	0
117548058	3831	14	0	1002	0
117553817	1764	54	0	3029	0
117558695	3664	399	3	781	0
117583592	3147	592	3	1105	0
117588689	3364	498	3	982	0
117591297	3521	474	3	849	0
117593846	1643	1197	3	2004	0
117602935	2538	801	0	1508	0
117608221	2005	1001	3	1838	0
117612554	1592	1238	3	2014	0
117614243	2422	848	0	1577	0
117623591	3171	696	3	977	0
117623762	3166	562	0	1119	0
117632518	1652	3	0	3192	0
117633124	3241	652	0	954	0
117633352	2636	805	0	1406	0
117634598	3768	396	0	683	0
117637447	1486	1194	3	2164	0
117639216	1861	0	0	2986	0
117648903	3709	7	0	1131	0
117654697	3703	8	0	1136	0
117656927	3813	352	0	682	0
117662256	3370	490	0	987	0
117672632	2845	2	0	2000	0
117678112	2768	756	3	1320	0
117679005	3145	656	3	1043	0
117681274	2531	663	3	1650	0
117682638	2282	838	3	1724	0
117686719	2122	972	0	1753	0
117692893	2282	990	0	1575	0
117693287	2228	954	3	1662	0
117693703	3292	587	3	965	0
117697170	1897	1173	3	1774	0
117697601	2750	713	3	1381	0
117698067	3522	484	0	841	0
117700326	2939	756	3	1149	0
117700841	3962	352	3	530	0
117700967	3161	593	3	1090	0
117705751	1853	10	0	2984	0
117707128	2688	34	1	2124	0
117709221	1939	280	1	2627	0
117710613	3114	93	1	1639	0
117711233	2390	30	0	2427	0
117711395	2409	128	1	2309	0
117715516	1494	1232	3	2118	0
117716107	2137	155	1	2554	0
117716486	1838	178	1	2830	0
117716628	2859	701	0	1287	0
117718130	1628	172	1	3046	0
117720968	3693	14	1	1139	0
117721773	2789	829	3	1226	0
117722341	2399	130	1	2317	0
117722581	2231	167	0	2449	0
117724192	2045	1130	3	1669	0
117724301	2703	135	1	2008	0
117724551	2288	114	1	2444	0
117725234	3475	83	1	1288	0
117727045	3632	784	0	431	0
117728904	2590	467	3	1787	0
117733121	2202	9	0	2636	0
117733711	2208	14	0	2625	0
117734538	3992	34	0	821	0
117737432	1784	1040	0	2023	0
117744591	2207	5	0	2635	0
117755247	2352	2490	0	5	0
117756802	2037	8	0	2802	0
117765782	2749	58	0	2040	0
117768405	4101	121	1	624	0
117772652	3498	709	0	640	0
117774668	4021	3	0	823	0
117776201	2746	8	0	2093	0
117779873	3413	55	0	1379	0
117784322	1779	117	0	2951	0
117786960	2579	721	1	1546	0
117787346	1786	3036	0	25	0
117808066	2784	1173	2	888	0
117810972	4031	805	0	11	0
117814561	3837	1000	0	10	0
117820115	2146	1655	0	1046	0
117820944	3687	336	1	823	0
117821875	3850	298	2	697	0
117822575	2251	524	1	2071	0
117823797	3421	1000	1	425	0
117826168	1628	1032	1	2186	0
117826638	2013	502	1	2331	0
117836737	2006	582	0	2259	0
117837102	2622	435	2	1788	0
117838706	3150	257	0	1440	0
117840492	2968	140	0	1739	0
117844244	2833	1511	1	502	0
117844549	2045	1586	0	1216	0
117847914	3795	268	0	784	0
117848641	2153	414	2	2278	0
117848729	3452	53	0	1342	0
117849992	2727	501	0	1619	0
117850546	2062	1511	0	1274	0
117855666	3007	990	1	849	0
117864874	1794	1659	1	1393	0
117867857	1763	2596	0	488	0
117868343	3019	16	0	1812	0
117881707	3579	1028	1	239	0
117882797	2415	203	1	2228	0
117885616	2621	12	0	2214	0
117899586	1999	683	1	2164	0
117900052	3564	115	0	1168	0
117900998	4094	54	0	699	0
117911357	2987	1277	1	582	0
117912429	3596	4	0	1247	0
117921788	2154	94	0	2599	0
117928308	4176	37	0	634	0
117938436	2694	6	0	2147	0
117942921	1674	2043	2	1128	0
117943783	3677	5	0	1165	0
117945566	3058	161	0	1628	0
117946193	3182	35	0	1630	0
117946885	1827	262	0	2758	0
117951931	2586	54	0	2207	0
117952874	2458	2161	0	228	0
117955253	2097	144	0	2606	0
117960136	2335	2	0	2510	0
117960424	2829	1952	0	66	0
117969169	2088	21	0	2738	0
117972697	2568	2186	0	93	0
117973154	1839	2699	1	308	0
117975152	2716	4	0	2127	0
117975746	4528	295	0	24	0
117981095	3714	2	0	1131	0
117982465	3678	429	2	738	0
117982598	3825	2	0	1020	0
117990891	2616	2053	0	178	0
117995930	1845	6	0	2996	0
118007954	2432	1	0	2414	0
118013052	1864	2818	0	165	0
118018590	1939	1993	2	913	0
118022286	3093	1074	3	677	0
118026376	3940	666	1	240	0
118029195	2985	71	0	1791	0
118033253	3450	1315	1	81	0
118034152	4054	691	0	102	0
118043647	3501	1275	0	71	0
118053938	3362	3	0	1482	0
118075351	1720	806	1	2320	0
118076190	3391	1451	0	5	0
118082131	3138	346	1	1362	0
118085236	3629	846	1	371	0
118088281	2189	1743	3	912	0
118092115	2184	11	0	2652	0
118099393	3854	211	1	781	0
118099563	2519	488	3	1837	0
118101770	3297	372	3	1175	0
118103573	3384	298	1	1164	0
118104618	3850	265	3	729	0
118107795	1709	33	0	3105	0
118108932	3299	1542	0	6	0
118109448	3366	489	1	991	0
118110633	2146	132	0	2569	0
118110695	1752	7	0	3088	0
118110978	2796	815	3	1233	0
118111723	1918	765	1	2163	0
118114008	2677	83	0	2087	0
118116741	2741	1433	3	670	0
118117059	2031	39	0	2777	0
118117999	2064	6	0	2777	0
118118489	2241	830	3	1773	0
118132332	2335	1619	3	890	0
118139446	2713	632	1	1501	0
118146361	3515	448	3	881	0
118147531	3498	2	0	1347	0
118148460	2329	892	3	1623	0
118148908	2162	858	1	1826	0
118149230	1793	1015	1	2038	0
118152534	3805	306	3	733	0
118154202	3124	1113	1	609	0
118157713	3957	327	1	562	0
118161290	2038	798	3	2008	0
118162524	1714	806	3	2324	0
118162561	1566	3112	0	169	0
118163219	1905	58	0	2884	0
118167439	2241	110	0	2496	0
118175997	3301	2	0	1544	0
118178568	2690	445	1	1711	0
118180359	2377	360	1	2109	0
118180470	1756	17	0	3074	0
118180523	1513	3148	0	186	0
118180695	2444	1374	2	1027	0
118182779	2391	111	0	2345	0
118183645	3345	2	0	1500	0
118185575	2060	138	0	2649	0
118185848	3364	897	2	584	0
118186343	2830	1050	2	965	0
118187277	2347	93	0	2407	0
118187490	2559	1656	1	631	0
118187898	1989	1685	1	1172	0
118189717	2404	1454	2	987	0
118193875	3445	426	2	974	0
118196387	2321	181	0	2345	0
118197899	3615	671	1	560	0
118198903	4214	568	0	65	0
118201104	3137	76	0	1634	0
118205934	4194	30	0	623	0
118206325	3308	373	1	1165	0
118207795	2931	96	0	1820	0
118223350	1997	133	0	2717	0
118238488	2539	1076	1	1231	0
118238561	2091	549	1	2206	0
118247119	2271	357	1	2218	0
118250262	2502	112	0	2233	0
118250637	1606	135	0	3106	0
118250811	2564	5	0	2278	0
118254669	1537	2136	1	1173	0
118258516	2195	868	1	1783	0
118258797	3128	77	0	1642	0
118263728	3816	4	0	1027	0
118269000	1802	1958	1	1086	0
118271253	2063	1785	1	998	0
118272345	2337	1519	1	990	0
118274002	1823	2741	0	283	0
118275845	2141	777	1	1928	0
118279303	2609	622	1	1615	0
118279610	1814	1106	1	1926	0
118280812	2180	730	1	1936	0
118281667	2629	623	1	1594	0
118293298	3442	68	0	1337	0
118295742	2061	739	1	2046	0
118308047	2538	88	0	2221	0
118309426	1911	126	0	2810	0
118313488	2117	1534	1	1195	0
118315191	4071	490	1	285	0
118316208	1593	95	1	3158	0
118316309	3419	282	3	1143	0
118318454	2029	114	0	2704	0
118318731	3074	466	1	1306	0
118320296	3913	1	0	933	0
118330911	3151	16	0	1680	0
118330930	3363	61	0	1423	0
118334306	4239	0	0	608	0
118334446	1999	103	0	2745	0
118336278	3721	115	0	1011	0
118345765	3649	468	1	729	0
118345842	1954	5	0	2888	0
118346048	4091	214	1	541	0
118346380	2508	247	0	2092	0
118346492	2678	240	0	1929	0
118346799	1652	1236	1	1958	0
118346832	2168	243	0	2436	0
118350128	3957	308	1	581	0
118355321	1842	805	2	2198	0
118356291	3605	1060	0	182	0
118356511	1727	717	2	2401	0
118357139	3871	204	1	771	0
118360117	1660	515	1	2671	0
118362380	2617	1695	1	534	0
118362509	3069	87	0	1691	0
118363685	2952	66	0	1829	0
118364289	1405	318	0	3124	0
118364695	2961	878	1	1007	0
118364722	2549	1992	2	304	0
118365400	3825	168	1	853	0
118366904	3789	95	0	963	0
118367817	1816	2190	0	841	0
118368816	1652	247	0	2948	0
118369880	1918	110	0	2819	0
118370478	2971	1020	4	852	0
118371843	2378	117	0	2352	0
118375259	3597	47	0	1203	0
118376202	2079	202	0	2566	0
118376572	2889	77	0	1881	0
118376620	3014	68	0	1765	0
118377335	3294	73	0	1480	0
118377681	1929	113	0	2805	0
118378181	2886	83	0	1878	0
118378209	3116	79	0	1652	0
118379400	2957	92	0	1798	0
118380797	4049	18	0	780	0
118387131	2849	49	0	1949	0
118388766	2586	107	0	2154	0
118389164	3073	1509	0	265	0
118389583	2031	2308	0	508	0
118392475	1988	2402	0	457	0
118396232	1864	2589	0	394	0
118396666	1655	2772	0	420	0
118398103	3865	848	0	134	0
118398347	2629	449	3	1766	0
118398502	2190	2392	0	265	0
118400566	2850	83	0	1914	0
118402144	1690	153	1	3003	0
118402645	2332	2141	1	373	0
118404852	3311	366	2	1168	0
118406076	3199	1416	0	232	0
118413681	3088	1504	0	255	0
118414003	2699	0	0	2148	0
118415682	3044	1715	1	87	0
118416015	2387	749	2	1709	0
118416414	3476	695	3	673	0
118417600	1782	29	0	3036	0
118418815	2409	100	0	2338	0
118419230	1738	12	0	3097	0
118419257	1868	60	0	2919	0
118419745	2112	36	0	2699	0
118422277	2484	1089	3	1271	0
118425866	2116	7	0	2724	0
118426805	3188	1438	1	220	0
118432846	1819	5	0	3023	0
118433330	1754	236	1	2856	0
118434604	2991	1645	0	211	0
118434667	2161	914	2	1770	0
118436780	1871	2632	0	344	0
118442596	2759	124	0	1964	0
118443928	2556	1980	1	310	0
118448025	2309	538	0	2000	0
118448374	1997	2508	1	341	0
118450019	3899	0	0	948	0
118450789	2891	2	0	1954	0
118455405	2525	757	0	1565	0
118458392	3410	3	0	1434	0
118458751	1665	365	0	2817	0
118458963	2876	38	0	1933	0
118459382	3239	1418	1	189	0
118462903	1898	1654	0	1295	0
118464003	1684	8	0	3155	0
118464683	3465	3	0	1379	0
118466024	2390	2261	0	196	0
118467682	3501	1	0	1345	0
118468300	4179	214	0	454	0
118468843	2707	1085	2	1053	0
118469949	2145	0	0	2702	0
118472755	1777	1407	2	1661	0
118474016	3219	220	0	1408	0
118476230	1527	1554	1	1765	0
118476311	1427	899	1	2520	0
118476420	1362	1473	1	2011	0
118477333	1927	194	0	2726	0
118477617	2290	1759	0	798	0
118482378	3336	1413	0	98	0
118482463	1906	349	1	2591	0
118484154	2161	9	0	2677	0
118484690	2012	819	1	2015	0
118485871	3473	350	2	1022	0
118486164	3578	512	1	756	0
118486361	2231	7	0	2609	0
118489676	2006	259	0	2582	0
118490777	3150	1574	0	123	0
118493077	3723	650	2	472	0
118494178	4109	208	1	529	0
118496598	2863	105	0	1879	0
118498944	1588	70	0	3189	0
118501019	2717	61	0	2069	0
118506345	2826	985	0	1036	0
118509874	2460	2092	0	295	0
118510710	3749	18	0	1080	0
118512268	3611	52	0	1184	0
118514931	1716	382	0	2749	0
118516625	1538	841	1	2467	0
118518819	2288	145	0	2414	0
118518841	2122	2407	2	316	0
118533455	3549	1134	0	164	0
118533697	3044	442	0	1361	0
118534260	2032	1097	0	1718	0
118535339	2152	193	0	2502	0
118535538	4136	334	0	377	0
118550610	3604	70	0	1173	0
118551825	3615	314	0	918	0
118552355	2804	749	0	1294	0
118552553	3164	125	0	1558	0
118557033	3803	374	0	670	0
118568646	3446	1	0	1400	0
118570092	3865	56	0	926	0
118570213	1465	2914	2	466	0
118572779	1747	1	0	3099	0
118575468	2885	551	1	1410	0
118576188	3551	308	1	987	0
118576719	1950	206	0	2691	0
118578114	2695	1233	0	919	0
118578332	3040	471	0	1336	0
118579085	2118	195	0	2534	0
118579145	2002	310	0	2535	0
118580670	2370	145	0	2332	0
118583100	1571	211	0	3065	0
118583249	2604	166	0	2077	0
118583317	2175	2	0	2670	0
118584741	2206	177	0	2464	0
118591296	3429	526	1	891	0
118595682	3144	5	0	1698	0
118596418	2479	0	0	2368	0
118597320	2268	3	0	2576	0
118603773	2021	192	0	2634	0
118603981	1658	189	0	3000	0
118606236	2011	2252	2	582	0
118608769	3559	1028	0	260	0
118608835	2177	15	0	2655	0
118611789	1706	280	1	2860	0
118618620	2801	3	0	2043	0
118618718	1703	1285	2	1857	0
118618928	2570	660	0	1617	0
118620607	2084	2383	0	380	0
118624624	2666	833	2	1346	0
118643492	3412	771	1	663	0
118644670	2695	910	3	1239	0
118645076	1937	241	1	2668	0
118645716	2585	186	1	2075	0
118646201	2442	896	2	1507	0
118646948	1552	160	0	3135	0
118666409	1829	1160	0	1858	0
118672529	1940	1557	3	1347	0
118676385	2006	137	0	2704	0
118676935	2925	39	0	1883	0
118678839	1702	926	1	2218	0
118679604	2112	1678	3	1054	0
118679906	2625	444	0	1778	0
118687240	3133	194	1	1519	0
118687645	1882	192	0	2773	0
118687700	3021	626	1	1199	0
118688162	1849	949	1	2048	0
118693648	3634	202	2	1009	0
118694579	2458	472	0	1917	0
118695249	2492	590	0	1765	0
118697271	2627	171	1	2048	0
118697432	1810	1263	3	1771	0
118698699	1963	565	0	2319	0
118699734	2427	611	1	1808	0
118701131	2018	953	1	1875	0
118702659	2931	155	1	1760	0
118705821	3786	1	0	1060	0
118707674	1946	233	0	2668	0
118708850	1825	1796	2	1224	0
118709122	2894	802	1	1150	0
118709583	3257	3	0	1587	0
118710482	2055	1600	1	1191	0
118712113	3643	82	0	1122	0
118714107	3036	624	1	1186	0
118721634	3299	319	1	1228	0
118725380	1898	2934	0	15	0
118728335	1921	1325	2	1599	0
118732557	1939	117	0	2791	0
118733051	1569	301	1	2976	0
118735983	3277	14	0	1556	0
118738061	2456	234	1	2156	0
118742154	2441	1543	1	862	0
118744236	4189	33	0	625	0
118749585	1700	0	0	3147	0
118752174	1887	245	1	2714	0
118752582	2277	906	1	1663	0
118754613	2092	571	0	2184	0
118755038	2217	890	1	1739	0
118759099	4204	319	2	322	0
118763068	2261	764	2	1820	0
118763873	1890	2724	1	232	0
118765370	2168	481	0	2198	0
118769638	2237	8	0	2602	0
118775426	1864	366	0	2617	0
118777828	1832	1059	1	1955	0
118778628	2655	216	1	1975	0
118784893	3454	984	1	408	0
118788914	2936	208	1	1702	0
118791400	2069	2532	0	246	0
118796833	2006	332	1	2508	0
118801681	2505	460	1	1881	0
118803518	3805	966	0	76	0
118804752	3022	188	0	1637	0
118806595	2540	545	1	1761	0
118807373	2254	1145	3	1445	0
118809451	2123	1896	2	826	0
118813056	2053	2538	1	255	0
118814868	3770	363	1	713	0
118815958	3173	95	0	1579	0
118816693	1749	0	0	3098	0
118817570	2353	212	1	2281	0
118820230	1897	1759	3	1188	0
118820268	1984	437	0	2426	0
118820666	3256	108	0	1483	0
118822403	2961	170	0	1716	0
118827810	3071	418	2	1356	0
118827859	2939	284	0	1624	0
118831389	2648	1	0	2198	0
118834552	4299	96	3	449	0
118835841	2365	158	0	2324	0
118836523	1778	248	2	2819	0
118836676	2167	716	1	1963	0
118838281	2081	1676	2	1088	0
118841325	3678	188	0	981	0
118842934	2160	572	1	2114	0
118843437	2494	159	1	2193	0
118845819	2805	514	0	1528	0
118847943	3147	3	0	1697	0
118855807	2962	155	1	1729	0
118855927	1838	566	1	2442	0
118856156	1404	219	1	3223	0
118856914	1964	1679	2	1202	0
118859556	2399	188	1	2259	0
118863770	3550	57	0	1240	0
118869535	2869	338	1	1639	0
118873587	2643	707	1	1496	0
118873636	3246	216	1	1384	0
118874146	3685	849	0	313	0
118874471	2940	142	1	1764	0
118875569	1814	100	0	2933	0
118876072	1624	471	1	2751	0
118876116	1864	388	1	2594	0
118878034	3755	375	1	716	0
118878262	3459	109	0	1279	0
118879253	3770	79	1	997	0
118880710	2779	173	0	1895	0
118881001	4093	255	1	498	0
118884149	1684	1000	1	2162	0
118886712	1803	531	0	2513	0
118887503	2476	852	2	1517	0
118889525	2891	357	1	1598	0
118892531	2262	130	0	2455	0
118892712	3991	547	1	308	0
118894127	3416	329	1	1101	0
118903295	1429	1229	0	2189	0
118904460	2376	1150	0	1321	0
118905159	3206	760	1	880	0
118907116	2447	1103	0	1297	0
118908358	1937	1219	1	1690	0
118918640	2071	1087	1	1688	0
118926321	2142	3	0	2702	0
118927760	2363	299	1	2184	0
118928185	2834	0	0	2013	0
118928678	1818	2773	0	256	0
118928975	2873	1472	3	499	0
118929435	1763	3	0	3081	0
118931233	2178	1961	3	705	0
118934355	3148	1557	2	140	0
118935165	1631	615	1	2600	0
118937132	2053	10	0	2784	0
118940911	1730	2885	0	232	0
118941209	1409	3158	2	278	0
118944975	2936	1381	1	529	0
118945389	3066	1658	2	121	0
118946854	2739	1484	3	621	0
118947045	2121	27	0	2699	0
118948096	2554	2116	2	175	0
118949964	2597	6	0	2244	0
118951886	3153	1562	0	132	0
118959620	2238	2530	0	79	0
118959792	1698	2819	0	330	0
118963038	2927	79	0	1841	0
118963211	2020	13	0	2814	0
118963547	3650	5	0	1192	0
118964860	1692	104	0	3051	0
118971945	4188	600	0	59	0
118975035	3176	5	0	1666	0
118978890	1912	2664	0	271	0
118979733	2824	4	0	2019	0
118982034	2566	169	0	2112	0
118984208	2333	2420	0	94	0
118985617	1582	3163	0	102	0
118986528	3176	2	0	1669	0
118989619	1704	3023	0	120	0
118993878	1621	10	0	3216	0
118995267	2181	15	0	2651	0
118997824	1901	2643	0	303	0
118997846	1678	3051	0	118	0
118998930	2394	16	0	2437	0
118999838	1940	13	0	2894	0
119000584	3170	97	0	1580	0
119000652	2686	721	3	1437	0
119004158	3425	82	0	1340	0
119004911	1850	2580	1	416	0
119006422	2354	2027	1	465	0
119007641	2453	97	0	2297	0
119007927	1799	2625	1	422	0
119008442	1767	20	0	3060	0
119009388	2497	532	2	1816	0
119010006	3552	105	1	1189	0
119010201	3823	836	1	187	0
119010598	3650	475	3	719	0
119013032	1475	2424	2	946	0
119020489	1894	2395	2	556	0
119021287	2160	2478	2	207	0
119023101	2500	1763	2	582	0
119023880	2740	0	0	2107	0
119024485	2334	1960	2	551	0
119025830	1748	388	0	2711	0
119026322	1746	2535	1	565	0
119029079	3837	589	3	418	0
119032069	1880	0	0	2967	0
119032462	2345	1681	3	818	0
119033518	1408	2144	3	1292	0
119034363	2326	1615	1	905	0
119036387	2747	0	0	2100	0
119037954	2698	439	1	1709	0
119038598	3359	416	0	1072	0
119040581	1956	397	0	2494	0
119040942	2043	654	1	2149	0
119042079	1800	1218	1	1828	0
119042159	1929	673	1	2244	0
119043009	2003	2840	0	4	0
119043036	2749	896	1	1201	0
119043209	3399	201	0	1247	0
119046086	2713	1	0	2133	0
119047195	3252	0	0	1595	0
119048095	3033	166	0	1648	0
119052205	3974	696	1	176	0
119052905	3430	144	0	1273	0
119056234	1960	1778	1	1108	0
119059281	3009	1483	1	354	0
119065619	2641	1286	2	918	0
119068433	3392	11	0	1444	0
119072376	1857	2317	2	671	0
119072576	2071	0	0	2776	0
119073485	2310	2	0	2535	0
119079398	2552	208	0	2087	0
119080918	2123	186	1	2537	0
119083258	1691	18	0	3138	0
119083275	1721	6	0	3120	0
119083739	2154	185	1	2507	0
119085908	4243	40	1	563	0
119090434	3480	402	1	964	0
119092344	2578	147	0	2122	0
119098008	1957	257	0	2633	0
119098468	2011	216	0	2620	0
119098563	2565	3	0	2279	0
119099822	3797	861	1	188	0
119103377	1769	16	0	3062	0
119104699	2727	353	1	1766	0
119104977	3848	623	1	375	0
119105304	2861	403	1	1582	0
119106057	1947	499	0	2401	0
119106482	2191	577	1	2078	0
119108415	3546	808	1	492	0
119110846	3702	133	1	1011	0
119112560	2981	256	0	1610	0
119113469	1584	327	1	2935	0
119120616	2996	3	0	1848	0
119123438	2389	30	0	2428	0
119124673	1963	327	0	2557	0
119128701	2879	7	0	1961	0
119129814	2389	1655	2	801	0
119130677	1626	239	0	2982	0
119138025	2364	2038	1	444	0
119138635	2717	0	0	2130	0
119140367	3288	1254	1	304	0
119140415	2811	9	0	2027	0
119141118	2302	1594	1	950	0
119141494	1774	2549	1	523	0
119143171	2129	2241	1	476	0
119145149	2195	435	1	2216	0
119147509	3195	294	0	1358	0
119149434	1589	2023	2	1233	0
119163067	2543	36	0	2268	0
119166127	1986	83	0	2778	0
119166256	1375	18	0	3454	0
119174985	1714	809	0	2324	0
119175306	2413	8	0	2426	0
119176836	1820	12	0	3015	0
119177212	2594	120	1	2132	0
119182136	1684	9	0	3154	0
119182917	2602	584	1	1660	0
119183109	2128	7	0	2712	0
119186013	2594	529	1	1723	0
119186388	3256	348	1	1242	0
119188246	2545	202	1	2099	0
119189145	3745	78	1	1023	0
119190301	2417	1017	1	1412	0
119194992	1898	1894	1	1054	0
119197604	1959	9	0	2879	0
119198753	2321	145	1	2380	0
119198847	1549	569	0	2729	0
119199217	2502	9	0	2336	0
119199259	2524	146	1	2176	0
119200312	3068	102	1	1676	0
119200906	2843	413	0	1591	0
119204784	4488	203	2	154	0
119205841	3652	291	1	903	0
119214937	1876	38	0	2933	0
119215445	2827	884	0	1136	0
119215932	2903	20	0	1924	0
119217317	2094	3	0	2750	0
119218881	1739	1095	2	2011	0
119220906	3427	275	0	1145	0
119222292	2475	259	1	2112	0
119222353	2838	32	0	1977	0
119222848	1482	4	0	3361	0
119224568	1832	304	1	2710	0
119224604	1916	72	0	2859	0
119226817	1734	3	0	3110	0
119227798	2877	1242	1	727	0
119229772	1639	217	0	2991	0
119230542	3088	1	0	1758	0
119231292	3673	136	0	1038	0
119231839	2214	263	0	2370	0
119232259	3322	2	0	1523	0
119233391	2508	62	0	2277	0
119233672	2661	656	1	1529	0
119234910	1926	197	0	2724	0
119235336	3173	323	2	1349	0
119236890	1699	38	0	3110	0
119238031	2366	8	2	2471	0
119239066	3545	392	1	909	0
119239524	2457	1421	2	967	0
119240369	2431	220	0	2196	0
119241324	1857	8	0	2982	0
119242153	2684	172	0	1991	0
119249559	3048	512	1	1286	0
119250430	2086	1205	2	1554	0
119253014	1958	3	0	2886	0
119253438	1915	214	0	2718	0
119253633	3424	394	1	1028	0
119255246	2257	485	2	2103	0
119255493	3510	580	1	756	0
119257724	2344	8	0	2495	0
119260439	2681	555	3	1608	0
119267579	2123	243	0	2481	0
119268036	3410	296	1	1140	0
119269428	3437	699	4	707	0
119269664	3788	196	0	863	0
119270317	1932	928	1	1986	0
119271253	3333	175	0	1339	0
119271830	2151	200	0	2496	0
119274053	2711	382	1	1753	0
119276057	4301	314	2	230	0
119276420	3909	205	1	732	0
119279230	2558	1359	2	928	0
119280144	2356	729	1	1761	0
119280794	2979	871	3	994	0
119282138	2694	467	0	1686	0
119284856	1586	1983	2	1276	0
119285014	2745	40	0	2062	0
119285279	2378	1	0	2468	0
119285367	1820	234	1	2792	0
119285381	1774	5	0	3068	0
119285851	2016	12	0	2819	0
119286308	2876	1160	3	808	0
119290887	4069	47	0	731	0
119292114	2057	555	0	2235	0
119292635	2135	15	0	2697	0
119296554	1784	1174	2	1887	0
119297481	2249	11	0	2587	0
119305820	1621	369	1	2856	0
119307659	3748	830	2	267	0
119307806	1880	116	0	2851	0
119307991	2005	34	0	2808	0
119309774	1617	406	2	2822	0
119311521	2045	304	1	2497	0
119312232	3764	767	1	315	0
119312723	3789	5	0	1053	0
119315758	2766	1468	1	612	0
119316139	1912	261	0	2674	0
119316303	2277	3	0	2567	0
119318751	2404	1508	1	934	0
119319865	1685	326	1	2835	0
119320083	3022	1342	1	482	0
119325355	3593	128	0	1126	0
119329359	3178	2	0	1667	0
119330002	2803	4	0	2040	0
119331523	1569	366	0	2912	0
119331983	1946	5	0	2896	0
119333209	2165	248	1	2433	0
119337589	1955	1490	2	1400	0
119341661	1834	2307	1	705	0
119344750	3295	275	0	1277	0
119347250	3066	5	0	1776	0
119347555	2735	8	0	2104	0
119349145	2534	537	1	1775	0
119349987	2602	252	0	1993	0
119354085	2140	237	1	2469	0
119354478	1640	2572	0	635	0
119359448	1648	288	1	2910	0
119369162	1863	3	0	2981	0
119371167	1888	41	0	2918	0
119371196	1799	1635	1	1412	0
119374272	2001	4	0	2842	0
119374577	3382	0	0	1465	0
119377442	3839	936	0	72	0
119378120	1648	2	0	3197	0
119378666	1891	50	0	2906	0
119380810	1942	44	0	2861	0
119382179	1563	0	0	3284	0
119393273	1711	2830	0	306	0
119395691	2966	509	0	1372	0
119397241	1969	6	0	2872	0
119398501	1917	2716	0	214	0
119400103	2037	1358	2	1450	0
119401093	2597	1017	2	1231	0
119406458	3662	270	0	915	0
119407150	3896	797	0	154	0
119422775	2717	2	0	2128	0
119426757	1617	2894	0	336	0
119427742	2912	130	0	1805	0
119427850	2829	228	0	1790	0
119429919	2345	218	1	2283	0
119430466	3719	1	0	1127	0
119438164	1912	2554	0	381	0
119440527	1560	336	1	2950	0
119440930	1842	1529	0	1476	0
119444287	1747	302	0	2798	0
119446030	2023	2389	0	435	0
119449172	1871	2365	1	610	0
119450189	3268	1211	1	367	0
119450493	1510	323	1	3013	0
119456104	2345	7	0	2495	0
119456238	2244	1752	2	849	0
119463272	2333	1073	2	1439	0
119463656	1724	6	0	3117	0
119465312	2459	1776	1	611	0
119467730	1732	2071	2	1042	0
119468126	2180	1660	1	1006	0
119468602	1538	720	2	2587	0
119469257	2110	1778	1	958	0
119470084	2770	1379	1	697	0
119470366	2097	1674	2	1074	0
119472451	3269	847	2	729	0
119472709	2400	332	0	2115	0
119473338	2429	1157	1	1260	0
119474785	1698	2345	1	803	0
119475432	1673	1656	1	1517	0
119476578	2386	1302	1	1158	0
119478689	1451	81	0	3315	0
119479614	1528	1720	2	1597	0
119479913	2398	236	0	2213	0
119482060	2732	1624	2	489	0
119482773	1573	2527	1	746	0
119483408	2176	1	0	2670	0
119488176	1981	118	0	2748	0
119488341	2067	317	0	2463	0
119488434	1809	80	0	2958	0
119489383	1625	1536	2	1684	0
119490464	3136	3	0	1708	0
119497419	1622	2719	1	505	0
119498667	2377	1450	2	1018	0
119503929	2036	1592	1	1218	0
119504233	1614	419	0	2814	0
119505210	2047	1115	1	1684	0
119507154	1824	1144	2	1877	0
119511815	3609	0	0	1238	0
119512410	2898	397	4	1548	0
119512645	3759	174	1	913	0
119514587	2997	342	1	1507	0
119515787	1770	1182	2	1893	0
119516677	2342	1978	1	526	0
119516986	1747	10	0	3090	0
119518276	3719	806	0	322	0
119520347	3773	93	0	981	0
119522687	1744	1379	1	1723	0
119526321	1946	1232	1	1668	0
119527102	2442	10	0	2395	0
119533754	3241	214	0	1392	0
119534331	3676	494	1	676	0
119536521	2219	9	0	2619	0
119536884	1854	397	1	2595	0
119538446	1698	560	0	2589	0
119538982	2344	561	2	1940	0
119540832	1948	1952	1	946	0
119540864	1938	909	1	1999	0
119541323	2505	608	1	1733	0
119542440	2219	11	0	2617	0
119544022	1668	560	0	2619	0
119544369	1720	2143	1	983	0
119545080	1328	198	0	3321	0
119545826	2784	1461	1	601	0
119547211	2546	1198	1	1102	0
119547398	1560	3	0	3284	0
119549892	3749	157	0	941	0
119551291	2083	498	0	2266	0
119551590	1968	378	1	2500	0
119551929	2617	6	0	2224	0
119552665	2950	3	0	1894	0
119554759	3195	814	1	837	0
119555058	2923	1278	1	645	0
119555755	3401	610	2	834	0
119559800	2310	766	1	1770	0
119560844	1909	2023	1	914	0
119561909	1711	132	0	3004	0
119563151	2794	1435	1	617	0
119567815	3055	1031	1	760	0
119568213	2314	414	1	2118	0
119570839	1638	1194	3	2012	0
119571820	3459	288	0	1100	0
119574027	2097	694	1	2055	0
119575050	2662	415	1	1769	0
119575277	2240	676	2	1929	0
119577465	2011	2169	1	666	0
119579558	1643	1174	0	2030	0
119587710	1927	1714	2	1204	0
119588202	1864	2338	3	642	0
119589593	1757	893	3	2194	0
119594136	1542	552	2	2751	0
119594426	2324	1441	3	1079	0
119598214	1995	2319	3	530	0
119598854	2564	753	2	1528	0
119608582	2477	983	1	1386	0
119610043	2162	336	1	2348	0
119612264	1558	672	0	2617	0
119614415	2231	390	2	2224	0
119618696	2338	1687	3	819	0
119618921	1784	910	1	2152	0
119619074	1711	1394	3	1739	0
119620381	3005	1144	0	698	0
119620441	2398	22	0	2427	0
119621416	2245	2470	1	131	0
119621466	3530	436	3	878	0
119622126	3107	383	0	1357	0
119626795	2005	6	0	2836	0
119628966	3010	0	0	1837	0
119629223	1960	24	0	2863	0
119633000	1564	544	2	2737	0
119633451	3998	801	1	47	0
119633730	2139	2601	2	105	0
119634370	3424	979	3	441	0
119636455	2042	1138	2	1665	0
119636505	1777	1810	5	1255	0
119637916	2972	391	3	1481	0
119638423	2220	6	0	2621	0
119641185	1629	43	1	3174	0
119641380	3473	56	0	1318	0
119642949	2082	548	1	2216	0
119644578	2795	365	1	1686	0
119645055	3334	331	0	1182	0
119645923	2484	436	0	1927	0
119647005	1822	576	1	2448	0
119647483	2682	421	1	1743	0
119650598	2777	642	0	1428	0
119650706	1902	146	0	2799	0
119651696	1876	629	1	2341	0
119659617	1913	536	0	2398	0
119660655	2463	3	0	2381	0
119661546	1867	762	3	2215	0
119662039	3031	235	0	1581	0
119662445	3476	25	0	1346	0
119663173	3577	134	0	1136	0
119664399	2025	505	2	2315	0
119665911	2751	204	0	1892	0
119665962	2485	252	0	2110	0
119668520	2400	209	1	2237	0
119670091	1908	310	0	2629	0
119670104	1743	23	0	3081	0
119671090	3249	279	0	1319	0
119672488	2729	361	1	1756	0
119675587	1834	1000	2	2011	0
119675605	1841	329	0	2677	0
119680645	3716	329	2	800	0
119682511	2764	1240	1	842	0
119685443	3842	328	1	676	0
119686558	1794	1	0	3052	0
119688164	2789	364	1	1693	0
119690552	2373	0	0	2474	0
119691955	2204	393	0	2250	0
119694400	1697	1163	2	1985	0
119694424	1524	3	0	3320	0
119694552	3232	1099	1	515	0
119695560	1863	1094	1	1889	0
119696560	1903	789	1	2154	0
119697634	3408	33	1	1405	0
119698574	2660	1203	1	983	0
119699006	2058	0	0	2789	0
119700096	2000	1828	1	1018	0
119701262	2114	1	0	2732	0
119702779	1685	43	0	3119	0
119702877	2050	14	0	2783	0
119710400	2642	367	0	1838	0
119718028	3960	264	0	623	0
119725151	1853	334	1	2659	0
119725919	2833	241	0	1773	0
119727282	3196	291	0	1360	0
119727470	1618	63	0	3166	0
119731188	2268	433	0	2146	0
119732042	2284	904	1	1658	0
119732948	2331	881	1	1634	0
119735251	2039	155	0	2653	0
119737817	1615	253	0	2979	0
119738255	1959	476	1	2411	0
119740290	1623	1809	1	1414	0
119742004	3411	6	0	1430	0
119742546	2553	32	0	2262	0
119742584	3082	607	1	1157	0
119742611	3469	272	0	1106	0
119742704	2619	107	0	2121	0
119742865	1904	527	0	2416	0
119745127	1644	122	2	3079	0
119746943	2117	382	0	2348	0
119747502	3542	253	3	1049	0
119749477	1782	2646	1	418	0
119749611	2678	908	1	1260	0
119751867	1645	546	1	2655	0
119752450	1777	42	0	3028	0
119765899	1793	1852	1	1201	0
119768536	1716	1319	1	1811	0
119768901	1606	11	0	3230	0
119769847	1864	11	0	2972	0
119771017	1934	11	0	2902	0
119771305	2058	51	0	2738	0
119773399	2059	730	1	2057	0
119774825	3417	780	3	647	0
119776656	1609	2984	0	254	0
119777353	2285	27	0	2535	0
119779261	2615	85	0	2147	0
119781467	2415	12	0	2420	0
119784193	1782	1367	1	1697	0
119786871	1781	4	0	3062	0
119787416	1873	5	0	2969	0
119789098	1813	1322	0	1712	0
119798273	3906	287	0	654	0
119808933	2900	721	0	1226	0
119810661	2561	1280	2	1004	0
119813161	2653	213	0	1981	0
119814585	1979	1061	1	1806	0
119815378	1895	75	1	2876	0
119817197	1872	1001	0	1974	0
119818842	2733	1883	0	231	0
119819192	2307	2140	0	400	0
119819515	1668	1232	1	1946	0
119826093	2222	2196	1	428	0
119826863	1656	2686	0	505	0
119827616	2811	806	1	1229	0
119829149	1758	54	0	3035	0
119829176	1460	1	0	3386	0
119830458	1837	52	0	2958	0
119833296	3487	821	1	538	0
119833725	1520	4	0	3323	0
119834827	3253	765	4	825	0
119834903	1847	2	0	2998	0
119836043	2492	265	0	2090	0
119837186	3289	1	0	1557	0
119840084	1463	1564	4	1816	0
119840362	1621	12	0	3214	0
119841218	2224	9	0	2614	0
119844557	1460	1426	4	1957	0
119845034	2007	1007	3	1830	0
119845317	1959	1130	1	1757	0
119846265	1957	863	3	2024	0
119848554	1889	579	1	2378	0
119861103	1574	681	0	2592	0
119861575	2671	2034	2	140	0
119863093	1754	1893	3	1197	0
119863342	1954	569	0	2324	0
119864163	1561	3087	0	199	0
119864216	1765	978	1	2103	0
119865337	1893	2722	2	230	0
119867708	2163	1465	3	1216	0
119867894	3783	407	1	656	0
119868412	2827	2016	0	4	0
119869583	2505	2170	2	170	0
119873176	1855	114	1	2877	0
119874129	1723	1124	0	2000	0
119874248	1628	1038	0	2181	0
119874845	1874	2	0	2971	0
119879588	2075	746	1	2025	0
119879640	1818	963	2	2064	0
119883549	1820	144	1	2882	0
119887406	1713	1761	1	1372	0
119887435	1646	1147	1	2053	0
119888598	2670	949	1	1227	0
119889016	3783	575	3	486	0
119890297	2041	959	4	1843	0
119892343	2508	974	1	1364	0
119893632	2196	527	2	2122	0
119894882	2457	1217	4	1169	0
119896763	2379	1886	3	579	0
119896848	1665	934	1	2247	0
119899119	2025	315	0	2507	0
119899176	1967	1094	4	1782	0
119899541	1534	1	0	3312	0
119900093	1668	1573	4	1602	0
119900192	2581	10	0	2256	0
119902503	2672	30	0	2145	0
119903318	2479	35	0	2333	0
119907262	2919	4	0	1924	0
119908054	2961	1815	0	71	0
119910057	2400	1520	2	925	0
119910314	1720	1085	0	2042	0
119911161	1663	1984	0	1200	0
119917638	2523	1589	2	733	0
119920455	3067	429	1	1350	0
119921759	2855	1326	2	664	0
119924707	1823	30	0	2994	0
119926403	2004	539	0	2304	0
119928438	1999	1504	0	1344	0
119928503	2550	65	0	2232	0
119932579	1668	1727	1	1451	0
119935802	1734	947	0	2166	0
119936341	2742	27	0	2078	0
119938604	2482	916	1	1448	0
119939028	1649	987	1	2210	0
119942569	2886	374	0	1587	0
119945558	2240	305	2	2300	0
119945706	2832	898	1	1116	0
119947400	3248	22	0	1577	0
119950688	1710	24	0	3113	0
119954663	1849	2594	3	401	0
119954680	1869	10	0	2968	0
119957026	1971	765	1	2110	0
119963035	1992	725	0	2130	0
119965951	3617	517	0	713	0
119966303	1475	1202	2	2168	0
119967851	3780	270	0	797	0
119968031	1669	1332	0	1846	0
119969020	2056	819	1	1971	0
119969831	1829	1463	1	1554	0
119971475	3287	650	0	910	0
119972358	2999	3	0	1845	0
119972474	2154	92	1	2600	0
119972905	3144	565	1	1137	0
119973423	3437	0	0	1410	0
119973616	1514	3	0	3330	0
119973907	3187	3	0	1657	0
119976363	1708	2212	0	927	0
119977331	1889	507	3	2448	0
119979076	1786	2222	1	838	0
119979210	2227	1257	1	1362	0
119982576	2960	946	2	939	0
119984733	1838	1231	0	1778	0
119985983	1928	1224	1	1694	0
119986384	2078	1229	0	1540	0
119987354	1939	1468	3	1437	0
119987726	2737	856	0	1254	0
119988565	1876	1242	0	1729	0
119988624	1974	1	0	2872	0
119989070	3505	464	3	875	0
119997159	1618	1410	0	1819	0
119998215	1769	46	0	3032	0
